0.000000000000000000e+00 0.000000000000000000e+00 1.000000000000000000e+00
-8.277919540544645068e-07 7.039033777295260154e-05 9.999999975222575443e-01
-2.731081575407783859e-06 2.111651850678939271e-04 9.999999777009026536e-01
-5.957543758207735514e-06 4.223178354430168657e-04 9.999999108060727560e-01
-1.075481934925093830e-05 7.038406939481386005e-04 9.999997522462750199e-01
-1.737051173629194364e-05 1.055725261591761253e-03 9.999994425710633239e-01
-2.605218317940918241e-05 1.477962114597163772e-03 9.999989074740389672e-01
-3.704735081198120292e-05 1.970540878452833704e-03 9.999980577961840034e-01
-5.060348223789602187e-05 2.533450196763430227e-03 9.999967895295405196e-01
-6.696799065169512768e-05 3.166677694908346698e-03 9.999949838212514042e-01
-8.638822940844268210e-05 3.870209938515847825e-03 9.999925069779801445e-01
-1.091114859702096637e-04 4.644032386761648076e-03 9.999892104707301943e-01
-1.353849751561736958e-04 5.488129340501722749e-03 9.999849309400868913e-01
-1.654558316234577137e-04 6.402483885250070776e-03 9.999794902019074616e-01
-1.995711015059662341e-04 7.387077829013091387e-03 9.999726952534870872e-01
-2.379777331386278248e-04 8.441891634993195156e-03 9.999643382802315683e-01
-2.809225667946159801e-04 9.566904349175255756e-03 9.999541966628696654e-01
-3.286523233633010578e-04 1.076209352281048970e-02 9.999420329852408695e-01
-3.814135918968838707e-04 1.202743512981339045e-02 9.999275950426961268e-01
-4.394528159538758157e-04 1.336290347908835642e-02 9.999106158511525955e-01
-5.030162786678279725e-04 1.476847112180372686e-02 9.998908136568452898e-01
-5.723500864699668277e-04 1.624410875363202153e-02 9.998678919468206860e-01
-6.477001513946743262e-04 1.778978511197629869e-02 9.998415394602206963e-01
-7.293121718970545057e-04 1.940546686820364408e-02 9.998114302004070808e-01
-8.174316121121588934e-04 2.109111851490801798e-02 9.997772234479790354e-01
-9.123036794857990574e-04 2.284670224822583570e-02 9.997385637747390197e-01
-1.014173300707266103e-03 2.467217784522890769e-02 9.996950810586647806e-01
-1.123285095874691341e-03 2.656750253642056053e-02 9.996463904999465244e-01
-1.239883350824239668e-03 2.853263087336212200e-02 9.995920926381530736e-01
-1.364211987554812388e-03 3.056751459145819194e-02 9.995317733705894048e-01
-1.496514532680464629e-03 3.267210246793049444e-02 9.994650039719149559e-01
-1.637034083843307399e-03 3.484634017501146708e-02 9.993913411150896486e-01
-1.786013274020273843e-03 3.709017012839019994e-02 9.993103268937203465e-01
-1.943694233657782726e-03 3.940353133094470772e-02 9.992214888458813560e-01
-2.110318550569029953e-03 4.178635921179606194e-02 9.991243399794845770e-01
-2.286127227529393107e-03 4.423858546072133996e-02 9.990183787992777953e-01
-2.471360637506229800e-03 4.676013785796403338e-02 9.989030893355508312e-01
-2.666258476460212773e-03 4.935094009948200189e-02 9.987779411746329217e-01
-2.871059713656251306e-03 5.201091161767473076e-02 9.986423894912653809e-01
-3.086002539423029697e-03 5.473996739763332259e-02 9.984958750829362462e-01
-3.311324310301220954e-03 5.753801778895833996e-02 9.983378244062659501e-01
-3.547261491521538218e-03 6.040496831319230181e-02 9.981676496155346134e-01
-3.794049596754956507e-03 6.334071946691546828e-02 9.979847486034441051e-01
-4.051923125078674658e-03 6.634516652055520713e-02 9.977885050442092396e-01
-4.321115495102700529e-03 6.941819931296132340e-02 9.975782884390753669e-01
-4.601858976203337254e-03 7.255970204180121896e-02 9.973534541643602758e-01
-4.894384616811303310e-03 7.576955304983108708e-02 9.971133435221222197e-01
-5.198922169703793471e-03 7.904762460710090810e-02 9.968572837935548714e-01
-5.515700014251402258e-03 8.239378268915313608e-02 9.965845882952149015e-01
-5.844945075572570599e-03 8.580788675127704046e-02 9.962945564381867625e-01
-6.186882740550023532e-03 8.928978949888254080e-02 9.959864737902929255e-01
-6.541736770665588889e-03 9.283933665405946778e-02 9.956596121414597045e-01
-6.909729211611775716e-03 9.645636671839039056e-02 9.953132295723475798e-01
-7.291080299640621473e-03 1.001407107320870932e-01 9.949465705263608184e-01
-7.686008364612501031e-03 1.038921920295230034e-01 9.945588658851486352e-01
-8.094729729709934998e-03 1.077106259912361530e-01 9.941493330477145784e-01
-8.517458607783823590e-03 1.115958197924791506e-01 9.937171760132506027e-01
-8.954406994302109221e-03 1.155475721483952140e-01 9.932615854678144007e-01
-9.405784556873483457e-03 1.195656730559012670e-01 9.927817388749694549e-01
-9.871798521321542563e-03 1.236499035323614659e-01 9.922768005705091543e-01
-1.035265355428766597e-02 1.278000353511368758e-01 9.917459218613868810e-01
-1.084855164234392252e-02 1.320158307740990633e-01 9.911882411289757444e-01
-1.135969196760041981e-02 1.362970422811979887e-01 9.906028839367818639e-01
-1.188627077979477302e-02 1.406434122971765843e-01 9.899889631427378767e-01
-1.242848126485477343e-02 1.450546729155269554e-01 9.893455790162015706e-01
-1.298651340992884595e-02 1.495305456197854599e-01 9.886718193597888726e-01
-1.356055386488254529e-02 1.540707410022658930e-01 9.879667596361683124e-01
-1.415078580026311698e-02 1.586749584803329727e-01 9.872294630999464138e-01
-1.475738876173809250e-02 1.633428860103201818e-01 9.864589809347739102e-01
-1.538053852101795883e-02 1.680741997991984649e-01 9.856543523958034569e-01
-1.602040692327713275e-02 1.728685640141046920e-01 9.848146049576299577e-01
-1.667716173109182881e-02 1.777256304898410799e-01 9.839387544678447339e-01
-1.735096646491792946e-02 1.826450384344591449e-01 9.830258053063360979e-01
-1.804198024013657642e-02 1.876264141330439561e-01 9.820747505504686670e-01
-1.875035760069998503e-02 1.926693706498168734e-01 9.810845721462744251e-01
-1.947624834941498809e-02 1.977735075286770894e-01 9.800542410857879805e-01
-2.021979737490677692e-02 2.029384104923048771e-01 9.789827175906598011e-01
-2.098114447531068683e-02 2.081636511399511669e-01 9.778689513021805446e-01
-2.176042417874513024e-02 2.134487866440408499e-01 9.767118814778494862e-01
-2.255776556062437724e-02 2.187933594457190101e-01 9.755104371946204944e-01
-2.337329205787556582e-02 2.241968969494716468e-01 9.742635375589584479e-01
-2.420712128013010125e-02 2.296589112169545310e-01 9.729700919238388757e-01
-2.505936481796567153e-02 2.351788986601659470e-01 9.716290001128231602e-01
-2.593012804828111542e-02 2.407563397341010436e-01 9.702391526513417519e-01
-2.681950993689274226e-02 2.463906986290279599e-01 9.687994310053160696e-01
-2.772760283844709350e-02 2.520814229625270575e-01 9.673087078272509798e-01
-2.865449229375166204e-02 2.578279434714376706e-01 9.657658472099270863e-01
-2.960025682463181609e-02 2.636296737038574811e-01 9.641697049478236137e-01
-3.056496772642901955e-02 2.694860097113426778e-01 9.625191288063991157e-01
-3.154868885826238312e-02 2.753963297414578903e-01 9.608129587993589071e-01
-3.255147643118273815e-02 2.813599939308270570e-01 9.590500274740348940e-01
-3.357337879435556144e-02 2.873763439988385460e-01 9.572291602050042592e-01
-3.461443621941662913e-02 2.934447029421587416e-01 9.553491754960702353e-01
-3.567468068315155644e-02 2.995643747302102478e-01 9.534088852907294243e-01
-3.675413564865812055e-02 3.057346440017726374e-01 9.514070952912458967e-01
-3.785281584515798325e-02 3.119547757628649554e-01 9.493426052864528675e-01
-3.897072704663216702e-02 3.182240150860709549e-01 9.472142094884005159e-01
-4.010786584946271494e-02 3.245415868114686075e-01 9.450206968779666372e-01
-4.126421944927083363e-02 3.309066952493280311e-01 9.427608515595450323e-01
-4.243976541715012429e-02 3.373185238847423717e-01 9.404334531249251006e-01
-4.363447147550156280e-02 3.437762350843577841e-01 9.380372770264741034e-01
-4.484829527368528607e-02 3.502789698053695444e-01 9.355710949597301207e-01
-4.608118416371257547e-02 3.568258473069530479e-01 9.330336752555145052e-01
-4.733307497620980325e-02 3.634159648642990015e-01 9.304237832816666387e-01
-4.860389379689473294e-02 3.700483974854236191e-01 9.277401818545047973e-01
-4.989355574381392627e-02 3.767221976309250153e-01 9.249816316601122690e-01
-5.120196474559870342e-02 3.834363949368588265e-01 9.221468916855464215e-01
-5.252901332100569365e-02 3.901899959409062535e-01 9.192347196600654247e-01
-5.387458236001656936e-02 3.969819838120090538e-01 9.162438725064644407e-01
-5.523854090678025769e-02 4.038113180836467864e-01 9.131731068026102127e-01
-5.662074594468953503e-02 4.106769343909323355e-01 9.100211792532606481e-01
-5.802104218389253498e-02 4.175777442117027949e-01 9.067868471722524415e-01
-5.943926185154828346e-02 4.245126346117832905e-01 9.034688689751362300e-01
-6.087522448514393753e-02 4.314804679946023236e-01 9.000660046823363292e-01
-6.232873672919996694e-02 4.384800818553382107e-01 8.965770164329086578e-01
-6.379959213569791343e-02 4.455102885397760892e-01 8.930006690089662413e-01
-6.528757096857372433e-02 4.525698750080573984e-01 8.893357303708386841e-01
-6.679244001262812924e-02 4.596576026035023577e-01 8.855809722030286713e-01
-6.831395238721338359e-02 4.667722068266890179e-01 8.817351704710243432e-01
-6.985184736506419578e-02 4.739123971149717396e-01 8.777971059890218308e-01
-7.140585019664817679e-02 4.810768566276234504e-01 8.737655649986101336e-01
-7.297567194041937322e-02 4.882642420367871439e-01 8.696393397584644136e-01
-7.456100929936561317e-02 4.954731833244226391e-01 8.654172291450911159e-01
-7.616154446424837354e-02 5.027022835854360050e-01 8.610980392646624404e-01
-7.777694496394056689e-02 5.099501188371806659e-01 8.566805840759756929e-01
-7.940686352327522290e-02 5.172152378355184821e-01 8.521636860245656031e-01
-8.105093792882445136e-02 5.244961618976340390e-01 8.475461766879947012e-01
-8.270879090303487335e-02 5.317913847317925491e-01 8.428268974323430696e-01
-8.438002998715184166e-02 5.390993722742366545e-01 8.380047000799107915e-01
-8.606424743337089123e-02 5.464185625334181395e-01 8.330784475881445328e-01
-8.776102010666053665e-02 5.537473654417612856e-01 8.280470147397929193e-01
-8.946990939670576570e-02 5.610841627151581523e-01 8.229092888442903764e-01
-9.119046114042678175e-02 5.684273077203980673e-01 8.176641704503641028e-01
-9.292220555553212802e-02 5.757751253507350508e-01 8.123105740698521871e-01
-9.466465718556944797e-02 5.831259119098002319e-01 8.068474289127166577e-01
-9.641731485694124415e-02 5.904779350040688657e-01 8.012736796332288192e-01
-9.817966164835606468e-02 5.978294334440953373e-01 7.955882870872974522e-01
-9.995116487318889131e-02 6.051786171547315352e-01 7.897902291009055720e-01
-1.017312760752265705e-01 6.125236670945484185e-01 7.838785012496146676e-01
-1.035194310382763355e-01 6.198627351846844880e-01 7.778521176490877931e-01
-1.053150498101168842e-01 6.271939442473484227e-01 7.717101117565786650e-01
-1.071175367412722096e-01 6.345153879542080322e-01 7.654515371833245929e-01
-1.089262805390888017e-01 6.418251307849022202e-01 7.590754685177757421e-01
-1.107406543375965280e-01 6.491212079959179926e-01 7.525810021595844557e-01
-1.125600157836325194e-01 6.564016256000796412e-01 7.459672571642732564e-01
-1.143837071397057481e-01 6.636643603569029048e-01 7.392333760984902691e-01
-1.162110554040779037e-01 6.709073597740736750e-01 7.323785259057538077e-01
-1.180413724485328969e-01 6.781285421203172570e-01 7.254018987825804343e-01
-1.198739551743039922e-01 6.853257964499299693e-01 7.183027130648818037e-01
-1.217080856866226135e-01 6.924969826392542993e-01 7.110802141245067265e-01
-1.235430314883481095e-01 6.996399314353849430e-01 7.037336752757974434e-01
-1.253780456931312681e-01 7.067524445174016012e-01 6.962623986920180030e-01
-1.272123672585577236e-01 7.138322945704341782e-01 6.886657163315059726e-01
-1.290452212397093235e-01 7.208772253728731316e-01 6.809429908733859449e-01
-1.308758190635732066e-01 7.278849518970496035e-01 6.730936166626763084e-01
-1.327033588247182316e-01 7.348531604237178438e-01 6.651170206646082050e-01
-1.345270256026482592e-01 7.417795086706848728e-01 6.570126634279671585e-01
-1.363459918012298322e-01 7.486616259359420988e-01 6.487800400572545367e-01
-1.381594175105794742e-01 7.554971132556645985e-01 6.404186811934565737e-01
-1.399664508917820294e-01 7.622835435774579782e-01 6.319281540031969069e-01
-1.417662285847966774e-01 7.690184619492427265e-01 6.233080631760357093e-01
-1.435578761398917658e-01 7.756993857241797352e-01 6.145580519296662825e-01
-1.453405084729321728e-01 7.823238047820547658e-01 6.056778030227483178e-01
-1.471132303448251799e-01 7.888891817675522944e-01 5.966670397751017152e-01
-1.488751368654111784e-01 7.953929523458641571e-01 5.875255270949738540e-01
-1.506253140220654152e-01 8.018325254760929610e-01 5.782530725130763383e-01
-1.523628392332547488e-01 8.082052837029249925e-01 5.688495272230742472e-01
-1.540867819272705996e-01 8.145085834670637848e-01 5.593147871281962669e-01
-1.557962041463348268e-01 8.207397554349309399e-01 5.496487938936169826e-01
-1.574901611762497267e-01 8.268961048481558995e-01 5.398515360042471789e-01
-1.591677022017357890e-01 8.329749118933963414e-01 5.299230498275527834e-01
-1.608278709875731460e-01 8.389734320930435363e-01 5.198634206810025526e-01
-1.624697065856322564e-01 8.448888967173875386e-01 5.096727839037314967e-01
-1.640922440678481142e-01 8.507185132188339605e-01 4.993513259319838360e-01
-1.656945152851599656e-01 8.564594656887795088e-01 4.888992853778847403e-01
-1.672755496524037655e-01 8.621089153377752279e-01 4.783169541110675604e-01
-1.688343749591093568e-01 8.676640009996209324e-01 4.676046783426645037e-01
-1.703700182061167190e-01 8.731218396600540776e-01 4.567628597111482724e-01
-1.718815064678873017e-01 8.784795270107141896e-01 4.457919563694896503e-01
-1.733678677803457413e-01 8.837341380290819615e-01 4.346924840730754802e-01
-1.748281320540459594e-01 8.888827275851101106e-01 4.234650172678072755e-01
-1.762613320124113980e-01 8.939223310752805185e-01 4.121101901777786125e-01
-1.776665041547549617e-01 8.988499650848401634e-01 4.006286978919051389e-01
-1.790426897437370213e-01 9.036626280789861188e-01 3.890212974488557185e-01
-1.803889358168721535e-01 9.083573011237849881e-01 3.772888089196086980e-01
-1.817042962216448843e-01 9.129309486376309124e-01 3.654321164869308580e-01
-1.829878326737439942e-01 9.173805191740600495e-01 3.534521695210497971e-01
-1.842386158378714334e-01 9.217029462367558601e-01 3.413499836507629115e-01
-1.854557264305276565e-01 9.258951491275939638e-01 3.291266418291987628e-01
-1.866382563441190967e-01 9.299540338285877672e-01 3.167832953934168194e-01
-1.877853097916755976e-01 9.338764939186102731e-01 3.043211651170026899e-01
-1.888960044714067810e-01 9.376594115257781414e-01 2.917415422547854909e-01
-1.899694727502654890e-01 9.412996583163947273e-01 2.790457895787734066e-01
-1.910048628656241809e-01 9.447940965213578179e-01 2.662353424043718553e-01
-1.920013401441070799e-01 9.481395800009460029e-01 2.533117096059167572e-01
-1.929580882365554140e-01 9.513329553489028312e-01 2.402764746205220958e-01
-1.938743103680371227e-01 9.543710630367435721e-01 2.271312964392086520e-01
-1.947492306017448438e-01 9.572507385992116147e-01 2.138779105842459616e-01
-1.955820951155572418e-01 9.599688138618110989e-01 2.005181300716055715e-01
-1.963721734899687432e-01 9.625221182113441465e-01 1.870538463573890031e-01
-1.971187600060220479e-01 9.649074799103736222e-01 1.734870302670577791e-01
-1.978200467139979712e-01 9.670994391858449557e-01 1.599559434611420861e-01
-1.984758389964773329e-01 9.691004906633976512e-01 1.464635802325053304e-01
-1.990859817698843459e-01 9.709131531656230996e-01 1.330128598162556020e-01
-1.996503586865990554e-01 9.725399678735221487e-01 1.196066267752274592e-01
-2.001688913143326587e-01 9.739834965345738338e-01 1.062476514179331449e-01
-2.006415382947067672e-01 9.752463197171620246e-01 9.293863024760910807e-02
-2.010682944829310925e-01 9.763310351110603413e-01 7.968218644101042469e-02
-2.014491900704259986e-01 9.772402558736278388e-01 6.648087035563331193e-02
-2.017842896921879792e-01 9.779766090213243279e-01 5.333716006407367843e-02
-2.020736915206459705e-01 9.785427338661170094e-01 4.025346191425754200e-02
-2.023175263477055563e-01 9.789412804963101289e-01 2.723211111430753895e-02
-2.025159566566275271e-01 9.791749083012966093e-01 1.427537234083780734e-02
-2.026691756853346849e-01 9.792462845396993076e-01 1.385440369498265253e-03
-2.027774064826889377e-01 9.791580829503405692e-01 -1.143555927338257491e-02
-2.028409009592285761e-01 9.789129824054533247e-01 -2.418556963917843639e-02
-2.028599389338024694e-01 9.785136656055228865e-01 -3.686260166646375402e-02
-2.028348271774857436e-01 9.779628178151276163e-01 -4.946473347269542131e-02
-2.027658984561088451e-01 9.772631256391280941e-01 -6.199010962911546962e-02
-2.026535105726798291e-01 9.764172758385385453e-01 -7.443694041988428711e-02
-2.024980454109270578e-01 9.754279541853981828e-01 -8.680350108642642670e-02
-2.022999079811385881e-01 9.742978443559497936e-01 -9.908813105794349319e-02
-2.020595254694226017e-01 9.730296268614212485e-01 -1.112892331690216174e-01
-2.017773462914630445e-01 9.716259780156971670e-01 -1.234052728652338810e-01
-2.014538391517941840e-01 9.700895689391615395e-01 -1.354347773976118940e-01
-2.010894921095681687e-01 9.684230645979869934e-01 -1.473763350068343359e-01
-2.006848116517415126e-01 9.666291228781422884e-01 -1.592285940979544512e-01
-2.002403217745576391e-01 9.647103936933879575e-01 -1.709902624064634225e-01
-1.997565630741559572e-01 9.626695181265291223e-01 -1.826601061564609996e-01
-1.992340918470911770e-01 9.605091276031949565e-01 -1.942369492116808039e-01
-1.986734792015015516e-01 9.582318430974163803e-01 -2.057196722200931027e-01
-1.980753101796197124e-01 9.558402743682762326e-01 -2.171072117527845791e-01
-1.974401828922765223e-01 9.533370192269101651e-01 -2.283985594377909711e-01
-1.967687076660054601e-01 9.507246628331408322e-01 -2.395927610895360604e-01
-1.960615062033138067e-01 9.480057770210360557e-01 -2.506889158345078639e-01
-1.953192107566459612e-01 9.451829196526845278e-01 -2.616861752337814040e-01
-1.945424633165249995e-01 9.422586339994936111e-01 -2.725837424029754485e-01
-1.937319148143198944e-01 9.392354481503203401e-01 -2.833808711302109318e-01
-1.928882243400484031e-01 9.361158744457547254e-01 -2.940768649926163714e-01
-1.920120583755896282e-01 9.329024089378856743e-01 -3.046710764719081643e-01
-1.911040900436445922e-01 9.295975308748877231e-01 -3.151629060695518292e-01
-1.901649983727491944e-01 9.262037022097787675e-01 -3.255518014219928036e-01
-1.891954675786108597e-01 9.227233671327077502e-01 -3.358372564164264218e-01
-1.881961863620083275e-01 9.191589516261440274e-01 -3.460188103075583776e-01
-1.871678472234628021e-01 9.155128630423506886e-01 -3.560960468357896591e-01
-1.861111457948590731e-01 9.117874897025347591e-01 -3.660685933472431763e-01
-1.850267801881665952e-01 9.079852005170806484e-01 -3.759361199160315414e-01
-1.839154503613824598e-01 9.041083446262840884e-01 -3.856983384691504702e-01
-1.827778575017919294e-01 9.001592510610153530e-01 -3.953550019143655669e-01
-1.816147034266163418e-01 8.961402284227542037e-01 -4.049059032714453776e-01
-1.804266900010937924e-01 8.920535645824491100e-01 -4.143508748070784398e-01
-1.792145185740143531e-01 8.879015263976675065e-01 -4.236897871737974608e-01
-1.779788894307091640e-01 8.836863594475148354e-01 -4.329225485532199880e-01
-1.767205012634710803e-01 8.794102877848117839e-01 -4.420491038039006670e-01
-1.754400506593639664e-01 8.750755137050330035e-01 -4.510694336140774197e-01
-1.741382316053583235e-01 8.706842175315203658e-01 -4.599835536595806018e-01
-1.728157350107117907e-01 8.662385574164973567e-01 -4.687915137671614385e-01
-1.714732482464958740e-01 8.617406691574222011e-01 -4.774933970834845387e-01
-1.701114547021530532e-01 8.571926660282288557e-01 -4.860893192500166382e-01
-1.687310333589523981e-01 8.525966386250164453e-01 -4.945794275840326715e-01
-1.673326583801968692e-01 8.479546547257593714e-01 -5.029639002659490599e-01
-1.659169987180212913e-01 8.432687591636212066e-01 -5.112429455331830574e-01
-1.644847177366062507e-01 8.385409737134653652e-01 -5.194168008807271697e-01
-1.630364728516209005e-01 8.337732969911676451e-01 -5.274857322686161698e-01
-1.615729151856954149e-01 8.289677043653457256e-01 -5.354500333364559106e-01
-1.600946892397131227e-01 8.241261478811295893e-01 -5.433100246251723053e-01
-1.586024325797018020e-01 8.192505561956088256e-01 -5.510660528061303021e-01
-1.570967755390940412e-01 8.143428345246008782e-01 -5.587184899177634056e-01
-1.555783409361176650e-01 8.094048646003941805e-01 -5.662677326098450870e-01
-1.540477438060691151e-01 8.044385046401303363e-01 -5.737142013955262021e-01
-1.525055911482147974e-01 7.994455893244956091e-01 -5.810583399112529968e-01
-1.509524816870590203e-01 7.944279297864051959e-01 -5.883006141846729431e-01
-1.493890056477102379e-01 7.893873136093669807e-01 -5.954415119106276633e-01
-1.478157445450719865e-01 7.843255048352241188e-01 -6.024815417353254210e-01
-1.462332709865799552e-01 7.792442439809807997e-01 -6.094212325487773363e-01
-1.446421484882015884e-01 7.741452480644247514e-01 -6.162611327855750387e-01
-1.430429313034109751e-01 7.690302106382663760e-01 -6.230018097340812577e-01
-1.414361642648482853e-01 7.639008018325230687e-01 -6.296438488540959666e-01
-1.398223826383699075e-01 7.587586684048823749e-01 -6.361878531030580319e-01
-1.382021119891929661e-01 7.536054337987857510e-01 -6.426344422708322179e-01
-1.365758680598362362e-01 7.484426982089805724e-01 -6.489842523231279525e-01
-1.349441566595571962e-01 7.432720386542942537e-01 -6.552379347535893794e-01
-1.333074735649845410e-01 7.380950090573907829e-01 -6.613961559445913352e-01
-1.316663044316444264e-01 7.329131403312743043e-01 -6.674595965367685624e-01
-1.300211247160783512e-01 7.277279404723130396e-01 -6.734289508073032504e-01
-1.283723996082508922e-01 7.225408946595579529e-01 -6.793049260569876679e-01
-1.267205839739455331e-01 7.173534653601398858e-01 -6.850882420060758760e-01
-1.250661223068480765e-01 7.121670924405303360e-01 -6.907796301989329590e-01
-1.234094486900178533e-01 7.069831932834590438e-01 -6.963798334174847726e-01
-1.217509867664486461e-01 7.018031629102831070e-01 -7.018896051034685390e-01
-1.200911497184225935e-01 6.966283741086093384e-01 -7.073097087894784085e-01
-1.184303402553628093e-01 6.914601775649733550e-01 -7.126409175387966588e-01
-1.167689506098923274e-01 6.862999020023856644e-01 -7.178840133939975443e-01
-1.151073625418097685e-01 6.811488543225566739e-01 -7.230397868343063639e-01
-1.134459473496947229e-01 6.760083197526175480e-01 -7.281090362416915429e-01
-1.117850658898589394e-01 6.708795619961565038e-01 -7.330925673756667482e-01
-1.101250686023626246e-01 6.657638233883951262e-01 -7.379911928567723933e-01
-1.084662955438185639e-01 6.606623250553311788e-01 -7.428057316587062253e-01
-1.068090764267102116e-01 6.555762670766779321e-01 -7.475370086090671329e-01
-1.051537306649540648e-01 6.505068286524336996e-01 -7.521858538986736509e-01
-1.035005674254400876e-01 6.454551682729182671e-01 -7.567531025994160832e-01
-1.018506026171203255e-01 6.403687993796695066e-01 -7.612846087561414565e-01
-1.002041724452524124e-01 6.352479202250780332e-01 -7.657801275011419939e-01
-9.856161282563727366e-02 6.300927324067662205e-01 -7.702394154071465771e-01
-9.692325931549258811e-02 6.249034408803398888e-01 -7.746622305114011509e-01
-9.528944704407688038e-02 6.196802539712475966e-01 -7.790483323398211812e-01
-9.366051064308089646e-02 6.144233833857351001e-01 -7.833974819312105042e-01
-9.203678417680316581e-02 6.091330442208819917e-01 -7.877094418615385729e-01
-9.041860107212715270e-02 6.038094549737084149e-01 -7.919839762682702178e-01
-8.880629404831742735e-02 5.984528375493408658e-01 -7.962208508747412594e-01
-8.720019504665285637e-02 5.930634172682243133e-01 -8.004198330145720908e-01
-8.560063515991485350e-02 5.876414228723709776e-01 -8.045806916561136779e-01
-8.400794456174918989e-02 5.821870865306338905e-01 -8.087031974269173196e-01
-8.242245243592007109e-02 5.767006438429955750e-01 -8.127871226382226144e-01
-8.084448690547536842e-02 5.711823338438619668e-01 -8.168322413094550871e-01
-7.927437496184236432e-02 5.656323990043522487e-01 -8.208383291927274783e-01
-7.771244239387338493e-02 5.600510852335749412e-01 -8.248051637973363714e-01
-7.615901371686109589e-02 5.544386418788819215e-01 -8.287325244142474956e-01
-7.461441210154343140e-02 5.487953217250928217e-01 -8.326201921405618211e-01
-7.307895930311830712e-02 5.431213809926811464e-01 -8.364679499039556765e-01
-7.155297559028855892e-02 5.374170793349151154e-01 -8.402755824870864476e-01
-7.003677967435770202e-02 5.316826798339464588e-01 -8.440428765519570886e-01
-6.853068863839738289e-02 5.259184489958412811e-01 -8.477696206642315602e-01
-6.703501786650745142e-02 5.201246567445459990e-01 -8.514556053174938688e-01
-6.555008097318991422e-02 5.143015764147836899e-01 -8.551006229574424911e-01
-6.407618973285812702e-02 5.084494847438759679e-01 -8.587044680060130775e-01
-6.261365400950273663e-02 5.025686618624854995e-01 -8.622669368854214422e-01
-6.116278168653602881e-02 4.966593912842753866e-01 -8.657878280421192896e-01
-5.972387859683660205e-02 4.907219598944822514e-01 -8.692669419706550160e-01
-5.829724845301618996e-02 4.847566579373994711e-01 -8.727040812374313727e-01
-5.688319277793081608e-02 4.787637790027686191e-01 -8.760990505043528831e-01
-5.548201083545842294e-02 4.727436200110770592e-01 -8.794516565523546880e-01
-5.409399956156522860e-02 4.666964811977600824e-01 -8.827617083048057145e-01
-5.271945349568322309e-02 4.606226660963070318e-01 -8.860290168507776176e-01
-5.135866471242123144e-02 4.545224815202708601e-01 -8.892533954681720587e-01
-5.001192275363204598e-02 4.483962375441811754e-01 -8.924346596466993242e-01
-4.867951456085817252e-02 4.422442474833618298e-01 -8.955726271106989600e-01
-4.736172440817881801e-02 4.360668278726541613e-01 -8.986671178417965367e-01
-4.605883383548070586e-02 4.298642984440472770e-01 -9.017179541013869981e-01
-4.477112158217536053e-02 4.236369821032184291e-01 -9.047249604529387090e-01
-4.349886352138553069e-02 4.173852049049859292e-01 -9.076879637841093196e-01
-4.224233259462333717e-02 4.111092960276777619e-01 -9.106067933286660088e-01
-4.100179874698276633e-02 4.048095877464206738e-01 -9.134812806882033343e-01
-3.977752886286908124e-02 3.984864154053532337e-01 -9.163112598536498066e-01
-3.856978670228764644e-02 3.921401173887688607e-01 -9.190965672265573039e-01
-3.737883283771463450e-02 3.857710350911938701e-01 -9.218370416401643341e-01
-3.620492459157199916e-02 3.793795128864066446e-01 -9.245325243802268167e-01
-3.504831597432898904e-02 3.729658980954050906e-01 -9.271828592056085006e-01
-3.390925762325242010e-02 3.665305409533293757e-01 -9.297878923686241359e-01
-3.278799674182771018e-02 3.600737945753473279e-01 -9.323474726351276276e-01
-3.168477703987273436e-02 3.535960149215117143e-01 -9.348614513043387308e-01
-3.059904190984489430e-02 3.471635454440643587e-01 -9.373052711620459831e-01
-2.953083669043693113e-02 3.407772460733878850e-01 -9.396801574164515003e-01
-2.848019657514824082e-02 3.344379551269117679e-01 -9.419873314290038158e-01
-2.744714683754927165e-02 3.281464896057352254e-01 -9.442280103285628501e-01
-2.643170305637782685e-02 3.219036454934712244e-01 -9.464034066351623142e-01
-2.543387134024931162e-02 3.157101980571360711e-01 -9.485147278932586357e-01
-2.445364855177142860e-02 3.095669021499115048e-01 -9.505631763143518320e-01
-2.349102253086222947e-02 3.034744925156077633e-01 -9.525499484288639795e-01
-2.254597231707881552e-02 2.974336840946568694e-01 -9.544762347471560382e-01
-2.161846837077209885e-02 2.914451723314678833e-01 -9.563432194295640176e-01
-2.070847279289127901e-02 2.855096334829771432e-01 -9.581520799653328035e-01
-1.981593954326960755e-02 2.796277249282282384e-01 -9.599039868603236325e-01
-1.894081465723096783e-02 2.738000854788185667e-01 -9.616001033333708703e-01
-1.808303646036455228e-02 2.680273356900506054e-01 -9.632415850211609731e-01
-1.724253578132259324e-02 2.623100781726286912e-01 -9.648295796915058453e-01
-1.641923616250361845e-02 2.566488979047431007e-01 -9.663652269648813631e-01
-1.561305406849110115e-02 2.510443625443863902e-01 -9.678496580441001695e-01
-1.482389909212463407e-02 2.454970227417479500e-01 -9.692839954519875123e-01
-1.405167415808789011e-02 2.400074124515352014e-01 -9.706693527769272301e-01
-1.329627572390458014e-02 2.345760492450724433e-01 -9.720068344261444393e-01
-1.255759397824049266e-02 2.292034346220297170e-01 -9.732975353865910284e-01
-1.183551303641634453e-02 2.238900543216368888e-01 -9.745425409932975125e-01
-1.112991113304274277e-02 2.186363786332401471e-01 -9.757429267050575783e-01
-1.044066081169493093e-02 2.134428627060605821e-01 -9.768997578873079846e-01
-9.767629111551223015e-03 2.083099468580164870e-01 -9.780140896020670382e-01
-9.110677750925114809e-03 2.032380568834737389e-01 -9.790869664047961995e-01
-8.469663307627009474e-03 1.982276043597910042e-01 -9.801194221480459268e-01
-7.844437396097221973e-03 1.932789869525282922e-01 -9.811124797917503138e-01
-7.234846841257610087e-03 1.883925887191909287e-01 -9.820671512200320752e-01
-6.640733849034576378e-03 1.835687804113821930e-01 -9.829844370643811002e-01
-6.061936173511557960e-03 1.788079197752414085e-01 -9.838653265330697950e-01
-5.498287280674230525e-03 1.741103518500461134e-01 -9.847107972466681014e-01
-4.949616508716686396e-03 1.694764092648595177e-01 -9.855218150795216348e-01
-4.415749224881683650e-03 1.649064125331072550e-01 -9.862993340070571602e-01
-3.896506978812763582e-03 1.604006703449696036e-01 -9.870442959587794052e-01
-3.391707652400588295e-03 1.559594798574780727e-01 -9.877576306768240944e-01
-2.901165606110243846e-03 1.515831269822074945e-01 -9.884402555799332024e-01
-2.424691821780517852e-03 1.472718866704577356e-01 -9.890930756327179774e-01
-1.962094041890253149e-03 1.430260231958212502e-01 -9.897169832200771733e-01
-1.513176905290856142e-03 1.388457904340352211e-01 -9.903128580266379322e-01
-1.077742079407855748e-03 1.347314321400198411e-01 -9.908815669210886412e-01
-6.555883889180879730e-04 1.306831822220064776e-01 -9.914239638452726489e-01
-2.465119409126315933e-04 1.267012650126619899e-01 -9.919408897079143861e-01
1.496937534409742204e-04 1.227858955371181338e-01 -9.924331722828491076e-01
5.332376607204195561e-04 1.189372797778170537e-01 -9.929016261116296871e-01
9.043311105342645472e-04 1.151556149360867670e-01 -9.933470524103846788e-01
1.263187684248556070e-03 1.114410896903625520e-01 -9.937702389808026338e-01
1.610023107128549010e-03 1.077938844509726546e-01 -9.941719601251209903e-01
1.945055143866892579e-03 1.042141716114093203e-01 -9.945529765649958609e-01
2.268503497466983678e-03 1.007021157960081292e-01 -9.949140353641341417e-01
2.580589711447658918e-03 9.725787410396119492e-02 -9.952558698545684868e-01
2.881537075332970318e-03 9.388159634959195032e-02 -9.955791995664577954e-01
3.171570533388479943e-03 9.057342529882160542e-02 -9.958847301612984149e-01
3.450916596563304885e-03 8.733349690175948310e-02 -9.961731533684313744e-01
3.719803257595043211e-03 8.416194052135164694e-02 -9.964451469247338489e-01
3.978459909232715322e-03 8.105887915802448274e-02 -9.967013745173844974e-01
4.227117265530955584e-03 7.802442967026200493e-02 -9.969424857295936526e-01
4.466007286166887198e-03 7.505870299105764365e-02 -9.971691159891920009e-01
4.695363103729402812e-03 7.216180434018354406e-02 -9.973818865199723938e-01
4.915418953928948377e-03 6.933383343222217221e-02 -9.975814042956823169e-01
5.126410108674385110e-03 6.657488468030725581e-02 -9.977682619965650979e-01
5.328572811962037706e-03 6.388504739552292033e-02 -9.979430379683520425e-01
5.522144218520684718e-03 6.126440598191181669e-02 -9.981062961836064673e-01
5.707362335154936468e-03 5.871304012704494507e-02 -9.982585862053272585e-01
5.884465964728247123e-03 5.623102498810764877e-02 -9.984004431527161438e-01
6.053694652725650528e-03 5.381843137345818096e-02 -9.985323876690204159e-01
6.215288636335235609e-03 5.147532591961690579e-02 -9.986549258913606231e-01
6.369488795986365769e-03 4.920177126364596448e-02 -9.987685494224576299e-01
6.516536609281704806e-03 4.699782621088097884e-02 -9.988737353041745592e-01
6.656674107259220180e-03 4.486354589797791198e-02 -9.989709459927911261e-01
6.790143832919513095e-03 4.279898195123992694e-02 -9.990606293359316492e-01
6.917188801953037293e-03 4.080418264019060326e-02 -9.991432185510674691e-01
7.038052465601071089e-03 3.887919302636147489e-02 -9.992191322055199443e-01
7.152978675583617635e-03 3.702405510726324706e-02 -9.992887741978906391e-01
7.262211651026791691e-03 3.523880795551168760e-02 -9.993525337408476483e-01
7.365995947321684820e-03 3.352348785308047890e-02 -9.994107853452003365e-01
7.464576426846150983e-03 3.187812842065478741e-02 -9.994638888051962100e-01
7.558198231480472290e-03 3.030276074206069564e-02 -9.995121891849767515e-01
7.647106756847410133e-03 2.879741348374689411e-02 -9.995560168061303763e-01
7.731547628206722825e-03 2.736211300929646331e-02 -9.995956872362850021e-01
7.811766677933855256e-03 2.599688348894771753e-02 -9.996315012786828325e-01
7.888009924512148774e-03 2.470174700410441432e-02 -9.996637449626838423e-01
7.960523552967601127e-03 2.347672364681682028e-02 -9.996926895351467834e-01
8.029553896674921851e-03 2.232183161421629272e-02 -9.997185914526390826e-01
8.095347420463354371e-03 2.123708729788722702e-02 -9.997416923744281148e-01
8.158150704950489773e-03 2.022250536816132607e-02 -9.997622191562109961e-01
8.218210432032118512e-03 1.927809885332026907e-02 -9.997803838445411539e-01
8.275773371455913061e-03 1.840387921369394941e-02 -9.997963836719122588e-01
8.331086368406631290e-03 1.759985641064248929e-02 -9.998104010524637708e-01
8.384396332030313523e-03 1.686603897041129979e-02 -9.998226035782735721e-01
8.435950224824857735e-03 1.620243404284946870e-02 -9.998331440162068207e-01
8.485995052824225546e-03 1.560904745498277110e-02 -9.998421603052919382e-01
8.534777856503415402e-03 1.508588375943355556e-02 -9.998497755545973087e-01
8.582545702331280391e-03 1.463294627768078719e-02 -9.998560980415849286e-01
8.629545674898176158e-03 1.425023713815439658e-02 -9.998612212109202479e-01
8.676024869545377605e-03 1.393775730915912739e-02 -9.998652236737187726e-01
8.722230385423152682e-03 1.369550662662391560e-02 -9.998681692072136640e-01
8.768409318904341748e-03 1.352348381667382859e-02 -9.998701067548313448e-01
8.814808757280296128e-03 1.342168651302245649e-02 -9.998710704266626781e-01
8.861675772665972284e-03 1.339011126918357615e-02 -9.998710795003226126e-01
8.908429733888056923e-03 1.335837240361355954e-02 -9.998710885733441689e-01
8.955070069827276644e-03 1.332647032092472428e-02 -9.998710976457272359e-01
9.001596210811828661e-03 1.329440542772246207e-02 -9.998711067174720357e-01
9.048007588624338779e-03 1.326217813260006234e-02 -9.998711157885784573e-01
9.094303636508796820e-03 1.322978884613351148e-02 -9.998711248590466116e-01
9.140483789177469495e-03 1.319723798087626965e-02 -9.998711339288764988e-01
9.186547482817804602e-03 1.316452595135401971e-02 -9.998711429980682297e-01
9.232494155099304003e-03 1.313165317405939718e-02 -9.998711520666218044e-01
9.278323245180389658e-03 1.309862006744669065e-02 -9.998711611345373340e-01
9.324034193715241906e-03 1.306542705192652309e-02 -9.998711702018148184e-01
9.369626442860622129e-03 1.303207454986050721e-02 -9.998711792684542576e-01
9.415099436282678078e-03 1.299856298555587646e-02 -9.998711883344557627e-01
9.460452619163728372e-03 1.296489278526009176e-02 -9.998711973998193336e-01
9.505685438209024452e-03 1.293106437715543094e-02 -9.998712064645450814e-01
9.550797341653500389e-03 1.289707819135353997e-02 -9.998712155286330061e-01
9.595787779268496673e-03 1.286293465988998068e-02 -9.998712245920831077e-01
9.640656202368466654e-03 1.282863421671873866e-02 -9.998712336548954971e-01
9.685402063817667370e-03 1.279417729770671204e-02 -9.998712427170701744e-01
9.730024818036822620e-03 1.275956434062818466e-02 -9.998712517786072507e-01
9.774523921009773894e-03 1.272479578515926281e-02 -9.998712608395067258e-01
9.818898830290107016e-03 1.268987207287230329e-02 -9.998712698997685999e-01
9.863149005007759706e-03 1.265479364723030332e-02 -9.998712789593929839e-01
9.907273905875611797e-03 1.261956095358128353e-02 -9.998712880183798779e-01
9.951272995196052892e-03 1.258417443915262925e-02 -9.998712970767293928e-01
9.995145736867527483e-03 1.254863455304543012e-02 -9.998713061344415287e-01
1.003889159639106618e-02 1.251294174622877807e-02 -9.998713151915162856e-01
1.008251004087679092e-02 1.247709647153405314e-02 -9.998713242479537744e-01
1.012600053905040286e-02 1.244109918364918500e-02 -9.998713333037539952e-01
1.016936256125964763e-02 1.240495033911288847e-02 -9.998713423589170590e-01
1.021259557948076512e-02 1.236865039630888341e-02 -9.998713514134429658e-01
1.025569906732490787e-02 1.233219981546008169e-02 -9.998713604673318267e-01
1.029867250004455441e-02 1.229559905862276196e-02 -9.998713695205835306e-01
1.034151535453988607e-02 1.225884858968071499e-02 -9.998713785731982995e-01
1.038422710936515170e-02 1.222194887433937505e-02 -9.998713876251760224e-01
1.042680724473501325e-02 1.218490038011991843e-02 -9.998713966765168104e-01
1.046925524253086194e-02 1.214770357635334454e-02 -9.998714057272207745e-01
1.051157058630712224e-02 1.211035893417454316e-02 -9.998714147772879146e-01
1.055375276129752807e-02 1.207286692651632354e-02 -9.998714238267182308e-01
1.059580125442137997e-02 1.203522802810343476e-02 -9.998714328755118341e-01
1.063771555428978666e-02 1.199744271544656189e-02 -9.998714419236687245e-01
1.067949515121187180e-02 1.195951146683629437e-02 -9.998714509711889020e-01
1.072113953720097400e-02 1.192143476233708047e-02 -9.998714600180724776e-01
1.076264820598081366e-02 1.188321308378115400e-02 -9.998714690643195624e-01
1.080402065299164958e-02 1.184484691476244377e-02 -9.998714781099300453e-01
1.084525637539640076e-02 1.180633674063046035e-02 -9.998714871549040373e-01
1.088635487208675784e-02 1.176768304848416040e-02 -9.998714961992416494e-01
1.092731564368926503e-02 1.172888632716579012e-02 -9.998715052429428818e-01
1.096813819257138473e-02 1.168994706725471136e-02 -9.998715142860077343e-01
1.100882202284753954e-02 1.165086576106120000e-02 -9.998715233284363180e-01
1.104936664038512831e-02 1.161164290262022697e-02 -9.998715323702286328e-01
1.108977155281052479e-02 1.157227898768522188e-02 -9.998715414113846789e-01
1.113003626951505377e-02 1.153277451372180552e-02 -9.998715504519045671e-01
1.117016030166094118e-02 1.149312997990151360e-02 -9.998715594917884086e-01
1.121014316218724508e-02 1.145334588709549274e-02 -9.998715685310360923e-01
1.124998436581576070e-02 1.141342273786817574e-02 -9.998715775696478403e-01
1.128968342905690980e-02 1.137336103647094109e-02 -9.998715866076235415e-01
1.132923987021560060e-02 1.133316128883574483e-02 -9.998715956449633069e-01
1.136865320939706853e-02 1.129282400256874201e-02 -9.998716046816671366e-01
1.140792296851269282e-02 1.125234968694387508e-02 -9.998716137177351415e-01
1.144704867128579044e-02 1.121173885289645546e-02 -9.998716227531673217e-01
1.148602984325739103e-02 1.117099201301671209e-02 -9.998716317879637883e-01
1.152486601179197878e-02 1.113010968154333306e-02 -9.998716408221245411e-01
1.156355670608322575e-02 1.108909237435697602e-02 -9.998716498556495802e-01
1.160210145715968692e-02 1.104794060897376466e-02 -9.998716588885390166e-01
1.164049979789048839e-02 1.100665490453876273e-02 -9.998716679207928504e-01
1.167875126299097559e-02 1.096523578181943237e-02 -9.998716769524111925e-01
1.171685538902834944e-02 1.092368376319906818e-02 -9.998716859833940429e-01
1.175481171442727818e-02 1.088199937267021224e-02 -9.998716950137414017e-01
1.179261977947547967e-02 1.084018313582805690e-02 -9.998717040434533798e-01
1.183027912632928814e-02 1.079823557986381299e-02 -9.998717130725299773e-01
1.186778929901918800e-02 1.075615723355807622e-02 -9.998717221009711942e-01
1.190514984345533538e-02 1.071394862727416408e-02 -9.998717311287771414e-01
1.194236030743304686e-02 1.067161029295143199e-02 -9.998717401559479301e-01
1.197942024063826903e-02 1.062914276409857722e-02 -9.998717491824835601e-01
1.201632919465302034e-02 1.058654657578692385e-02 -9.998717582083840316e-01
1.205308672296081726e-02 1.054382226464367807e-02 -9.998717672336493445e-01
1.208969238095206414e-02 1.050097036884518019e-02 -9.998717762582796098e-01
1.212614572592943078e-02 1.045799142811012529e-02 -9.998717852822749386e-01
1.216244631711319892e-02 1.041488598369277006e-02 -9.998717943056353308e-01
1.219859371564658602e-02 1.037165457837612575e-02 -9.998718033283607864e-01
1.223458748460104842e-02 1.032829775646512162e-02 -9.998718123504513056e-01
1.227042718898155652e-02 1.028481606377975970e-02 -9.998718213719069992e-01
1.230611239573184239e-02 1.024121004764825052e-02 -9.998718303927279782e-01
1.234164267373963168e-02 1.019748025690012279e-02 -9.998718394129142428e-01
1.237701759384184606e-02 1.015362724185932437e-02 -9.998718484324657929e-01
1.241223672882978135e-02 1.010965155433729903e-02 -9.998718574513826285e-01
1.244729965345425793e-02 1.006555374762604753e-02 -9.998718664696648606e-01
1.248220594443075378e-02 1.002133437649117310e-02 -9.998718754873126002e-01
1.251695518044450804e-02 9.976993997164902706e-03 -9.998718845043258474e-01
1.255154694215560029e-02 9.932533167339097774e-03 -9.998718935207046021e-01
1.258598081220400552e-02 9.887952446158244230e-03 -9.998719025364489754e-01
1.262025637521462483e-02 9.843252394212421638e-03 -9.998719115515589673e-01
1.265437321780228837e-02 9.798433573530263702e-03 -9.998719205660345777e-01
1.268833092857673921e-02 9.753496547571892730e-03 -9.998719295798759177e-01
1.272212909814758423e-02 9.708441881221838501e-03 -9.998719385930829873e-01
1.275576731912922770e-02 9.663270140781946710e-03 -9.998719476056558975e-01
1.278924518614577358e-02 9.617981893964261397e-03 -9.998719566175946483e-01
1.282256229583590354e-02 9.572577709883895239e-03 -9.998719656288992397e-01
1.285571824685773773e-02 9.527058159051882483e-03 -9.998719746395697827e-01
1.288871263989365551e-02 9.481423813368014542e-03 -9.998719836496062774e-01
1.292154507765510413e-02 9.435675246113661707e-03 -9.998719926590088347e-01
1.295421516488737441e-02 9.389813031944570579e-03 -9.998720016677774547e-01
1.298672250837435566e-02 9.343837746883652817e-03 -9.998720106759121373e-01
1.301906671694325925e-02 9.297749968313753083e-03 -9.998720196834129936e-01
1.305124740146932326e-02 9.251550274970406565e-03 -9.998720286902800236e-01
1.308326417488048406e-02 9.205239246934572225e-03 -9.998720376965133383e-01
1.311511665216202882e-02 9.158817465625352164e-03 -9.998720467021129377e-01
1.314680445036121859e-02 9.112285513792698841e-03 -9.998720557070789328e-01
1.317832718859188873e-02 9.065643975510104952e-03 -9.998720647114112126e-01
1.320968448803901650e-02 9.018893436167274222e-03 -9.998720737151099991e-01
1.324087597196327119e-02 8.972034482462778321e-03 -9.998720827181751813e-01
1.327190126570553311e-02 8.925067702396699901e-03 -9.998720917206068703e-01
1.330275999669138821e-02 8.877993685263256551e-03 -9.998721007224051771e-01
1.333345179443559333e-02 8.830813021643410879e-03 -9.998721097235701016e-01
1.336397629054652050e-02 8.783526303397468440e-03 -9.998721187241016439e-01
1.339433311873057357e-02 8.736134123657654862e-03 -9.998721277239999150e-01
1.342452191479657359e-02 8.688637076820680816e-03 -9.998721367232649149e-01
1.345454231666012510e-02 8.641035758540287909e-03 -9.998721457218966435e-01
1.348439396434795122e-02 8.593330765719791112e-03 -9.998721547198952120e-01
1.351407650000220617e-02 8.545522696504588220e-03 -9.998721637172606203e-01
1.354358956788475309e-02 8.497612150274669318e-03 -9.998721727139929794e-01
1.357293281438142624e-02 8.449599727637107163e-03 -9.998721817100922893e-01
1.360210588800626029e-02 8.401486030418530218e-03 -9.998721907055586611e-01
1.363110843940569181e-02 8.353271661657581809e-03 -9.998721997003919837e-01
1.365994012136273819e-02 8.304957225597368875e-03 -9.998722086945924792e-01
1.368860058880114715e-02 8.256543327677889899e-03 -9.998722176881600365e-01
1.371708949878952359e-02 8.208030574528455900e-03 -9.998722266810947668e-01
1.374540651054541839e-02 8.159419573960090613e-03 -9.998722356733967809e-01
1.377355128543940668e-02 8.110710934957920254e-03 -9.998722446650660789e-01
1.380152348699912636e-02 8.061905267673549411e-03 -9.998722536561026608e-01
1.382932278091329216e-02 8.013003183417419586e-03 -9.998722626465066377e-01
1.385694883503568904e-02 7.964005294651155600e-03 -9.998722716362780094e-01
1.388440131938912907e-02 7.914912214979905047e-03 -9.998722806254167761e-01
1.391167990616938924e-02 7.865724559144651740e-03 -9.998722896139230487e-01
1.393878426974911461e-02 7.816442943014523942e-03 -9.998722986017968273e-01
1.396571408668170582e-02 7.767067983579088730e-03 -9.998723075890382228e-01
1.399246903570516495e-02 7.717600298940629003e-03 -9.998723165756472353e-01
1.401904879774592064e-02 7.668040508306410083e-03 -9.998723255616239758e-01
1.404545305592263399e-02 7.618389231980935046e-03 -9.998723345469684443e-01
1.407168149554995779e-02 7.568647091358182699e-03 -9.998723435316806407e-01
1.409773380414229040e-02 7.518814708913835153e-03 -9.998723525157606762e-01
1.412360967141748636e-02 7.468892708197491515e-03 -9.998723614992085507e-01
1.414930878930054092e-02 7.418881713824871174e-03 -9.998723704820242641e-01
1.417483085192725902e-02 7.368782351470000609e-03 -9.998723794642079277e-01
1.420017555564788078e-02 7.318595247857390650e-03 -9.998723884457595412e-01
1.422534259903068983e-02 7.268321030754199864e-03 -9.998723974266792158e-01
1.425033168286559022e-02 7.217960328962386672e-03 -9.998724064069669515e-01
1.427514251016765746e-02 7.167513772310847575e-03 -9.998724153866228592e-01
1.429977478618065997e-02 7.116981991647545851e-03 -9.998724243656468280e-01
1.432422821838054937e-02 7.066365618831623764e-03 -9.998724333440390799e-01
1.434850251647893163e-02 7.015665286725508709e-03 -9.998724423217995039e-01
1.437259739242650360e-02 6.964881629187001134e-03 -9.998724512989282109e-01
1.439651256041645996e-02 6.914015281061356398e-03 -9.998724602754253121e-01
1.442024773688788120e-02 6.863066878173351877e-03 -9.998724692512908074e-01
1.444380264052908501e-02 6.812037057319341934e-03 -9.998724782265246969e-01
1.446717699228095011e-02 6.760926456259303344e-03 -9.998724872011270914e-01
1.449037051534021910e-02 6.709735713708869440e-03 -9.998724961750979912e-01
1.451338293516276148e-02 6.658465469331349522e-03 -9.998725051484373960e-01
1.453621397946682284e-02 6.607116363729742189e-03 -9.998725141211454170e-01
1.455886337823623228e-02 6.555689038438733060e-03 -9.998725230932221653e-01
1.458133086372359090e-02 6.504184135916686420e-03 -9.998725320646675296e-01
1.460361617045342550e-02 6.452602299537619525e-03 -9.998725410354816212e-01
1.462571903522531976e-02 6.400944173583171699e-03 -9.998725500056645510e-01
1.464763919711701244e-02 6.349210403234560422e-03 -9.998725589752163190e-01
1.466937639748746962e-02 6.297401634564527874e-03 -9.998725679441369252e-01
1.469093037997992734e-02 6.245518514529273604e-03 -9.998725769124264806e-01
1.471230089052490662e-02 6.193561690960382865e-03 -9.998725858800849853e-01
1.473348767734319886e-02 6.141531812556739328e-03 -9.998725948471124392e-01
1.475449049094882358e-02 6.089429528876429999e-03 -9.998726038135089533e-01
1.477530908415195660e-02 6.037255490328639722e-03 -9.998726127792745277e-01
1.479594321206183227e-02 5.985010348165536141e-03 -9.998726217444092734e-01
1.481639263208961096e-02 5.932694754474143392e-03 -9.998726307089131904e-01
1.483665710395122572e-02 5.880309362168207113e-03 -9.998726396727863897e-01
1.485673638967019428e-02 5.827854824980050787e-03 -9.998726486360288712e-01
1.487663025358040500e-02 5.775331797452419071e-03 -9.998726575986406351e-01
1.489633846232887165e-02 5.722740934930316790e-03 -9.998726665606217923e-01
1.491586078487846558e-02 5.670082893552834055e-03 -9.998726755219723428e-01
1.493519699251060796e-02 5.617358330244962700e-03 -9.998726844826922866e-01
1.495434685882794310e-02 5.564567902709407522e-03 -9.998726934427817348e-01
1.497331015975698204e-02 5.511712269418381910e-03 -9.998727024022406873e-01
1.499208667355070822e-02 5.458792089605402596e-03 -9.998727113610692552e-01
1.501067618079116386e-02 5.405808023257067073e-03 -9.998727203192674384e-01
1.502907846439200529e-02 5.352760731104829264e-03 -9.998727292768353481e-01
1.504729330960102515e-02 5.299650874616761327e-03 -9.998727382337728731e-01
1.506532050400264701e-02 5.246479115989311111e-03 -9.998727471900802355e-01
1.508315983752039728e-02 5.193246118139047476e-03 -9.998727561457573243e-01
1.510081110241933734e-02 5.139952544694401278e-03 -9.998727651008042505e-01
1.511827409330847478e-02 5.086599059987394200e-03 -9.998727740552211252e-01
1.513554860714313999e-02 5.033186329045360660e-03 -9.998727830090079483e-01
1.515263444322733841e-02 4.979715017582664500e-03 -9.998727919621647198e-01
1.516953140321606990e-02 4.926185791992403543e-03 -9.998728009146915507e-01
1.518623929111762201e-02 4.872599319338108935e-03 -9.998728098665884412e-01
1.520275791329582689e-02 4.818956267345434960e-03 -9.998728188178553911e-01
1.521908707847229904e-02 4.765257304393844505e-03 -9.998728277684925114e-01
1.523522659772863844e-02 4.711503099508282388e-03 -9.998728367184998023e-01
1.525117628450860241e-02 4.657694322350846086e-03 -9.998728456678773746e-01
1.526693595462024974e-02 4.603831643212445181e-03 -9.998728546166252285e-01
1.528250542623805705e-02 4.549915733004454739e-03 -9.998728635647434748e-01
1.529788451990500391e-02 4.495947263250363486e-03 -9.998728725122321137e-01
1.531307305853463023e-02 4.441926906077414174e-03 -9.998728814590911451e-01
1.532807086741306245e-02 4.387855334208233538e-03 -9.998728904053206801e-01
1.534287777420100841e-02 4.333733220952460524e-03 -9.998728993509207186e-01
1.535749360893572807e-02 4.279561240198366708e-03 -9.998729082958912606e-01
1.537191820403296764e-02 4.225340066404465432e-03 -9.998729172402324172e-01
1.538615139428887307e-02 4.171070374591122690e-03 -9.998729261839441884e-01
1.540019301688186522e-02 4.116752840332154120e-03 -9.998729351270266852e-01
1.541404291137449083e-02 4.062388139746419408e-03 -9.998729440694799075e-01
1.542770091971523878e-02 4.007976949489408872e-03 -9.998729530113038555e-01
1.544116688624033382e-02 3.953519946744828324e-03 -9.998729619524986401e-01
1.545444065767549550e-02 3.899017809216170048e-03 -9.998729708930642612e-01
1.546752208313766780e-02 3.844471215118285944e-03 -9.998729798330008300e-01
1.548041101413671905e-02 3.789880843168950703e-03 -9.998729887723083465e-01
1.549310730457711428e-02 3.735247372580418907e-03 -9.998729977109869216e-01
1.550561081075955798e-02 3.680571483050979094e-03 -9.998730066490364443e-01
1.551792139138260043e-02 3.625853854756500450e-03 -9.998730155864571367e-01
1.553003890754422328e-02 3.571095168341975601e-03 -9.998730245232488878e-01
1.554196322274338862e-02 3.516296104913056893e-03 -9.998730334594118085e-01
1.555369420288156557e-02 3.461457346027587909e-03 -9.998730423949460100e-01
1.556523171626421689e-02 3.406579573687130644e-03 -9.998730513298514921e-01
1.557657563360226316e-02 3.351663470328487479e-03 -9.998730602641282550e-01
1.558772582801351558e-02 3.296709718815217949e-03 -9.998730691977764096e-01
1.559868217502407770e-02 3.241719002429150742e-03 -9.998730781307959559e-01
1.560944455256971578e-02 3.186692004861891789e-03 -9.998730870631868939e-01
1.562001284099720499e-02 3.131629410206327162e-03 -9.998730959949493347e-01
1.563038692306564087e-02 3.076531902948123360e-03 -9.998731049260832782e-01
1.564056668394771601e-02 3.021400167957220221e-03 -9.998731138565888354e-01
1.565055201123098302e-02 2.966234890479322109e-03 -9.998731227864660065e-01
1.566034279491907225e-02 2.911036756127384321e-03 -9.998731317157147913e-01
1.566993892743287833e-02 2.855806450873095599e-03 -9.998731406443353009e-01
1.567934030361172945e-02 2.800544661038356729e-03 -9.998731495723275353e-01
1.568854682071451831e-02 2.745252073286755679e-03 -9.998731584996916055e-01
1.569755837842080545e-02 2.689929374615037967e-03 -9.998731674264275116e-01
1.570637487883189132e-02 2.634577252344575717e-03 -9.998731763525352534e-01
1.571499622647185707e-02 2.579196394112830658e-03 -9.998731852780149421e-01
1.572342232828857420e-02 2.523787487864815812e-03 -9.998731942028665776e-01
1.573165309365469333e-02 2.468351221844553283e-03 -9.998732031270902709e-01
1.573968843436859139e-02 2.412888284586528573e-03 -9.998732120506860221e-01
1.574752826465529790e-02 2.357399364907143170e-03 -9.998732209736538312e-01
1.575517250116737628e-02 2.301885151896161923e-03 -9.998732298959938092e-01
1.576262106298580157e-02 2.246346334908159992e-03 -9.998732388177059560e-01
1.576987387162077578e-02 2.190783603553965887e-03 -9.998732477387903828e-01
1.577693085101253972e-02 2.135197647692102779e-03 -9.998732566592470894e-01
1.578379192753214325e-02 2.079589157420225903e-03 -9.998732655790760759e-01
1.579045702998218073e-02 2.023958823066559099e-03 -9.998732744982774534e-01
1.579692608959750583e-02 1.968307335181327875e-03 -9.998732834168512218e-01
1.580319904004591144e-02 1.912635384528192043e-03 -9.998732923347974921e-01
1.580927581742878549e-02 1.856943662075673804e-03 -9.998733012521162644e-01
1.581515636028171801e-02 1.801232858988586691e-03 -9.998733101688075386e-01
1.582084060957510488e-02 1.745503666619459965e-03 -9.998733190848714258e-01
1.582632850871469946e-02 1.689756776499963661e-03 -9.998733280003079260e-01
1.583162000354214685e-02 1.633992880332330380e-03 -9.998733369151171502e-01
1.583671504233548008e-02 1.578212669980776431e-03 -9.998733458292990983e-01
1.584161357580959190e-02 1.522416837462921019e-03 -9.998733547428537705e-01
1.584631555711667542e-02 1.466606074941205007e-03 -9.998733636557812776e-01
1.585082094184662657e-02 1.410781074714307281e-03 -9.998733725680816198e-01
1.585512968802742922e-02 1.354942529208560910e-03 -9.998733814797549080e-01
1.585924175612550210e-02 1.299091130969367994e-03 -9.998733903908010312e-01
1.586315710904601106e-02 1.243227572652613874e-03 -9.998733993012202115e-01
1.586687571213316744e-02 1.187352547016080027e-03 -9.998734082110124488e-01
1.587039753317047788e-02 1.131466746910857408e-03 -9.998734171201777432e-01
1.587372254238097330e-02 1.075570865272757826e-03 -9.998734260287160946e-01
1.587685071242740664e-02 1.019665595113725771e-03 -9.998734349366276142e-01
1.587978201841242637e-02 9.637516295132500087e-04 -9.998734438439124128e-01
1.588251643787870135e-02 9.078296616097742073e-04 -9.998734527505703795e-01
1.588505395080903534e-02 8.519003845921081048e-04 -9.998734616566016253e-01
1.588739453962644335e-02 7.959644916908384599e-04 -9.998734705620062613e-01
1.588953818919419322e-02 7.400226761697397846e-04 -9.998734794667842873e-01
1.589148488681582302e-02 6.840756313171859459e-04 -9.998734883709357035e-01
1.589323462223513062e-02 6.281240504375612240e-04 -9.998734972744606209e-01
1.589478738763612856e-02 5.721686268426725641e-04 -9.998735061773590393e-01
1.589614317764296431e-02 5.162100538431617196e-04 -9.998735150796310700e-01
1.589730198931981614e-02 4.602490247399184786e-04 -9.998735239812767128e-01
1.589826382217076131e-02 4.042862328154942712e-04 -9.998735328822959678e-01
1.589902867813961299e-02 3.483223713255167520e-04 -9.998735417826889460e-01
1.589959656160971554e-02 2.923581334901054121e-04 -9.998735506824556474e-01
1.589996747940372948e-02 2.363942124852881133e-04 -9.998735595815960719e-01
1.590014144078336425e-02 1.804313014344187339e-04 -9.998735684801103307e-01
1.590011845744910071e-02 1.244700933995961686e-04 -9.998735773779984237e-01
1.589989854353987542e-02 6.851128137308468472e-05 -9.998735862752604620e-01
1.589948171563272325e-02 1.255555826873565355e-05 -9.998735951718964454e-01
1.589886799274241314e-02 -4.339638308658899700e-05 -9.998736040679064851e-01
1.589805739632103518e-02 -9.934384996159180523e-05 -9.998736129632904701e-01
1.589704995025756351e-02 -1.552861497291129281e-04 -9.998736218580486224e-01
1.589584568087738792e-02 -2.112225898747013624e-04 -9.998736307521808309e-01
1.589444461694182464e-02 -2.671524780051842555e-04 -9.998736396456872066e-01
1.589284678964757516e-02 -3.230751218572341346e-04 -9.998736485385678607e-01
1.589105223262618147e-02 -3.789898293059337526e-04 -9.998736574308227931e-01
1.588906098194343280e-02 -4.348959083733387634e-04 -9.998736663224520038e-01
1.588687307609874463e-02 -4.907926672370380682e-04 -9.998736752134556038e-01
1.588448855602451679e-02 -5.466794142387111513e-04 -9.998736841038335932e-01
1.588190746508545345e-02 -6.025554578926836831e-04 -9.998736929935859719e-01
1.587912984907784847e-02 -6.584201068944794347e-04 -9.998737018827128509e-01
1.587615575622886022e-02 -7.142726701293698093e-04 -9.998737107712142302e-01
1.587298523719573445e-02 -7.701124566809203903e-04 -9.998737196590902210e-01
1.586961834506500288e-02 -8.259387758395345634e-04 -9.998737285463408231e-01
1.586605513535166781e-02 -8.817509371109935601e-04 -9.998737374329660366e-01
1.586229566599832788e-02 -9.375482502249936822e-04 -9.998737463189659724e-01
1.585833999737430028e-02 -9.933300251436798407e-04 -9.998737552043406307e-01
1.585418819227470133e-02 -1.049095572070175841e-03 -9.998737640890901224e-01
1.584984031591949588e-02 -1.104844201457110984e-03 -9.998737729732144475e-01
1.584529643595252238e-02 -1.160575224015142869e-03 -9.998737818567137170e-01
1.584055662244047633e-02 -1.216287950721476512e-03 -9.998737907395878199e-01
1.583562094787187985e-02 -1.271981692828379456e-03 -9.998737996218369783e-01
1.583048948715600965e-02 -1.327655761871693622e-03 -9.998738085034610812e-01
1.582516231762180758e-02 -1.383309469679341527e-03 -9.998738173844602395e-01
1.581963951901673923e-02 -1.438942128379829899e-03 -9.998738262648344532e-01
1.581392117350564203e-02 -1.494553050410747435e-03 -9.998738351445838335e-01
1.580800736566954565e-02 -1.550141548527259744e-03 -9.998738440237083802e-01
1.580189818250444383e-02 -1.605706935810598431e-03 -9.998738529022082044e-01
1.579559371342004886e-02 -1.661248525676546281e-03 -9.998738617800833062e-01
1.578909405023851478e-02 -1.716765631883917457e-03 -9.998738706573336854e-01
1.578239928719313984e-02 -1.772257568543033138e-03 -9.998738795339594532e-01
1.577550952092701339e-02 -1.827723650124191308e-03 -9.998738884099606095e-01
1.576842485049166284e-02 -1.883163191466132643e-03 -9.998738972853372653e-01
1.576114537734565196e-02 -1.938575507784500752e-03 -9.998739061600894207e-01
1.575367120535315496e-02 -1.993959914680297225e-03 -9.998739150342170756e-01
1.574600244078250277e-02 -2.049315728148330164e-03 -9.998739239077203411e-01
1.573813919230469469e-02 -2.104642264585660123e-03 -9.998739327805992172e-01
1.573008157099188564e-02 -2.159938840800036935e-03 -9.998739416528538149e-01
1.572182969031584582e-02 -2.215204774018333933e-03 -9.998739505244841341e-01
1.571338366614637855e-02 -2.270439381894973942e-03 -9.998739593954901750e-01
1.570474361674972091e-02 -2.325641982520350922e-03 -9.998739682658720485e-01
1.569590966278691310e-02 -2.380811894429245984e-03 -9.998739771356297545e-01
1.568688192731212613e-02 -2.435948436609234723e-03 -9.998739860047632932e-01
1.567766053577097918e-02 -2.491050928509091524e-03 -9.998739948732727756e-01
1.566824561599881524e-02 -2.546118690047186051e-03 -9.998740037411582016e-01
1.565863729821894562e-02 -2.601151041619872810e-03 -9.998740126084196822e-01
1.564883571504087703e-02 -2.656147304109875065e-03 -9.998740214750572175e-01
1.563884100145849360e-02 -2.711106798894662682e-03 -9.998740303410709185e-01
1.562865329484822152e-02 -2.766028847854821310e-03 -9.998740392064607851e-01
1.561827273496715560e-02 -2.820912773382416340e-03 -9.998740480712268175e-01
1.560769946395116833e-02 -2.875757898389349945e-03 -9.998740569353691265e-01
1.559693362631297577e-02 -2.930563546315709863e-03 -9.998740657988877123e-01
1.558597536894018414e-02 -2.985329041138113423e-03 -9.998740746617825748e-01
1.557482484109330018e-02 -3.040053707378040718e-03 -9.998740835240538249e-01
1.556348219440371883e-02 -3.094736870110163882e-03 -9.998740923857014629e-01
1.555194758287167800e-02 -3.149377854970666826e-03 -9.998741012467255995e-01
1.554022116286418384e-02 -3.203975988165558893e-03 -9.998741101071262349e-01
1.552830309311290478e-02 -3.258530596478979857e-03 -9.998741189669033691e-01
1.551619353471204651e-02 -3.313041007281496662e-03 -9.998741278260571130e-01
1.550389265111618356e-02 -3.367506548538394540e-03 -9.998741366845874667e-01
1.549140060813807181e-02 -3.421926548817957273e-03 -9.998741455424945412e-01
1.547871757394643152e-02 -3.476300337299742266e-03 -9.998741543997783365e-01
1.546584371906369222e-02 -3.530627243782845197e-03 -9.998741632564388526e-01
1.545277921636372016e-02 -3.584906598694156867e-03 -9.998741721124762005e-01
1.543952424106951292e-02 -3.639137733096613984e-03 -9.998741809678903802e-01
1.542607897075085922e-02 -3.693319978697437358e-03 -9.998741898226815028e-01
1.541244358532197802e-02 -3.747452667856364904e-03 -9.998741986768495682e-01
1.539861826703912626e-02 -3.801535133593875529e-03 -9.998742075303945764e-01
1.538460320049817205e-02 -3.855566709599402616e-03 -9.998742163833166385e-01
1.537039857263214869e-02 -3.909546730239539698e-03 -9.998742252356157545e-01
1.535600457270877399e-02 -3.963474530566238330e-03 -9.998742340872920353e-01
1.534142139232793842e-02 -4.017349446324993377e-03 -9.998742429383454811e-01
1.532664922541917413e-02 -4.071170813963023542e-03 -9.998742517887760917e-01
1.531168826823908410e-02 -4.124937970637439742e-03 -9.998742606385839782e-01
1.529653871936875048e-02 -4.178650254223405247e-03 -9.998742694877691406e-01
1.528120077971110991e-02 -4.232307003322284544e-03 -9.998742783363316899e-01
1.526567465248830288e-02 -4.285907557269786998e-03 -9.998742871842716262e-01
1.524996054323899362e-02 -4.339451256144094896e-03 -9.998742960315889494e-01
1.523405865981566042e-02 -4.392937440773986291e-03 -9.998743048782837706e-01
1.521796921238186169e-02 -4.446365452746946570e-03 -9.998743137243560897e-01
1.520169241340946741e-02 -4.499734634417270479e-03 -9.998743225698059067e-01
1.518522847767586441e-02 -4.553044328914150271e-03 -9.998743314146333327e-01
1.516857762226113925e-02 -4.606293880149762120e-03 -9.998743402588384788e-01
1.515174006654522107e-02 -4.659482632827332584e-03 -9.998743491024212338e-01
1.513471603220500721e-02 -4.712609932449201601e-03 -9.998743579453817087e-01
1.511750574321145575e-02 -4.765675125324872474e-03 -9.998743667877200147e-01
1.510010942582664696e-02 -4.818677558579050578e-03 -9.998743756294361518e-01
1.508252730860082554e-02 -4.871616580159673394e-03 -9.998743844705301198e-01
1.506475962236940129e-02 -4.924491538845926671e-03 -9.998743933110020299e-01
1.504680660024993767e-02 -4.977301784256255371e-03 -9.998744021508518820e-01
1.502866847763909691e-02 -5.030046666856355549e-03 -9.998744109900796762e-01
1.501034549220956957e-02 -5.082725537967163615e-03 -9.998744198286855234e-01
1.499183788390696763e-02 -5.135337749772828260e-03 -9.998744286666694236e-01
1.497314589494669335e-02 -5.187882655328673702e-03 -9.998744375040314880e-01
1.495426976981078203e-02 -5.240359608569151659e-03 -9.998744463407717165e-01
1.493520975524471016e-02 -5.292767964315781178e-03 -9.998744551768901090e-01
1.491596610025418441e-02 -5.345107078285077189e-03 -9.998744640123867766e-01
1.489653905610189774e-02 -5.397376307096467783e-03 -9.998744728472618304e-01
1.487692887630425419e-02 -5.449575008280198481e-03 -9.998744816815151593e-01
1.485713581662807814e-02 -5.501702540285226956e-03 -9.998744905151468743e-01
1.483716013508728192e-02 -5.553758262487103019e-03 -9.998744993481570864e-01
1.481700209193951602e-02 -5.605741535195839058e-03 -9.998745081805456847e-01
1.479666194968278468e-02 -5.657651719663765733e-03 -9.998745170123128911e-01
1.477613997305203888e-02 -5.709488178093379863e-03 -9.998745258434585947e-01
1.475543642901574158e-02 -5.761250273645174974e-03 -9.998745346739829065e-01
1.473455158677240001e-02 -5.812937370445460557e-03 -9.998745435038858265e-01
1.471348571774708062e-02 -5.864548833594172665e-03 -9.998745523331674656e-01
1.469223909558788586e-02 -5.916084029172668027e-03 -9.998745611618278240e-01
1.467081199616241012e-02 -5.967542324251504278e-03 -9.998745699898670125e-01
1.464920469755416794e-02 -6.018923086898213259e-03 -9.998745788172850313e-01
1.462741748005899102e-02 -6.070225686185056098e-03 -9.998745876440818803e-01
1.460545062618140433e-02 -6.121449492196766144e-03 -9.998745964702576705e-01
1.458330442063096935e-02 -6.172593876038280636e-03 -9.998746052958124020e-01
1.456097915031860472e-02 -6.223658209842458482e-03 -9.998746141207461857e-01
1.453847510435287739e-02 -6.274641866777783301e-03 -9.998746229450589107e-01
1.451579257403626602e-02 -6.325544221056056057e-03 -9.998746317687507990e-01
1.449293185286140012e-02 -6.376364647940071205e-03 -9.998746405918217395e-01
1.446989323650727140e-02 -6.427102523751279835e-03 -9.998746494142719543e-01
1.444667702283541390e-02 -6.477757225877442404e-03 -9.998746582361013324e-01
1.442328351188606854e-02 -6.528328132780262388e-03 -9.998746670573099848e-01
1.439971300587430773e-02 -6.578814624003011258e-03 -9.998746758778979116e-01
1.437596580918614093e-02 -6.629216080178136107e-03 -9.998746846978652236e-01
1.435204222837459416e-02 -6.679531883034852541e-03 -9.998746935172119210e-01
1.432794257215575483e-02 -6.729761415406729751e-03 -9.998747023359380037e-01
1.430366715140480444e-02 -6.779904061239251309e-03 -9.998747111540435828e-01
1.427921627915201136e-02 -6.829959205597372490e-03 -9.998747199715286582e-01
1.425459027057870108e-02 -6.879926234673053309e-03 -9.998747287883933410e-01
1.422978944301320561e-02 -6.929804535792784617e-03 -9.998747376046376312e-01
1.420481411592677649e-02 -6.979593497425096854e-03 -9.998747464202616397e-01
1.417966461092948389e-02 -7.029292509188051451e-03 -9.998747552352652557e-01
1.415434125176607758e-02 -7.078900961856721824e-03 -9.998747640496487010e-01
1.412884436431182875e-02 -7.128418247370657893e-03 -9.998747728634118648e-01
1.410317427656834592e-02 -7.177843758841333244e-03 -9.998747816765548579e-01
1.407733131865936127e-02 -7.227176890559582761e-03 -9.998747904890776805e-01
1.405131582282649096e-02 -7.276417038003018568e-03 -9.998747993009804436e-01
1.402512812342497465e-02 -7.325563597843436428e-03 -9.998748081122631470e-01
1.399876855691938211e-02 -7.374615967954203065e-03 -9.998748169229259020e-01
1.397223746187930063e-02 -7.423573547417628739e-03 -9.998748257329687084e-01
1.394553517897499303e-02 -7.472435736532326810e-03 -9.998748345423915662e-01
1.391866205097302966e-02 -7.521201936820554219e-03 -9.998748433511945866e-01
1.389161842273189430e-02 -7.569871551035538965e-03 -9.998748521593777694e-01
1.386440464119756931e-02 -7.618443983168791088e-03 -9.998748609669412257e-01
1.383702105539908953e-02 -7.666918638457396323e-03 -9.998748697738849556e-01
1.380946801644407362e-02 -7.715294923391295863e-03 -9.998748785802089589e-01
1.378174587751422771e-02 -7.763572245720549644e-03 -9.998748873859133468e-01
1.375385499386082636e-02 -7.811750014462582291e-03 -9.998748961909981192e-01
1.372579572280016764e-02 -7.859827639909413438e-03 -9.998749049954632762e-01
1.369756842370900042e-02 -7.907804533634873317e-03 -9.998749137993089287e-01
1.366917345801993075e-02 -7.955680108501799255e-03 -9.998749226025350767e-01
1.364061118921679888e-02 -8.003453778669218296e-03 -9.998749314051418313e-01
1.361188198283003539e-02 -8.051124959599510744e-03 -9.998749402071291925e-01
1.358298620643198784e-02 -8.098693068065560691e-03 -9.998749490084971603e-01
1.355392422963222314e-02 -8.146157522157883996e-03 -9.998749578092458457e-01
1.352469642407281084e-02 -8.193517741291745857e-03 -9.998749666093753596e-01
1.349530316342357344e-02 -8.240773146214257563e-03 -9.998749754088855912e-01
1.346574482337731769e-02 -8.287923159011457638e-03 -9.998749842077766514e-01
1.343602178164503974e-02 -8.334967203115375631e-03 -9.998749930060486513e-01
1.340613441795110092e-02 -8.381904703311076829e-03 -9.998750018037014797e-01
1.337608311402838958e-02 -8.428735085743694830e-03 -9.998750106007353589e-01
1.334586825361344480e-02 -8.475457777925438085e-03 -9.998750193971501776e-01
1.331549022244156791e-02 -8.522072208742591248e-03 -9.998750281929460471e-01
1.328494940824190285e-02 -8.568577808462488760e-03 -9.998750369881230782e-01
1.325424620073249390e-02 -8.614974008740471090e-03 -9.998750457826811600e-01
1.322338099161531576e-02 -8.661260242626832306e-03 -9.998750545766204034e-01
1.319235417457128960e-02 -8.707435944573739886e-03 -9.998750633699409196e-01
1.316116614525526113e-02 -8.753500550442144118e-03 -9.998750721626427085e-01
1.312981730129096462e-02 -8.799453497508661487e-03 -9.998750809547257701e-01
1.309830804226595757e-02 -8.845294224472451117e-03 -9.998750897461902154e-01
1.306663876972653793e-02 -8.891022171462059989e-03 -9.998750985370360445e-01
1.303480988717262666e-02 -8.936636780042262959e-03 -9.998751073272633683e-01
1.300282180005263820e-02 -8.982137493220873278e-03 -9.998751161168721868e-01
1.297067491575831961e-02 -9.027523755455544446e-03 -9.998751249058625001e-01
1.293836964361956728e-02 -9.072795012660544306e-03 -9.998751336942343082e-01
1.290590639489922094e-02 -9.117950712213518730e-03 -9.998751424819878331e-01
1.287328558278783702e-02 -9.162990302962232755e-03 -9.998751512691229637e-01
1.284050762239843067e-02 -9.207913235231294374e-03 -9.998751600556398111e-01
1.280757293076120393e-02 -9.252718960828854033e-03 -9.998751688415383754e-01
1.277448192681824267e-02 -9.297406933053295464e-03 -9.998751776268187674e-01
1.274123503141819450e-02 -9.341976606699902222e-03 -9.998751864114809873e-01
1.270783266731092230e-02 -9.386427438067498213e-03 -9.998751951955250350e-01
1.267427525914213184e-02 -9.430758884965084743e-03 -9.998752039789510215e-01
1.264056323344798366e-02 -9.474970406718446342e-03 -9.998752127617589469e-01
1.260669701864967213e-02 -9.519061464176737514e-03 -9.998752215439489222e-01
1.257267704504799397e-02 -9.563031519719057336e-03 -9.998752303255209473e-01
1.253850374481787697e-02 -9.606880037260998040e-03 -9.998752391064750222e-01
1.250417755200290346e-02 -9.650606482261181451e-03 -9.998752478868112581e-01
1.246969890250980081e-02 -9.694210321727765936e-03 -9.998752566665296548e-01
1.243506823410290771e-02 -9.737691024224939471e-03 -9.998752654456303235e-01
1.240028598639862471e-02 -9.781048059879395365e-03 -9.998752742241132641e-01
1.236535260085984064e-02 -9.824280900386781964e-03 -9.998752830019784765e-01
1.233026852079033286e-02 -9.867389019018138474e-03 -9.998752917792260719e-01
1.229503419132914679e-02 -9.910371890626308231e-03 -9.998753005558560503e-01
1.225965005944495631e-02 -9.953228991652327690e-03 -9.998753093318684115e-01
1.222411657393039294e-02 -9.995959800131803269e-03 -9.998753181072632668e-01
1.218843418539636812e-02 -1.003856379570126217e-02 -9.998753268820407270e-01
1.215260334626635554e-02 -1.008104045960448586e-02 -9.998753356562006811e-01
1.211662451077066653e-02 -1.012338927469882272e-02 -9.998753444297432402e-01
1.208049813494069258e-02 -1.016560972546147815e-02 -9.998753532026685154e-01
1.204422467660313384e-02 -1.020770129799578735e-02 -9.998753619749765065e-01
1.200780459537419999e-02 -1.024966348003746204e-02 -9.998753707466672136e-01
1.197123835265379369e-02 -1.029149576096082680e-02 -9.998753795177407477e-01
1.193452641161966976e-02 -1.033319763178502416e-02 -9.998753882881971089e-01
1.189766923722157185e-02 -1.037476858518020413e-02 -9.998753970580362971e-01
1.186066729617534996e-02 -1.041620811547368936e-02 -9.998754058272584233e-01
1.182352105695705889e-02 -1.045751571865612475e-02 -9.998754145958634876e-01
1.178623098979702903e-02 -1.049869089238760107e-02 -9.998754233638516009e-01
1.174879756667391618e-02 -1.053973313600376112e-02 -9.998754321312227633e-01
1.171122126130873936e-02 -1.058064195052188343e-02 -9.998754408979769748e-01
1.167350254915888556e-02 -1.062141683864693993e-02 -9.998754496641143463e-01
1.163564190741210244e-02 -1.066205730477764145e-02 -9.998754584296348780e-01
1.159763981498046319e-02 -1.070256285501245373e-02 -9.998754671945385697e-01
1.155949675249431756e-02 -1.074293299715559785e-02 -9.998754759588255325e-01
1.152121320229621340e-02 -1.078316724072302286e-02 -9.998754847224958775e-01
1.148278964843480604e-02 -1.082326509694836632e-02 -9.998754934855494936e-01
1.144422657665874164e-02 -1.086322607878888007e-02 -9.998755022479866028e-01
1.140552447441052150e-02 -1.090304970093134568e-02 -9.998755110098070942e-01
1.136668383082034550e-02 -1.094273547979796209e-02 -9.998755197710110787e-01
1.132770513669993477e-02 -1.098228293355221590e-02 -9.998755285315985564e-01
1.128858888453633524e-02 -1.102169158210472392e-02 -9.998755372915696382e-01
1.124933556848569868e-02 -1.106096094711905668e-02 -9.998755460509243242e-01
1.120994568436704808e-02 -1.110009055201754101e-02 -9.998755548096626145e-01
1.117041972965601704e-02 -1.113907992198703671e-02 -9.998755635677846199e-01
1.113075820347857181e-02 -1.117792858398469757e-02 -9.998755723252904515e-01
1.109096160660471425e-02 -1.121663606674370116e-02 -9.998755810821799983e-01
1.105103044144216395e-02 -1.125520190077896471e-02 -9.998755898384533713e-01
1.101096521203001957e-02 -1.129362561839282984e-02 -9.998755985941106816e-01
1.097076642403240106e-02 -1.133190675368073684e-02 -9.998756073491518181e-01
1.093043458473207281e-02 -1.137004484253686248e-02 -9.998756161035770029e-01
1.088997020302404778e-02 -1.140803942265974404e-02 -9.998756248573861249e-01
1.084937378940917067e-02 -1.144589003355788066e-02 -9.998756336105792952e-01
1.080864585598768218e-02 -1.148359621655530710e-02 -9.998756423631566248e-01
1.076778691645276231e-02 -1.152115751479714477e-02 -9.998756511151180026e-01
1.072679748608405814e-02 -1.155857347325513901e-02 -9.998756598664635398e-01
1.068567808174118727e-02 -1.159584363873315989e-02 -9.998756686171933472e-01
1.064442922185723089e-02 -1.163296755987268914e-02 -9.998756773673074250e-01
1.060305142643219560e-02 -1.166994478715828107e-02 -9.998756861168057730e-01
1.056154521702646482e-02 -1.170677487292300263e-02 -9.998756948656885024e-01
1.051991111675423113e-02 -1.174345737135384232e-02 -9.998757036139556131e-01
1.047814965027690781e-02 -1.177999183849710862e-02 -9.998757123616071052e-01
1.043626134379651606e-02 -1.181637783226379378e-02 -9.998757211086430896e-01
1.039424672504906874e-02 -1.185261491243491672e-02 -9.998757298550636774e-01
1.035210632329791776e-02 -1.188870264066684869e-02 -9.998757386008687575e-01
1.030984066932709615e-02 -1.192464058049660762e-02 -9.998757473460584411e-01
1.026745029543463597e-02 -1.196042829734713167e-02 -9.998757560906328390e-01
1.022493573542586874e-02 -1.199606535853252852e-02 -9.998757648345919513e-01
1.018229752460670864e-02 -1.203155133326330554e-02 -9.998757735779357780e-01
1.013953619977691310e-02 -1.206688579265156880e-02 -9.998757823206643192e-01
1.009665229922333644e-02 -1.210206830971619942e-02 -9.998757910627776857e-01
1.005364636271315060e-02 -1.213709845938801268e-02 -9.998757998042759887e-01
1.001051893148706060e-02 -1.217197581851488415e-02 -9.998758085451591171e-01
9.967270548252497517e-03 -1.220669996586685839e-02 -9.998758172854272930e-01
9.923901757176790614e-03 -1.224127048214123173e-02 -9.998758260250804053e-01
9.880413103880325565e-03 -1.227568694996760724e-02 -9.998758347641185651e-01
9.836805135429685376e-03 -1.230994895391293066e-02 -9.998758435025417723e-01
9.793078400330773939e-03 -1.234405608048649676e-02 -9.998758522403501381e-01
9.749233448521918768e-03 -1.237800791814494018e-02 -9.998758609775436623e-01
9.705270831366959866e-03 -1.241180405729718633e-02 -9.998758697141224561e-01
9.661191101648321233e-03 -1.244544409030939706e-02 -9.998758784500865193e-01
9.616994813560065039e-03 -1.247892761150987302e-02 -9.998758871854358521e-01
9.572682522700924970e-03 -1.251225421719394729e-02 -9.998758959201705654e-01
9.528254786067330909e-03 -1.254542350562884434e-02 -9.998759046542906592e-01
9.483712162046407587e-03 -1.257843507705851648e-02 -9.998759133877961336e-01
9.439055210408962837e-03 -1.261128853370845765e-02 -9.998759221206870995e-01
9.394284492302458489e-03 -1.264398347979048612e-02 -9.998759308529635570e-01
9.349400570243960457e-03 -1.267651952150751667e-02 -9.998759395846256171e-01
9.304404008113076677e-03 -1.270889626705828598e-02 -9.998759483156732797e-01
9.259295371144877704e-03 -1.274111332664207633e-02 -9.998759570461065449e-01
9.214075225922799955e-03 -1.277317031246339232e-02 -9.998759657759255237e-01
9.168744140371535081e-03 -1.280506683873663260e-02 -9.998759745051302161e-01
