-4.851581856681877802e+00
-1.415352780407442168e+00
-8.729825992418774661e+00
-1.315333684236696499e+00
-2.821484489744107371e+00
-2.905767348700929009e+00
-2.830265871762970509e+00
-2.821484489744107371e+00
-2.214789739086773235e+00
-2.739663629168806125e+00
-3.911364147164286820e+00
-1.581453575223452646e+00
-4.582117094727996331e+00
-3.779132891449099585e+00
-1.750074629450209862e+00
-1.469559672134024053e+00
-2.208214162492671218e+00
-2.460548803984353050e+00
-2.460548803984353050e+00
-2.241163989488255126e+00
-3.359354545012278148e+00
-2.658069700212588593e+00
-1.748749979153570333e+00
-1.493627241916510417e+00
-2.658069700212588593e+00
-1.875614885598483772e+00
-2.690815702401031739e+00
-1.936655817132593604e+00
-1.734569792028100688e+00
-4.518933244236508884e+00
-1.836674790377442523e+00
-1.191888111765842062e+01
-2.348752304107094346e+00
-2.588589536039874073e+00
-6.113693341889469002e-01
-2.433615662572829574e+00
-4.725471555129318268e+00
-2.354527936251436859e+00
-1.861986512806615313e+00
-1.407580493009683131e+00
-2.801076447460175256e+00
-1.203522370452496437e+00
-2.086443702810738987e+00
-1.946726192017182333e+00
-2.020859161302510643e+00
1.787347051701307921e-01
-2.796238196728042080e+00
-8.174312850766181082e-01
-1.251363903926691279e+00
-4.555839887115008535e-01
-4.141345617522111056e+00
-2.020859161302510643e+00
-2.020859161302510643e+00
-1.571625607458281282e+00
-3.801038983701330753e+00
-1.665222720216991359e+00
-1.388756366741005666e+00
-2.276535327908375095e+00
-9.111453474747017722e-01
-4.373546430271683327e+00
-2.190876394753930256e+00
-1.548867746109769739e+00
-1.727379809066265537e+00
-8.100562168396929774e-02
-1.077220978197307222e+00
-1.258356889868933459e+00
-7.955037066226529063e-01
-2.132615466242852698e+00
-9.648104645379936839e-01
-2.167890302477607278e+00
-1.688104209897969943e+00
-1.955695036494377703e+00
-2.167890302477607278e+00
-1.697510658566581121e+00
7.308083805781061537e-01
-1.554374485768354130e+00
-7.357286092161066104e-01
-1.698936595298621066e+00
-1.278368795084062537e+00
-1.244546070860010012e+00
-2.189239781307846577e+00
-2.081253096034568095e+00
-2.051772983968050745e+00
-2.019103761465633973e+00
-8.090342930665295196e-01
-7.928325271468716906e-01
-1.655491825028851283e+00
-1.535546875242315590e+00
-2.036594777418191615e+00
-5.894377378252178001e-01
-1.703997343252539043e+00
3.619227457050062102e-01
-1.302612619648099601e+00
-9.425002315194842550e-01
-1.855063935936139163e+00
-1.582069561403418589e+00
-1.741397245068704525e+00
-9.630789591355095602e-01
-1.533530348983996205e+00
-8.745039665927397676e-01
-1.701675423064319403e+00
-1.827182872223241050e+00
-1.667829422637484293e-01
3.856830167886534655e-01
-5.725349271521730232e-01
1.815945319178148942e+00
3.094930652849135821e+00
3.261447941480827950e+00
-2.803175752350215433e+00
1.284090964267453838e+00
-1.597738802379049528e+00
-1.975725939022545896e+00
-2.801703319880871401e+00
-1.798778979297826597e+00
-4.406213312318427722e-01
-2.236024144770965005e-01
-6.768226474053894437e-01
-2.136626787956903417e+00
-2.281240321865666054e+00
-1.227232351829123269e+00
-1.074309040233827783e+00
-1.893393314115878301e+00
-1.962826285276829452e+00
-1.941734620610637840e+00
-2.031824064902668425e+00
-3.017762036060265274e+00
-1.684209067036290142e+00
-9.982636236046598111e-01
-4.234504671988386093e-01
-2.014997129375122320e+00
-1.143220084798372005e+00
-8.916681237482160238e-01
-1.983600053206641345e+00
-4.218890190483929326e-01
2.391066326951476195e-01
-1.686027807614733920e+00
1.175414814081726433e+00
-4.200435735802923176e-01
-1.613860982829068647e+00
-8.258557587595989347e-01
-4.218890190483929326e-01
-2.075823553320938597e+00
-1.898081479025185647e+00
-2.912509236901139609e+00
-8.427667300058282462e-01
-7.195691835635211753e-01
-2.217029091142311614e+00
-1.464306314471049975e+00
-4.218890190483929326e-01
-3.975095222003374840e+00
-1.042942250408164240e+00
4.301074305591951474e-01
1.275517141089576478e+00
-7.582004838871687635e-01
-2.066798663398456970e-01
1.462780829304269892e-01
-1.239872833576372430e-01
-1.830855683672422796e+00
-1.543028991402969119e+00
-4.218890190483929326e-01
-1.042942250408164240e+00
6.471127893009005760e-02
-4.578178664022714006e-01
-9.666527128938704472e-01
1.607618485204395320e+00
1.031164322917130338e+00
-1.171552485998505810e+00
-9.697017103077383293e-01
-3.562137762725323675e-01
1.443237697075047121e+00
-8.122081558991884886e-01
-6.921116702826818345e-01
4.876586134136584594e-02
-1.682475303483197404e+00
-2.698854616525747097e-01
-2.416865253482979092e+00
-3.012026626109144400e-01
-2.219488280368409061e-01
-1.318398337281860844e+00
-1.088841336660894443e+00
-5.499254798337714911e-01
-5.536583092911142590e-01
-1.538828184702384139e+00
-2.328828066009331899e-01
-7.733754399646561861e-01
-4.079368254520889248e-01
-2.082442722328389451e+00
-5.344557011240969047e-01
-9.729323137359588980e-01
-1.626865948374815796e+00
-2.026430999858950255e-01
2.932221879560469535e+00
-7.701190110324611648e-01
-4.449229321440079654e-01
-2.045164011101781476e+00
-7.341254235251733207e-02
-5.955160065768693167e-01
-2.406780864428824107e-01
-8.151050410127773649e-01
-1.635833140325655854e+00
-1.188232965722386458e+00
-1.036921110011913338e+00
-5.637047241497895600e-01
-6.701446243722145590e-01
3.771434730900462551e-01
-7.443182526772309515e-01
-1.976115249735580504e+00
-1.273098208718410174e+00
-7.202313742705047650e-01
-1.582994424986862825e+00
-1.116264489345493827e+00
-7.100021049447807764e-01
-8.028533093599219406e-01
-4.748354394631162378e-01
-8.157840303657133696e-02
-1.329725449850697183e+00
-1.330502533082616567e+00
-1.521139875148377341e+00
-1.170238172270970933e+00
-1.123424279506901824e+00
-1.612590926468533414e-01
-8.964840574858055078e-01
-3.267065405903963882e-01
3.010048138364175063e+00
-1.258572232487677800e+00
7.258636090386296758e-01
-4.351708740053566338e+00
-2.908275921870913550e+00
-9.398287037319503767e-01
-5.799166211607567067e-01
-3.927601680550539820e-01
2.486941595722927278e+00
-2.289630784896369842e-01
-1.908742406286857873e+00
-2.106389276589352155e-01
2.890776006913581941e+00
3.545466761245365639e+00
1.197987436583204834e+00
1.052243585596870229e-01
-2.316731624839585724e+00
-2.446373982574565065e-01
3.444057214836973912e+00
-1.193747029898163614e+00
-1.188515975820713999e+00
-3.330823558240867399e+00
1.760109668387649151e+00
4.160261125328870158e+00
1.034260025560531737e+01
4.143946226164860747e+00
-2.564456684326568592e+00
5.788612309234681064e+00
2.632465649159193344e+00
3.140071667929299259e+00
1.937245576130169233e+00
6.292384416031291394e+00
1.150085102782791147e+01
3.986259499416786589e+00
1.027905075006482249e+01
3.654632124594412446e+00
6.114972436237305686e+00
1.201256558208899605e+01
-4.111657228222940219e-01
2.673694060413283502e+00
3.656148902632695652e+00
3.909797043757355706e+00
3.373514539327674200e+00
2.647103877173332620e+00
8.993195510282239624e+00
4.758053154527176254e+00
4.920733975329821597e+00
5.300666536792588701e+00
1.022157950340621646e+01
6.587424357081570037e+00
1.020637377985724292e+01
6.657391130980864213e-01
1.061832161519095941e+01
6.889671886131118583e+00
1.121988749605103131e+01
2.405166411465648135e+00
5.909869572420649142e+00
5.890426205232730972e+00
9.699033188160598229e+00
1.187872484129128736e+01
7.619504543016410558e+00
3.803834689931668844e+00
7.868734153713972113e+00
3.746378436690350089e+00
1.151318762710354981e+01
1.203252711550760878e+01
1.253359931978210362e+01
4.701840667187482836e+00
1.139050433439837917e+01
1.097782706148846898e+01
1.263867622012996783e+01
7.564057839990333321e+00
1.042867183389699015e+01
4.150187986574208843e+00
1.042983907213244343e+01
5.059614765967076266e+00
8.493074221057572259e+00
1.103102793949355664e+01
6.508199397681669218e+00
9.509316053914625755e+00
2.657551437930653293e+00
6.014078405705687302e+00
7.368633943001435149e+00
1.103945872963876162e+01
2.248588580337206100e+00
7.607039396455420821e+00
7.977961271577757252e+00
1.204975285347586933e+01
1.216996693358219339e+01
1.144575581013220145e+01
7.507875951624754407e+00
9.545638243061356221e+00
4.496507067846334138e+00
5.684421067619840784e+00
9.138992437124787926e+00
1.016627303788403403e+01
1.230473153851431967e+01
8.640683101944203415e+00
1.150035221013679987e+01
1.268143301743777585e+01
7.097022184810723111e+00
1.097782706148846898e+01
1.226477638342081100e+01
1.121257325218005008e+01
1.207852120513204319e+01
1.019356206277959842e+01
1.253359931978210362e+01
1.285440472541072410e+01
1.034260025560531737e+01
8.692830698885286367e+00
1.120515501106209300e+01
8.762928213363233354e+00
1.217775139360087167e+01
1.234618755659620959e+01
1.120490835375811400e+01
1.285440472541072410e+01
9.743875427486900165e+00
1.083797530023003830e+01
8.942269883352976123e+00
8.712342571778615152e+00
1.253359931978210362e+01
1.120515501106209300e+01
8.555324385609440085e+00
1.244885798775052166e+01
6.060329821202557810e+00
1.119705749320410604e+01
1.201256558208899605e+01
1.236612261600529017e+01
1.210769997796477604e+01
1.029222353831416470e+01
1.087354351791721108e+01
1.221772417213206197e+01
6.839220484401555389e+00
1.201256558208899605e+01
1.180105757069224381e+01
2.762575243445112960e+00
1.141862123968168952e+01
1.195392658320937507e+01
1.225221755984761884e+01
1.155382565185149346e+01
7.893562441130887564e+00
1.197176283739597302e+01
1.201256558208899605e+01
1.176252862405831223e+01
1.178157034953135529e+01
8.558921005208409483e+00
1.174826068832008019e+01
1.143305594827283223e+01
5.292593506851398288e+00
1.155923509413942440e+01
1.263867622012996783e+01
4.585345131636116456e+00
1.201256558208899605e+01
1.069026089392693102e+01
1.131378357588631012e+01
1.165367138563482818e+01
1.059651958575550168e+01
1.210731879114413090e+01
1.240951106970476303e+01
1.124222475079370831e+01
9.783974422678399563e+00
1.158495668410706791e+01
6.774558096092838433e+00
1.124222475079370831e+01
1.030345118846265606e+01
7.765630585535239661e+00
1.088763941342101127e+01
1.124222475079370831e+01
1.186189721594166890e+01
1.105305829521640781e+01
1.131960303506978249e+01
7.472630259840539857e+00
1.070933294043169326e+01
1.253702583691877948e+01
1.185440407705807786e+01
9.026009948724379228e+00
1.227623011988140078e+01
1.125652305345100856e+01
1.269822472592821505e+01
1.124222475079370831e+01
1.178559200710288479e+01
7.756160872750949231e+00
1.218989813807177924e+01
1.157278605214356304e+01
3.581444744162388005e+00
9.663569799280024242e+00
1.033411926094736089e+01
1.079972142538921531e+01
1.191729722063819885e+01
1.100899206214199566e+01
1.003130498815401239e+01
1.206261849907992634e+01
1.207903655551041311e+01
1.171631245949313005e+01
1.253359931978210362e+01
1.100163005389699222e+01
9.946893485523496281e+00
1.201256558208899605e+01
9.754808544149364380e+00
7.363644302182827062e+00
1.201256558208899605e+01
1.103975142583051827e+01
1.236612261600529017e+01
1.158733697647605787e+01
1.085980332168707463e+01
1.120515501106209300e+01
1.285440472541072410e+01
1.103975142583051827e+01
1.222970624263091288e+01
1.247208195270929920e+01
1.003720235054608523e+01
7.363644302182827062e+00
1.222324261943764512e+01
1.157378812381270095e+01
1.103975142583051827e+01
1.161035331339676624e+01
8.609322598999632703e+00
7.304893576978640723e+00
1.285440472541072410e+01
1.248191553204490667e+01
9.289081014507761580e+00
1.237899675858505866e+01
6.146406378422491379e+00
1.187483113327055584e+01
1.182291909374419348e+01
1.232044184553996402e+01
1.285440472541072410e+01
1.232074921584540306e+01
9.706283102894239789e+00
7.889896168198042403e+00
6.422570644170593646e+00
1.277920971749229295e+01
1.228852742460812664e+01
7.123738566609861600e+00
1.058223077321494543e+01
1.152855974837264874e+01
1.182291909374419348e+01
1.073479907757064389e+01
1.285440472541072410e+01
1.280678726566148917e+01
1.260111328988860713e+01
1.240850759753437771e+01
1.283099336652555067e+01
1.227458422563576512e+01
1.086156101474499636e+01
1.182291909374419348e+01
1.074770872319733783e+01
1.201256558208899605e+01
1.194619196173493769e+01
1.253359931978210362e+01
1.285440472541072410e+01
5.492676329834598192e+00
9.848088106376765793e+00
1.236286756815268006e+01
1.253359931978210362e+01
1.253359931978210362e+01
1.064733899234904158e+01
1.285440472541072410e+01
9.879536058495560269e+00
1.199064241916757112e+01
1.083101175417798245e+01
1.146737689731587473e+01
1.206719604250610267e+01
1.242238281139199252e+01
1.261174537022632514e+01
1.260111328988860713e+01
1.162202588563527428e+01
1.253359931978210362e+01
1.003130498815401239e+01
1.265320438162687999e+01
2.883586731536765591e+00
1.198487722506460074e+01
1.227795020521474356e+01
8.819672232960632741e+00
5.898797604990758003e+00
1.073479907757064389e+01
1.087354351791721108e+01
