-4.418914219919828513e-08 4.399556167080165854e-06 9.999999999903209646e-01
-3.001641096572144268e-06 2.903689752594793981e-04 9.999999578384232146e-01
-1.080379165405427640e-05 1.016285074690162927e-03 9.999994835238291691e-01
-2.383770528921684941e-05 2.182138330550200626e-03 9.999976188492000206e-01
-4.249042682765317910e-05 3.787915712804431137e-03 9.999928249188172469e-01
-6.714896471357227972e-05 5.833597299727408085e-03 9.999829821719772305e-01
-9.820026022567260923e-05 8.319151615083031706e-03 9.999653904376459845e-01
-1.360311381483769060e-04 1.124452968835099390e-02 9.999367690247302765e-01
-1.810282344089692746e-04 1.460965783845569015e-02 9.998932568662620701e-01
-2.335778961970941324e-04 1.841442918167815468e-02 9.998304127397199537e-01
-2.940660500925773840e-04 2.265869386474442942e-02 9.997432155896340822e-01
-3.628780337419507660e-04 2.734224802449993288e-02 9.996260649825506883e-01
-4.403983866449633815e-04 3.246482147611461089e-02 9.994727817283391991e-01
-5.270105956415098132e-04 3.802606413243284772e-02 9.992766087057314284e-01
-6.230967907287955502e-04 4.402553115790121263e-02 9.990302119338803077e-01
-7.290373868903657524e-04 5.046266686149075004e-02 9.987256819355925241e-01
-8.452106676852727324e-04 5.733678733419460966e-02 9.983545354417538986e-01
-9.719923064297102469e-04 6.464706183804012907e-02 9.979077174902819536e-01
-1.109754820907728201e-03 7.239249295512356630e-02 9.973756039767464054e-01
-1.258866957675095020e-03 8.057189550696841618e-02 9.967480047175398816e-01
-1.419693002174167830e-03 8.918387425654027145e-02 9.960141670901939692e-01
-1.592592011061036081e-03 9.822680040753592468e-02 9.951627803190713495e-01
-1.777916963362672666e-03 1.076987869181156438e-01 9.941819804782409120e-01
-1.976013827334932756e-03 1.175976626490790738e-01 9.930593562868369473e-01
-2.187220540185580864e-03 1.279209453696090737e-01 9.917819557755894744e-01
-2.411865898163898739e-03 1.386658136471367875e-01 9.903362939065023518e-01
-2.650268354903517493e-03 1.498290776516264800e-01 9.887083612308075198e-01
-2.902734726341732116e-03 1.614071489086523759e-01 9.868836336733360914e-01
-3.169558801030371645e-03 1.733960090400488152e-01 9.848470835342859608e-01
-3.451019855203977128e-03 1.857911775356738127e-01 9.825831918020303535e-01
-3.747381072584032250e-03 1.985876786049354803e-01 9.800759618730573441e-01
-4.058887869576589293e-03 2.117800071622055746e-01 9.773089347773492586e-01
-4.385766127267914233e-03 2.253620940060830358e-01 9.742652060094668665e-01
-4.728220332441278491e-03 2.393272702586817513e-01 9.709274440672764905e-01
-5.086431630730274198e-03 2.536682311377019272e-01 9.672779108016134053e-01
-5.460555795991512903e-03 2.683769991410017153e-01 9.632984836811840923e-01
-5.850721121023764494e-03 2.834448867307189368e-01 9.589706800776407469e-01
-6.257026235881810346e-03 2.988624586116948034e-01 9.542756836759780370e-01
-6.679537861231436141e-03 3.146194937070162512e-01 9.491943731151696317e-01
-7.118288505465823236e-03 3.307049469419175991e-01 9.437073529632452606e-01
-7.573274115650999692e-03 3.471069109560499522e-01 9.377949871297653894e-01
-8.044451693785885718e-03 3.638125778732291815e-01 9.314374348168428241e-01
-8.531736891345998580e-03 3.808082012671880068e-01 9.246146891074488172e-01
-9.035001596623782466e-03 3.980790584715728775e-01 9.173066182866739249e-01
-9.554071530974867291e-03 4.156094133924130851e-01 9.094930099878689722e-01
-1.008872387172018124e-02 4.333824799915209081e-01 9.011536182510937465e-01
-1.063868492112745798e-02 4.513803866197321768e-01 8.922682135760350297e-01
-1.120362784259061953e-02 4.695841413895253669e-01 8.828166360454620110e-01
-1.178317048682682965e-02 4.879735987873291547e-01 8.727788515883161402e-01
-1.237687333260299380e-02 5.065274277366992317e-01 8.621350114436547862e-01
-1.298423756816727108e-02 5.252230813344639371e-01 8.508655148778235811e-01
-1.360470334117663826e-02 5.440367684928565373e-01 8.389510751973847658e-01
-1.423764820645563416e-02 5.629434277315058521e-01 8.263727890894347894e-01
-1.488238580236951950e-02 5.819167033738885664e-01 8.131122093089580005e-01
-1.553816478791980767e-02 6.009289244133784180e-01 7.991514207197550901e-01
-1.620416807384244054e-02 6.199510863242980729e-01 7.844731196812014806e-01
-1.687951238197709508e-02 6.389528361032913439e-01 7.690606967576139041e-01
-1.756324816794740951e-02 6.579024608358112758e-01 7.528983227102943321e-01
-1.825435994271036588e-02 6.767668800914713456e-01 7.359710377143502402e-01
-1.895176702876278166e-02 6.955116424603271508e-01 7.182648437231390348e-01
-1.965432478669526181e-02 7.141009265497355596e-01 6.997667998826380131e-01
-2.036082634731992136e-02 7.324975467681924535e-01 6.804651208761796077e-01
-2.107000488372821889e-02 7.506629642283146886e-01 6.603492780568167575e-01
-2.178053645631957899e-02 7.685573031058365867e-01 6.394101032000962803e-01
-2.249104346203991550e-02 7.861393727949594901e-01 6.176398946842212023e-01
-2.320009871674404145e-02 8.033666962025264313e-01 5.950325258775112092e-01
-2.390623019670930563e-02 8.201955445241202458e-01 5.715835554847292777e-01
-2.460792646184565766e-02 8.365809788441868067e-01 5.472903395742987342e-01
-2.530364277903767931e-02 8.524768988994858576e-01 5.221521449777135615e-01
-2.599180795928977827e-02 8.678360993404331536e-01 4.961702637206207300e-01
-2.667083191690361801e-02 8.826103338180589786e-01 4.693481281122105497e-01
-2.733911395278095652e-02 8.967503872151963984e-01 4.416914260857610630e-01
-2.799505175710548938e-02 9.102061563289700619e-01 4.132082163485625292e-01
-2.863705111911230700e-02 9.229267392975212259e-01 3.839090428641236397e-01
-2.926353632341177971e-02 9.348605340470012015e-01 3.538070481536579326e-01
-2.987296120341340760e-02 9.459553460150346149e-01 3.229180848675342053e-01
-3.046382081282521595e-02 9.561585053839285475e-01 2.912608250408154631e-01
-3.103466366602715409e-02 9.654169940307244513e-01 2.588568664104110573e-01
-3.158410448739033122e-02 9.736775823716078415e-01 2.257308351349261444e-01
-3.211083739840788626e-02 9.808869762450465046e-01 1.919104842222620344e-01
-3.261364945990555958e-02 9.869919739411973092e-01 1.574267869346425985e-01
-3.309143447471461774e-02 9.919396334444651187e-01 1.223140244063025961e-01
-3.354320694413653881e-02 9.956774499115115251e-01 8.660986667586767496e-02
-3.396811605944755758e-02 9.981535433583931249e-01 5.035544630380356379e-02
-3.436545959773831121e-02 9.993168564777786811e-01 1.359542371555733618e-02
-3.473469757973287469e-02 9.991173624503038031e-01 -2.362195661648199344e-02
-3.507546553607593376e-02 9.975062825530285338e-01 -6.124482006392965167e-02
-3.538287918619113792e-02 9.944843792990427644e-01 -9.873637217707630087e-02
-3.565363089408537384e-02 9.901148297972331980e-01 -1.356519163877202006e-01
-3.588865883024556364e-02 9.844523947690005938e-01 -1.719461735571426175e-01
-3.608904945191632879e-02 9.775526155501208514e-01 -2.075776104033651981e-01
-3.625602200102295142e-02 9.694716050164025045e-01 -2.425083667331466852e-01
-3.639091299826039544e-02 9.602658494162122915e-01 -2.767041739766671893e-01
-3.649516087281851062e-02 9.499920211879424592e-01 -3.101342659431738369e-01
-3.657029085356885978e-02 9.387068027845481000e-01 -3.427712826840854099e-01
-3.661790023382362202e-02 9.264667214756830971e-01 -3.745911683162869710e-01
-3.663964410816453882e-02 9.133279950505865941e-01 -4.055730636229414876e-01
-3.663722166647927908e-02 8.993463883016352689e-01 -4.356991942124305295e-01
-3.661236311736692367e-02 8.845770801292635044e-01 -4.649547549783145661e-01
-3.656681730059327395e-02 8.690745410736268051e-01 -4.933277915647624190e-01
-3.650234003638463259e-02 8.528924210468112888e-01 -5.208090795030100306e-01
-3.642068324811942315e-02 8.360834470114150152e-01 -5.473920016452979986e-01
-3.632358488447010730e-02 8.186993303268061961e-01 -5.730724244836554737e-01
-3.621275965730546414e-02 8.007906834631115522e-01 -5.978485739020207301e-01
-3.608989060271438482e-02 7.824069457648673565e-01 -6.217209108717277610e-01
-3.595662146437235418e-02 7.635963179310840676e-01 -6.446920075624898994e-01
-3.581454989114638693e-02 7.444057048660759346e-01 -6.667664243038411431e-01
-3.566522143431471309e-02 7.248806665456176690e-01 -6.879505877956767490e-01
-3.551012432405178249e-02 7.050653765356333924e-01 -7.082526709311802726e-01
-3.535068499987271962e-02 6.850025877955432385e-01 -7.276824745611534251e-01
-3.518826436551547587e-02 6.647336053954130408e-01 -7.462513114956332849e-01
-3.502415473522959427e-02 6.442982657750130349e-01 -7.639718930067964653e-01
-3.485957743559810890e-02 6.237349221736417926e-01 -7.808582180665368799e-01
-3.469568102480227040e-02 6.030804358619378247e-01 -7.969254655228399375e-01
-3.453354008960311111e-02 5.823701728107613107e-01 -8.121898893911685402e-01
-3.437415457921301487e-02 5.616380054374053854e-01 -8.266687174105793456e-01
-3.421844963461805056e-02 5.409163190757819706e-01 -8.403800529891847226e-01
-3.406727587174127048e-02 5.202360228246629692e-01 -8.533427806399080939e-01
-3.392141007706189065e-02 4.996265644364328851e-01 -8.655764749852125073e-01
-3.378155627487973434e-02 4.791159489179974695e-01 -8.771013133886239599e-01
-3.364834712629542063e-02 4.587307605253720388e-01 -8.879379922514167855e-01
-3.352234562112129529e-02 4.384961878439487815e-01 -8.981076469947115726e-01
-3.340404702530649222e-02 4.184360516573991662e-01 -9.076317757304955824e-01
-3.329388104801397907e-02 3.985728353195189810e-01 -9.165321666096153397e-01
-3.319221419419216002e-02 3.789277173549727706e-01 -9.248308288206182892e-01
-3.309935227030570692e-02 3.595206060267636672e-01 -9.325499272003777707e-01
-3.301554301279962383e-02 3.403701756202629491e-01 -9.397117204056766315e-01
-3.294097881083964119e-02 3.214939042057127772e-01 -9.463385025843273901e-01
-3.287579949687489955e-02 3.029081126531982249e-01 -9.524525484748905813e-01
-3.282009518058462416e-02 2.846280046861089374e-01 -9.580760618556007913e-01
-3.277390910377740024e-02 2.666677077710302712e-01 -9.632311272556534076e-01
-3.273724049579340017e-02 2.490403146537578383e-01 -9.679396648355066413e-01
-3.271004741090156182e-02 2.317579253626863567e-01 -9.722233883372456420e-01
-3.269224953107062459e-02 2.148316895121323289e-01 -9.761037660013179851e-01
-3.268373091931651292e-02 1.982718487491877124e-01 -9.796019843419916384e-01
-3.268434271057769208e-02 1.820877791984284455e-01 -9.827389146707057321e-01
-3.269390572873971668e-02 1.662880337691969301e-01 -9.855350822539854505e-01
-3.271221302001257880e-02 1.508803842002176820e-01 -9.880106379907674929e-01
-3.273903229435799755e-02 1.358718627259708767e-01 -9.901853324927607503e-01
-3.277410826806351901e-02 1.212688032585276104e-01 -9.920784924508105895e-01
-3.281716490186729202e-02 1.070768819874256261e-01 -9.937089991701041347e-01
-3.286790753024866618e-02 9.330115730863410006e-02 -9.950952691574047604e-01
-3.292602487861853722e-02 7.994610900170649737e-02 -9.962552366442923857e-01
-3.299119096616949520e-02 6.701567658185417220e-02 -9.972063379315763143e-01
-3.306306689308182584e-02 5.451329676088598197e-02 -9.979654974416092283e-01
-3.314130251163095731e-02 4.244193995775167455e-02 -9.985491153671164355e-01
-3.322553798150685439e-02 3.080414580580356429e-02 -9.989730568073442729e-01
-3.331540521034149355e-02 1.960205760985451323e-02 -9.992526422847856082e-01
-3.341052918104989861e-02 8.837455711668610464e-03 -9.994026395384304484e-01
-3.351052916812755078e-02 -1.488210272319774380e-03 -9.994372564923986735e-01
-3.361501984551788780e-02 -1.137379037249290278e-02 -9.993701353019026623e-01
-3.372361228907121838e-02 -2.081840437378660452e-02 -9.992143473817322041e-01
-3.383591487696644556e-02 -2.982141313269972768e-02 -9.989823893258591436e-01
-3.395153409176357440e-02 -3.838239112293376221e-02 -9.986861796302664018e-01
-3.407007522800310079e-02 -4.650110022569975410e-02 -9.983370561347266747e-01
-3.419114300947187490e-02 -5.417746477774019326e-02 -9.979457741029605922e-01
-3.431434212041959558e-02 -6.141154788744085380e-02 -9.975225048643795445e-01
-3.443927765513840611e-02 -6.820352902703849529e-02 -9.970768349444515399e-01
-3.456555549041545605e-02 -7.455368290684899479e-02 -9.966177656146105734e-01
-3.469278258543847387e-02 -8.046235963563239113e-02 -9.961537127965445215e-01
-3.482056721378059411e-02 -8.592996616966226686e-02 -9.956925072596390924e-01
-3.494851913211694666e-02 -9.095694905175907841e-02 -9.952413950543169685e-01
-3.507624969033544537e-02 -9.554377844046774149e-02 -9.948070381279854324e-01
-3.520337188769967485e-02 -9.969093342869106422e-02 -9.943955150742824767e-01
-3.532950037970749441e-02 -1.033988886504183663e-01 -9.940123219702931001e-01
-3.545425144026578823e-02 -1.066681021736955309e-01 -9.936623732603885317e-01
-3.557724288377362570e-02 -1.094990046776547765e-01 -9.933500026493116142e-01
-3.569809395167393429e-02 -1.118919899112420097e-01 -9.930789639711009587e-01
-3.581642516800061932e-02 -1.138474064312326728e-01 -9.928524320044050944e-01
-3.593185816841499430e-02 -1.153655506171965273e-01 -9.926730032086854560e-01
-3.604401550719389669e-02 -1.164466609612417741e-01 -9.925426963597533403e-01
-3.615252044660414998e-02 -1.170909136306267362e-01 -9.924629530670140420e-01
-3.625699673307366394e-02 -1.172984193016518573e-01 -9.924346381587187960e-01
-3.635706836455090962e-02 -1.170692212636263302e-01 -9.924580399254462337e-01
-3.645235935343109357e-02 -1.164032947921223721e-01 -9.925328702159450511e-01
-3.654249348942052028e-02 -1.153005477911725613e-01 -9.926582643833812281e-01
-3.662709410670984128e-02 -1.137608227045155823e-01 -9.928327810839474576e-01
-3.670578385983255115e-02 -1.117838996964377746e-01 -9.930544019336943196e-01
-3.677818451259701887e-02 -1.093695011031766279e-01 -9.933205310333591553e-01
-3.684889532787459510e-02 -1.069981310106436351e-01 -9.935761464897089335e-01
-3.692213860262269498e-02 -1.050633243854915133e-01 -9.937798818400744860e-01
-3.699331194497900571e-02 -1.030843468653584588e-01 -9.939844628074819832e-01
-3.705818903853742158e-02 -1.006675321445621857e-01 -9.942297212400673656e-01
-3.711638931540973962e-02 -9.781257814175228771e-02 -9.945124801637459377e-01
-3.716753105614829106e-02 -9.451914273754841167e-02 -9.948289834395376285e-01
-3.721123126218182919e-02 -9.078685205343269005e-02 -9.951748950622574252e-01
-3.724710555919466537e-02 -8.661531000859132301e-02 -9.955452984166880404e-01
-3.727974782677068166e-02 -8.248606628017886300e-02 -9.958947079242810307e-01
-3.731337982670001469e-02 -7.879368348608364880e-02 -9.961923845967695090e-01
-3.734588916592335162e-02 -7.529749480750105861e-02 -9.964615255182287523e-01
-3.737534980029171700e-02 -7.180038172584277123e-02 -9.967185101177381545e-01
-3.740175859343855547e-02 -6.830238959760451256e-02 -9.969633353485821692e-01
-3.742511256033813349e-02 -6.480356379386754961e-02 -9.971959983220223256e-01
-3.744540886745421210e-02 -6.130394969941539707e-02 -9.974164963073326451e-01
-3.746264483288085784e-02 -5.780359271184967729e-02 -9.976248267318343910e-01
-3.747930827316200975e-02 -5.454397887417820195e-02 -9.978077248748544736e-01
-3.749770355808251104e-02 -5.172284613162968919e-02 -9.979572482906814423e-01
-3.751572312860514818e-02 -4.909890547386192711e-02 -9.980891082460530139e-01
-3.753144351009749663e-02 -4.647463267383666885e-02 -9.982141550117766826e-01
-3.754735405561587802e-02 -4.409161327145502685e-02 -9.983216544994593100e-01
-3.756576102136371942e-02 -4.214759743771373524e-02 -9.984049246819194368e-01
-3.758704892446382284e-02 -4.064269826833272897e-02 -9.984665166296836647e-01
-3.761160263009876575e-02 -3.957699563034607071e-02 -9.985084019498614571e-01
-3.763482618370986299e-02 -3.846730463231567976e-02 -9.985508932109777858e-01
-3.765248984314488456e-02 -3.691822592290652794e-02 -9.986086994430362074e-01
-3.766420787678150667e-02 -3.492969489254146159e-02 -9.986797904532380699e-01
-3.766959427913947611e-02 -3.250163377689459232e-02 -9.987615558623952339e-01
-3.767075333802272219e-02 -2.987565011233216453e-02 -9.988435112034848018e-01
-3.766960638597209587e-02 -2.724948038588243318e-02 -9.989186486263132991e-01
-3.766615276829240327e-02 -2.462314455906343402e-02 -9.989869677266335346e-01
-3.766039189507628532e-02 -2.199666259470569110e-02 -9.990484681520703791e-01
-3.765481392079023104e-02 -1.961180943236564417e-02 -9.990983394638255355e-01
-3.765172664307370187e-02 -1.766643894488122493e-02 -9.991347478772800716e-01
-3.765151610787277614e-02 -1.616060202263411294e-02 -9.991602465455872162e-01
-3.765456851381729364e-02 -1.509433053653739393e-02 -9.991768085057248783e-01
-3.766127015448723914e-02 -1.446764168569864006e-02 -9.991858265980352316e-01
-3.767200737383875203e-02 -1.428054106856298591e-02 -9.991881134236978435e-01
-3.768218512725234753e-02 -1.404947164399401698e-02 -9.991910053991449603e-01
-3.768757316032243093e-02 -1.337879809756784867e-02 -9.992000073012129446e-01
-3.768778506982277399e-02 -1.226851673971961730e-02 -9.992142484740357267e-01
-3.768243440720298737e-02 -1.071861826918642582e-02 -9.992322779812209399e-01
-3.767611610193082050e-02 -9.212674927762815047e-03 -9.992475353465440913e-01
-3.767306041215050944e-02 -8.146353506030776584e-03 -9.992569126324474249e-01
-3.766867235116750506e-02 -7.036070657778745706e-03 -9.992655126806851973e-01
-3.765872157122071573e-02 -5.486160613258168547e-03 -9.992755989872564859e-01
-3.764780300290575255e-02 -3.980223724834726709e-03 -9.992831434324048745e-01
-3.764014699634990468e-02 -2.913938040208942544e-03 -9.992871100435473108e-01
-3.763364935383723547e-02 -2.045501843075627890e-03 -9.992895097810823302e-01
-3.762638817053114149e-02 -1.177077280922848900e-03 -9.992911834907324264e-01
-3.761836346030228428e-02 -3.086656561326759285e-04 -9.992921311889105818e-01
-3.760957523983076561e-02 5.597317289805905710e-04 -9.992923528931183519e-01
-3.760002352860588454e-02 1.428113572176761652e-03 -9.992918486219463103e-01
-3.758970834892591539e-02 2.296478571296099204e-03 -9.992906183950732713e-01
-3.757862972589786493e-02 3.164825424265659513e-03 -9.992886622332666224e-01
-3.756678768743720170e-02 4.033152829105626086e-03 -9.992859801583819923e-01
-3.755667301430089949e-02 4.659658233462087018e-03 -9.992836353594701793e-01
-3.755059418721910791e-02 4.846510567644420238e-03 -9.992829750433552816e-01
-3.754395623737109833e-02 5.077320750300671169e-03 -9.992820783762909054e-01
-3.753252878904284051e-02 5.747758987075469485e-03 -9.992788762649399414e-01
-3.752090685260131564e-02 6.374214148865349309e-03 -9.992755130307845457e-01
-3.751332083984052629e-02 6.561017861755428886e-03 -9.992745887913790925e-01
-3.751015727351691281e-02 6.308178877502811088e-03 -9.992763356452307733e-01
-3.751180266287559156e-02 5.615703131284565351e-03 -9.992804053614365856e-01
-3.751615275748765993e-02 4.725396279210189454e-03 -9.992848487354721865e-01
-3.752128561494531833e-02 3.835098136187182084e-03 -9.992884694361692244e-01
-3.752720122892275884e-02 2.944810123568116639e-03 -9.992912674797345129e-01
-3.753389958991084491e-02 2.054533662645992645e-03 -9.992932428836883707e-01
-3.754138068521731958e-02 1.164270174646864263e-03 -9.992943956668638439e-01
-3.754964449896704831e-02 2.740210807224760102e-04 -9.992947258494078167e-01
-3.755869101210223410e-02 -6.162121980571045590e-04 -9.992942334527800119e-01
-3.756852020238272277e-02 -1.506428240710850318e-03 -9.992929184997528802e-01
-3.757664129586225227e-02 -2.154823066716538699e-03 -9.992914253442128913e-01
-3.758074581804251441e-02 -2.363564153786170720e-03 -9.992907990711441535e-01
-3.758542872652460148e-02 -2.616264792681084490e-03 -9.992899932982283184e-01
-3.759492039076233610e-02 -3.308597255977038104e-03 -9.992875838040844449e-01
-3.760462582443437063e-02 -3.956948015137470333e-03 -9.992848616280570750e-01
-3.761031463676151043e-02 -4.165646385954445766e-03 -9.992837993398605567e-01
-3.761658177941158698e-02 -4.418302463049160467e-03 -9.992824782705707065e-01
-3.762765760305358809e-02 -5.110584847563957867e-03 -9.992787605597445166e-01
-3.763894712154029071e-02 -5.758883706369342589e-03 -9.992748095083927584e-01
-3.764621996045254548e-02 -5.967533063233368754e-03 -9.992733112976772691e-01
-3.764908960539901928e-02 -5.736542410337629183e-03 -9.992745559319797799e-01
-3.764716954824281342e-02 -5.065917888631041657e-03 -9.992782530911734629e-01
-3.764256401047252204e-02 -4.197463372605176116e-03 -9.992824519003367101e-01
-3.763719491378712811e-02 -3.329017264096405422e-03 -9.992859246497334258e-01
-3.763106226509493890e-02 -2.460580865616643440e-03 -9.992886713530781950e-01
-3.762416607411415287e-02 -1.592155479625751487e-03 -9.992906920251746206e-01
-3.761650635337263071e-02 -7.237424085251942339e-04 -9.992919866819152119e-01
-3.760808311820776351e-02 1.446570453483035298e-04 -9.992925553402813854e-01
-3.760138713148535733e-02 7.712384094858793860e-04 -9.992925201746986064e-01
-3.759872686932785174e-02 9.581672250113912499e-04 -9.992924585192120013e-01
-3.759799813035089727e-02 9.472542082957446062e-04 -9.992924963423128748e-01
-3.759727899364175702e-02 9.363406506915113300e-04 -9.992925336849346474e-01
-3.759407871405018309e-02 1.167229751473136852e-03 -9.992924110691250306e-01
-3.758608883722535515e-02 1.837754752045262473e-03 -9.992917034496920925e-01
-3.757790433611556818e-02 2.464300773984523605e-03 -9.992906625839134138e-01
-3.757375561416763377e-02 2.651193135294546005e-03 -9.992903402235014942e-01
-3.757402921368629273e-02 2.398439736241801071e-03 -9.992909685449357093e-01
-3.757911166275746534e-02 1.706047931851216448e-03 -9.992921993926937585e-01
-3.758440798363064939e-02 1.057631882973275508e-03 -9.992928968482239771e-01
-3.758568778234064323e-02 8.488674783953853746e-04 -9.992930478582985332e-01
-3.758505526783909034e-02 8.379439946799384148e-04 -9.992930808678556209e-01
-3.758443236393886611e-02 8.270200548324698701e-04 -9.992931133965171631e-01
-3.758381907095387220e-02 8.160956673128303990e-04 -9.992931454442680606e-01
-3.758321538919051630e-02 8.051708405810698282e-04 -9.992931770110925482e-01
-3.758262131894779534e-02 7.942455830974316225e-04 -9.992932080969759712e-01
-3.758203686051722614e-02 7.833199033223461633e-04 -9.992932387019034524e-01
-3.758146201418285232e-02 7.723938097164235930e-04 -9.992932688258613361e-01
-3.758089678022129287e-02 7.614673107404475259e-04 -9.992932984688354114e-01
-3.758034115890169363e-02 7.505404148553688690e-04 -9.992933276308124668e-01
-3.757979515048575497e-02 7.396131305222985574e-04 -9.992933563117795126e-01
-3.758174950364199379e-02 4.868820920685736900e-04 -9.992934379100418818e-01
-3.758851267175982586e-02 -2.054860931001609397e-04 -9.992932810194349313e-01
-3.760047116830231989e-02 -1.337482051642978169e-03 -9.992919571925313882e-01
-3.761801148469724743e-02 -2.909093049494969503e-03 -9.992879576926579910e-01
-3.763653860423721992e-02 -4.436700152912998255e-03 -9.992816453100906715e-01
-3.765182210489370629e-02 -5.524632686884742468e-03 -9.992756470193062679e-01
-3.766347543239088186e-02 -6.172904282078424745e-03 -9.992714135164053602e-01
-3.767111205837430504e-02 -6.381527517288904973e-03 -9.992698151264394202e-01
-3.767434547287375202e-02 -6.150512010899880297e-03 -9.992711418304799365e-01
-3.767278917220145962e-02 -5.479863789338287189e-03 -9.992751032867945860e-01
-3.767103810477234055e-02 -4.853185090223449683e-03 -9.992784093947922885e-01
-3.767332261859861892e-02 -4.666146319360688424e-03 -9.992792141545817630e-01
-3.768002922933112731e-02 -4.918741171632939543e-03 -9.992777498686541415e-01
-3.769154443708639529e-02 -5.610959636630399872e-03 -9.992736685262452179e-01
-3.770576399447344434e-02 -6.500990926093883765e-03 -9.992677381355652422e-01
-3.772076594569279823e-02 -7.390995588697202995e-03 -9.992609854290692706e-01
-3.773655024429578564e-02 -8.280972204529177608e-03 -9.992534104395159877e-01
-3.775311684065496554e-02 -9.170919353831031781e-03 -9.992450132009755848e-01
-3.777046568196459203e-02 -1.006083561700373344e-02 -9.992357937488287600e-01
-3.778859671224113481e-02 -1.095071957461535121e-02 -9.992257521197672743e-01
-3.780750987232377180e-02 -1.184056980740840620e-02 -9.992148883517933955e-01
-3.782720509987495122e-02 -1.273038489630720638e-02 -9.992032024842197879e-01
-3.784768232938098137e-02 -1.362016342242519835e-02 -9.991906945576692900e-01
-3.786894149215254413e-02 -1.450990396707230699e-02 -9.991773646140746923e-01
-3.788849185662190866e-02 -1.515783420149659569e-02 -9.991670041825578830e-01
-3.790402512045246142e-02 -1.536615437076875416e-02 -9.991632330002535589e-01
-3.791515492605496834e-02 -1.513487682917420696e-02 -9.991663407712932932e-01
-3.792149492276237349e-02 -1.446400511821864868e-02 -9.991760369318112289e-01
-3.792764005208513339e-02 -1.383708785348675835e-02 -9.991846821883387797e-01
-3.793782046971014982e-02 -1.364975902322819110e-02 -9.991868723400108010e-01
-3.795242254095498868e-02 -1.390201428543292282e-02 -9.991828399357535195e-01
-3.797183261398820453e-02 -1.459384037304907455e-02 -9.991722372799889396e-01
-3.799394635027274203e-02 -1.548344564562014435e-02 -9.991580069997281210e-01
-3.801684178171194084e-02 -1.637300996787709531e-02 -9.991429548795973670e-01
-3.804051882979922472e-02 -1.726253192200950456e-02 -9.991270809655790064e-01
-3.806497741285565922e-02 -1.815201009043345901e-02 -9.991103853049636552e-01
-3.809021744603067333e-02 -1.904144305579883942e-02 -9.990928679463506601e-01
-3.811623884130275336e-02 -1.993082940099668091e-02 -9.990745289396473217e-01
-3.814055092194698626e-02 -2.057842323143123375e-02 -9.990604720799814986e-01
-3.816084554453454819e-02 -2.078644928288018653e-02 -9.990553905532633117e-01
-3.817922708477267807e-02 -2.079666582063438920e-02 -9.990544756468244803e-01
-3.819761742079492289e-02 -2.080686609649623139e-02 -9.990535602992537401e-01
-3.821601653820106553e-02 -2.081705010290825844e-02 -9.990526445112702936e-01
-3.823442442258445650e-02 -2.082721783232580406e-02 -9.990517282835941204e-01
-3.825284105953191682e-02 -2.083736927721696608e-02 -9.990508116169453112e-01
-3.827126643462386985e-02 -2.084750443006264803e-02 -9.990498945120444008e-01
-3.828970053343429270e-02 -2.085762328335653490e-02 -9.990489769696119238e-01
-3.830814334153073014e-02 -2.086772582960513128e-02 -9.990480589903689701e-01
-3.832410429567185278e-02 -2.063606958557072726e-02 -9.990522587242333108e-01
-3.833527533717202840e-02 -1.996486476768399160e-02 -9.990654687454820770e-01
-3.834127024410424051e-02 -1.885410202399816562e-02 -9.990868179657540482e-01
-3.834170272268429269e-02 -1.730376256012655309e-02 -9.991148550760250435e-01
-3.834116751926872763e-02 -1.579735272613583610e-02 -9.991398293132467412e-01
-3.834389453169054218e-02 -1.473050021601435972e-02 -9.991560229090985512e-01
-3.835027004390595406e-02 -1.410322175364073921e-02 -9.991648292067356607e-01
-3.836068038880318526e-02 -1.391552266381306836e-02 -9.991670613211282026e-01
-3.837302134116384739e-02 -1.392562776205505913e-02 -9.991664466567026226e-01
-3.838537105691488399e-02 -1.393572191143629783e-02 -9.991658315533153978e-01
-3.839772952633382919e-02 -1.394580510436191877e-02 -9.991652160114521397e-01
-3.841009673969165983e-02 -1.395587733324570381e-02 -9.991646000315989040e-01
-3.842247268725278164e-02 -1.396593859051009981e-02 -9.991639836142421904e-01
-3.843485735927505698e-02 -1.397598886858620638e-02 -9.991633667598687207e-01
-3.844476018759809821e-02 -1.374425729368942278e-02 -9.991662002918040297e-01
-3.844987298304623768e-02 -1.307293281772973353e-02 -9.991750125454145204e-01
-3.844980935896123025e-02 -1.196201199562062223e-02 -9.991889322992297817e-01
-3.844418288444537146e-02 -1.041148594132125169e-02 -9.992065080666957533e-01
-3.843260706999172827e-02 -8.421343528141654947e-03 -9.992257080795026170e-01
-3.841469536651400535e-02 -5.991575865646140558e-03 -9.992439202709931800e-01
-3.839504236726627717e-02 -3.605770500266423668e-03 -9.992561329012267235e-01
-3.837787814231690547e-02 -1.659607000993779070e-03 -9.992619197056870073e-01
-3.836358921623533175e-02 -1.530956278413643035e-04 -9.992638348225035827e-01
-3.835256213836377853e-02 9.137630952003931951e-04 -9.992638520503120958e-01
-3.834518345773837295e-02 1.540974030481756735e-03 -9.992633648366325838e-01
-3.834183971118258066e-02 1.728544354051543335e-03 -9.992631862837624279e-01
-3.834042681618555354e-02 1.718277963619584993e-03 -9.992632582019572718e-01
-3.833902296082389305e-02 1.708010424498858631e-03 -9.992633296678100630e-01
-3.833762814602662689e-02 1.697741744652558156e-03 -9.992634006812742831e-01
-3.833624237271579527e-02 1.687471932044624923e-03 -9.992634712423038579e-01
-3.833486564180640932e-02 1.677200994639742966e-03 -9.992635413508530462e-01
-3.833349795420643025e-02 1.666928940403329673e-03 -9.992636110068764399e-01
-3.833213931081682485e-02 1.656655777301531884e-03 -9.992636802103291860e-01
-3.833078971253150308e-02 1.646381513301218950e-03 -9.992637489611668755e-01
-3.832695855379514294e-02 1.877902435074046538e-03 -9.992634876400017241e-01
-3.831833751060155502e-02 2.549045930729688415e-03 -9.992623316103066422e-01
-3.830454008355329426e-02 3.659802053338319632e-03 -9.992594097920306506e-01
-3.828517979168601093e-02 5.210157224180231653e-03 -9.992532708327840352e-01
-3.826485141669078854e-02 6.716507293332087819e-03 -9.992450598706190679e-01
-3.824778518853147458e-02 7.783195076287213222e-03 -9.992379740595211945e-01
-3.823436765606957194e-02 8.410234915721475149e-03 -9.992334067066628300e-01
-3.822498532911724339e-02 8.597639476586016113e-03 -9.992321707651428131e-01
-3.822002468924853152e-02 8.345417950856569636e-03 -9.992344988599917155e-01
-3.821987220479889508e-02 7.653575539248074280e-03 -9.992400433079700051e-01
-3.822491434556300055e-02 6.522114209779738582e-03 -9.992478761295963130e-01
-3.823553759270090918e-02 4.951034733085117774e-03 -9.992564890557725787e-01
-3.824963781968191562e-02 3.182136343202454642e-03 -9.992631481321407882e-01
-3.826529319507111088e-02 1.413258837971828131e-03 -9.992666160920979923e-01
-3.828250370149008375e-02 -3.555907653631783542e-04 -9.992668930098471680e-01
-3.830126930049043699e-02 -2.124405450071629488e-03 -9.992639789722510546e-01
-3.831909932545471409e-02 -3.651383699320275532e-03 -9.992588823843233659e-01
-3.833368539925822299e-02 -4.738699290039566012e-03 -9.992537582079689118e-01
-3.834464098601969573e-02 -5.386364720596701489e-03 -9.992500565838116078e-01
-3.835157957245791116e-02 -5.594391884113290164e-03 -9.992486472964300370e-01
-3.835411466193901220e-02 -5.362790161228120356e-03 -9.992498197999269971e-01
-3.835185976396433827e-02 -4.691565789817529926e-03 -9.992532832385822017e-01
-3.834940958620806917e-02 -4.064310921388632723e-03 -9.992561254058565101e-01
-3.835099426377226034e-02 -3.876687070609325433e-03 -9.992568101025570693e-01
-3.835700029892682994e-02 -4.128687766341192569e-03 -9.992555701447940475e-01
-3.836781417847693471e-02 -4.820303282869222578e-03 -9.992520580471315750e-01
-3.838382236297955413e-02 -5.951519882031659249e-03 -9.992453460446548696e-01
-3.840541127117160641e-02 -7.522317778731859965e-03 -9.992339261255739347e-01
