4.504072187429209690e-09 -4.399538973879016171e-07 9.999999999999031886e-01
3.432521178901059057e-07 -2.903596642470367313e-05 9.999999995783974693e-01
1.362311424089359228e-06 -1.016220322814076195e-04 9.999999948355534629e-01
3.270651090240471924e-06 -2.181923311924953857e-04 9.999999761907045759e-01
6.277200232613568441e-06 -3.787400471899344916e-04 9.999999282582842097e-01
1.059084318220135714e-05 -5.832573654783069095e-04 9.999998298493253390e-01
1.642041460829471325e-05 -8.317354680489486701e-04 9.999996539731806910e-01
2.397469454363278569e-05 -1.124164528044575926e-03 9.999993678394639707e-01
3.346240328706846627e-05 -1.460533702876776500e-03 9.999989328602155725e-01
4.509219615972954033e-05 -1.840831126099127472e-03 9.999983046522922248e-01
5.907265809070015198e-05 -2.265043898039080603e-03 9.999974330399855615e-01
7.561229800829725924e-05 -2.733158075192147502e-03 9.999962620578717321e-01
9.491954301307152335e-05 -3.245158658382292418e-03 9.999947299538940459e-01
1.172027323087229596e-04 -3.801029579692848451e-03 9.999927691926842055e-01
1.426701108671873800e-04 -4.400753688172617285e-03 9.999903064591247892e-01
1.715298228042211770e-04 -5.044312734322247554e-03 9.999872626621585381e-01
2.039899044418892629e-04 -5.731687353366341463e-03 9.999835529388475530e-01
2.402582770344451643e-04 -6.462857047317136991e-03 9.999790866586886207e-01
2.805427391341793158e-04 -7.237800165836010685e-03 9.999737674281909960e-01
3.250509585739090644e-04 -8.056493885899417701e-03 9.999674930957204166e-01
3.739904640428840226e-04 -8.918914190276291259e-03 9.999601557566171195e-01
4.275686362329887886e-04 -9.825035844824320935e-03 9.999516417585943007e-01
4.859926985322399499e-04 -1.077483237461290995e-02 9.999418317074223461e-01
5.494697072426959605e-04 -1.176827603888097769e-02 9.999306004729090480e-01
6.182065413000248193e-04 -1.280533780483825504e-02 9.999178171951808025e-01
6.924098914721137435e-04 -1.388598732031902719e-02 9.999033452912742259e-01
7.722862490142460299e-04 -1.501019288529769832e-02 9.998870424620446284e-01
8.580418937585179663e-04 -1.617792142227599678e-02 9.998687606994042243e-01
9.498828816153356228e-04 -1.738913844555196528e-02 9.998483462938926314e-01
1.048015031464986663e-03 -1.864380802938135975e-02 9.998256398425957592e-01
1.152643911417468693e-03 -1.994189277504241145e-02 9.998004762574185245e-01
1.263974824418931083e-03 -2.128335377681533566e-02 9.997726847737203881e-01
1.382212793183279758e-03 -2.266815058688841436e-02 9.997420889593292559e-01
1.507562544427706744e-03 -2.409624117920278891e-02 9.997085067239387390e-01
1.640228492391095430e-03 -2.556758191224863322e-02 9.996717503289028750e-01
1.780414721614503306e-03 -2.708212749082560683e-02 9.996316263974388550e-01
1.928324968963119083e-03 -2.863983092678112907e-02 9.995879359252484164e-01
2.084162604869364312e-03 -3.024064349874017524e-02 9.995404742915703356e-01
2.248130613777040137e-03 -3.188451471084085415e-02 9.994890312706770086e-01
2.420431573766681534e-03 -3.357139225049043940e-02 9.994333910438250035e-01
2.601267635342575414e-03 -3.530122194515679379e-02 9.993733322116749029e-01
2.790840499362151617e-03 -3.707394771821075768e-02 9.993086278071922068e-01
2.989351394088778872e-03 -3.888951154383517295e-02 9.992390453090408409e-01
3.197001051349289934e-03 -4.074785340101697712e-02 9.991643466554867015e-01
3.413989681777880765e-03 -4.264891122663892753e-02 9.990842882588203411e-01
3.640516949128377346e-03 -4.459262086768800426e-02 9.989986210203157802e-01
3.876781943637183734e-03 -4.657891603259799174e-02 9.989070903457379913e-01
4.122983154419601441e-03 -4.860772824174412060e-02 9.988094361614151540e-01
4.379318440882584013e-03 -5.067898677710796357e-02 9.987053929308873368e-01
4.645985003137351535e-03 -5.279261863113137582e-02 9.985946896721500377e-01
4.923179351395736911e-03 -5.494854845477838839e-02 9.984770499755043494e-01
5.211097274334483553e-03 -5.714669850482462926e-02 9.983521920220311818e-01
5.509933806412225035e-03 -5.938698859039397843e-02 9.982198286027041956e-01
5.819883194124228498e-03 -6.166933601876291998e-02 9.980796671381549912e-01
6.141138861180530512e-03 -6.399365554045299831e-02 9.979314096991115379e-01
6.473893372593505190e-03 -6.635985929363234781e-02 9.977747530275197230e-01
6.818338397661433473e-03 -6.876785674784789693e-02 9.976093885583680043e-01
7.174664671835114318e-03 -7.121755464710985417e-02 9.974350024422298233e-01
7.543061957455134484e-03 -7.370885695235047941e-02 9.972512755685409847e-01
7.923719003347871534e-03 -7.624166478327980279e-02 9.970578835896281022e-01
8.316823503268960457e-03 -7.881587635966108563e-02 9.968544969455034321e-01
8.722562053183439967e-03 -8.143138694202903261e-02 9.966407808894457432e-01
9.141120107372445111e-03 -8.408808877187456954e-02 9.964163955143823248e-01
9.572681933356877448e-03 -8.678587101131977899e-02 9.961809957800880078e-01
1.001743056562915020e-02 -8.952461968230729372e-02 9.959342315412196278e-01
1.047554775818471638e-02 -9.230421760532882269e-02 9.956757475762036957e-01
1.094721393584580094e-02 -9.512454433771726225e-02 9.954051836169944822e-01
1.143260814437032508e-02 -9.798547611152776116e-02 9.951221743797150632e-01
1.193190799933989237e-02 -1.008868857710333994e-01 9.948263495962073044e-01
1.244528963382123508e-02 -1.038286427098606274e-01 9.945173340464992240e-01
1.297292764479638164e-02 -1.068106128077908334e-01 9.941947475922133792e-01
1.351499503835754123e-02 -1.098326583672543377e-01 9.938582052109309339e-01
1.407166317366341166e-02 -1.128946380495430835e-01 9.935073170315291691e-01
1.464310170565449182e-02 -1.159964068107688928e-01 9.931416883705095344e-01
1.522947852652575471e-02 -1.191378158375942936e-01 9.927609197693347820e-01
1.583095970595588958e-02 -1.223187124827629785e-01 9.923646070327910573e-01
1.644770943009313605e-02 -1.255389402004574440e-01 9.919523412683936003e-01
1.707988993929862587e-02 -1.287983384815113430e-01 9.915237089268527093e-01
1.772766146464915815e-02 -1.320967427885040013e-01 9.910782918436169542e-01
1.839118216320191276e-02 -1.354339844907657409e-01 9.906156672815114028e-01
1.907060805202498779e-02 -1.388098907993211562e-01 9.901354079744879577e-01
1.976609294099823319e-02 -1.422242847017992362e-01 9.896370821725044564e-01
2.047778836439001493e-02 -1.456769848973382686e-01 9.891202536875496332e-01
2.120584351121644964e-02 -1.491678057315136696e-01 9.885844819408312611e-01
2.195040515439067655e-02 -1.526965571313181613e-01 9.880293220111429076e-01
2.271161757867085768e-02 -1.562630445402216073e-01 9.874543246844278421e-01
2.348962250741639876e-02 -1.598670688533395667e-01 9.868590365045551982e-01
2.428455902816324327e-02 -1.635084263527394610e-01 9.862429998253254837e-01
2.509656351703003913e-02 -1.671869086429122742e-01 9.856057528637200971e-01
2.592576956196796303e-02 -1.709023025864387368e-01 9.849468297544144990e-01
2.677230788486832658e-02 -1.746543902398783599e-01 9.842657606055655872e-01
2.763630626254313244e-02 -1.784429487899097111e-01 9.835620715558948124e-01
2.851788944659483516e-02 -1.822677504897498857e-01 9.828352848330774716e-01
2.941717908219283750e-02 -1.861285625958824519e-01 9.820849188134574970e-01
3.033429362577539506e-02 -1.900251473051204898e-01 9.813104880830995080e-01
3.126934826169686099e-02 -1.939572616920338666e-01 9.805115035001961132e-01
3.222245481784129228e-02 -1.979246576467676988e-01 9.796874722588424511e-01
3.319372168022483027e-02 -2.019270818132795631e-01 9.788378979541950686e-01
3.418325370661053769e-02 -2.059642755280236548e-01 9.779622806490261278e-01
3.519115213916034629e-02 -2.100359747591071802e-01 9.770601169416900378e-01
3.621751451615048273e-02 -2.141419100459473757e-01 9.761309000355151699e-01
3.726243458277780224e-02 -2.182818064394547730e-01 9.751741198096326446e-01
3.832600220108566685e-02 -2.224553834427684673e-01 9.741892628912577345e-01
3.940830325903958709e-02 -2.266623549525701165e-01 9.731758127294356520e-01
4.050941957878396310e-02 -2.309024292010008195e-01 9.721332496702629333e-01
4.162942882411282963e-02 -2.351753086982064644e-01 9.710610510336000756e-01
4.276840440718854969e-02 -2.394806901755360262e-01 9.699586911912850828e-01
4.392641539454409522e-02 -2.438182645294159623e-01 9.688256416468591370e-01
4.510352641240576027e-02 -2.481877167659254368e-01 9.676613711168183807e-01
4.629979755137454689e-02 -2.525887259460941614e-01 9.664653456134003617e-01
4.751528427050590031e-02 -2.570209651319453892e-01 9.652370285289179064e-01
4.875003730082878850e-02 -2.614841013333067399e-01 9.639758807216491920e-01
5.000410254834677243e-02 -2.659777954554087276e-01 9.626813606032960102e-01
5.127752099656467805e-02 -2.705017022472924748e-01 9.613529242280183240e-01
5.257032860858647932e-02 -2.750554702510454308e-01 9.599900253830553343e-01
5.388255622883082047e-02 -2.796387417518856888e-01 9.585921156809432686e-01
5.521422948441257611e-02 -2.842511527291115558e-01 9.571586446533363324e-01
5.656536868623986136e-02 -2.888923328079359143e-01 9.556890598464421460e-01
5.793598872987757581e-02 -2.935619052122196426e-01 9.541828069180775529e-01
5.932609899622998118e-02 -2.982594867181235787e-01 9.526393297363535684e-01
6.073570325209599885e-02 -3.029846876086908503e-01 9.510580704799971308e-01
6.216479955065279395e-02 -3.077371116293761699e-01 9.494384697403165374e-01
6.361338013192410767e-02 -3.125163559445341965e-01 9.477799666248165611e-01
6.508143132329174962e-02 -3.173220110948810069e-01 9.460819988624715737e-01
6.656893344010950120e-02 -3.221536609559381703e-01 9.443440029106607847e-01
6.807586068648080468e-02 -3.270108826974724714e-01 9.425654140637731437e-01
6.960218105626245211e-02 -3.318932467439386080e-01 9.407456665634851278e-01
7.114785623435776474e-02 -3.368003167359353012e-01 9.388841937107186286e-01
7.271284149836516886e-02 -3.417316494926819770e-01 9.369804279792837143e-01
7.429708562064793465e-02 -3.466867949755215728e-01 9.350338011312084863e-01
7.590053077089374545e-02 -3.516652962524567383e-01 9.330437443337616932e-01
7.752311241923282026e-02 -3.566666894637222085e-01 9.310096882781733196e-01
7.916475923998568531e-02 -3.616905037883978991e-01 9.289310633000532613e-01
8.082539301611223193e-02 -3.667362614120643349e-01 9.268072995015147475e-01
8.250492854443568225e-02 -3.718034774955014665e-01 9.246378268750026219e-01
8.420327354171595891e-02 -3.768916601444314840e-01 9.224220754288303681e-01
8.592032855164830063e-02 -3.820003103803033540e-01 9.201594753144295424e-01
8.765598685286446479e-02 -3.871289221121175239e-01 9.178494569553102833e-01
8.941013436801466263e-02 -3.922769821092872422e-01 9.154914511777382247e-01
9.118264957401049642e-02 -3.974439699755313860e-01 9.130848893431264823e-01
9.297340341350893156e-02 -4.026293581237933017e-01 9.106292034821464876e-01
9.478225920772019586e-02 -4.078326117521779426e-01 9.081238264305564467e-01
9.660907257062235909e-02 -4.130531888208996971e-01 9.055681919667498692e-01
9.845369132466719186e-02 -4.182905400302314725e-01 9.029617349510233870e-01
1.003159554180625412e-01 -4.235441087994437637e-01 9.003038914665670855e-01
1.021956968437185004e-01 -4.288133312467223845e-01 8.975940989621721267e-01
1.040927395599440947e-01 -4.340976361700518704e-01 8.948317963966617716e-01
1.060068994129840236e-01 -4.393964450290500645e-01 8.920164243850426944e-01
1.079379840614847763e-01 -4.447091719277389554e-01 8.891474253463739208e-01
1.098857929029809499e-01 -4.500352235982354454e-01 8.862242436533586121e-01
1.118501170024934349e-01 -4.553739993853438417e-01 8.832463257836533632e-01
1.138307390233320449e-01 -4.607248912320314749e-01 8.802131204728960157e-01
1.158274331601960999e-01 -4.660872836657693474e-01 8.771240788694510959e-01
1.178399650746673050e-01 -4.714605537857144979e-01 8.739786546908719922e-01
1.198680918331900130e-01 -4.768440712507137635e-01 8.707763043820796467e-01
1.219115618476350749e-01 -4.822371982681060709e-01 8.675164872752539891e-01
1.239701148185435170e-01 -4.876392895832993846e-01 8.641986657514406645e-01
1.260434816811481507e-01 -4.930496924700974448e-01 8.608223054038705024e-01
1.281313845542703389e-01 -4.984677467217500380e-01 8.573868752029883966e-01
1.302335366921918980e-01 -5.038927846427021517e-01 8.538918476631949250e-01
1.323496424396000404e-01 -5.093241310410128175e-01 8.503366990112948276e-01
1.344793971897065565e-01 -5.147611032214168825e-01 8.467209093566551159e-01
1.366224873456408917e-01 -5.202030109790010126e-01 8.430439628630702620e-01
1.387785902852185782e-01 -5.256491565934628962e-01 8.393053479223319124e-01
1.409473743291861925e-01 -5.310988348239265022e-01 8.355045573295061256e-01
1.431284987130442277e-01 -5.365513329042803647e-01 8.316410884599128028e-01
1.453216135625510219e-01 -5.420059305390090287e-01 8.277144434478099777e-01
1.475263598730094383e-01 -5.474618998994867924e-01 8.237241293667814102e-01
1.497423694924391313e-01 -5.529185056207009952e-01 8.196696584118258189e-01
1.519692651087376500e-01 -5.583750047983736531e-01 8.155505480831489740e-01
1.542066602409337683e-01 -5.638306469864491355e-01 8.113663213716586498e-01
1.564541592346354315e-01 -5.692846741949153522e-01 8.071165069461598840e-01
1.587113572617769308e-01 -5.747363208879274765e-01 8.028006393422542075e-01
1.609778403247677792e-01 -5.801848139821996764e-01 7.984182591529407347e-01
1.632531852651473991e-01 -5.856293728456357650e-01 7.939689132209203359e-01
1.655369597768489298e-01 -5.910692092961646882e-01 7.894521548326046689e-01
1.678287224241751807e-01 -5.965035276007519816e-01 7.848675439138288468e-01
1.701280226645900950e-01 -6.019315244745535587e-01 7.802146472272709632e-01
1.724344008764287506e-01 -6.073523890801831859e-01 7.754930385715780305e-01
1.747473883916290105e-01 -6.127653030270646672e-01 7.707022989822028824e-01
1.770665075335862149e-01 -6.181694403708385410e-01 7.658420169339501538e-01
1.793912716602342750e-01 -6.235639676127963105e-01 7.609117885452356678e-01
1.817211852124538674e-01 -6.289480436993148960e-01 7.559112177840620062e-01
1.840557437679097019e-01 -6.343208200212667736e-01 7.508399166757099286e-01
1.863944341004170613e-01 -6.396814404133797094e-01 7.456975055121524143e-01
1.887367342449379481e-01 -6.450290411535248847e-01 7.404836130631908819e-01
1.910821135683067329e-01 -6.503627509619110958e-01 7.351978767893183608e-01
1.934300328457833340e-01 -6.556816910001651566e-01 7.298399430563122792e-01
1.957799443435328524e-01 -6.609849748702827377e-01 7.244094673515615312e-01
1.981312919071285816e-01 -6.662717086134301026e-01 7.189061145021310439e-01
2.004835110561748734e-01 -6.715409907085867491e-01 7.133295588945666177e-01
2.028360290851453085e-01 -6.767919120710161884e-01 7.076794846964457042e-01
2.051882651705308480e-01 -6.820235560505546468e-01 7.019555860796770075e-01
2.075396304843911965e-01 -6.872349984297131398e-01 6.961575674455556806e-01
2.098895283144020518e-01 -6.924253074215888093e-01 6.902851436515747841e-01
2.122373541904888361e-01 -6.975935436675830825e-01 6.843380402399998896e-01
2.145824960181371976e-01 -7.027387602349335349e-01 6.783159936682117142e-01
2.169243342184688228e-01 -7.078600026140584589e-01 6.722187515408194480e-01
2.192622418751689062e-01 -7.129563087157287926e-01 6.660460728435506628e-01
2.215955848883520429e-01 -7.180267088680775123e-01 6.597977281789209059e-01
2.239237221354494489e-01 -7.230702258134631411e-01 6.534735000036896446e-01
2.262460056392001928e-01 -7.280858747052083579e-01 6.470731828681028919e-01
2.285617807428275694e-01 -7.330726631042356889e-01 6.405965836569301741e-01
2.308703862924783301e-01 -7.380295909756322548e-01 6.340435218322965083e-01
2.331711548270021528e-01 -7.429556506851742181e-01 6.274138296783157154e-01
2.354634127751465134e-01 -7.478498269958497868e-01 6.207073525475248488e-01
2.377464806602381242e-01 -7.527110970644227406e-01 6.139239491091245116e-01
2.400196733124231874e-01 -7.575384304380837763e-01 6.070634915990262837e-01
2.422823000885330758e-01 -7.623307890512426299e-01 6.001258660717090354e-01
2.445336650996416394e-01 -7.670871272225201487e-01 5.931109726538842386e-01
2.467730674463769758e-01 -7.718063916520009338e-01 5.860187257999724952e-01
2.489998014620481703e-01 -7.764875214188186048e-01 5.788490545493869543e-01
2.512131569636442130e-01 -7.811294479791481837e-01 5.716019027856269474e-01
2.534124195107601007e-01 -7.857310951646837571e-01 5.642772294971754032e-01
2.555968706725005313e-01 -7.902913791816938982e-01 5.568750090401974884e-01
2.577657883024115915e-01 -7.948092086107440002e-01 5.493952314030381423e-01
2.599184468214825183e-01 -7.992834844071897704e-01 5.418379024725094029e-01
2.620541175092617747e-01 -8.037130999025434708e-01 5.342030443019628594e-01
2.641720688031223840e-01 -8.080969408068341409e-01 5.264906953811365753e-01
2.662715666057130504e-01 -8.124338852120763788e-01 5.187009109077685975e-01
2.683518746006230971e-01 -8.167228035969781308e-01 5.108337630609612878e-01
2.704122545762871477e-01 -8.209625588330254908e-01 5.028893412762885928e-01
2.724519667581525306e-01 -8.251520061920830651e-01 4.948677525226252150e-01
2.744702701491238406e-01 -8.292899933556644454e-01 4.867691215806816962e-01
2.764664228782982569e-01 -8.333753604260283332e-01 4.785935913232277628e-01
2.784396825579982249e-01 -8.374069399392701785e-01 4.703413229969783393e-01
2.803893066491043862e-01 -8.413835568805799747e-01 4.620124965061199740e-01
2.823145528346831523e-01 -8.453040287018511734e-01 4.536073106974488622e-01
2.842146794019027589e-01 -8.491671653418318977e-01 4.451259836470914943e-01
2.860889456322202595e-01 -8.529717692490154102e-01 4.365687529487742857e-01
2.879366121998210848e-01 -8.567166354074812196e-01 4.279358760036062748e-01
2.897569415782817459e-01 -8.604005513658983251e-01 4.192276303113353642e-01
2.915491984554231530e-01 -8.640222972699201920e-01 4.104443137630360838e-01
2.933126501563135258e-01 -8.675806458982017189e-01 4.015862449351805807e-01
2.950465670743733781e-01 -8.710743627022822233e-01 3.926537633850460951e-01
2.967502231105266786e-01 -8.745022058505849127e-01 3.836472299474005254e-01
2.984228961203362340e-01 -8.778629262767914110e-01 3.745670270324117368e-01
3.000638683690518005e-01 -8.811552677328630123e-01 3.654135589247156646e-01
3.016724269944920933e-01 -8.843779668469827770e-01 3.561872520835770994e-01
3.032478644776724908e-01 -8.875297531867066825e-01 3.468885554440712671e-01
3.047894791210825072e-01 -8.906093493276183715e-01 3.375179407192091530e-01
3.062965755345060104e-01 -8.936154709277897012e-01 3.280759027029254149e-01
3.077684651282693307e-01 -8.965468268083625070e-01 3.185629595738418973e-01
3.092044666137914177e-01 -8.994021190405693256e-01 3.089796531997125451e-01
3.106039065113003206e-01 -9.021800430395220394e-01 2.993265494424540707e-01
3.119661196645692192e-01 -9.048792876651108319e-01 2.896042384636554612e-01
3.132904497625142448e-01 -9.074985353303524072e-01 2.798133350304582989e-01
3.145762498674857244e-01 -9.100364621175460744e-01 2.699544788216898805e-01
3.158228829500712709e-01 -9.124917379025984099e-01 2.600283347341252327e-01
3.170297224302180417e-01 -9.148630264878834240e-01 2.500355931887498495e-01
3.181961527244684396e-01 -9.171489857440184856e-01 2.399769704368852619e-01
3.193215697990909319e-01 -9.193482677609358111e-01 2.298532088660324990e-01
3.204053817288732287e-01 -9.214595190086432019e-01 2.196650773052829242e-01
3.214470092613333496e-01 -9.234813805080703819e-01 2.094133713301367938e-01
3.224458863860870661e-01 -9.254124880124029451e-01 1.990989135665625631e-01
3.234014609090984371e-01 -9.272514721993152520e-01 1.887225539941216057e-01
3.243131950315229495e-01 -9.289969588745146112e-01 1.782851702479756051e-01
3.251805659328387832e-01 -9.306475691870188527e-01 1.677876679195842435e-01
3.260030663579454036e-01 -9.322019198565896225e-01 1.572309808558931821e-01
3.267802052078914721e-01 -9.336586234137521645e-01 1.466160714568033041e-01
3.275115081338794698e-01 -9.350162884528299134e-01 1.359439309707023147e-01
3.281965181341757742e-01 -9.362735198984331042e-01 1.252155797878319321e-01
3.288347961535384445e-01 -9.374289192858367148e-01 1.144320677312537088e-01
3.294259216847549854e-01 -9.384810850556870587e-01 1.035944743451670119e-01
3.299694933718684831e-01 -9.394286128634788957e-01 9.270390918032288263e-02
3.304651296146474126e-01 -9.402700959042448181e-01 8.176151207626856932e-02
3.309124691738377089e-01 -9.410041252528945632e-01 7.076845344014585926e-02
3.313111717767167619e-01 -9.416292902206488957e-01 5.972593452175788131e-02
3.316609187224484057e-01 -9.421441787280044888e-01 4.863518768460749209e-02
3.319614134867183708e-01 -9.425473776946647897e-01 3.749747667260073386e-02
3.322123823251090791e-01 -9.428374734468727425e-01 2.631409687209794457e-02
3.324135748746545604e-01 -9.430130521425696966e-01 1.508637556898476985e-02
3.325647647529907935e-01 -9.430727002148072691e-01 3.815672200424404491e-03
3.326657501545014495e-01 -9.430150048338269420e-01 -7.496621399058095783e-03
3.327163544428334840e-01 -9.428385543882195075e-01 -1.884908075751954085e-02
3.327164267391378716e-01 -9.425419389855641539e-01 -3.024024853194125229e-02
3.326658425053695689e-01 -9.421237509729388782e-01 -4.166863428135224312e-02
3.325645041219570941e-01 -9.415825854776895820e-01 -5.313271424712557450e-02
3.324123414591340642e-01 -9.409170409688215608e-01 -6.463093114085104174e-02
3.322093124411994447e-01 -9.401257198393763170e-01 -7.616169394019839389e-02
3.319554036029551680e-01 -9.392072290101349807e-01 -8.772337769319586698e-02
3.316506306375455737e-01 -9.381601805549800721e-01 -9.931432333135919999e-02
3.312950389349034186e-01 -9.369831923482236924e-01 -1.109328374921174365e-01
3.308887041099857762e-01 -9.356748887342025700e-01 -1.225771923509913069e-01
3.304317325199607747e-01 -9.342339012194103010e-01 -1.342456254639909641e-01
3.299242617694871926e-01 -9.326588691874257986e-01 -1.459363396207096486e-01
3.293664612032065064e-01 -9.309484406368695453e-01 -1.576475027085992298e-01
3.287585323845493290e-01 -9.291012729425990324e-01 -1.693772475889240015e-01
3.281007095599361434e-01 -9.271160336403280189e-01 -1.811236719848977605e-01
3.273932601074349136e-01 -9.249914012348304793e-01 -1.928848383825189639e-01
3.266364849689185057e-01 -9.227260660318599150e-01 -2.046587739446258936e-01
3.258307190647477536e-01 -9.203187309938872795e-01 -2.164434704387045438e-01
3.249763316899888510e-01 -9.177681126197322348e-01 -2.282368841789879643e-01
3.240737268911559332e-01 -9.150729418481241551e-01 -2.400369359833938732e-01
3.231233438224577759e-01 -9.122319649852034251e-01 -2.518415111458551237e-01
3.221256570805087760e-01 -9.092439446559341665e-01 -2.636484594246035207e-01
3.210811770164537782e-01 -9.061076607793613347e-01 -2.754555950469736447e-01
3.199904500244445948e-01 -9.028219115676145989e-01 -2.872606967312998361e-01
3.188540588053913605e-01 -8.993855145485115665e-01 -2.990615077264827115e-01
3.176726226049071400e-01 -8.957973076115824940e-01 -3.108557358698084694e-01
3.164467974243516668e-01 -8.920561500772865582e-01 -3.226410536636046267e-01
3.151772762038758668e-01 -8.881609237891544550e-01 -3.344150983713233272e-01
3.138647889763625520e-01 -8.841105342285402457e-01 -3.461754721336405272e-01
3.125101029911551143e-01 -8.799039116516245151e-01 -3.579197421051654726e-01
3.111140228064659952e-01 -8.755400122482571712e-01 -3.696454406123522163e-01
3.096773903493535984e-01 -8.710178193221836951e-01 -3.813500653332082546e-01
3.082010849421618071e-01 -8.663363444921484691e-01 -3.930310794993898682e-01
3.066860232943189879e-01 -8.614946289133126323e-01 -4.046859121212772470e-01
3.051331594583993612e-01 -8.564917445183756195e-01 -4.163119582366144322e-01
3.035434847493602151e-01 -8.513267952777362479e-01 -4.279065791833006616e-01
3.019180276258767726e-01 -8.459989184779718174e-01 -4.394671028969090454e-01
3.002578535327124487e-01 -8.405072860178599559e-01 -4.509908242335089468e-01
2.985640647030780026e-01 -8.348511057211117636e-01 -4.624750053183560583e-01
2.968377999199497408e-01 -8.290296226649287448e-01 -4.739168759210098947e-01
2.950802342353417429e-01 -8.230421205234359494e-01 -4.853136338574283171e-01
2.932925786465487294e-01 -8.168879229249897955e-01 -4.966624454195768812e-01
2.914760797284043914e-01 -8.105663948222980864e-01 -5.079604458330823080e-01
2.896320192206310318e-01 -8.040769438742306763e-01 -5.192047397434443878e-01
2.877617135693880668e-01 -7.974190218381458362e-01 -5.303924017313074168e-01
2.858665134221637372e-01 -7.905921259714914218e-01 -5.415204768572779992e-01
2.839478030751956816e-01 -7.835958004413877687e-01 -5.525859812367586166e-01
2.820069998726461025e-01 -7.764296377408383965e-01 -5.635859026452496590e-01
2.800455535568056042e-01 -7.690932801101585392e-01 -5.745172011545525148e-01
2.780649455686473592e-01 -7.615864209621547865e-01 -5.853768098002872788e-01
2.760666882981084314e-01 -7.539088063095300551e-01 -5.961616352811168751e-01
2.740523242835285478e-01 -7.460602361929380422e-01 -6.068685586900461892e-01
2.720234253597385021e-01 -7.380405661080552404e-01 -6.174944362781391582e-01
2.699815917543521571e-01 -7.298497084299838678e-01 -6.280361002509764479e-01
2.679284511318829054e-01 -7.214876338332528727e-01 -6.384903595981423763e-01
2.658656575853752813e-01 -7.129543727056302238e-01 -6.488540009560072042e-01
2.637948905753167428e-01 -7.042500165539171686e-01 -6.591237895040392702e-01
2.617178538156685330e-01 -6.953747193998435216e-01 -6.692964698948516977e-01
2.596362741069388469e-01 -6.863286991641491808e-01 -6.793687672181540904e-01
2.575519001162997479e-01 -6.771122390368864430e-01 -6.893373879987498842e-01
2.554665011048413148e-01 -6.677256888319476058e-01 -6.991990212286859352e-01
2.533818656021411542e-01 -6.581694663237852572e-01 -7.089503394336188480e-01
2.512998000284238920e-01 -6.484440585642594623e-01 -7.185879997734353486e-01
2.492221272646785168e-01 -6.385500231775191882e-01 -7.281086451771188184e-01
2.471506851712015340e-01 -6.284879896307994374e-01 -7.375089055118202452e-01
2.450873250551339200e-01 -6.182586604789960250e-01 -7.467853987860486598e-01
2.430339100876646174e-01 -6.078628125808598348e-01 -7.559347323868566004e-01
2.409923136716792813e-01 -5.973012982846408470e-01 -7.649535043508556287e-01
2.389644177607408992e-01 -5.865750465810025682e-01 -7.738383046688536160e-01
2.369521111304001559e-01 -5.756850642210233904e-01 -7.825857166238618934e-01
2.349572876029451807e-01 -5.646324367970988467e-01 -7.911923181621759449e-01
2.329818442268150047e-01 -5.534183297845666205e-01 -7.996546832971925811e-01
2.310276794120155741e-01 -5.420439895418828202e-01 -8.079693835455763473e-01
2.290966910229952080e-01 -5.305107442671930240e-01 -8.161329893953456205e-01
2.271907744305524113e-01 -5.188200049091620247e-01 -8.241420718054035532e-01
2.253118205244681871e-01 -5.069732660299496319e-01 -8.319932037359895061e-01
2.234617136886742073e-01 -4.949721066182501961e-01 -8.396829617094851983e-01
2.216423297408852411e-01 -4.828181908503492159e-01 -8.472079274009589600e-01
2.198555338387452041e-01 -4.705132687971911865e-01 -8.545646892577897225e-01
2.181031783546523717e-01 -4.580591770754989800e-01 -8.617498441476597604e-01
2.163871007215481812e-01 -4.454578394410363407e-01 -8.687599990341675626e-01
2.147091212520697290e-01 -4.327112673221654715e-01 -8.755917726792604716e-01
2.130710409335810629e-01 -4.198215602919100342e-01 -8.822417973716427664e-01
2.114746392017115562e-01 -4.067909064768074345e-01 -8.887067206802723440e-01
2.099216716951411710e-01 -3.936215829009050982e-01 -8.949832072320149656e-01
2.084138679944800565e-01 -3.803159557633369880e-01 -9.010679405124786268e-01
2.069529293481963961e-01 -3.668764806480009910e-01 -9.069576246890139748e-01
2.055405263886498912e-01 -3.533057026639477849e-01 -9.126489864548210651e-01
2.041782968413852206e-01 -3.396062565151886647e-01 -9.181387768930645565e-01
2.028678432309379276e-01 -3.257808664987285607e-01 -9.234237733598623654e-01
2.016107305864938415e-01 -3.118323464297379499e-01 -9.285007813849728286e-01
2.004084841508317338e-01 -2.977635994928854446e-01 -9.333666365889704553e-01
1.992625870960591516e-01 -2.835776180189691353e-01 -9.380182066156680376e-01
1.981744782497292245e-01 -2.692774831861022844e-01 -9.424523930785082548e-01
1.971455498349960478e-01 -2.548663646448324771e-01 -9.466661335196191462e-01
1.961768783855920018e-01 -2.403705325759012690e-01 -9.506506400650365229e-01
1.952694114316635976e-01 -2.258124950859608793e-01 -9.543995882345014392e-01
1.944242009897190482e-01 -2.111961147504495817e-01 -9.579120164106018631e-01
1.936422362683187792e-01 -1.965252784905462957e-01 -9.611870261542332372e-01
1.929244426091095144e-01 -1.818038959554017786e-01 -9.642237825626387426e-01
1.922716804972413041e-01 -1.670358978757956192e-01 -9.670215146001635009e-01
1.916844746553782730e-01 -1.522487010346914860e-01 -9.695758841933628247e-01
1.911631964425921371e-01 -1.374656769786638255e-01 -9.718846742173935516e-01
1.907083086797153881e-01 -1.226910511597694292e-01 -9.739493041045994559e-01
1.903202020882827916e-01 -1.079289996744218216e-01 -9.757712599304994017e-01
1.899991958129434722e-01 -9.318364773448210847e-02 -9.773520928433780952e-01
1.897455380240421763e-01 -7.845906817737416383e-02 -9.786934174810338893e-01
1.895594065980120702e-01 -6.375928001696151703e-02 -9.797969103757822040e-01
1.894409098731439922e-01 -4.908824703685182173e-02 -9.806643083488275625e-01
1.893900874782229182e-01 -3.444987642771886460e-02 -9.812974068951297868e-01
1.894069112314566150e-01 -1.984801747015213502e-02 -9.816980585598932274e-01
1.894912861070595367e-01 -5.286460264461992006e-03 -9.818681713078211137e-01
1.896430512668016155e-01 9.231065491217989999e-03 -9.818097068862755572e-01
1.898619811537800017e-01 2.370089167327797675e-02 -9.815246791834902895e-01
1.901477866456323940e-01 3.811941285426544840e-02 -9.810151525829828856e-01
1.905001162643689128e-01 5.248308737273559704e-02 -9.802832403153119989e-01
1.909185574399734908e-01 6.678843835034298237e-02 -9.793311028083208081e-01
1.914031807091421400e-01 8.107938463049853273e-02 -9.781569177807633020e-01
1.919541754586771287e-01 9.539104204533596643e-02 -9.767569521746359840e-01
1.925713422526203478e-01 1.097196664733811194e-01 -9.751296698039670918e-01
1.932544167662434420e-01 1.240614667703079099e-01 -9.732735909615233272e-01
1.940030692207191099e-01 1.384126060919200207e-01 -9.711872937841515840e-01
1.948169038867305358e-01 1.527692032488069396e-01 -9.688694156070326580e-01
1.956954586589166600e-01 1.671273340910722494e-01 -9.663186543060663380e-01
1.966382047029767155e-01 1.814830329214848770e-01 -9.635337696276187192e-01
1.976445461771801637e-01 1.958322939353623338e-01 -9.605135845048886623e-01
1.987138200299457536e-01 2.101710726854552069e-01 -9.572569863601682050e-01
