-5.444634836172070359e-08 4.399334448743037613e-06 9.999999999903214087e-01
-8.189100687098772226e-06 2.901931289342571016e-04 9.999999578604422679e-01
-4.472260436324899046e-05 1.014723955587597043e-03 9.999994841674580970e-01
-1.304382828217573876e-04 2.175939017340059074e-03 9.999976241348010886e-01
-2.859882747466285379e-04 3.770799009921745309e-03 9.999928496172026948e-01
-5.318461859797716119e-04 5.795282675928555005e-03 9.999830657757862173e-01
-8.882594644423211575e-04 8.244392487234901423e-03 9.999656199028243986e-01
-1.375201395103353404e-03 1.111216156970297464e-02 9.999373123783168449e-01
-2.012322633672159865e-03 1.439166201154354514e-02 9.998944097364298456e-01
-2.818902221301869491e-03 1.807501472127739581e-02 9.998326598151774380e-01
-3.813798049853621853e-03 2.215340102252347579e-02 9.997473089574036020e-01
-5.015396777793394885e-03 2.661707619032293096e-02 9.996331212251021725e-01
-6.441563230132396622e-03 3.145538514695529753e-02 9.994843995823092797e-01
-8.109589351475066446e-03 3.665678054381684564e-02 9.992950089941975422e-01
-1.003614281865016812e-02 4.220884345956199546e-02 9.990584013815861919e-01
-1.223721545796331578e-02 4.809830694306790888e-02 9.987676423608480292e-01
-1.472807165116926664e-02 5.431108262264502246e-02 9.984154396892086503e-01
-1.752319695312440709e-02 6.083229059013483403e-02 9.979941733247249536e-01
-2.063624718201450409e-02 6.764629275004398201e-02 9.974959269989127630e-01
-2.407999827930605227e-02 7.473672979968570829e-02 9.969125211881531001e-01
-2.786629727037230608e-02 8.208656197655928022e-02 9.962355473578075049e-01
-3.200601468732745120e-02 8.967811367411977763e-02 9.954564033405427503e-01
-3.650899884220491776e-02 9.749312198700886556e-02 9.945663296979089241e-01
-4.138403236050787470e-02 1.055127892021755359e-01 9.935564469019189104e-01
-4.663879140165316101e-02 1.137178392036639202e-01 9.924177931614522885e-01
-5.227980800329746353e-02 1.220885777068469735e-01 9.911413627069864951e-01
-5.831243599042722908e-02 1.306049561832959838e-01 9.897181443366728226e-01
-6.474082088695783110e-02 1.392466392811531339e-01 9.881391600173495826e-01
-7.156787425708026340e-02 1.479930754887478495e-01 9.863955033259789174e-01
-7.879525288549947548e-02 1.568235707322720163e-01 9.844783775103939094e-01
-8.642334317995026272e-02 1.657173645426442965e-01 9.823791329434113928e-01
-9.445125114602802296e-02 1.746537083733349927e-01 9.800893037414499798e-01
-1.028767982436614437e-01 1.836119456009591977e-01 9.776006433180023381e-01
-1.116965233868735807e-01 1.925715926949480017e-01 9.749051586437657013e-01
-1.209056912943749507e-01 2.015124210025834584e-01 9.719951429890568706e-01
-1.304983073387123438e-01 2.104145385620831976e-01 9.688632069303939609e-01
-1.404671389770096035e-01 2.192584713300883836e-01 9.655023074118558313e-01
-1.508037437777611234e-01 2.280252431915783529e-01 9.619057746630097494e-01
-1.614985039867715688e-01 2.366964541104877584e-01 9.580673367887923009e-01
-1.725406675023583858e-01 2.452543557785656358e-01 9.539811418626130690e-01
-1.839183950566006254e-01 2.536819241285390159e-01 9.496417773720050581e-01
-1.956188133270149176e-01 2.619629280954854922e-01 9.450442868861677059e-01
-2.076280736328625642e-01 2.700819940373538897e-01 9.401841838365125881e-01
-2.199314158036136391e-01 2.780246652614636882e-01 9.350574623245810901e-01
-2.325132367451311355e-01 2.857774561480620479e-01 9.296606048961428836e-01
-2.453571631730225022e-01 2.933279004139108248e-01 9.239905872456016800e-01
-2.584461279333594708e-01 3.006645931175727093e-01 9.180448798406957156e-01
-2.717624492894645805e-01 3.077772260725473163e-01 9.118214464835205924e-01
-2.852879125204377808e-01 3.146566164035674573e-01 9.053187398497896110e-01
-2.990038531530798682e-01 3.212947280539703576e-01 8.985356940736185516e-01
-3.128912411342329447e-01 3.276846861268440936e-01 8.914717144696487905e-01
-3.269307652454526703e-01 3.338207840182917385e-01 8.841266645076715225e-01
-3.411029170663252286e-01 3.396984833763558864e-01 8.765008501768115634e-01
-3.553880738064166822e-01 3.453144069926132875e-01 8.685950018964718744e-01
-3.697665793483865815e-01 3.506663248039718628e-01 8.604102541494360601e-01
-3.842188228756373558e-01 3.557531332486488229e-01 8.519481230285436135e-01
-3.987253144962802920e-01 3.605748282816560457e-01 8.432104819020737052e-01
-4.132667573203333000e-01 3.651324724104874631e-01 8.341995354142636154e-01
-4.278241154979637306e-01 3.694281561603547370e-01 8.249177920462003044e-01
-4.423786777822348304e-01 3.734649544196679827e-01 8.153680354686407838e-01
-4.569121162391219793e-01 3.772468781501057689e-01 8.055532949221428929e-01
-4.714065397894427467e-01 3.807788219713126865e-01 7.954768148613255985e-01
-4.858445423307035105e-01 3.840665081479170406e-01 7.851420240991892063e-01
-5.002092452506422537e-01 3.871164275162729540e-01 7.745525046843877437e-01
-5.144843342074371106e-01 3.899357778902977079e-01 7.637119607392939269e-01
-5.286540901132221748e-01 3.925324004803739664e-01 7.526241874798577092e-01
-5.427034143168588676e-01 3.949147148469779878e-01 7.412930406298137154e-01
-5.566178480381203109e-01 3.970916528920524491e-01 7.297224064320014802e-01
-5.703835861579149569e-01 3.990725923668148045e-01 7.179161724486424756e-01
-5.839874855174160828e-01 4.008672903453818215e-01 7.058781993306214586e-01
-5.974170679225735414e-01 4.024858170800507118e-01 6.936122937234053820e-01
-6.106605180891928608e-01 4.039384906170666034e-01 6.811221824644166922e-01
-6.237066767974490666e-01 4.052358125119939758e-01 6.684114882137148772e-01
-6.365450295532875113e-01 4.063884049421579991e-01 6.554837066469466622e-01
-6.491656910777406919e-01 4.074069494707485140e-01 6.423421853269072335e-01
-6.615593859639109509e-01 4.083021276737812677e-01 6.289901043579029238e-01
-6.737174258554697870e-01 4.090845637978225979e-01 6.154304589156071037e-01
-6.856316835103205554e-01 4.097647695737956508e-01 6.016660437343860357e-01
-6.972945641189408628e-01 4.103530912708135414e-01 5.876994396242988250e-01
-7.086989742492622035e-01 4.108596590342970534e-01 5.735330020812376972e-01
-7.198382887892394999e-01 4.112943385150218956e-01 5.591688520460732503e-01
-7.307063162549469748e-01 4.116666847605421342e-01 5.446088688622728879e-01
-7.412972628266415454e-01 4.119858983079214276e-01 5.298546854763099834e-01
-7.516056954682167612e-01 4.122607833870983729e-01 5.149076859213217450e-01
-7.616265044773276038e-01 4.124997081176838831e-01 4.997690051218960927e-01
-7.713548658046825990e-01 4.127105665586632277e-01 4.844395310565863255e-01
-7.807862034719957878e-01 4.129007424504486101e-01 4.689199093147084496e-01
-7.899161524093287756e-01 4.130770744720628218e-01 4.532105500851714708e-01
-7.987405220243903869e-01 4.132458228229767272e-01 4.373116376174156494e-01
-8.072552608091857484e-01 4.134126369292998593e-01 4.212231421979538148e-01
-8.154564222835145593e-01 4.135825240676773151e-01 4.049448346904075957e-01
-8.233401325704954310e-01 4.137598186973979741e-01 3.884763036922052049e-01
-8.309025598967695325e-01 4.139481522919202239e-01 3.718169753671344835e-01
-8.381398863094857710e-01 4.141504234653394234e-01 3.549661360195742743e-01
-8.450482819037145044e-01 4.143687681973418635e-01 3.379229574833044758e-01
-8.516238818576683522e-01 4.146045299720316213e-01 3.206865254051272096e-01
-8.578627665789990697e-01 4.148582296618423815e-01 3.032558705109189567e-01
-8.637609452734685833e-01 4.151295350077365276e-01 2.856300029489424186e-01
-8.693143432572963958e-01 4.154172295712950103e-01 2.678079498120145563e-01
-8.745187933462759133e-01 4.157191810633786844e-01 2.497887959461705665e-01
-8.793700316680105322e-01 4.160323089881110548e-01 2.315717281584570297e-01
-8.838636982579689549e-01 4.163525515803470634e-01 2.131560829400665769e-01
-8.879953428149595096e-01 4.166748320599241717e-01 1.945413978228017204e-01
-8.917604360064785851e-01 4.169930242772509343e-01 1.757274664863782976e-01
-8.951543867284141864e-01 4.172999178825748667e-01 1.567143977308654290e-01
-8.981725657358735626e-01 4.175871832159950836e-01 1.375026784220751974e-01
-9.008103360713889396e-01 4.178453361873195049e-01 1.180932405073816666e-01
-9.030630907221819381e-01 4.180637034945260400e-01 9.848753218463593417e-02
-9.049262979381090810e-01 4.182303886171205298e-01 7.868759328687539856e-02
-9.063955546347293168e-01 4.183322391161981568e-01 5.869613491969034869e-02
-9.074666482898077202e-01 4.183548158764563429e-01 3.851662335565221584e-02
-9.081356277144605471e-01 4.182823650365198320e-01 1.815336815035322252e-02
-9.083988830398236347e-01 4.180977934721679667e-01 -2.388385603434044300e-03
-9.082534132197161991e-01 4.177878353675060219e-01 -2.300134765086670613e-02
-9.076992328453312719e-01 4.173505163819484776e-01 -4.359643526489965365e-02
-9.067379640535944141e-01 4.167993672510023062e-01 -6.406677768701035669e-02
-9.053741205766054900e-01 4.161573410047775257e-01 -8.432537766332902363e-02
-9.036134375675786146e-01 4.154394025516326416e-01 -1.043688567290989438e-01
-9.014618502619696772e-01 4.146591732856756418e-01 -1.241946155531735846e-01
-8.989254290867918495e-01 4.138289721189183368e-01 -1.438007467860381583e-01
-8.960103237774058593e-01 4.129598582167484655e-01 -1.631859527839583379e-01
-8.927227159905133380e-01 4.120616747743823249e-01 -1.823494681559310604e-01
-8.890687798914804763e-01 4.111430932839495456e-01 -2.012909870492952669e-01
-8.850546501927164522e-01 4.102116578439643502e-01 -2.200105950659099197e-01
-8.806863971256471135e-01 4.092738291552904806e-01 -2.385087056828645857e-01
-8.759700078401236878e-01 4.083350279306235397e-01 -2.567860010389465542e-01
-8.709113737403626487e-01 4.073996775184102193e-01 -2.748433769398022086e-01
-8.655162832844596199e-01 4.064712456074991431e-01 -2.926818919302128785e-01
-8.597904197940517967e-01 4.055522849362018789e-01 -3.103027202805361817e-01
-8.537393638409239705e-01 4.046444729793998163e-01 -3.277071087355690748e-01
-8.473685997975188844e-01 4.037486506304003853e-01 -3.448963368773757532e-01
-8.406835261578314844e-01 4.028648599309692102e-01 -3.618716809585205696e-01
-8.336894692535754547e-01 4.019923809338353249e-01 -3.786343810682659683e-01
-8.263917000074584296e-01 4.011297678074577377e-01 -3.951856115012664095e-01
-8.187954533806506285e-01 4.002748843133704382e-01 -4.115264542058089114e-01
-8.109059501849180673e-01 3.994249388023806135e-01 -4.276578751964280056e-01
-8.027284209413400040e-01 3.985765188876049803e-01 -4.435807038235275446e-01
-7.942681314770302370e-01 3.977256259601040234e-01 -4.592956148002566574e-01
-7.855304099588892308e-01 3.968677097169573398e-01 -4.748031128941263002e-01
-7.765206750692317250e-01 3.959977028722441728e-01 -4.901035201975674771e-01
-7.672444650323094750e-01 3.951100562187476739e-01 -5.051969658976792621e-01
-7.577074672034860292e-01 3.941987742024482544e-01 -5.200833784706869745e-01
-7.479155479343364554e-01 3.932574511631714009e-01 -5.347624802310336767e-01
-7.378747824275171396e-01 3.922793083832385452e-01 -5.492337841684838962e-01
-7.275914842951497485e-01 3.912572320717722096e-01 -5.634965930090771735e-01
-7.170722345340161397e-01 3.901838123955572724e-01 -5.775500004371776352e-01
-7.063239096303874920e-01 3.890513836482017429e-01 -5.913928944162138990e-01
-6.953537085071569424e-01 3.878520656279196288e-01 -6.050239625449757019e-01
-6.841691780264549383e-01 3.865778062707473928e-01 -6.184416993845313071e-01
-6.727782367624655091e-01 3.852204255605965466e-01 -6.316444156879938987e-01
-6.611891967620580068e-01 3.837716607104562083e-01 -6.446302494615112622e-01
-6.494107830154633998e-01 3.822232125805410385e-01 -6.573971787800594324e-01
-6.374521503658576727e-01 3.805667932695198652e-01 -6.699430362759416502e-01
-6.253228975956834912e-01 3.787941747844750240e-01 -6.822655252114218083e-01
-6.130330784390979337e-01 3.768972386642818750e-01 -6.943622370397555255e-01
-6.005932092843099257e-01 3.748680264000625040e-01 -7.062306703511449513e-01
-5.880142733469562177e-01 3.726987904656628992e-01 -7.178682510919509596e-01
-5.753077211161731208e-01 3.703820457411914346e-01 -7.292723539370045138e-01
-5.624854668987386841e-01 3.679106210839978575e-01 -7.404403246862166776e-01
-5.495598813135708083e-01 3.652777107745623364e-01 -7.513695035480515427e-01
-5.365437796189297393e-01 3.624769255400922541e-01 -7.620572491639803214e-01
-5.234504057877166217e-01 3.595023428366946883e-01 -7.725009632199434373e-01
-5.102934122820952378e-01 3.563485560522697826e-01 -7.826981154832922671e-01
-4.970868355169800745e-01 3.530107222772425613e-01 -7.926462690968488767e-01
-4.838450670423650180e-01 3.494846082793182651e-01 -8.023431059557759593e-01
-4.705828205165694667e-01 3.457666343120104901e-01 -8.117864519880559904e-01
-4.573150945857542560e-01 3.418539153850659873e-01 -8.209743021557163178e-01
-4.440571318289183167e-01 3.377442996283573362e-01 -8.299048449916222037e-01
-4.308243739714273102e-01 3.334364033895078627e-01 -8.385764864858431533e-01
-4.176324136132834597e-01 3.289296427195485539e-01 -8.469878731363740254e-01
-4.044969427601290968e-01 3.242242609202715120e-01 -8.551379139814573316e-01
-3.914336984847001655e-01 3.193213518515444771e-01 -8.630258014349500018e-01
-3.784584060834105257e-01 3.142228787264704781e-01 -8.706510307521619918e-01
-3.655867201262820720e-01 3.089316881566098738e-01 -8.780134179613450218e-01
-3.528341638279038905e-01 3.034515192481145318e-01 -8.851131161055206809e-01
-3.402160671919311485e-01 2.977870075920557302e-01 -8.919506296505288478e-01
-3.277475044012898020e-01 2.919436840378450970e-01 -8.985268269279937936e-01
-3.154432309403306656e-01 2.859279681868069356e-01 -9.048429504961852388e-01
-3.033176209433168236e-01 2.797471565928916770e-01 -9.109006253174006806e-01
-2.913846052656197116e-01 2.734094057084602292e-01 -9.167018646672970839e-01
-2.796576107697198998e-01 2.669237096641861595e-01 -9.222490737093942403e-01
-2.681495013075598233e-01 2.602998730225853929e-01 -9.275450506865359213e-01
-2.568725208641066127e-01 2.535484786936574308e-01 -9.325929857001969969e-01
-2.458382393043958836e-01 2.466808512478068927e-01 -9.373964570679416131e-01
-2.350575011381970947e-01 2.397090159048318736e-01 -9.419594252688178182e-01
-2.245403776832384513e-01 2.326456535176207041e-01 -9.462862245057709343e-01
-2.142961229702136927e-01 2.255040519046486724e-01 -9.503815519330538475e-01
-2.043331336912133089e-01 2.182980539158740629e-01 -9.542504546148411482e-01
-1.946589134484929817e-01 2.110420026417523520e-01 -9.578983142986375876e-01
-1.852800415133804557e-01 2.037506841944900504e-01 -9.613308301033721692e-01
-1.762021462564330176e-01 1.964392685041223829e-01 -9.645539992371364724e-01
-1.674298833605046555e-01 1.891232485794335505e-01 -9.675740958731853247e-01
-1.589669188789868404e-01 1.818183786851537420e-01 -9.703976483249465712e-01
-1.508159171529364073e-01 1.745406118824102126e-01 -9.730314146712818468e-01
-1.429785335538629742e-01 1.673060373693193159e-01 -9.754823569920303417e-01
-1.354554119743161256e-01 1.601308180432307327e-01 -9.777576143809050269e-01
-1.282461869467264315e-01 1.530311286859108999e-01 -9.798644749080894778e-01
-1.213494902327778152e-01 1.460230951483916795e-01 -9.818103467084128289e-01
-1.147629616913874856e-01 1.391227348838902644e-01 -9.836027283727986070e-01
-1.084832642035291617e-01 1.323458991457522882e-01 -9.852491788208785906e-01
-1.025061024069317123e-01 1.257082171334382714e-01 -9.867572868312847190e-01
-9.682624497330297175e-02 1.192250423338406390e-01 -9.881346404033363173e-01
-9.143755014525339897e-02 1.129114012683648388e-01 -9.893887961197135317e-01
-8.633299423951462659e-02 1.067819448188966208e-01 -9.905272486744125526e-01
-8.150470281726669708e-02 1.008509022686548406e-01 -9.915574007239493781e-01
-7.694398422122381009e-02 9.513203815760148951e-02 -9.924865332125734074e-01
-7.264136518232604256e-02 8.963861201710986160e-02 -9.933217763143330492e-01
-6.858662820612541899e-02 8.438334101548572441e-02 -9.940700811263494252e-01
-6.476885045986537082e-02 7.937836551514404482e-02 -9.947381922387518172e-01
-6.118281738846752249e-02 7.439450293110209944e-02 -9.953502503090114750e-01
-5.783595294457627434e-02 6.924607553197154042e-02 -9.959216754195993060e-01
-5.472968775269186625e-02 6.418567610241139587e-02 -9.964360793658254556e-01
-5.185156623498626827e-02 5.942203883978065121e-02 -9.968853677225235632e-01
-4.918755813170666569e-02 5.496605984011213031e-02 -9.972759479656880810e-01
-4.672306631424223006e-02 5.082788182973669439e-02 -9.976138940006127331e-01
-4.444297359255595936e-02 4.701687357593722916e-02 -9.979049231753315263e-01
-4.233168952502022742e-02 4.354161193540517782e-02 -9.981543748800545401e-01
-4.037319708754746883e-02 4.040986637784194785e-02 -9.983671907952623714e-01
-3.855109908739440261e-02 3.762858581893974153e-02 -9.985478968425046675e-01
-3.684866423469525948e-02 3.520388759782049071e-02 -9.987005868839208267e-01
-3.524887281118523757e-02 3.314104843858079602e-02 -9.988289082090595628e-01
-3.373446190028501351e-02 3.144449724360939835e-02 -9.989360488407477146e-01
-3.228797016535462500e-02 3.011780957749852355e-02 -9.990247266854933583e-01
-3.090463973738474465e-02 2.868044810003144915e-02 -9.991107722067928965e-01
-2.960640377048163324e-02 2.674042251125273786e-02 -9.992038884331210236e-01
-2.841698229891429645e-02 2.430247239186390448e-02 -9.993006879577516210e-01
-2.735984488335648640e-02 2.137245971220238377e-02 -9.993971467109457052e-01
-2.644528824316643920e-02 1.844080514848630767e-02 -9.994801565991103809e-01
-2.565641242572568384e-02 1.590960594883578452e-02 -9.995442125990048332e-01
-2.497404145567530195e-02 1.378427929484986325e-02 -9.995930626499278659e-01
-2.437876247533381571e-02 1.206929777146548664e-02 -9.996299355219638860e-01
-2.385097406490566813e-02 1.076818553113917561e-02 -9.996575299654841817e-01
-2.337093390218395253e-02 9.883515903549088683e-03 -9.996780059409602348e-01
-2.291880583157434453e-02 9.416910317913015915e-03 -9.996929779384715609e-01
-2.247470642867166468e-02 9.369038430897829242e-03 -9.997035103919539312e-01
-2.201875115894897511e-02 9.739619380655753153e-03 -9.997101151893433846e-01
-2.153110023724181046e-02 1.052742411623064540e-02 -9.997127512761956325e-01
-2.099200429855353420e-02 1.173027878089723253e-02 -9.997108263470101397e-01
-2.038184999025354632e-02 1.334506915739147939e-02 -9.997032006152271055e-01
-1.968764292176637329e-02 1.512597607202723418e-02 -9.996917532740895451e-01
-1.891003503608614661e-02 1.687106156295365214e-02 -9.996788373556992902e-01
-1.805086329446699278e-02 1.857642332891182996e-02 -9.996644851302857182e-01
-1.711214715397958719e-02 2.023825289336299293e-02 -9.996487320753099093e-01
-1.609608378019394825e-02 2.185284414068603201e-02 -9.996316167919426787e-01
-1.500504286000783373e-02 2.341660160717544750e-02 -9.996131809145522018e-01
-1.384156102733119682e-02 2.492604850804161498e-02 -9.995934690134136158e-01
-1.260833591522711461e-02 2.637783448229160527e-02 -9.995725284908757446e-01
-1.131465488898719327e-02 2.752700584874142806e-02 -9.995570231527139970e-01
-9.983361157595380814e-03 2.817354786721138968e-02 -9.995531920316896857e-01
-8.638350889306154259e-03 2.831649204107239415e-02 -9.995616815247421183e-01
-7.303527348077039176e-03 2.795598716849037255e-02 -9.995824734707388082e-01
-6.002750496222764541e-03 2.709329791111848157e-02 -9.996148859410552978e-01
-4.759786598597526806e-03 2.573080277305464861e-02 -9.996575764832471567e-01
-3.585383841808673696e-03 2.435553823739473878e-02 -9.996969304644497401e-01
-2.463257567103156048e-03 2.336614730553260647e-02 -9.997239396565549274e-01
-1.375025234855062036e-03 2.276452560040652731e-02 -9.997399090163204827e-01
-3.022404178328248238e-04 2.255167950386452111e-02 -9.997456328499033651e-01
7.735630778396916218e-04 2.272772599174778529e-02 -9.997413925968943182e-01
1.870827280920620570e-03 2.329189366053683458e-02 -9.997269565712230133e-01
3.007926235334477342e-03 2.424252493020622248e-02 -9.997015816557158763e-01
4.203122215743377264e-03 2.557707943216500079e-02 -9.996640169434573009e-01
5.468085904753506622e-03 2.705038599545776107e-02 -9.996191157907114988e-01
6.800881016537694765e-03 2.846123593909438698e-02 -9.995717613390182610e-01
8.191990932365118827e-03 2.956478226272027734e-02 -9.995292966864408601e-01
9.618352304417840046e-03 3.016114431315458297e-02 -9.994987707210241101e-01
1.105585876385787453e-02 3.024949988732007072e-02 -9.994812333124267756e-01
1.248040654388707371e-02 2.983015250669989599e-02 -9.994770639960155467e-01
1.386794502800297452e-02 2.890452863669804723e-02 -9.994859720502132783e-01
1.519452714227846613e-02 2.747517436136054023e-02 -9.995069990444811481e-01
1.643635981983670308e-02 2.554575148697769624e-02 -9.995385238483845969e-01
1.756985475728962270e-02 2.312103300178976889e-02 -9.995782700903952378e-01
1.857811567721872129e-02 2.044865194753971507e-02 -9.996182802708148962e-01
1.945797361844570778e-02 1.773259993877774818e-02 -9.996534110191612754e-01
2.021398546460475773e-02 1.522082019743607219e-02 -9.996798094511677446e-01
2.086442811842543696e-02 1.311657277382905114e-02 -9.996962694529418769e-01
2.142880339744399412e-02 1.142424806621736462e-02 -9.997051029884983508e-01
2.192679414510516345e-02 1.014729039723313853e-02 -9.997080814899323986e-01
2.237821741390100955e-02 9.288194632523373573e-03 -9.997064293211348485e-01
2.280297801926334939e-02 8.848503994327983416e-03 -9.997008193308056789e-01
2.322102236541995560e-02 8.828808996364003944e-03 -9.996913705000055606e-01
2.365229243619017957e-02 9.228747455083993745e-03 -9.996776476860390614e-01
2.410380563876712151e-02 9.563478325935981586e-03 -9.996637166748660874e-01
2.455564162952886959e-02 9.436810267894885432e-03 -9.996539236537308470e-01
2.498590487913665559e-02 8.849475639211108399e-03 -9.996486339401714494e-01
2.537276986012083554e-02 7.803238450930142719e-03 -9.996476039182370377e-01
2.570096603666543675e-02 6.542650957971830016e-03 -9.996482651730025371e-01
2.596881147501595155e-02 5.268506538543792951e-03 -9.996488701887267236e-01
2.617575938303164443e-02 3.983691105070356203e-03 -9.996494184593267551e-01
2.632140081426507724e-02 2.691111903686527022e-03 -9.996499096063911072e-01
2.640546546013027018e-02 1.393690937038326652e-03 -9.996503433799115435e-01
2.642782212854321092e-02 9.435835998699830681e-05 -9.996507196587272048e-01
2.638847890824865330e-02 -1.203954136848445688e-03 -9.996510384506757108e-01
2.628758301875804351e-02 -2.498319940762344475e-03 -9.996512998924546034e-01
2.613185734396309551e-02 -3.544063011352206576e-03 -9.996522223500006188e-01
2.594158525929734366e-02 -4.141311996798642710e-03 -9.996548822915578558e-01
2.573810650911630485e-02 -4.289144503367625302e-03 -9.996595185926672178e-01
2.554277061529029030e-02 -3.987650027532449112e-03 -9.996657769058223675e-01
2.537688916352600146e-02 -3.237929369868920715e-03 -9.996727110959602314e-01
2.526168801697929386e-02 -2.042093118972434368e-03 -9.996787868982695002e-01
2.521825931430394727e-02 -4.032591607192921460e-04 -9.996818877919992907e-01
2.526751311848044260e-02 1.674450865717476726e-03 -9.996793230807943242e-01
2.541725406777468541e-02 3.702385763346859992e-03 -9.996700733419415785e-01
2.564816258550335973e-02 5.280507145761732801e-03 -9.996570852049417866e-01
2.593875886555552929e-02 6.405691914686368130e-03 -9.996430102290404518e-01
2.626745059536122681e-02 7.075846088412941250e-03 -9.996299082368045319e-01
2.661258218844656312e-02 7.289904022328213759e-03 -9.996192413958313594e-01
2.695248341376427562e-02 7.047826636944312488e-03 -9.996118705666191540e-01
2.726551757096535092e-02 6.350598731743353244e-03 -9.996080539128847642e-01
2.753012936753407996e-02 5.200225426981262139e-03 -9.996074477677147074e-01
2.772489265530624081e-02 3.599727739101052110e-03 -9.996091097462173058e-01
2.782855818034951634e-02 1.553137259203608237e-03 -9.996115040926778494e-01
2.783297450577336754e-02 -4.510066540374835665e-04 -9.996124859781051475e-01
2.775710657461111230e-02 -2.012739315905953674e-03 -9.996126709457120452e-01
2.762207824925016694e-02 -3.128958458968734372e-03 -9.996135405307009503e-01
2.744912660018964529e-02 -3.797570273382110465e-03 -9.996159882220143622e-01
2.725955391389928151e-02 -4.017490903611091631e-03 -9.996203161638039791e-01
2.707467993424562611e-02 -3.788646991872808827e-03 -9.996262340798175439e-01
2.691579419226024228e-02 -3.111975297726107120e-03 -9.996328604207224133e-01
2.680410827767686771e-02 -1.989421388296430063e-03 -9.996387257315252350e-01
2.675427103829372891e-02 -6.656959662114042900e-04 -9.996418187682322154e-01
2.676733469278139502e-02 6.582747085442602984e-04 -9.996414739635515190e-01
2.684320998465652280e-02 1.979500560447416263e-03 -9.996376961956865426e-01
2.698166525438257593e-02 3.295000614500327111e-03 -9.996304980897788850e-01
2.718232711140359387e-02 4.601809810475612945e-03 -9.996198999817106357e-01
2.744468143560826676e-02 5.896985772701732881e-03 -9.996059298642955282e-01
2.776807470538562167e-02 7.177615519136642565e-03 -9.995886233160038437e-01
2.815171564860116313e-02 8.440822093661381337e-03 -9.995680234124098007e-01
2.859467721200276841e-02 9.683771105754810163e-03 -9.995441806205870305e-01
2.909589884376130586e-02 1.090367716198465536e-02 -9.995171526767255843e-01
2.964775420621393320e-02 1.185608819462237278e-02 -9.994900919185828458e-01
3.022907423876267444e-02 1.234141327982928374e-02 -9.994668041456361562e-01
3.081765064498752371e-02 1.235902652753478360e-02 -9.994486114214091721e-01
3.139128299822156049e-02 1.190934983431082318e-02 -9.994362184443874586e-01
3.192782734090384572e-02 1.099384945369405453e-02 -9.994297119435897603e-01
3.240524451570133552e-02 9.615031772678531846e-03 -9.994285623755487791e-01
3.280164840105740526e-02 7.776438287172408349e-03 -9.994316279115382784e-01
3.309535421816517387e-02 5.482639730989505994e-03 -9.994371607014230774e-01
3.327779563899044279e-02 3.222650611940341362e-03 -9.994409451491421681e-01
3.336753985517498106e-02 1.396954138942484418e-03 -9.994421723157947968e-01
3.337890708182199989e-02 -2.324523677533053367e-04 -9.994427419958020753e-01
3.331294333589939621e-02 -1.859789870609934552e-03 -9.994432395029263505e-01
3.316987055188156536e-02 -3.481392327485901498e-03 -9.994436650433083935e-01
3.295008427393626010e-02 -5.093610094264221580e-03 -9.994440189839125521e-01
3.265415259980453122e-02 -6.692818137959760487e-03 -9.994443018515478672e-01
3.228281473648835637e-02 -8.275424186532081422e-03 -9.994445143315308089e-01
3.183697917137581768e-02 -9.837876797068458717e-03 -9.994446572659908545e-01
3.131772146329937084e-02 -1.137667332420383773e-02 -9.994447316518247915e-01
3.072628165887767576e-02 -1.288836777088777502e-02 -9.994447386383044085e-01
3.006406134033323685e-02 -1.436957850389171919e-02 -9.994446795243409065e-01
2.933905442049651938e-02 -1.557528472231741075e-02 -9.994481629337746975e-01
2.857282295928998891e-02 -1.630532339754602739e-02 -9.994587186158343517e-01
2.777512828523878013e-02 -1.704193009234375444e-02 -9.994689164089263222e-01
2.692892406135327654e-02 -1.817886320102795467e-02 -9.994720416208666691e-01
2.602816706670471603e-02 -1.922973967201953294e-02 -9.994762386527561437e-01
2.509381107101510411e-02 -1.979684349760989573e-02 -9.994890622881426046e-01
2.414885668008873859e-02 -1.987934752177691194e-02 -9.995107024256018047e-01
2.321630805608832296e-02 -1.947750484145304231e-02 -9.995407094488764077e-01
2.230625238966037205e-02 -1.907613178114326083e-02 -9.995691733445786209e-01
2.140184639247444398e-02 -1.907160408232399726e-02 -9.995890329975049005e-01
2.048425589920156026e-02 -1.946357000289943712e-02 -9.996007026323886491e-01
1.953469298335310314e-02 -2.025077483207980006e-02 -9.996040725651897940e-01
1.854089608476012022e-02 -2.118931566226007340e-02 -9.996035454490476146e-01
1.750415226141337557e-02 -2.207919094433476170e-02 -9.996029781773461131e-01
1.642683986855361655e-02 -2.291844056725628534e-02 -9.996023729533984881e-01
1.531142646841965153e-02 -2.370522043803763995e-02 -9.996017320631519487e-01
1.416046318040600771e-02 -2.443780652900687245e-02 -9.996010578699556781e-01
1.297657884824445461e-02 -2.511459865033939531e-02 -9.996003528091588208e-01
1.176247403755132336e-02 -2.573412393962977440e-02 -9.995996193825519294e-01
1.052091487745157941e-02 -2.629504006091191656e-02 -9.995988601526630823e-01
9.261162375231390964e-03 -2.655438937900236537e-02 -9.996044694159459398e-01
8.005941811117245344e-03 -2.631412954553649999e-02 -9.996216641720730989e-01
6.778942303761053244e-03 -2.557525610946989603e-02 -9.996499148283586322e-01
5.603771503689823803e-03 -2.433987154938980699e-02 -9.996880355381179140e-01
4.503905218551706134e-03 -2.261118275259658625e-02 -9.997341892985746048e-01
3.502636669360403854e-03 -2.039349777109693632e-02 -9.997858954722206315e-01
2.623025185788973365e-03 -1.769222173506605766e-02 -9.998400397209142865e-01
1.887844168839419509e-03 -1.451385176343814032e-02 -9.998928863391070010e-01
1.306647397024636881e-03 -1.134963097485224698e-02 -9.999347371451206001e-01
8.617335260684872182e-04 -8.602340935742304809e-03 -9.999626278746232000e-01
5.459858605715069840e-04 -5.794158840178081395e-03 -9.999830646680680779e-01
3.788996644762285216e-04 -2.535862561304811063e-03 -9.999967129127381726e-01
3.687278868781063905e-04 6.810606467329827479e-04 -9.999997000981090123e-01
4.964509530717363915e-04 3.453723906741759057e-03 -9.999939126453692984e-01
7.471957221890298010e-04 6.018119419332190224e-03 -9.999816117996243037e-01
1.119275119008829788e-03 8.566460286267436539e-03 -9.999626807944078655e-01
1.605284619549125335e-03 1.085116567450732095e-02 -9.999398358226168071e-01
2.184119114054408704e-03 1.266953508387556361e-02 -9.999173528370338682e-01
2.833489765429719840e-03 1.401793321353934918e-02 -9.998977292125115213e-01
3.530974203372613546e-03 1.489378839411780592e-02 -9.998828467818684507e-01
4.260506391510550384e-03 1.553740715560647176e-02 -9.998702101094602002e-01
5.019411386123147877e-03 1.614535656765567206e-02 -9.998570562689484964e-01
5.805947833794113284e-03 1.671630019518718577e-02 -9.998434158795579396e-01
6.618313791305377794e-03 1.724898652681913086e-02 -9.998293206275380429e-01
7.454650866221674416e-03 1.774225170921145747e-02 -9.998148031935296665e-01
8.313048480054235911e-03 1.819502207929890591e-02 -9.997998971777645183e-01
9.191548244101880108e-03 1.860631648897742574e-02 -9.997846370232714719e-01
1.008814843783199106e-02 1.897524841729890041e-02 -9.997690579372640052e-01
1.100080857945275742e-02 1.930102786572817156e-02 -9.997531958108915040e-01
1.192745407814161003e-02 1.958296303252329146e-02 -9.997370871375368395e-01
1.286598095723382774e-02 1.982046176281474642e-02 -9.997207689298461819e-01
1.381426063753947095e-02 2.001303277147955043e-02 -9.997042786356833410e-01
