0.000000000000000000e+00 0.000000000000000000e+00 1.000000000000000000e+00
2.063889746693133538e-06 -7.037658305704524975e-05 9.999999975214385328e-01
8.900686071455071995e-06 -2.110912163093012022e-04 9.999999776806381968e-01
2.320282426919679440e-05 -4.220973119940759407e-04 9.999999106477411859e-01
4.764588284954097259e-05 -7.033410343695633074e-04 9.999997515206012766e-01
8.488834015187223610e-05 -1.054762095928456255e-03 9.999994401352935158e-01
1.375713614419966815e-04 -1.476294542631095613e-03 9.999989008136764834e-01
2.083186150882699564e-04 -1.967867527879621405e-03 9.999980420484708699e-01
2.997361163905292044e-04 -2.529406074948087335e-03 9.999967561263443105e-01
4.144120976060001755e-04 -3.160831827576737404e-03 9.999949186895069619e-01
5.549169026825573076e-04 -3.862063788431679100e-03 9.999923882363369598e-01
7.238029051713085193e-04 -4.633019045124054172e-03 9.999890055615618945e-01
9.236044477474771855e-04 -5.473613483475564707e-03 9.999845931365223262e-01
1.156837801720976468e-03 -6.383762487709838084e-03 9.999789544300453636e-01
1.426001144865937697e-03 -7.363381627241694788e-03 9.999718731704448915e-01
1.733574555841776131e-03 -8.412387329728853932e-03 9.999631125491589279e-01
2.082020023417169210e-03 -9.530697540043044438e-03 9.999524143665171616e-01
2.473781468642581322e-03 -1.071823236480983800e-02 9.999394981201172872e-01
2.911284778046714823e-03 -1.197491470215879261e-02 9.999240600362659936e-01
3.396937845857460510e-03 -1.330067085631768398e-02 9.999057720449209263e-01
3.933130623168584403e-03 -1.469543113667665969e-02 9.998842806985420717e-01
4.522235171889465652e-03 -1.615913044094010459e-02 9.998592060352378130e-01
5.166605721226687209e-03 -1.769170882197573444e-02 9.998301403865601511e-01
5.868578724353112376e-03 -1.929311203796204438e-02 9.997966471302782709e-01
6.630472912822217221e-03 -2.096329208542649716e-02 9.997582593884279945e-01
7.454589346182843856e-03 -2.270220771475790766e-02 9.997144786709073472e-01
8.343211454142098610e-03 -2.450982492776718202e-02 9.996647734648594907e-01
9.298605068511770627e-03 -2.638611745686082755e-02 9.996085777700565167e-01
1.032301844205633576e-02 -2.833106722538156902e-02 9.995452895804725069e-01
1.141868225123817554e-02 -3.034466478865979408e-02 9.994742693122083965e-01
1.258780957972807993e-02 -3.242690975530829189e-02 9.993948381779121926e-01
1.383259587941617838e-02 -3.457781118828104350e-02 9.993062765078165599e-01
1.515521890552020551e-02 -3.679738798520424542e-02 9.992078220175040215e-01
1.655783862224415037e-02 -3.908566923747458510e-02 9.990986680224962502e-01
1.804259707529094064e-02 -4.144269456760567294e-02 9.989779615997615991e-01
1.961161822737761753e-02 -4.386851444428856855e-02 9.988448016962307996e-01
2.126700775274036059e-02 -4.636319047461648357e-02 9.986982371844211892e-01
2.301085278644973697e-02 -4.892679567290665610e-02 9.985372648652784955e-01
2.484522162418341396e-02 -5.155941470553439265e-02 9.983608274183687348e-01
2.677216336792424475e-02 -5.426114411117487907e-02 9.981678112995807650e-01
2.879370751286615404e-02 -5.703209249582782969e-02 9.979570445865382222e-01
3.091186347061830250e-02 -5.987238070197799938e-02 9.977272947719678653e-01
3.312862002359980018e-02 -6.278214195122119867e-02 9.974772665053318610e-01
3.544594470531262781e-02 -6.576152195966035452e-02 9.972055992831015958e-01
3.786578310096930938e-02 -6.881067902534956926e-02 9.969108650881357558e-01
4.039005806273461563e-02 -7.192978408703570858e-02 9.965915659787243364e-01
4.302066883361688188e-02 -7.511902075341660157e-02 9.962461316279718204e-01
4.575949007381473199e-02 -7.837858530210298214e-02 9.958729168143248822e-01
4.860837078308924419e-02 -8.170868664743657916e-02 9.954701988641946331e-01
5.156913311249011062e-02 -8.510954627628054825e-02 9.950361750477914047e-01
5.464357105851731788e-02 -8.858139815085933066e-02 9.945689599294732508e-01
5.783970025886087801e-02 -9.212046801136583585e-02 9.940665915618894788e-01
6.115960487246618199e-02 -9.572655371520416567e-02 9.935270150621964280e-01
6.460533487400423047e-02 -9.939944025333043165e-02 9.929480862545329023e-01
6.817890349617007628e-02 -1.031388990605695416e-01 9.923275692193261888e-01
7.188228452244038724e-02 -1.069446873031378170e-01 9.916631338535959461e-01
7.571740942469647184e-02 -1.108165471433950611e-01 9.909523534483979379e-01
7.968616434013230110e-02 -1.147542049819023635e-01 9.901927022899676967e-01
8.379038688190285078e-02 -1.187573706769164267e-01 9.893815532915630762e-01
8.803186277802779736e-02 -1.228257367415078322e-01 9.885161756634592845e-01
9.241232233315203881e-02 -1.269589775185489267e-01 9.875937326290242790e-01
9.693343670787908650e-02 -1.311567483338770268e-01 9.866112791952946770e-01
1.015968140105390771e-01 -1.354186846279997192e-01 9.855657599869811492e-01
1.064039951964318997e-01 -1.397444010667716341e-01 9.844540071533578462e-01
1.113564497698000116e-01 -1.441334906315346609e-01 9.832727383580341929e-01
1.164555712840379120e-01 -1.485855236892776599e-01 9.820185548621620519e-01
1.217026726359381611e-01 -1.531000470434346616e-01 9.806879397122048037e-01
1.270989811501096189e-01 -1.576765829660040363e-01 9.792772560439758633e-01
1.326456334500857315e-01 -1.623146282117336192e-01 9.777827455152512393e-01
1.383436701130707491e-01 -1.670136530151771770e-01 9.762005268798633617e-01
1.441940301057533236e-01 -1.717731000714874945e-01 9.745265947167944809e-01
1.501975449991524714e-01 -1.765923835018676225e-01 9.727568183284047709e-01
1.563549329610524341e-01 -1.814708878046558671e-01 9.708869408225492270e-01
1.626667925252344993e-01 -1.864079667930698403e-01 9.689125783939549486e-01
1.691335961374263730e-01 -1.914029425206808799e-01 9.668292198208467969e-01
1.757556834786671573e-01 -1.964551041957308397e-01 9.646322261934168196e-01
1.825332545676296714e-01 -2.015637070854376101e-01 9.623168308913323532e-01
1.894663626443552629e-01 -2.067279714114646505e-01 9.598781398280598065e-01
1.965549068388399712e-01 -2.119470812377501623e-01 9.573111319803485619e-01
2.037986246289687775e-01 -2.172201833519045444e-01 9.546106602217586667e-01
2.111970840934267457e-01 -2.225463861413885247e-01 9.517714524796326847e-01
2.187496759664248336e-01 -2.279247584656784453e-01 9.487881132353908065e-01
2.264556055023646541e-01 -2.333543285256085564e-01 9.456551253884694086e-01
2.343138841599321509e-01 -2.388340827310524717e-01 9.423668525046210442e-01
2.423233211165543854e-01 -2.443629645680660267e-01 9.389175414696380173e-01
2.504825146256781654e-01 -2.499398734665615740e-01 9.353013255698489070e-01
2.587898432309326258e-01 -2.555636636695177155e-01 9.315122280209616745e-01
2.672434568529206689e-01 -2.612331431046490682e-01 9.275441659669760863e-01
2.758412677661433166e-01 -2.669470722593667023e-01 9.233909549709629072e-01
2.845809414853976982e-01 -2.727041630597523136e-01 9.190463140194887748e-01
2.934598875828983711e-01 -2.785030777541452895e-01 9.145038710623611955e-01
3.024752504593525293e-01 -2.843424278018057971e-01 9.097571691091504986e-01
3.116239000942671589e-01 -2.902207727669636750e-01 9.047996729036279495e-01
3.209024228028768966e-01 -2.961366192183984003e-01 8.996247761968122481e-01
3.303071120292510598e-01 -3.020884196345157147e-01 8.942258096387493138e-01
3.398339592073601478e-01 -3.080745713136953667e-01 8.885960493084428258e-01
3.494786447241493565e-01 -3.140934152894818143e-01 8.827287259005021092e-01
3.592365290209746931e-01 -3.201432352499776202e-01 8.766170345860672120e-01
3.691026438720947378e-01 -3.262222564605799513e-01 8.702541455644079438e-01
3.790716838812701051e-01 -3.323286446889745505e-01 8.636332153202530559e-01
3.891379982398960324e-01 -3.384605051310744517e-01 8.567473986003937281e-01
3.993189776061840668e-01 -3.445879359724254853e-01 8.495902004690656373e-01
4.096082849089895950e-01 -3.507074958639933016e-01 8.421551552519445094e-01
4.199992024758467668e-01 -3.568156619888288583e-01 8.344358894065778687e-01
4.304846286496137875e-01 -3.629088314289767303e-01 8.264261399727408364e-01
4.410570753380944065e-01 -3.689833226929481458e-01 8.181197737155968541e-01
4.517086665652496058e-01 -3.750353774029132614e-01 8.095108069291505615e-01
4.624311380923502024e-01 -3.810611621401046034e-01 8.005934258621052457e-01
4.732158381767272437e-01 -3.870567704462630765e-01 7.913620077227169203e-01
4.840537295346220570e-01 -3.930182249783059634e-01 7.818111422135937127e-01
4.949353925730017867e-01 -3.989414798127619011e-01 7.719356535416564968e-01
5.058510299530610821e-01 -4.048224228959066973e-01 7.617306228426959924e-01
5.167904725454594006e-01 -4.106568786349570344e-01 7.511914109541596440e-01
5.277431868341275756e-01 -4.164406106251443140e-01 7.403136814640318697e-01
5.386982838217034830e-01 -4.221693245070044509e-01 7.290934239579685006e-01
5.496445294853145036e-01 -4.278386709477938199e-01 7.175269773812614771e-01
5.605703568265083536e-01 -4.334442487405800182e-01 7.056110534267899803e-01
5.714638795536411964e-01 -4.389816080142705523e-01 6.933427598549086746e-01
5.823129074289684626e-01 -4.444462535476355614e-01 6.807196236462854655e-01
5.931049633060534454e-01 -4.498336481802615028e-01 6.677396138840828721e-01
6.038273018759285904e-01 -4.551392163133458069e-01 6.544011642576291754e-01
6.144669301327320143e-01 -4.603583474933091724e-01 6.407031950759048966e-01
6.250106295613192531e-01 -4.654864000713682115e-01 6.266451346758281638e-01
6.354449800406495319e-01 -4.705187049324758841e-01 6.122269401075096651e-01
6.457563854476014997e-01 -4.754505692874001488e-01 5.974491169764193366e-01
6.559311009363245626e-01 -4.802772805221696140e-01 5.823127383208058783e-01
6.659552618583279848e-01 -4.849941100996662535e-01 5.668194624017869332e-01
6.758149142782965413e-01 -4.895963175087812425e-01 5.509715492833274775e-01
6.854960470301629805e-01 -4.940791542572636197e-01 5.347718760798781945e-01
6.949846252473171893e-01 -4.984378679051730821e-01 5.182239507508050735e-01
7.042666252900611212e-01 -5.026677061366846555e-01 5.013319243229206190e-01
7.133280709825963184e-01 -5.067639208688704544e-01 4.841006014254694012e-01
7.221550710610276091e-01 -5.107217723969892376e-01 4.665354490258360465e-01
7.307338577231660137e-01 -5.145365335767251302e-01 4.486426032590533630e-01
7.390508261603899731e-01 -5.182034940447197702e-01 4.304288742499033926e-01
7.470925749415662231e-01 -5.217179644796151594e-01 4.119017488330226073e-01
7.548459471091174544e-01 -5.250752809066427940e-01 3.930693910839492267e-01
7.622980718378464804e-01 -5.282708090495472630e-01 3.739406405824662327e-01
7.694364064981698004e-01 -5.312999487342831006e-01 3.545250083388903906e-01
7.762487789570646779e-01 -5.341581383494659052e-01 3.348326703241011337e-01
7.827234299423799779e-01 -5.368408593689606434e-01 3.148744585550687924e-01
7.888490552892918339e-01 -5.393436409422361910e-01 2.946618496993836933e-01
7.946148478816765781e-01 -5.416620645581888827e-01 2.742069511747596833e-01
8.000105390961186336e-01 -5.437917687880186035e-01 2.535224847326318920e-01
8.050264395522345184e-01 -5.457284541124181043e-01 2.326217675287220454e-01
8.096534789700656765e-01 -5.474678878377958746e-01 2.115186906977364611e-01
8.138832449335250407e-01 -5.490059091054907414e-01 1.902276954641073659e-01
8.177080203583557694e-01 -5.503384339969442651e-01 1.687637468358028359e-01
8.211208194638148772e-01 -5.514614607365759813e-01 1.471423049436160202e-01
8.241154220493946969e-01 -5.523710749926622476e-01 1.253792941038985864e-01
8.266864058813676586e-01 -5.530634552748565635e-01 1.034910696983155909e-01
8.288295466958964797e-01 -5.535227974675823726e-01 8.157264211953799138e-02
8.305427802323481767e-01 -5.537522756958477288e-01 5.964149643981432602e-02
8.318249618807461720e-01 -5.537551890394714071e-01 3.771503854472525730e-02
8.326758556729884075e-01 -5.535349551297741311e-01 1.581055195371583108e-02
8.330961203629251299e-01 -5.530951037703050188e-01 -6.054844441562894086e-03
8.330872927102266345e-01 -5.524392706043559365e-01 -2.786423753342354495e-02
8.326517680959876211e-01 -5.515711908494723703e-01 -4.960095987264361711e-02
8.317927786097614185e-01 -5.504946931165959345e-01 -7.124862809744138270e-02
8.305143687581532097e-01 -5.492136933289180067e-01 -9.279117976608465546e-02
8.288213689541933382e-01 -5.477321887530159916e-01 -1.142129084558653473e-01
8.267193669544430357e-01 -5.460542521524175408e-01 -1.354984970051769655e-01
8.242146774171537071e-01 -5.441840260714277955e-01 -1.566330487897395485e-01
8.213143097598153419e-01 -5.421257172548767933e-01 -1.776021169385035570e-01
8.180259344981104519e-01 -5.398835912074317900e-01 -1.983917314093142648e-01
8.143578482506695915e-01 -5.374619668942787198e-01 -2.189884238589187293e-01
8.103189375951431739e-01 -5.348652115833314458e-01 -2.393792502562445690e-01
8.059186419610070429e-01 -5.320977358276793856e-01 -2.595518112019751245e-01
8.011669157432725896e-01 -5.291639885857442049e-01 -2.794942699311992462e-01
7.960741898189238608e-01 -5.260684524755809832e-01 -2.991953679892439544e-01
7.906513326445366863e-01 -5.228156391589323659e-01 -3.186444385836295634e-01
7.849096111092087602e-01 -5.194100848500176060e-01 -3.378314176273540803e-01
7.788606513117274366e-01 -5.158563459436029675e-01 -3.567468525003585911e-01
7.725163994248985810e-01 -5.121589947566472789e-01 -3.753819085669959921e-01
7.658890828032340892e-01 -5.083226153777358203e-01 -3.937283734975836613e-01
7.589911714828333489e-01 -5.043517996185854502e-01 -4.117786594516265608e-01
7.518353402143663766e-01 -5.002511430621153776e-01 -4.295258031890276107e-01
7.444344311616668541e-01 -4.960252412019110491e-01 -4.469634641835351085e-01
7.368014173896395569e-01 -4.916786856683444396e-01 -4.640859208198002683e-01
7.289493672560656279e-01 -4.872160605371369524e-01 -4.808880647617227999e-01
7.208914098125220882e-01 -4.826419387167406039e-01 -4.973653935852515584e-01
7.126407013100974908e-01 -4.779608784115539910e-01 -5.135140017734841633e-01
7.042103928959493331e-01 -4.731774196586625569e-01 -5.293305701757834436e-01
6.956135995770847957e-01 -4.682960809364822841e-01 -5.448123540357197037e-01
6.868633705181156346e-01 -4.633213558443770586e-01 -5.599571696949730004e-01
6.779726607302036800e-01 -4.582577098529980741e-01 -5.747633800819156313e-01
6.689543041990304584e-01 -4.531095771257469540e-01 -5.892298790944692222e-01
6.598209884904492339e-01 -4.478813574123799435e-01 -6.033560749870289230e-01
6.505852308635551307e-01 -4.425774130163403486e-01 -6.171418728707991352e-01
6.412593559122856668e-01 -4.372020658379223157e-01 -6.305876564358350311e-01
6.318554747483806633e-01 -4.317595944958220189e-01 -6.436942690014675339e-01
6.223854657306174820e-01 -4.262542315300216766e-01 -6.564629939996492469e-01
6.128609567377300005e-01 -4.206901606892691770e-01 -6.688955349931430261e-01
6.032933089753430567e-01 -4.150715143066633916e-01 -6.809939953274192215e-01
5.936936023006248453e-01 -4.094023707670287338e-01 -6.927608575116867007e-01
5.840726220422005621e-01 -4.036867520698658174e-01 -7.041989624206949072e-01
5.744408472871909144e-01 -3.979286214916957221e-01 -7.153114884048565880e-01
5.648084406020452697e-01 -3.921318813515802804e-01 -7.261019303919009626e-01
5.551852391491385319e-01 -3.863003708835010541e-01 -7.365740790587130826e-01
5.455807471568945299e-01 -3.804378642191187931e-01 -7.467320001472937951e-01
5.360041296974740188e-01 -3.745480684842217300e-01 -7.565800139939278246e-01
5.264103480459830786e-01 -3.687090235575634645e-01 -7.661238813923932911e-01
5.168075698727463418e-01 -3.629216251686887551e-01 -7.753694796154013691e-01
5.072035871705636856e-01 -3.571866970789269735e-01 -7.843227554984820715e-01
4.976058246424999165e-01 -3.515049951350094348e-01 -7.929897110734682730e-01
4.880213483591240298e-01 -3.458772111319476927e-01 -8.013763900606828416e-01
4.784568746344282641e-01 -3.403039764917044074e-01 -8.094888651924048162e-01
4.689187790736003003e-01 -3.347858657643058011e-01 -8.173332263393952024e-01
4.594131057495810522e-01 -3.293233999581044458e-01 -8.249155694116921955e-01
4.499455764689083703e-01 -3.239170497059084552e-01 -8.322419860045296991e-01
4.405216000907288820e-01 -3.185672382736545738e-01 -8.393185537600552637e-01
4.311462818660540819e-01 -3.132743444182288783e-01 -8.461513274155090247e-01
4.218244327673507099e-01 -3.080387051009284560e-01 -8.527463305086591117e-01
4.125605787813889092e-01 -3.028606180629244138e-01 -8.591095477115383572e-01
4.033589701409335260e-01 -2.977403442689272040e-01 -8.652469177638955067e-01
3.942235904733562557e-01 -2.926781102250804456e-01 -8.711643269782269883e-01
3.851581658465785263e-01 -2.876741101769198505e-01 -8.768676032887938732e-01
3.761661736949301060e-01 -2.827285081930315802e-01 -8.823625108176311738e-01
3.672508516095353559e-01 -2.778414401398370814e-01 -8.876547449312169880e-01
3.584152059797225398e-01 -2.730130155527164537e-01 -8.927499277621745444e-01
3.496620204737002635e-01 -2.682433194084654637e-01 -8.976536041711216107e-01
3.409938643483639842e-01 -2.635324138038634412e-01 -9.023712381245547753e-01
3.324131005795922245e-01 -2.588803395449112976e-01 -9.069082094654463688e-01
3.239218938057727426e-01 -2.542871176510840270e-01 -9.112698110540408125e-01
3.155222180785698938e-01 -2.497527507787298540e-01 -9.154612462571517506e-01
3.072158644161128160e-01 -2.452772245675403084e-01 -9.194876267650845536e-01
2.990044481548543853e-01 -2.408605089138135535e-01 -9.233539707161254606e-01
2.908894160973308218e-01 -2.365025591740361754e-01 -9.270652011093575284e-01
2.828720534539453935e-01 -2.322033173021192665e-01 -9.306261444873697997e-01
2.749534905777133997e-01 -2.279627129234403360e-01 -9.340415298712245740e-01
2.671347094916448062e-01 -2.237806643486676128e-01 -9.373159879308318176e-01
2.594165502091089204e-01 -2.196570795301733825e-01 -9.404540503746499081e-01
2.517997168481299064e-01 -2.155918569636825766e-01 -9.434601495433828644e-01
2.442847835411042501e-01 -2.115848865376482035e-01 -9.463386181930795171e-01
2.368722001419177048e-01 -2.076360503326994678e-01 -9.490936894537544966e-01
2.295622977328733716e-01 -2.037452233733690610e-01 -9.517294969503427016e-01
2.223552939342283152e-01 -1.999122743341745223e-01 -9.542500750734738135e-01
2.152512980194760950e-01 -1.961370662020042455e-01 -9.566593593882023461e-01
2.082503158398123222e-01 -1.924194568966408891e-01 -9.589611871694574408e-01
2.013522545614806203e-01 -1.887592998511444242e-01 -9.611592980535818009e-01
1.945569272199223210e-01 -1.851564445537126902e-01 -9.632573347959132448e-01
1.878640570948460764e-01 -1.816107370525394393e-01 -9.652588441249223550e-01
1.812732819104969917e-01 -1.781220204250981987e-01 -9.671672776839573826e-01
1.747841578655411898e-01 -1.746901352131940144e-01 -9.689859930521650400e-01
1.683961634970923549e-01 -1.713149198250448202e-01 -9.707182548366477537e-01
1.621087033834958391e-01 -1.679962109055790354e-01 -9.723672358283923511e-01
1.559211116905529493e-01 -1.647338436760660829e-01 -9.739360182149554568e-01
1.498326555659170722e-01 -1.615276522441308482e-01 -9.754275948433215326e-01
1.438425383864251339e-01 -1.583774698851429519e-01 -9.768448705267606114e-01
1.379499028631436253e-01 -1.552831292959148402e-01 -9.781906633899029035e-01
1.321538340089113417e-01 -1.522444628215906537e-01 -9.794677062466196071e-01
1.264533619731498804e-01 -1.492613026565595136e-01 -9.806786480056530753e-01
1.208474647486923320e-01 -1.463334810201818159e-01 -9.818260550992728986e-01
1.153350707553483095e-01 -1.434608303080759650e-01 -9.829124129305560897e-01
1.099150613048832659e-01 -1.406431832196750054e-01 -9.839401273351865429e-01
1.045862729520417311e-01 -1.378803728627272518e-01 -9.849115260539588190e-01
9.934749973618851870e-02 -1.351722328353832658e-01 -9.858288602124372080e-01
9.419749531808059573e-02 -1.325185972864815209e-01 -9.866943058044795878e-01
8.913497501621564512e-02 -1.299193009546187327e-01 -9.875099651765744113e-01
8.415861774713166710e-02 -1.273741791865660444e-01 -9.882778685101667460e-01
7.926706787395720877e-02 -1.248830679355695944e-01 -9.889999752993654525e-01
7.445893696743265122e-02 -1.224458037400544819e-01 -9.896781758216230962e-01
6.973280548354220121e-02 -1.200622236832322443e-01 -9.903142925991721413e-01
6.508722436181221815e-02 -1.177321653340959173e-01 -9.909100818491800577e-01
6.052071654824651287e-02 -1.154554666702720389e-01 -9.914672349207532820e-01
5.603177844678203234e-02 -1.132319659831857728e-01 -9.919873797170790652e-01
5.161888130306103994e-02 -1.110615017659839637e-01 -9.924720821011432381e-01
4.728047252422701296e-02 -1.089439125846509288e-01 -9.929228472836002517e-01
4.301497693836282138e-02 -1.068790369327428241e-01 -9.933411211915054162e-01
3.882079799710065615e-02 -1.048667130701592537e-01 -9.937282918167390511e-01
3.469631892484423968e-02 -1.029067788463643163e-01 -9.940856905430718315e-01
3.063990381795532805e-02 -1.009990715084643914e-01 -9.944145934509255325e-01
2.664989869716826235e-02 -9.914342749454567449e-02 -9.947162225989872875e-01
2.272463251640892065e-02 -9.733968221267151610e-02 -9.949917472819310715e-01
1.886241813110765830e-02 -9.558766980593756679e-02 -9.952422852635890438e-01
1.506155322900997254e-02 -9.388722290398127113e-02 -9.954689039850010968e-01
1.132032122640379279e-02 -9.223817236134222719e-02 -9.956726217468496731e-01
7.636992132598406646e-03 -9.064034698306989990e-02 -9.958544088658629612e-01
4.009823385407390930e-03 -8.909357323797677253e-02 -9.960151888048390800e-01
4.370606603062874781e-04 -8.759767495993658892e-02 -9.961558392760123670e-01
-3.083061344144572870e-03 -8.615247303763008679e-02 -9.962771933175454953e-01
-6.552318142100894971e-03 -8.475778509314377263e-02 -9.963800403429906583e-01
-9.972494715025637807e-03 -8.341342514983107748e-02 -9.964651271636231211e-01
-1.334538478271416265e-02 -8.211920328984989581e-02 -9.965331589836016191e-01
-1.667279008847238550e-02 -8.087492530179508921e-02 -9.965848003679659284e-01
-1.995651969624142458e-02 -7.968039231885051810e-02 -9.966206761835304517e-01
-2.319838929753546830e-02 -7.853540044789088237e-02 -9.966413725127819534e-01
-2.640022052613180334e-02 -7.743974038997038234e-02 -9.966474375409370978e-01
-2.956384027852294177e-02 -7.639319705264217830e-02 -9.966393824163611859e-01
-3.269108003821100117e-02 -7.539554915456005146e-02 -9.966176820845941142e-01
-3.578377520199352985e-02 -7.444656882282173205e-02 -9.965827760962735482e-01
-3.884376440645828654e-02 -7.354602118352157603e-02 -9.965350693892899292e-01
-4.187288885297198171e-02 -7.269366394598908432e-02 -9.964749330455486831e-01
-4.487299162951452480e-02 -7.188924698119895929e-02 -9.964027050227587390e-01
-4.784591702777661604e-02 -7.113251189484788573e-02 -9.963186908617093218e-01
-5.079350985400370860e-02 -7.042319159560307684e-02 -9.962231643695377281e-01
-5.371761473213459287e-02 -6.976100985903803398e-02 -9.961163682795340923e-01
-5.662007539784716381e-02 -6.914568088778146049e-02 -9.959985148880727834e-01
-5.950273398218840215e-02 -6.857690886841624756e-02 -9.958697866692998169e-01
-6.236743028352947221e-02 -6.805438752567671834e-02 -9.957303368682526301e-01
-6.521600102665077447e-02 -6.757779967450387726e-02 -9.955802900731294258e-01
-6.804810865151818267e-02 -6.707676371100697310e-02 -9.954246141517950619e-01
-7.086263577189083618e-02 -6.655101712811821446e-02 -9.952635071930802102e-01
-7.365845038585196181e-02 -6.600030939492591842e-02 -9.950971769759215935e-01
-7.643440636845598435e-02 -6.542440235877573784e-02 -9.949258408933335796e-01
-7.918934398257468366e-02 -6.482307064795192475e-02 -9.947497258551233346e-01
-8.192209040785192187e-02 -6.419610207462576879e-02 -9.945690681688806878e-01
-8.463146028766684037e-02 -6.354329803775370100e-02 -9.943841133988077230e-01
-8.731625629399651645e-02 -6.286447392560286229e-02 -9.941951162019869725e-01
-8.997526971006154783e-02 -6.215945951757765459e-02 -9.940023401417263926e-01
-9.260728103063105288e-02 -6.142809938501619937e-02 -9.938060574776595990e-01
-9.521106057985846693e-02 -6.067025329062128436e-02 -9.936065489323204769e-01
-9.778536914651468626e-02 -5.988579658618597978e-02 -9.934041034339579079e-01
-1.003289586364821823e-01 -5.907462060826978306e-02 -9.931990178354019871e-01
-1.028405727423713223e-01 -5.823663307147661922e-02 -9.929915966088429524e-01
-1.053189476301193833e-01 -5.737175845898163234e-02 -9.927821515164337862e-01
-1.077628126424327593e-01 -5.647993840994910281e-02 -9.925710012566827389e-01
-1.101708910189343055e-01 -5.556113210347910641e-02 -9.923584710866544256e-01
-1.125419006328800542e-01 -5.461531663871576486e-02 -9.921448924200583219e-01
-1.148745547443130594e-01 -5.364248741074483656e-02 -9.919306024013602174e-01
-1.171675627695265842e-01 -5.264265848190328306e-02 -9.917159434561133580e-01
-1.194196310667141603e-01 -5.161586294811797843e-02 -9.915012628177698462e-01
-1.216294637376905685e-01 -5.056215329988492102e-02 -9.912869120312954863e-01
-1.237957634455746081e-01 -4.948160177749453409e-02 -9.910732464339772063e-01
-1.259172322483325113e-01 -4.837430072010212578e-02 -9.908606246138799145e-01
-1.279925724480891480e-01 -4.724036290823604989e-02 -9.906494078464784803e-01
-1.300204874561231294e-01 -4.607992189932907934e-02 -9.904399595100573661e-01
-1.319996826734709250e-01 -4.489313235585107309e-02 -9.902326444805458205e-01
-1.339288663870750462e-01 -4.368017036561329391e-02 -9.900278285065230444e-01
-1.358067506814201464e-01 -4.244123375380636637e-02 -9.898258775652052366e-01
-1.376320523656110739e-01 -4.117654238632535019e-02 -9.896271572002950379e-01
-1.394034939158555475e-01 -3.988633846392613397e-02 -9.894320318426513827e-01
-1.411198044333230595e-01 -3.857088680674789632e-02 -9.892408641148096038e-01
-1.427797206173597178e-01 -3.723047512872616760e-02 -9.890540141204571256e-01
-1.443819877540459540e-01 -3.586541430141063080e-02 -9.888718387200436943e-01
-1.459253607200903524e-01 -3.447603860669078840e-02 -9.886946907937801399e-01
-1.474086050020576300e-01 -3.306270597792101279e-02 -9.885229184933532753e-01
-1.488304977309327093e-01 -3.162579822892486875e-02 -9.883568644837581463e-01
-1.501898287320241610e-01 -3.016572127034596734e-02 -9.881968651767214507e-01
-1.514854015902105944e-01 -2.868290531280011726e-02 -9.880432499572623373e-01
-1.527160347305311083e-01 -2.717780505627029330e-02 -9.878963404050074004e-01
-1.538805625141163591e-01 -2.565089986517252174e-02 -9.877564495119455223e-01
-1.549778363494493660e-01 -2.410269392850709902e-02 -9.876238808983774931e-01
-1.560067258189353212e-01 -2.253371640449545327e-02 -9.874989280288799520e-01
-1.569661198207459862e-01 -2.094452154908890001e-02 -9.873818734301685884e-01
-1.578549277258880779e-01 -1.933568882772113487e-02 -9.872729879128059327e-01
-1.586720805504246434e-01 -1.770782300966199097e-02 -9.871725297987593573e-01
-1.594165321427545856e-01 -1.606155424431563242e-02 -9.870807441568705265e-01
-1.600872603858275456e-01 -1.439753811879208520e-02 -9.869978620483509379e-01
-1.606832684141393519e-01 -1.271645569606699028e-02 -9.869240997844676011e-01
-1.612035858453166326e-01 -1.101901353303070749e-02 -9.868596581986294192e-01
-1.616495289638440191e-01 -9.375383723751466031e-03 -9.868036946089552286e-01
-1.620233378730471796e-01 -7.786244751692218344e-03 -9.867562070262628771e-01
-1.623272927943472665e-01 -6.252267609825587318e-03 -9.867171625603868845e-01
-1.625637139813666254e-01 -4.774114751761307160e-03 -9.866864985658517773e-01
-1.627349615933237625e-01 -3.352439018894873106e-03 -9.866641237801881958e-01
-1.628434355247823373e-01 -1.987882544461702997e-03 -9.866499194529368966e-01
-1.628915751888724561e-01 -6.810756354441900584e-04 -9.866437404633275898e-01
-1.628818592511630525e-01 5.673643666582620180e-04 -9.866454164245633818e-01
-1.628168053114294744e-01 1.756834245124040510e-03 -9.866547527725911815e-01
-1.626989695306324535e-01 2.886746086235381613e-03 -9.866715318371963583e-01
-1.625309462005026795e-01 3.956528475241655879e-03 -9.866955138932230751e-01
-1.623153672532084424e-01 4.965627708806454738e-03 -9.867264381896947434e-01
-1.620549017086731214e-01 5.913509022626890765e-03 -9.867640239545885095e-01
-1.617522550572040030e-01 6.799657832856747727e-03 -9.868079713730093516e-01
-1.614101685751939408e-01 7.623580989909865477e-03 -9.868579625365069274e-01
-1.610314185717619806e-01 8.384808043166578490e-03 -9.869136623612917436e-01
-1.606188155643095417e-01 9.082892515054225360e-03 -9.869747194731257611e-01
-1.601752033810821541e-01 9.717413182922905387e-03 -9.870407670566995195e-01
-1.597034581889462124e-01 1.028797536708978000e-02 -9.871114236673506070e-01
-1.592064874447120248e-01 1.079421222337952416e-02 -9.871862940030392553e-01
-1.586872287684609750e-01 1.123578603844497051e-02 -9.872649696345675574e-01
-1.581486487374638983e-01 1.161238952611072517e-02 -9.873470296921152967e-01
-1.575937415994100588e-01 1.192374712294360165e-02 -9.874320415062656231e-01
-1.570255279038015317e-01 1.216961628121707162e-02 -9.875195612018061730e-01
-1.564470530505047419e-01 1.234978875740273471e-02 -9.876091342427223418e-01
-1.558613857545904091e-01 1.246409189428992516e-02 -9.877002959269418625e-01
-1.552716164267341770e-01 1.251238989480508122e-02 -9.877925718295488267e-01
-1.546808554685927817e-01 1.249458508557532363e-02 -9.878854781933580353e-01
-1.540922314827133932e-01 1.241061916825583235e-02 -9.879785222659298594e-01
-1.535088893966790602e-01 1.226047445661791399e-02 -9.880712025823089606e-01
-1.529339885013371314e-01 1.204417509737418235e-02 -9.881630091929860527e-01
-1.523707004031035761e-01 1.176178827269880323e-02 -9.882534238368171353e-01
-1.518222068904813149e-01 1.141342538238426449e-02 -9.883419200588757780e-01
-1.512916977150765285e-01 1.099924320356150328e-02 -9.884279632734783716e-01
-1.507823682875426285e-01 1.051944502589725709e-02 -9.885110107728888318e-01
-1.502974172890276239e-01 9.974281760171186187e-03 -9.885905116824971195e-01
-1.498400441988464171e-01 9.364053018125380323e-03 -9.886659068635598180e-01
-1.494134467392455867e-01 8.689108161470291206e-03 -9.887366287648950980e-01
-1.490208182382749547e-01 7.949847317923641743e-03 -9.888021012252433684e-01
-1.486653449119266501e-01 7.146722362152449839e-03 -9.888617392283244323e-01
-1.483502030668505667e-01 6.280237859482700434e-03 -9.889149486129562572e-01
-1.480785562251034082e-01 5.350951970236376976e-03 -9.889611257409351985e-01
-1.478535521725387047e-01 4.359477312551279619e-03 -9.889996571257209101e-01
-1.476783199325974461e-01 3.306481781535336451e-03 -9.890299190253125650e-01
-1.475559666674125525e-01 2.192689322603707906e-03 -9.890512770030508438e-01
-1.474895745082979159e-01 1.018880656843930812e-03 -9.890630854604263167e-01
-1.474821973178528367e-01 -2.141060437484776455e-04 -9.890646871463201206e-01
-1.475368573860768862e-01 -1.505374533324154015e-03 -9.890554126474446761e-01
-1.476565420630588099e-01 -2.853969923686367448e-03 -9.890345798650875819e-01
-1.478442003309771435e-01 -4.258878172414653530e-03 -9.890014934835932303e-01
-1.480979580046242194e-01 -5.579854431300388176e-03 -9.889569554775108351e-01
-1.484138563022169566e-01 -6.815972707608204673e-03 -9.889018502874602490e-01
-1.487878739431154618e-01 -7.966355764817098159e-03 -9.888370469759983905e-01
-1.492159297210748359e-01 -9.030176818239084996e-03 -9.887634003913767788e-01
-1.496938851488611166e-01 -1.000666121878455300e-02 -9.886817522389242940e-01
-1.502175471743810997e-01 -1.089508812227314369e-02 -9.885929320535232767e-01
-1.507826709682994204e-01 -1.169479214168266286e-02 -9.884977580669565000e-01
-1.513849627829457201e-01 -1.240516497972986645e-02 -9.883970379642410542e-01
-1.520200828821512418e-01 -1.302565703918593526e-02 -9.882915695234378850e-01
-1.526836485414998779e-01 -1.355577900834561110e-02 -9.881821411338245209e-01
-1.533712371183350021e-01 -1.399510341909214646e-02 -9.880695321877507320e-01
-1.540783891907312186e-01 -1.434326617502991452e-02 -9.879545133419567193e-01
-1.548006117645211455e-01 -1.459996804719232953e-02 -9.878378466446220418e-01
-1.555333815473622372e-01 -1.476497613487403639e-02 -9.877202855249309632e-01
-1.562721482887390045e-01 -1.483812528918268710e-02 -9.876025746424822449e-01
-1.570123381847216837e-01 -1.481931949695624445e-02 -9.874854495944401789e-01
-1.577493573462447618e-01 -1.470853322274600326e-02 -9.873696364789171787e-01
-1.584785953296275751e-01 -1.450581270662268905e-02 -9.872558513136935332e-01
-1.591954287280352986e-01 -1.421127721562226616e-02 -9.871447993100158635e-01
-1.598952248225707362e-01 -1.382512024670861164e-02 -9.870371740018734075e-01
-1.605733452916968118e-01 -1.334761067919121649e-02 -9.869336562318234973e-01
-1.612251499777141162e-01 -1.277909387459669199e-02 -9.868349129951276000e-01
-1.618460007090579411e-01 -1.211999272205214681e-02 -9.867415961446626138e-01
-1.624312651772328031e-01 -1.137080862729566988e-02 -9.866543409597847702e-01
-1.629763208672688757e-01 -1.053212244348334346e-02 -9.865737645830499059e-01
-1.634765590406623836e-01 -9.604595342012477860e-03 -9.865004643294211784e-01
-1.639273887698479149e-01 -8.588969621626434472e-03 -9.864350158733334872e-01
-1.643242410233447248e-01 -7.486069454106574969e-03 -9.863779713197186050e-01
-1.646625728008170308e-01 -6.296801564890902592e-03 -9.863298571658333236e-01
-1.649378713173888233e-01 -5.022155846986096212e-03 -9.862911721614655569e-01
-1.651456582366537806e-01 -3.663205906559368480e-03 -9.862623850758226451e-01
-1.652814939519169080e-01 -2.221109538608248037e-03 -9.862439323801245328e-01
-1.653409819152945326e-01 -6.971091311096806308e-04 -9.862362158556339242e-01
-1.653197730143788902e-01 9.074680039556776157e-04 -9.862396001375492993e-01
-1.652135699962404281e-01 2.591209374322643328e-03 -9.862544102058661277e-01
-1.650181319385903012e-01 4.352617127546515481e-03 -9.862809288349672077e-01
-1.647292787679554282e-01 6.190107949169118551e-03 -9.863193940143412108e-01
-1.643428958247239724e-01 8.102013040662974647e-03 -9.863699963534368065e-01
-1.638549384748975435e-01 1.008657817892136613e-02 -9.864328764842401620e-01
-1.632614367683333234e-01 1.214196385912114443e-02 -9.865081224757140665e-01
-1.625585001431729404e-01 1.426624552285200506e-02 -9.865957672747508456e-01
-1.617423221760296570e-01 1.645741387348007359e-02 -9.866957861887646342e-01
-1.608091853773401247e-01 1.871337528079402082e-02 -9.868080944254853382e-01
-1.597554660310781249e-01 2.103195227706766701e-02 -9.869325447059024148e-01
-1.585776390777713651e-01 2.341088414676300092e-02 -9.870689249666492193e-01
-1.572722830394587545e-01 2.584782761219033692e-02 -9.872169561684039918e-01
-1.558360849848698382e-01 2.834035761753671973e-02 -9.873762902271177033e-01
-1.542658455327007294e-01 3.088596821376790591e-02 -9.875465080850491795e-01
-1.525584838903997487e-01 3.348207354700168115e-02 -9.877271179387003830e-01
-1.507110429253601946e-01 3.612600895303912790e-02 -9.879175536407840408e-01
-1.487257098894884666e-01 3.867599652136837624e-02 -9.881218701617821010e-01
-1.466070855220573677e-01 4.112938740617942679e-02 -9.883393828814902582e-01
-1.443599275553121564e-01 4.348358521407208466e-02 -9.885693647532964867e-01
-1.419891492553808643e-01 4.573605027614476015e-02 -9.888110512134730135e-01
-1.394998177086407554e-01 4.788430396682238216e-02 -9.890636451226896275e-01
-1.368971518425661782e-01 4.992593306180297813e-02 -9.893263217176098134e-01
-1.341865201708253019e-01 5.185859412709010324e-02 -9.895982335498656468e-01
-1.313734382532168177e-01 5.368001793069143018e-02 -9.898785153892305511e-01
-1.284635658619383836e-01 5.538801386820670081e-02 -9.901662890674367556e-01
-1.254627038466494537e-01 5.698047439320281377e-02 -9.904606682388225058e-01
-1.223767906918261789e-01 5.845537944298329069e-02 -9.907607630338464144e-01
-1.192118987609967207e-01 5.981080085010605923e-02 -9.910656845814859173e-01
-1.159742302235843847e-01 6.104490672978921117e-02 -9.913745493766445982e-01
-1.126701126612641712e-01 6.215596583317176821e-02 -9.916864834689393948e-01
-1.093059943519457539e-01 6.314235185626591862e-02 -9.920006264496258330e-01
-1.058884392307236355e-01 6.400254769435105573e-02 -9.923161352139493463e-01
-1.024241215283723111e-01 6.473514963151782986e-02 -9.926321874768946341e-01
-9.891982008920074954e-02 6.533887145507370764e-02 -9.929479850211333503e-01
-9.538241237130537509e-02 6.581254848456913331e-02 -9.932627566569565136e-01
-9.181886813346430698e-02 6.615514150529591686e-02 -9.935757608751126790e-01
-8.823624281408652681e-02 6.636574059624454625e-02 -9.938862881747579925e-01
-8.464167060875879556e-02 6.644356884268502739e-02 -9.941936630501609917e-01
-8.104235725401012780e-02 6.638798592375293184e-02 -9.944972456213828638e-01
-7.744557252593003982e-02 6.619849156567791937e-02 -9.947964328958747160e-01
-7.385864246322391968e-02 6.587472885158227043e-02 -9.950906596497869350e-01
-7.028894132515935145e-02 6.541648737909923350e-02 -9.953793989197678993e-01
-6.674388329564444333e-02 6.482370625741212811e-02 -9.956621620981280785e-01
-6.323091394537798393e-02 6.409647693569062166e-02 -9.959384986264570028e-01
-5.975750146461671769e-02 6.323504585529710065e-02 -9.962079952850887432e-01
-5.633112767961534484e-02 6.223981691854885145e-02 -9.964702750782096219e-01
-5.295927886620675068e-02 6.111135376724642632e-02 -9.967249957168745622e-01
-4.964943637430508511e-02 5.985038186461056481e-02 -9.969718477047337934e-01
-4.640906707733236797e-02 5.845779037470469341e-02 -9.972105520338579998e-01
-4.324561366069410578e-02 5.693463383385231891e-02 -9.974408575006687983e-01
-4.016648476346463409e-02 5.528213360898438095e-02 -9.976625376546215396e-01
-3.717904498739451474e-02 5.350167913826583271e-02 -9.978753873949312014e-01
-3.429060478722754934e-02 5.159482894974923295e-02 -9.980792192332664792e-01
-3.150841025612218654e-02 4.956331145418192696e-02 -9.982738592429425406e-01
-2.883963281972125314e-02 4.740902550844834640e-02 -9.984591427177076373e-01
-2.629135885211616661e-02 4.513404074645694514e-02 -9.986349095657232056e-01
-2.387057922661901116e-02 4.274059767457920322e-02 -9.988009994667669256e-01
-2.158417881390124402e-02 4.023110752901343928e-02 -9.989572468230285551e-01
-1.943892593969510571e-02 3.760815189267695258e-02 -9.991034755361000164e-01
-1.744146181389742353e-02 3.487448206942507511e-02 -9.992394936448748544e-01
-1.559828994258011248e-02 3.203301821355392792e-02 -9.993650878610443877e-01
-1.391576553411227532e-02 2.908684821266552256e-02 -9.994800180407018564e-01
-1.240008491035024529e-02 2.603922632205963456e-02 -9.995840116322244340e-01
-1.105727493366868118e-02 2.289357154886789356e-02 -9.996767581420769044e-01
-9.893182460502141992e-03 1.965346578416433260e-02 -9.997579036614684389e-01
-8.913463832055500830e-03 1.632265168127543242e-02 -9.998270454978684940e-01
-8.118200861195523643e-03 1.304571691315910970e-02 -9.998819449239085833e-01
-7.504694118647551107e-03 9.826457255945532376e-03 -9.999235570784057447e-01
-7.070013052946430218e-03 6.668639080439579120e-03 -9.999527708157942563e-01
-6.810997426766845012e-03 3.575994049135282089e-03 -9.999704106988133168e-01
-6.724259024609534688e-03 5.522137467707226993e-04 -9.999772392873010896e-01
-6.806183638885686046e-03 -2.399055749596867848e-03 -9.999739597051314766e-01
-7.052933341536684296e-03 -5.274219354504235124e-03 -9.999612184656845315e-01
-7.460449048331679878e-03 -8.069738504974315746e-03 -9.999396085346663465e-01
-8.024453382896864356e-03 -1.078213673085925278e-02 -9.999096726076084352e-01
-8.740453847344981098e-03 -1.340800525658954884e-02 -9.998719065779855253e-01
-9.603746306089500778e-03 -1.594400862577556588e-02 -9.998267631706049263e-01
-1.060941878904432707e-02 -1.838689033961025954e-02 -9.997746557137529022e-01
-1.175235561992755626e-02 -2.073347849954111990e-02 -9.997159620225434251e-01
-1.302724187480827633e-02 -2.298069144421931512e-02 -9.996510283650098527e-01
-1.442856817536193430e-02 -2.512554337029962101e-02 -9.995801734817247874e-01
-1.595063582053659820e-02 -2.716514992626006125e-02 -9.995036926291314128e-01
-1.758756225948501783e-02 -2.909673376803966274e-02 -9.994218616163361713e-01
-1.933328690769253386e-02 -3.091763006496025049e-02 -9.993349408048469718e-01
-2.118157730723624690e-02 -3.262529194410732081e-02 -9.992431790406626213e-01
-2.312603563105540203e-02 -3.421729586109935328e-02 -9.991468174882197628e-01
-2.516010553000626662e-02 -3.569134688497709734e-02 -9.990460933360016949e-01
-2.727707932032755189e-02 -3.704528388479717133e-02 -9.989412433441050565e-01
-2.947010550796578046e-02 -3.827708460541957153e-02 -9.988325072047506969e-01
-3.173219664501569781e-02 -3.938487061993813099e-02 -9.987201306876183349e-01
-3.405623751233102792e-02 -4.036691214621747348e-02 -9.986043685429771832e-01
-3.643499362116786600e-02 -4.122163271506995574e-02 -9.984854871368776807e-01
-3.886112002554910350e-02 -4.194761367773148369e-02 -9.983637667941615002e-01
-4.132717043589578115e-02 -4.254359854047504857e-02 -9.982395038267294352e-01
-4.382560662337197516e-02 -4.300849711443403139e-02 -9.981130122263808246e-01
-4.634880810334484486e-02 -4.334138946899194350e-02 -9.979846250035898647e-01
-4.888908208538193800e-02 -4.354152967742865726e-02 -9.978546951558090461e-01
-5.143867367630282350e-02 -4.360834934389243300e-02 -9.977235962512753797e-01
-5.398977632198075083e-02 -4.354146090118845430e-02 -9.975917226168330432e-01
-5.653454247285944617e-02 -4.334066066933448674e-02 -9.974594891209570546e-01
-5.906509445751657178e-02 -4.300593166532751255e-02 -9.973273305459585680e-01
-6.157353554807320356e-02 -4.253744615508787963e-02 -9.971957005462556145e-01
-6.405196120082096156e-02 -4.193556793909373331e-02 -9.970650701925818371e-01
-6.649247045511626208e-02 -4.120085436378338045e-02 -9.969359261050735332e-01
-6.888717747337431974e-02 -4.033405805138108591e-02 -9.968087681812886069e-01
-7.122822320488129966e-02 -3.933612834138718040e-02 -9.966841069283652876e-01
-7.350778715612756031e-02 -3.820821243756044455e-02 -9.965624604116907204e-01
-7.571809925044237222e-02 -3.695165625480457267e-02 -9.964443508356095602e-01
-7.785145175987294441e-02 -3.556800496094499053e-02 -9.963303007748310902e-01
-7.990021129248915666e-02 -3.405900320894340860e-02 -9.962208290782768039e-01
-8.185683081859858323e-02 -3.242659505563951633e-02 -9.961164464701212085e-01
-8.371386171971303969e-02 -3.067292356362887745e-02 -9.960176508756998226e-01
-8.546396584450317857e-02 -2.880033008337878203e-02 -9.959249225027680952e-01
-8.709992755639822670e-02 -2.681135321314707942e-02 -9.958387187112716088e-01
-8.861466575791754341e-02 -2.470872743469992167e-02 -9.957594687073152429e-01
-9.000124587724395164e-02 -2.249538142322123069e-02 -9.956875680993704236e-01
-9.125847134543875472e-02 -2.031451439985379817e-02 -9.956200136693249547e-01
-9.238810906942651613e-02 -1.816909506575861352e-02 -9.955572916654726878e-01
-9.339210903224355598e-02 -1.606207201497238113e-02 -9.954998360169010629e-01
-9.427260355247170376e-02 -1.399636880486187021e-02 -9.954480285641664761e-01
-9.503190627167627802e-02 -1.197487897154937003e-02 -9.954021994918192950e-01
-9.567251086431588503e-02 -1.000046099730457667e-02 -9.953626279558115408e-01
-9.619708946466259958e-02 -8.075933237269765017e-03 -9.953295428977013692e-01
-9.660849080538667921e-02 -6.204068813257605439e-03 -9.953031240364890175e-01
-9.690973806262216661e-02 -4.387590482732078509e-03 -9.952835030278897044e-01
-9.710402640254334194e-02 -2.629165491450509776e-03 -9.952707647798747503e-01
-9.719472022474752448e-02 -9.314004186062416635e-04 -9.952649489124014703e-01
-9.718535009806048008e-02 7.031639763355431502e-04 -9.952660513484136162e-01
-9.707960938475770907e-02 2.272057895574402034e-03 -9.952740260224322011e-01
-9.688135054962847270e-02 3.772887623820908500e-03 -9.952887866923835203e-01
-9.659458115080045426e-02 5.203340617877876342e-03 -9.953102088397253189e-01
-9.622345950979062368e-02 6.561190554488563302e-03 -9.953381316424494418e-01
-9.577229005885135038e-02 7.844302325712001686e-03 -9.953723600051580522e-01
-9.524551836433800545e-02 9.050636970837473705e-03 -9.954126666301402748e-01
-9.464772582553374058e-02 1.017825653362816954e-02 -9.954587941132213569e-01
-9.398362404912545542e-02 1.122532883349034415e-02 -9.955104570481175807e-01
-9.325804890032868277e-02 1.219013213900103400e-02 -9.955673441231172038e-01
-9.247595423250506985e-02 1.307105973209626501e-02 -9.956291201941163127e-01
-9.164240529799945467e-02 1.386662435112458007e-02 -9.956954283183762078e-01
-9.076257184383951238e-02 1.457546250090887945e-02 -9.957658917338317872e-01
-8.984172089688523266e-02 1.519633861793432544e-02 -9.958401157693735906e-01
-8.888520924398181366e-02 1.572814907879235141e-02 -9.959176896722418126e-01
-8.789847561365321527e-02 1.616992604006123324e-02 -9.959981883395144786e-01
-8.688703256686884646e-02 1.652084109789280289e-02 -9.960811739416342014e-01
-8.585645810541674139e-02 1.678020875570263720e-02 -9.961661974269970798e-01
-8.481238700741784708e-02 1.694748968852756096e-02 -9.962527998978200072e-01
-8.376050190051209654e-02 1.702229379281888083e-02 -9.963405138487974044e-01
-8.270652408423243007e-02 1.700438301068201222e-02 -9.964288642614517189e-01
-8.165620411405311030e-02 1.689367391785196945e-02 -9.965173695485652905e-01
-8.061531216054840243e-02 1.669024006500855611e-02 -9.966055423446406047e-01
-7.958962815802320123e-02 1.639431406238359146e-02 -9.966928901399667584e-01
-7.858493175787430174e-02 1.600628939799366574e-02 -9.967789157575556169e-01
-7.760699210280641580e-02 1.552672198024398521e-02 -9.968631176739414235e-01
-7.666155743885795515e-02 1.495633139609016393e-02 -9.969449901865994335e-01
-7.575434458298610507e-02 1.429600187641324842e-02 -9.970240234325171702e-01
-7.489102826471606689e-02 1.354678296075707139e-02 -9.970997032642335833e-01
-7.407723036107585757e-02 1.270988985409406830e-02 -9.971715109914285335e-01
-7.331850904471376440e-02 1.178670346882411749e-02 -9.972389229978855241e-01
-7.262034786573107192e-02 1.077877014576871829e-02 -9.973014102453452434e-01
-7.198814478835835473e-02 9.687801048498211748e-03 -9.973584376774051741e-01
-7.142720120415989304e-02 8.515671225920893803e-03 -9.974094635381770546e-01
-7.094271094396925603e-02 7.264418338668301653e-03 -9.974539386218831405e-01
-7.053974931124054604e-02 5.936241045429172664e-03 -9.974913054709316773e-01
-7.022326215994695309e-02 4.533497046014402405e-03 -9.975209975412465679e-01
-6.999805504057125816e-02 3.058700778575736568e-03 -9.975424383547264462e-01
-6.986878243811533995e-02 1.514520769051135810e-03 -9.975550406596528363e-01
-6.983409172092176764e-02 4.411214968498078717e-05 -9.975586185109494020e-01
-6.988941014161857701e-02 -1.349942620986430055e-03 -9.975538319724807090e-01
-7.002998866799430011e-02 -2.665179384476703238e-03 -9.975413260534464754e-01
-7.025090932606030403e-02 -3.899258218437649109e-03 -9.975217316947857515e-01
-7.054709294082357751e-02 -5.049969219195735853e-03 -9.974956667417299583e-01
-7.091330726608156831e-02 -6.115238116132882228e-03 -9.974637368829214479e-01
-7.134417549358547384e-02 -7.093131703345705377e-03 -9.974265365368881753e-01
-7.183418513094574909e-02 -7.981863074100523092e-03 -9.973846496672176265e-01
-7.237769723667880628e-02 -8.779796643730857983e-03 -9.973386505085111153e-01
-7.296895599982274050e-02 -9.485452946800696991e-03 -9.972891041861172701e-01
-7.360209865058935097e-02 -1.009751319458065087e-02 -9.972365672137318837e-01
-7.427116568757491377e-02 -1.061482357915534240e-02 -9.971815878542150680e-01
-7.497011140612964974e-02 -1.103639931079853503e-02 -9.971247063303952940e-01
-7.569281471159140795e-02 -1.136142837561677187e-02 -9.970664548742093070e-01
-7.643309020022777400e-02 -1.158927500087154720e-02 -9.970073576042394192e-01
-7.718469948990797080e-02 -1.171948281584271265e-02 -9.969479302235623175e-01
-7.794136278174594590e-02 -1.175177769659013251e-02 -9.968886795317852823e-01
-7.869677063322239041e-02 -1.168607028350428928e-02 -9.968301027472157294e-01
-7.944459592260963432e-02 -1.152245816110732818e-02 -9.967726866372632610e-01
-8.017850598389145156e-02 -1.126122769017112203e-02 -9.967169064573989656e-01
-8.089217489079131296e-02 -1.090285548285560915e-02 -9.966632247012708889e-01
-8.157929586799834987e-02 -1.044800951223589201e-02 -9.966120896668865248e-01
-8.223359380720962619e-02 -9.897549848277308049e-03 -9.965639338460933194e-01
-8.284883786518960902e-02 -9.252529013030863503e-03 -9.965191721469046637e-01
-8.341885412068074379e-02 -8.514191948553918518e-03 -9.964781999605076823e-01
-8.393753826667998963e-02 -7.683975591809884091e-03 -9.964413910870278945e-01
-8.439886831432213965e-02 -6.763508051563018285e-03 -9.964090955362977509e-01
-8.479691728437661891e-02 -5.754607383057523326e-03 -9.963816372219547191e-01
-8.512586586216693008e-02 -4.659279957051549667e-03 -9.963593115691660174e-01
-8.538001499155439822e-02 -3.479718420564207292e-03 -9.963423830581136231e-01
-8.555379838348672883e-02 -2.218299247485334275e-03 -9.963310827270612791e-01
-8.564179491448985215e-02 -8.775798779920333196e-04 -9.963256056603423394e-01
-8.563874089037454285e-02 5.397045534884222038e-04 -9.963261084879371232e-01
-8.553954215033135466e-02 2.030644901233561589e-03 -9.963327069244325429e-01
-8.533928598649373476e-02 3.592162100766668753e-03 -9.963454733760616078e-01
-8.503325285395513244e-02 5.221011668855670730e-03 -9.963644346451886458e-01
-8.461692784612825924e-02 6.913788608045567594e-03 -9.963895697620285263e-01
-8.408601191022971322e-02 8.666932712002773168e-03 -9.964208079735497048e-01
-8.343643277755984078e-02 1.047673426715068322e-02 -9.964580269194067697e-01
-8.266435558312443255e-02 1.233934014527365321e-02 -9.965010510243658137e-01
-8.176619314901248381e-02 1.425076028095990412e-02 -9.965496501360237014e-01
-8.073861590580472258e-02 1.620687452694097655e-02 -9.966035384356781712e-01
-7.957856142614347372e-02 1.820343987956445780e-02 -9.966623736489704788e-01
-7.828324354445112543e-02 2.023609806580590684e-02 -9.967257565814102716e-01
-7.685016103664782383e-02 2.230038348238349080e-02 -9.967932310020938269e-01
-7.527710583359616126e-02 2.439173147668286315e-02 -9.968642838968585496e-01
-7.356217074190191108e-02 2.650548695832895957e-02 -9.969383461097784949e-01
-7.170375664563415075e-02 2.863691332935403011e-02 -9.970147933893175329e-01
-6.970057916250853303e-02 3.078120172000674282e-02 -9.970929478526235901e-01
-6.755167472811553220e-02 3.293348051632456752e-02 -9.971720798783909601e-01
-6.525944963327147408e-02 3.501868646765977228e-02 -9.972536766704866995e-01
-6.282828485881256086e-02 3.703205975680429196e-02 -9.973370708983593236e-01
-6.026289097332206135e-02 3.896895865113918916e-02 -9.974215779021496919e-01
-5.756830135092892015e-02 4.082487115592296073e-02 -9.975065014433954769e-01
-5.474986454423521470e-02 4.259542654940659534e-02 -9.975911396119164776e-01
-5.181323581076274082e-02 4.427640676919552404e-02 -9.976747908394936193e-01
-4.876436779395645210e-02 4.586375761876336499e-02 -9.977567599691609113e-01
-4.560950036259335538e-02 4.735359976260398313e-02 -9.978363643275605099e-01
-4.235514961540332718e-02 4.874223947819632252e-02 -9.979129397468829987e-01
-3.900809606079348041e-02 5.002617913275866912e-02 -9.979858464824581388e-01
-3.557537198475797108e-02 5.120212735269288190e-02 -9.980544749720839937e-01
-3.206424802332563662e-02 5.226700885367117910e-02 -9.981182513837010273e-01
-2.848221895922173341e-02 5.321797389950365387e-02 -9.981766428990427320e-01
-2.483698876576860559e-02 5.405240735824796278e-02 -9.982291626824203457e-01
-2.113645492439344617e-02 5.476793732448652363e-02 -9.982753744858352540e-01
-1.738869204541876323e-02 5.536244327730240056e-02 -9.983148968441433180e-01
-1.360193482505160124e-02 5.583406374423335178e-02 -9.983474068170102855e-01
-9.784560374630227320e-03 5.618120344237227670e-02 -9.983726432378824400e-01
-5.945069961202092620e-03 5.640253986880933851e-02 -9.983904094341227164e-01
-2.092070201365431401e-03 5.649702931377172110e-02 -9.984005753868067101e-01
1.765746247017625867e-03 5.646391227110567762e-02 -9.984030793033974449e-01
5.619620448160717388e-03 5.630271822215555250e-02 -9.983979285815879345e-01
9.460747357431402438e-03 5.601326977061746315e-02 -9.983852001479711635e-01
1.328029634486261462e-02 5.559568610757209539e-02 -9.983650401608228364e-01
1.706943202006379334e-02 5.505038578762166956e-02 -9.983376630721098044e-01
2.081933530404314614e-02 5.437808879885953212e-02 -9.983033500498180723e-01
2.452122469227783000e-02 5.357981791127556376e-02 -9.982624467677649882e-01
2.816637765247724870e-02 5.265689929013503412e-02 -9.982153605761675541e-01
3.174615209987434461e-02 5.161096236285050987e-02 -9.981625570723211549e-01
3.525200789254514383e-02 5.044393892988421890e-02 -9.981045560967383157e-01
3.867552828918793123e-02 4.915806151225990406e-02 -9.980419271859438668e-01
4.200844131197635500e-02 4.775586093031802121e-02 -9.979752845187644938e-01
4.524264095751875936e-02 4.624016311040486660e-02 -9.979052813983221304e-01
4.837020819958832291e-02 4.461408511823582168e-02 -9.978326043169873927e-01
5.138343172811210557e-02 4.288103041970633272e-02 -9.977579666562153005e-01
5.427482836989726278e-02 4.104468337193382249e-02 -9.976821020774198079e-01
5.703716313770207380e-02 3.910900294929334914e-02 -9.976057576637934465e-01
5.966346885550105617e-02 3.707821571115444553e-02 -9.975296868762050240e-01
6.214706530911914134e-02 3.495680801993226311e-02 -9.974546423889647517e-01
6.448157787279250319e-02 3.274951751993102067e-02 -9.973813688733059735e-01
6.666095556362669483e-02 3.046132388928065107e-02 -9.973105957978545266e-01
6.867948847734177409e-02 2.809743887904907547e-02 -9.972430303161307075e-01
7.053182456009712831e-02 2.566329565535424226e-02 -9.971793503112226231e-01
7.221298567255640677e-02 2.316453746200480140e-02 -9.971201976671849598e-01
7.371838290366944380e-02 2.060700562286976387e-02 -9.970661718354345560e-01
7.504383109290209408e-02 1.799672690482027881e-02 -9.970178237624501838e-01
7.618556252082860081e-02 1.533990026370581072e-02 -9.969756502424300670e-01
7.714023972911157601e-02 1.264288299742806140e-02 -9.969400887552448687e-01
7.790496743193409124e-02 9.912176331764419729e-03 -9.969115128460572794e-01
7.847730348192290262e-02 7.154410466174217220e-03 -9.968902280983938935e-01
7.885526885452300017e-02 4.376329108400456129e-03 -9.968764687472825292e-01
7.903735661566750614e-02 1.584773528261643454e-03 -9.968703949733480618e-01
7.902253983845296259e-02 -1.213333837383694103e-03 -9.968720909125384777e-01
7.881027843540318323e-02 -4.011006194920734187e-03 -9.968815634094798650e-01
7.840052487381114765e-02 -6.801209584325113369e-03 -9.968987415353933734e-01
7.779372874261915316e-02 -9.576880412772086765e-03 -9.969234768841079841e-01
7.699084014036360057e-02 -1.233094329308485372e-02 -9.969555446520393938e-01
7.599331185490665330e-02 -1.505632914697281263e-02 -9.969946455001433838e-01
7.480310030703560265e-02 -1.774599353138692562e-02 -9.970404081878750935e-01
7.342266523156579239e-02 -2.039293514470585933e-02 -9.970923929611573699e-01
7.185496807136663999e-02 -2.299021446787266609e-02 -9.971500956683780892e-01
7.010346906177201964e-02 -2.553097249403918703e-02 -9.972129525705665243e-01
6.817212298516306390e-02 -2.800844949875701262e-02 -9.972803458042337477e-01
6.606537357814613876e-02 -3.041600380129506898e-02 -9.973516094479835115e-01
6.378814657670921207e-02 -3.274713046628070084e-02 -9.974260361369907679e-01
6.134584138803875902e-02 -3.499547989357137262e-02 -9.975028841628857945e-01
5.874432138132346798e-02 -3.715487624308605463e-02 -9.975813849905594832e-01
5.598990279386013846e-02 -3.921933564027850483e-02 -9.976607511179845789e-01
5.308934225310448646e-02 -4.118308410703801214e-02 -9.977401842004147703e-01
5.004982291996129540e-02 -4.304057516207653034e-02 -9.978188833563358395e-01
4.687893926356293678e-02 -4.478650703432294350e-02 -9.978960535693646161e-01
4.358468048301476078e-02 -4.641583943251409439e-02 -9.979709140979829973e-01
4.017541259705512818e-02 -4.792380981406430679e-02 -9.980427068035880867e-01
3.665985922824523818e-02 -4.930594909642632001e-02 -9.981107043068899731e-01
3.304708111412248128e-02 -5.055809675453957347e-02 -9.981742178832074819e-01
2.934645438366841053e-02 -5.167641524860783903e-02 -9.982326050087276803e-01
2.556764764340213603e-02 -5.265740372736555513e-02 -9.982852764723072481e-01
2.172059792335279127e-02 -5.349791095318655321e-02 -9.983317029708979051e-01
1.781548553902881707e-02 -5.419514739686227822e-02 -9.983714211111591741e-01
1.386270793122526025e-02 -5.474669645162913434e-02 -9.984040387452448595e-01
9.872852551030975726e-03 -5.515052471805145795e-02 -9.984292395750795635e-01
5.856668862655615981e-03 -5.540499131366170837e-02 -9.984467869666177053e-01
1.825039541634234513e-03 -5.550885616381157073e-02 -9.984565269235388119e-01
-2.211049049467507868e-03 -5.546128723298423407e-02 -9.984583901785010207e-01
-6.240537021580058047e-03 -5.526186665884268850e-02 -9.984523933693633113e-01
-1.025232166593850400e-02 -5.491059575452266611e-02 -9.984386392775973507e-01
-1.423528861403606030e-02 -5.440789884810168925e-02 -9.984173161163423238e-01
-1.817834335492094291e-02 -5.375462593176377063e-02 -9.983886958660890265e-01
-2.207044301190983632e-02 -5.295205409690977028e-02 -9.983531316667069166e-01
-2.590062827921403230e-02 -5.200188773531008030e-02 -9.983110542853146363e-01
-2.965805541794490005e-02 -5.090625749033453329e-02 -9.982629676902238236e-01
-3.333202821047425574e-02 -4.966771794629796372e-02 -9.982094437717263791e-01
-3.691202977215429781e-02 -4.828924404800427617e-02 -9.981511162607200616e-01
-4.038775411992517189e-02 -4.677422624663268858e-02 -9.980886739059539048e-01
-4.374913739832200082e-02 -4.512646437216468603e-02 -9.980228529798960135e-01
-4.698638866479781101e-02 -4.335016023657802670e-02 -9.979544291917720189e-01
-5.009002013805853581e-02 -4.144990897601670554e-02 -9.978842090940766019e-01
-5.305087681521201970e-02 -3.943068914406634706e-02 -9.978130210757241159e-01
-5.586016536591226905e-02 -3.729785157211015084e-02 -9.977417060408823035e-01
-5.850948221428017848e-02 -3.505710701650023575e-02 -9.976711078773451424e-01
-6.099413306971786936e-02 -3.278466497709350835e-02 -9.975995595446559561e-01
-6.331175284687962090e-02 -3.048662438590615462e-02 -9.975280383990592359e-01
-6.546042887610667438e-02 -2.816919776974722428e-02 -9.974574819179062857e-01
-6.743870979817588596e-02 -2.583869417301805013e-02 -9.973887817544926371e-01
-6.924561321362557309e-02 -2.350150160105969957e-02 -9.973227783020628401e-01
-7.088063205453054572e-02 -2.116406902797052236e-02 -9.972602558067926726e-01
-7.234373964912306498e-02 -1.883288801472766255e-02 -9.972019380634673524e-01
-7.363539345219571874e-02 -1.651447398530448904e-02 -9.971484847211261604e-01
-7.475653741679226527e-02 -1.421534721027643659e-02 -9.971004882192134877e-01
-7.570860298531126298e-02 -1.194201354914569899e-02 -9.970584713678323219e-01
-7.649350868083538979e-02 -9.700945004284207418e-03 -9.970228855786188449e-01
-7.711365828227749464e-02 -7.498560140986623018e-03 -9.969941097456274104e-01
-7.757193756982336263e-02 -5.341204429631498350e-03 -9.969724497685129583e-01
-7.787170963017225889e-02 -3.235130567358849261e-03 -9.969581387033087383e-01
-7.801680871424755692e-02 -1.186478837974363435e-03 -9.969513375193004290e-01
-7.801153264338946125e-02 7.987424300284870667e-04 -9.969521364339781755e-01
-7.786063376356383570e-02 2.714676246390936368e-03 -9.969605567918841116e-01
-7.756930845083648274e-02 4.555636121121703005e-03 -9.969765534474421820e-01
-7.714318517527839203e-02 6.316124943073446810e-03 -9.970000176066338149e-01
-7.658831113458751394e-02 7.990853511943875331e-03 -9.970307800777321594e-01
-7.591113747303414316e-02 9.574758660225337129e-03 -9.970686148772983648e-01
-7.511850310585396762e-02 1.106302090147983155e-02 -9.971132431343262548e-01
-7.421761717391309188e-02 1.245108154139410589e-02 -9.971643372328464761e-01
-7.321604015833658996e-02 1.373465918838521690e-02 -9.972215251315134088e-01
-7.212166368980435505e-02 1.490976560109285448e-02 -9.972843947977204637e-01
-7.094268909234938136e-02 1.597272081092130855e-02 -9.973524986936506131e-01
-6.968760470671372942e-02 1.692016745888998489e-02 -9.974253582523785466e-01
-6.836516204359247006e-02 1.774908428742353467e-02 -9.975024682836955980e-01
-6.698435082238851646e-02 1.845679872936526258e-02 -9.975833012517226761e-01
-6.555437295637223105e-02 1.904099853843261442e-02 -9.976673113695874173e-01
-6.408461555034837553e-02 1.949974240755038973e-02 -9.977539384604312556e-01
-6.258462298203658347e-02 1.983146952399296101e-02 -9.978426115387416528e-01
-6.106406814332966670e-02 2.003500801303519097e-02 -9.979327520714182942e-01
-5.953272292236416741e-02 2.010958222484466804e-02 -9.980237768840064527e-01
-5.800042801188159264e-02 2.005481882263443483e-02 -9.981151006841019191e-01
-5.647706213363903188e-02 1.987075163362251456e-02 -9.982061381809542722e-01
-5.497251077261029739e-02 1.955782522809696930e-02 -9.982963057876813595e-01
-5.349663451837344263e-02 1.911689719584593050e-02 -9.983850229001558496e-01
-5.205923711438078388e-02 1.854923909336238241e-02 -9.984717127544303628e-01
-5.067003331873139865e-02 1.785653603955357147e-02 -9.985558028724156321e-01
-4.933861668259666849e-02 1.704088494215400679e-02 -9.986367251133083656e-01
-4.807442735457345684e-02 1.610479134163772877e-02 -9.987139153558628468e-01
-4.688672002094948499e-02 1.505116486412831113e-02 -9.987868128438999182e-01
-4.578453209315718614e-02 1.388331327959239220e-02 -9.988548592343320376e-01
-4.477665225456646525e-02 1.260493516645346326e-02 -9.989174973933485635e-01
-4.387158947922688984e-02 1.122011118865679120e-02 -9.989741699921383944e-01
-4.307754263522260013e-02 9.733293996134328302e-03 -9.990243179585382993e-01
-4.240237078495779494e-02 8.149296764542174679e-03 -9.990673788451848170e-01
-4.185356429395731964e-02 6.473280395055592065e-03 -9.991027851780389657e-01
-4.143821685865702736e-02 4.710739399892321759e-03 -9.991299628514778153e-01
-4.115614924658601848e-02 3.007990969853799150e-03 -9.991481986754966460e-01
-4.100270386361348079e-02 1.370521312133369911e-03 -9.991580953445611257e-01
-4.097279127321062919e-02 -1.963706037759335114e-04 -9.991602430834851667e-01
-4.106090443173382454e-02 -1.687592159139173755e-03 -9.991552200259227190e-01
-4.126113445107011668e-02 -3.098275696077097165e-03 -9.991435927922008853e-01
-4.156718785152809653e-02 -4.423796554824760592e-03 -9.991259172226839569e-01
-4.197240526236388491e-02 -5.659790469094608256e-03 -9.991027392207869617e-01
-4.246978152185706956e-02 -6.802170251583344179e-03 -9.990745956584491383e-01
-4.305198712341857387e-02 -7.847141703037702892e-03 -9.990420152963479516e-01
-4.371139094884847476e-02 -8.791218679954155429e-03 -9.990055196714104913e-01
-4.444008422459571478e-02 -9.631237257934214743e-03 -9.989656239052553399e-01
-4.522990563173318740e-02 -1.036436892995078879e-02 -9.989228373890725043e-01
-4.607246749538235903e-02 -1.098813278130025134e-02 -9.988776643031009872e-01
-4.695918297453276907e-02 -1.150040658581557435e-02 -9.988306039322625285e-01
-4.788129416863458332e-02 -1.189943677099172467e-02 -9.987821507436107638e-01
-4.882990105302755651e-02 -1.218384720301692557e-02 -9.987327941960106870e-01
-4.979599115123578557e-02 -1.235264674630147733e-02 -9.986830182578004811e-01
-5.077046984843145566e-02 -1.240523555593661328e-02 -9.986333006140409863e-01
-5.174419124697651751e-02 -1.234141006558419143e-02 -9.985841115512396060e-01
-5.270798946190963924e-02 -1.216136663757714197e-02 -9.985359125140551573e-01
-5.365271025157440643e-02 -1.186570384648190021e-02 -9.984891543353520138e-01
-5.456924287629719844e-02 -1.145542337201780475e-02 -9.984442751479710720e-01
-5.544855207612888609e-02 -1.093192948202368481e-02 -9.984016979936163327e-01
-5.628171005716926800e-02 -1.029702709108701320e-02 -9.983618281512064430e-01
-5.705992837489818476e-02 -9.552918385483907468e-03 -9.983250502138047988e-01
-5.777458960224084866e-02 -8.702198010196742287e-03 -9.982917249497049728e-01
-5.841727866979081613e-02 -7.747846818958064631e-03 -9.982621859893040517e-01
-5.897981376569409045e-02 -6.693224193493293658e-03 -9.982367363849448116e-01
-5.945427668315061975e-02 -5.542058943379364958e-03 -9.982156450958415972e-01
-5.983304250430203364e-02 -4.298438803181999120e-03 -9.981991434544436048e-01
-6.010880851043257089e-02 -2.966798548761714113e-03 -9.981874216740405092e-01
-6.027462220989934089e-02 -1.551906759830234354e-03 -9.981806254600119610e-01
-6.032390837701378378e-02 -5.885126097817847644e-05 -9.981788527887984763e-01
-6.025049499720500773e-02 1.506976721533441867e-03 -9.981821509193805619e-01
-6.004863801619617775e-02 3.139899644935174525e-03 -9.981905137017539342e-01
-5.971304479360763084e-02 4.833971929885827468e-03 -9.982038792455637521e-01
-5.923889616435812355e-02 6.582999383215213871e-03 -9.982221280096964522e-01
-5.862186701446563120e-02 8.380559706831070335e-03 -9.982450813702362646e-01
-5.785814528135088675e-02 1.022002403160222894e-02 -9.982725007197894573e-01
-5.694444929252420740e-02 1.209457941062105218e-02 -9.983040871458104260e-01
-5.587804336059606219e-02 1.399725220198583080e-02 -9.983394817292697843e-01
-5.465675155690480347e-02 1.592093226713826859e-02 -9.983782664978642085e-01
-5.327896959071369565e-02 1.785839790685271947e-02 -9.984199660600545645e-01
-5.174367472591000910e-02 1.980234145321358580e-02 -9.984640499376307154e-01
-5.005043367245785163e-02 2.174539543234746755e-02 -9.985099356053457331e-01
-4.819940839553165518e-02 2.368015920931018994e-02 -9.985569922365538087e-01
-4.619135979130632036e-02 2.559922602338065081e-02 -9.986045451438595455e-01
-4.402764918481850975e-02 2.749521031909912122e-02 -9.986518808936691860e-01
-4.171023761215567061e-02 2.936077527572481666e-02 -9.986982530633776722e-01
-3.924168285648432092e-02 3.118866043539485558e-02 -9.987428885998708150e-01
-3.663222490387451485e-02 3.283127168393457085e-02 -9.987893609078914992e-01
-3.389695313684635419e-02 3.428227221578288714e-02 -9.988371850133406227e-01
-3.105147791236852889e-02 3.553600763847362953e-02 -9.988858782088954058e-01
-2.811187567151830075e-02 3.658753263658778149e-02 -9.989349702172071188e-01
-2.509463170271225910e-02 3.743263519897638281e-02 -9.989840124428562840e-01
-2.201658075066371609e-02 3.806785827846581594e-02 -9.990325861468277724e-01
-1.889484567726981354e-02 3.849051876202248118e-02 -9.990803093967516313e-01
-1.574677439381250849e-02 3.869872363899416745e-02 -9.991268426682783366e-01
-1.258987529599754282e-02 3.869138326550534968e-02 -9.991718929973947283e-01
-9.441751444297388773e-03 3.846822163429523822e-02 -9.992152166098761112e-01
-6.320033741672679943e-03 3.802978357117201003e-02 -9.992566199819988837e-01
-3.242313368912669649e-03 3.737743879172650968e-02 -9.992959593156709452e-01
-2.260737444781907128e-04 3.651338276490870977e-02 -9.993331384408071782e-01
2.711377719199314310e-03 3.544063434342099167e-02 -9.993681051875993315e-01
5.552977787530083420e-03 3.416303013452121756e-02 -9.994008463008083876e-01
8.281975226356128733e-03 3.268521559865312370e-02 -9.994313809968420337e-01
1.088199799761982098e-02 3.101263287723184103e-02 -9.994597532916811300e-01
1.333711955151088875e-02 2.915150536481189714e-02 -9.994860232532022382e-01
1.563192394096183865e-02 2.710881905466521261e-02 -9.995102573546542635e-01
1.775156948808931032e-02 2.489230070041587722e-02 -9.995325181265604098e-01
1.968185073703595037e-02 2.251039284974601720e-02 -9.995528533217361566e-01
2.140925843351773258e-02 1.997222581924235421e-02 -9.995712848221010027e-01
2.292103727808613919e-02 1.728758669214743721e-02 -9.995877975262176252e-01
2.420524120753782607e-02 1.446688543307600786e-02 -9.996023284627801875e-01
2.525078596692037491e-02 1.152111822563001500e-02 -9.996147563774137046e-01
2.604749874308047095e-02 8.461828150280775035e-03 -9.996248920380248482e-01
2.658616463958966489e-02 5.301063330878613526e-03 -9.996324694975176062e-01
2.685856978209603257e-02 2.051332688702143820e-03 -9.996371385419685618e-01
2.685754085264854124e-02 -1.274440546919580752e-03 -9.996384585374447074e-01
2.657698086131493262e-02 -4.662967412674932921e-03 -9.996358938696929819e-01
2.601190097348381192e-02 -8.100643701988666234e-03 -9.996288111481692606e-01
2.515844822165743191e-02 -1.157360219543864324e-02 -9.996164783195892189e-01
2.401392894138075496e-02 -1.506776644537848042e-02 -9.995980658067359359e-01
2.257682778231641721e-02 -1.856890592110556001e-02 -9.995726497560559753e-01
2.084682215748569906e-02 -2.206269231311623613e-02 -9.995392174430869359e-01
1.882479200648776163e-02 -2.553475678757449741e-02 -9.994966748484953589e-01
1.651282476222569115e-02 -2.897074797510833591e-02 -9.994438563800185360e-01
1.391421542545125990e-02 -3.235639047147345626e-02 -9.993795366774895772e-01
1.103346166742506622e-02 -3.567754362153249120e-02 -9.993024443999877215e-01
7.876253898293784569e-03 -3.892026035244847831e-02 -9.992112778566329956e-01
4.449460257506719640e-03 -4.207084581705427401e-02 -9.991047223062671234e-01
7.611065027931496717e-04 -4.511591560411593038e-02 -9.989814687168704355e-01
-3.179649204074091063e-03 -4.804245326874854310e-02 -9.988402337436750322e-01
-7.362546593312844362e-03 -5.083786693366437043e-02 -9.986797806561454882e-01
-1.177625861893691166e-02 -5.349004471033683844e-02 -9.984989409188791409e-01
-1.640843175439152951e-02 -5.598740868865281078e-02 -9.982966361105329867e-01
-2.124573115303014792e-02 -5.831896724429942724e-02 -9.980718998485893501e-01
-2.627389054648216621e-02 -6.047436541508603713e-02 -9.978238993765113918e-01
-3.147776672535559234e-02 -6.244393310072132719e-02 -9.975519564639391268e-01
-3.684139841778234087e-02 -6.421873084532413178e-02 -9.972555672702684282e-01
-4.234806935239777276e-02 -6.579059296820065350e-02 -9.969344208273869246e-01
-4.798037526383119866e-02 -6.715216781620930719e-02 -9.965884158085586142e-01
-5.372029457107103251e-02 -6.829695492037464455e-02 -9.962176752674020141e-01
-5.954926243256724455e-02 -6.921933885029854516e-02 -9.958225590534385274e-01
-6.544824785705279091e-02 -6.991461957232003588e-02 -9.954036736385418749e-01
-7.139783352619846757e-02 -7.037903913124074484e-02 -9.949618791214364100e-01
-7.737829796472976696e-02 -7.060980449068338105e-02 -9.944982932147169441e-01
-8.336969967586023433e-02 -7.060510638368273917e-02 -9.940142920601525711e-01
-8.935196284511438825e-02 -7.036413404280142392e-02 -9.935115077626631708e-01
-9.530496420404951929e-02 -6.988708569777295210e-02 -9.929918225806220189e-01
-1.012086206371973912e-01 -6.917517474824652624e-02 -9.924573597592911689e-01
-1.070429771108220435e-01 -6.823063153947173110e-02 -9.919104710444257567e-01
-1.127882945008421428e-01 -6.705670068954032448e-02 -9.913537209635715497e-01
-1.184251368994323345e-01 -6.565763393791704261e-02 -9.907898680124640478e-01
-1.239344579852633271e-01 -6.403867850626221436e-02 -9.902218429323869087e-01
-1.292976860508580073e-01 -6.220606098380322690e-02 -9.896527243105223137e-01
-1.344968072918629187e-01 -6.016696677058525761e-02 -9.890857117784344066e-01
-1.395144469768369033e-01 -5.792951513267489971e-02 -9.885240971231211704e-01
-1.443339481320759787e-01 -5.550272994366906715e-02 -9.879712336598578393e-01
-1.489394473936257735e-01 -5.289650620656285995e-02 -9.874305042457272030e-01
-1.533159476975655688e-01 -5.012157246906077251e-02 -9.869052883367551710e-01
-1.574493874994597475e-01 -4.718944926370527426e-02 -9.863989285095116077e-01
-1.613267062341557923e-01 -4.411240372169784180e-02 -9.859146968795582389e-01
-1.649359057474746315e-01 -4.090340052597322279e-02 -9.854557618540029651e-01
-1.682661074514456012e-01 -3.757604938495213293e-02 -9.850251556535319919e-01
-1.713076049742822959e-01 -3.414454922345194071e-02 -9.846257430306319947e-01
-1.740519120950407561e-01 -3.062362930150561505e-02 -9.842601915953871350e-01
-1.764918057706744148e-01 -2.702848748536260115e-02 -9.839309441384530563e-01
-1.786213640799006741e-01 -2.337472590776572962e-02 -9.836401933128898767e-01
-1.804359989238987771e-01 -1.967828426676128395e-02 -9.833898590028972153e-01
-1.819324833384157736e-01 -1.595537102384897779e-02 -9.831815686686452560e-01
-1.831089732854910279e-01 -1.222239277325214667e-02 -9.830166409129390548e-01
-1.839650238059068466e-01 -8.495882064512058629e-03 -9.828960724680598782e-01
-1.845015994258812075e-01 -4.792423970495928061e-03 -9.828205287505433763e-01
-1.847210787237326124e-01 -1.128581702249887176e-03 -9.827903380786784382e-01
-1.846272529745963953e-01 2.479178419100530172e-03 -9.828054895929920765e-01
-1.842253188041078071e-01 6.014562315046718087e-03 -9.828656348648049379e-01
-1.835218647956488591e-01 9.461523501170198552e-03 -9.829700931230054284e-01
-1.825248520106304284e-01 1.280433810488990076e-02 -9.831178599754027969e-01
-1.812435883976758200e-01 1.602767921119268441e-02 -9.833076194493025612e-01
-1.796886970847706433e-01 1.911669019329485103e-02 -9.835377591271708964e-01
-1.778720785686826733e-01 2.205705668159430033e-02 -9.838063881082912410e-01
-1.758068668384009936e-01 2.483507682201645944e-02 -9.841113574869553293e-01
-1.735073794940951708e-01 2.743772947409557975e-02 -9.844502830027268558e-01
-1.709890619501634734e-01 2.985274000003177580e-02 -9.848205694893213957e-01
-1.682684258402573629e-01 3.206864329868235747e-02 -9.852194367262437913e-01
-1.653629817735772778e-01 3.407484374313295150e-02 -9.856439462819656105e-01
-1.622911666249928497e-01 3.586167168728119498e-02 -9.860910289294694264e-01
-1.590722655763275040e-01 3.742043621586358532e-02 -9.865575122146426068e-01
-1.557263291620696877e-01 3.874347382364678322e-02 -9.870401477653560907e-01
-1.522666354747750916e-01 3.996300800370168604e-02 -9.875311789505923921e-01
-1.487023536268912427e-01 4.107288495331773426e-02 -9.880286574087391305e-01
-1.450431971414000709e-01 4.206744648857313473e-02 -9.885306270655918048e-01
-1.412993814048513763e-01 4.294155962916114400e-02 -9.890351394317384859e-01
-1.374815783069541775e-01 4.369064392523808876e-02 -9.895402685278178456e-01
-1.336008682479673249e-01 4.431069637093935226e-02 -9.900441252715951324e-01
-1.296686897131504312e-01 4.479831375871206472e-02 -9.905448711689681662e-01
-1.256967866309291193e-01 4.515071233908838494e-02 -9.910407311616529213e-01
-1.216971537479986931e-01 4.536574466193675492e-02 -9.915300054972634447e-01
-1.176819802701476320e-01 4.544191348753507526e-02 -9.920110805025746936e-01
-1.136635920319396531e-01 4.537838266895505290e-02 -9.924824381577066479e-01
-1.096543924713777041e-01 4.517498492116585329e-02 -9.929426643875047809e-01
-1.056668026971240432e-01 4.483222640688470928e-02 -9.933904560062000177e-01
-1.017132009456267056e-01 4.435128808444049886e-02 -9.938246262721713853e-01
-9.780586173348243539e-02 4.373402377868547408e-02 -9.942441090309345197e-01
-9.395689501645250463e-02 4.298295495219598555e-02 -9.946479614459695640e-01
-9.017818567066712698e-02 4.210126217054734055e-02 -9.950353653382869590e-01
-8.648133361365875627e-02 4.109277327222955051e-02 -9.954056271763295216e-01
-8.287759488293319765e-02 3.996194827068721284e-02 -9.957581767775461890e-01
-7.937782398782233795e-02 3.871386103291540176e-02 -9.960925648013817524e-01
-7.599241784639083896e-02 3.735417779592323240e-02 -9.964084591301708427e-01
-7.273126161323972827e-02 3.588913259908833864e-02 -9.967056402492004974e-01
-6.960367669623007680e-02 3.432549972687379963e-02 -9.969839957497321770e-01
-6.661837125052454123e-02 3.267056327247255115e-02 -9.972435140888322724e-01
-6.378339342701132286e-02 3.093208394859680091e-02 -9.974842777472664457e-01
-6.110608763924102460e-02 2.911826328676033609e-02 -9.977064559313323366e-01
-5.859305409858796970e-02 2.723770538093419138e-02 -9.979102969662749789e-01
-5.625011185156033461e-02 2.529937634532059346e-02 -9.980961205278197079e-01
-5.408226553614887272e-02 2.331256166912151068e-02 -9.982643098544158322e-01
-5.209367605593785006e-02 2.128682166351613531e-02 -9.984153040761054587e-01
-5.028763535151926228e-02 1.923194520755022383e-02 -9.985495907866670517e-01
-4.866654542865997413e-02 1.715790201022733205e-02 -9.986676989740387311e-01
-4.723190178177447129e-02 1.507479361572831335e-02 -9.987701924102555529e-01
-4.598428132964935827e-02 1.299280338732453945e-02 -9.988576635865352715e-01
-4.492333495813977118e-02 1.092214571314737565e-02 -9.989307282620569772e-01
-4.404778474179774084e-02 8.873014683488569809e-03 -9.989900206767634572e-01
-4.335542589317883250e-02 6.855532494691304532e-03 -9.990361894595723991e-01
-4.284313346498522246e-02 4.879697838909163171e-03 -9.990698942441184061e-01
-4.250687380631848478e-02 2.955334542020441116e-03 -9.990918029849802373e-01
-4.234172075021393894e-02 1.092040713750012503e-03 -9.991025899486943862e-01
-4.234187648539349674e-02 -7.008613254658082724e-04 -9.991029343361305104e-01
-4.250069704089434047e-02 -2.414374077167915668e-03 -9.990935194763927996e-01
-4.281072228800235357e-02 -4.039872595590224616e-03 -9.990750325176837032e-01
-4.326371033984589137e-02 -5.569150658424219802e-03 -9.990481645278526113e-01
-4.385067620520017445e-02 -6.994465124592435384e-03 -9.990136109069482906e-01
-4.456193452963784496e-02 -8.308578232333569541e-03 -9.989720720062363890e-01
-4.538714623426753914e-02 -9.504797598653377463e-03 -9.989242538430296303e-01
-4.631536884006896837e-02 -1.057701369035194371e-02 -9.988708687984363399e-01
-4.733511024440493348e-02 -1.151973454738517734e-02 -9.988126361858347124e-01
-4.843438569581687281e-02 -1.232811755123116269e-02 -9.987502825815309793e-01
