5.444634836172070359e-08 -4.399334448743037613e-06 9.999999999903214087e-01
8.189100687098772226e-06 -2.901931289342571016e-04 9.999999578604422679e-01
4.472260436324899046e-05 -1.014723955587597043e-03 9.999994841674580970e-01
1.304382828217573876e-04 -2.175939017340059074e-03 9.999976241348010886e-01
2.859882747466285379e-04 -3.770799009921745309e-03 9.999928496172026948e-01
5.318461859797716119e-04 -5.795282675928555005e-03 9.999830657757862173e-01
8.882594644423211575e-04 -8.244392487234901423e-03 9.999656199028243986e-01
1.375201395103353404e-03 -1.111216156970297464e-02 9.999373123783168449e-01
2.012322633672159865e-03 -1.439166201154354514e-02 9.998944097364298456e-01
2.818902221301869491e-03 -1.807501472127739581e-02 9.998326598151774380e-01
3.813798049853621853e-03 -2.215340102252347579e-02 9.997473089574036020e-01
5.015396777793394885e-03 -2.661707619032293096e-02 9.996331212251021725e-01
6.441563230132396622e-03 -3.145538514695529753e-02 9.994843995823092797e-01
8.109589351475066446e-03 -3.665678054381684564e-02 9.992950089941975422e-01
1.003614281865016812e-02 -4.220884345956199546e-02 9.990584013815861919e-01
1.223721545796331578e-02 -4.809830694306790888e-02 9.987676423608480292e-01
1.472807165116926664e-02 -5.431108262264502246e-02 9.984154396892086503e-01
1.752319695312440709e-02 -6.083229059013483403e-02 9.979941733247249536e-01
2.063624718201450409e-02 -6.764629275004398201e-02 9.974959269989127630e-01
2.407999827930605227e-02 -7.473672979968570829e-02 9.969125211881531001e-01
2.786629727037230608e-02 -8.208656197655928022e-02 9.962355473578075049e-01
3.200601468732745120e-02 -8.967811367411977763e-02 9.954564033405427503e-01
3.650899884220491776e-02 -9.749312198700886556e-02 9.945663296979089241e-01
4.138403236050787470e-02 -1.055127892021755359e-01 9.935564469019189104e-01
4.663879140165316101e-02 -1.137178392036639202e-01 9.924177931614522885e-01
5.227980800329746353e-02 -1.220885777068469735e-01 9.911413627069864951e-01
5.831243599042722908e-02 -1.306049561832959838e-01 9.897181443366728226e-01
6.474082088695783110e-02 -1.392466392811531339e-01 9.881391600173495826e-01
7.156787425708026340e-02 -1.479930754887478495e-01 9.863955033259789174e-01
7.879525288549947548e-02 -1.568235707322720163e-01 9.844783775103939094e-01
8.642334317995026272e-02 -1.657173645426442965e-01 9.823791329434113928e-01
9.445125114602802296e-02 -1.746537083733349927e-01 9.800893037414499798e-01
1.028767982436614437e-01 -1.836119456009591977e-01 9.776006433180023381e-01
1.116965233868735807e-01 -1.925715926949480017e-01 9.749051586437657013e-01
1.209056912943749507e-01 -2.015124210025834584e-01 9.719951429890568706e-01
1.304983073387123438e-01 -2.104145385620831976e-01 9.688632069303939609e-01
1.404671389770096035e-01 -2.192584713300883836e-01 9.655023074118558313e-01
1.508037437777611234e-01 -2.280252431915783529e-01 9.619057746630097494e-01
1.614985039867715688e-01 -2.366964541104877584e-01 9.580673367887923009e-01
1.725406675023583858e-01 -2.452543557785656358e-01 9.539811418626130690e-01
1.839183950566006254e-01 -2.536819241285390159e-01 9.496417773720050581e-01
1.956188133270149176e-01 -2.619629280954854922e-01 9.450442868861677059e-01
2.076280736328625642e-01 -2.700819940373538897e-01 9.401841838365125881e-01
2.199314158036136391e-01 -2.780246652614636882e-01 9.350574623245810901e-01
2.325132367451311355e-01 -2.857774561480620479e-01 9.296606048961428836e-01
2.453571631730225022e-01 -2.933279004139108248e-01 9.239905872456016800e-01
2.584461279333594708e-01 -3.006645931175727093e-01 9.180448798406957156e-01
2.717624492894645805e-01 -3.077772260725473163e-01 9.118214464835205924e-01
2.852879125204377808e-01 -3.146566164035674573e-01 9.053187398497896110e-01
2.990038531530798682e-01 -3.212947280539703576e-01 8.985356940736185516e-01
3.128912411342329447e-01 -3.276846861268440936e-01 8.914717144696487905e-01
3.269307652454526703e-01 -3.338207840182917385e-01 8.841266645076715225e-01
3.411029170663252286e-01 -3.396984833763558864e-01 8.765008501768115634e-01
3.553880738064166822e-01 -3.453144069926132875e-01 8.685950018964718744e-01
3.697665793483865815e-01 -3.506663248039718628e-01 8.604102541494360601e-01
3.842188228756373558e-01 -3.557531332486488229e-01 8.519481230285436135e-01
3.987253144962802920e-01 -3.605748282816560457e-01 8.432104819020737052e-01
4.132667573203333000e-01 -3.651324724104874631e-01 8.341995354142636154e-01
4.278241154979637306e-01 -3.694281561603547370e-01 8.249177920462003044e-01
4.423786777822348304e-01 -3.734649544196679827e-01 8.153680354686407838e-01
4.569121162391219793e-01 -3.772468781501057689e-01 8.055532949221428929e-01
4.714065397894427467e-01 -3.807788219713126865e-01 7.954768148613255985e-01
4.858445423307035105e-01 -3.840665081479170406e-01 7.851420240991892063e-01
5.002092452506422537e-01 -3.871164275162729540e-01 7.745525046843877437e-01
5.144843342074371106e-01 -3.899357778902977079e-01 7.637119607392939269e-01
5.286540901132221748e-01 -3.925324004803739664e-01 7.526241874798577092e-01
5.427034143168588676e-01 -3.949147148469779878e-01 7.412930406298137154e-01
5.566178480381203109e-01 -3.970916528920524491e-01 7.297224064320014802e-01
5.703835861579149569e-01 -3.990725923668148045e-01 7.179161724486424756e-01
5.839874855174160828e-01 -4.008672903453818215e-01 7.058781993306214586e-01
5.974170679225735414e-01 -4.024858170800507118e-01 6.936122937234053820e-01
6.106605180891928608e-01 -4.039384906170666034e-01 6.811221824644166922e-01
6.237066767974490666e-01 -4.052358125119939758e-01 6.684114882137148772e-01
6.365450295532875113e-01 -4.063884049421579991e-01 6.554837066469466622e-01
6.491656910777406919e-01 -4.074069494707485140e-01 6.423421853269072335e-01
6.615593859639109509e-01 -4.083021276737812677e-01 6.289901043579029238e-01
6.737174258554697870e-01 -4.090845637978225979e-01 6.154304589156071037e-01
6.856316835103205554e-01 -4.097647695737956508e-01 6.016660437343860357e-01
6.972945641189408628e-01 -4.103530912708135414e-01 5.876994396242988250e-01
7.086989742492622035e-01 -4.108596590342970534e-01 5.735330020812376972e-01
7.198382887892394999e-01 -4.112943385150218956e-01 5.591688520460732503e-01
7.307063162549469748e-01 -4.116666847605421342e-01 5.446088688622728879e-01
7.412972628266415454e-01 -4.119858983079214276e-01 5.298546854763099834e-01
7.516056954682167612e-01 -4.122607833870983729e-01 5.149076859213217450e-01
7.616265044773276038e-01 -4.124997081176838831e-01 4.997690051218960927e-01
7.713548658046825990e-01 -4.127105665586632277e-01 4.844395310565863255e-01
7.807862034719957878e-01 -4.129007424504486101e-01 4.689199093147084496e-01
7.899161524093287756e-01 -4.130770744720628218e-01 4.532105500851714708e-01
7.987405220243903869e-01 -4.132458228229767272e-01 4.373116376174156494e-01
8.072552608091857484e-01 -4.134126369292998593e-01 4.212231421979538148e-01
8.154564222835145593e-01 -4.135825240676773151e-01 4.049448346904075957e-01
8.233401325704954310e-01 -4.137598186973979741e-01 3.884763036922052049e-01
8.309025598967695325e-01 -4.139481522919202239e-01 3.718169753671344835e-01
8.381398863094857710e-01 -4.141504234653394234e-01 3.549661360195742743e-01
8.450482819037145044e-01 -4.143687681973418635e-01 3.379229574833044758e-01
8.516238818576683522e-01 -4.146045299720316213e-01 3.206865254051272096e-01
8.578627665789990697e-01 -4.148582296618423815e-01 3.032558705109189567e-01
8.637609452734685833e-01 -4.151295350077365276e-01 2.856300029489424186e-01
8.693143432572963958e-01 -4.154172295712950103e-01 2.678079498120145563e-01
8.745187933462759133e-01 -4.157191810633786844e-01 2.497887959461705665e-01
8.793700316680105322e-01 -4.160323089881110548e-01 2.315717281584570297e-01
8.838636982579689549e-01 -4.163525515803470634e-01 2.131560829400665769e-01
8.879953428149595096e-01 -4.166748320599241717e-01 1.945413978228017204e-01
8.917604360064785851e-01 -4.169930242772509343e-01 1.757274664863782976e-01
8.951543867284141864e-01 -4.172999178825748667e-01 1.567143977308654290e-01
8.981725657358735626e-01 -4.175871832159950836e-01 1.375026784220751974e-01
9.008103360713889396e-01 -4.178453361873195049e-01 1.180932405073816666e-01
9.030630907221819381e-01 -4.180637034945260400e-01 9.848753218463593417e-02
9.049262979381090810e-01 -4.182303886171205298e-01 7.868759328687539856e-02
9.063955546347293168e-01 -4.183322391161981568e-01 5.869613491969034869e-02
9.074666482898077202e-01 -4.183548158764563429e-01 3.851662335565221584e-02
9.081356277144605471e-01 -4.182823650365198320e-01 1.815336815035322252e-02
9.083988830398236347e-01 -4.180977934721679667e-01 -2.388385603434044300e-03
9.082532352041892132e-01 -4.177826488215236056e-01 -2.310236102397834196e-02
9.076960351514389291e-01 -4.173171051706842660e-01 -4.398114939842577564e-02
9.067252728566459474e-01 -4.166799556508634095e-01 -6.501610663463226747e-02
9.053396961762132378e-01 -4.158486133315336120e-01 -8.619724657954362657e-02
9.035389393751803722e-01 -4.147991219253201467e-01 -1.075131316763296846e-01
9.013236610108471547e-01 -4.135061779458040210e-01 -1.289507615439031696e-01
8.986956906473699824e-01 -4.119431660744509172e-01 -1.504954601856874907e-01
8.956581836386668938e-01 -4.100822095922687649e-01 -1.721307626692757387e-01
8.922156753700161147e-01 -4.079872264250705149e-01 -1.936430006432102724e-01
8.883776964535433640e-01 -4.057331598161591502e-01 -2.148619823737913104e-01
8.841559941230769937e-01 -4.033300985687042761e-01 -2.357816991305705934e-01
8.795626801709545139e-01 -4.007869293084170836e-01 -2.563968192979884653e-01
8.746101809754958101e-01 -3.981114103552502725e-01 -2.767026134301488471e-01
8.693111948149214729e-01 -3.953102470416005598e-01 -2.966948856206904628e-01
8.636786556975446505e-01 -3.923891678925487958e-01 -3.163699110427375394e-01
8.577257029473400740e-01 -3.893530011739721464e-01 -3.357243794847619700e-01
8.514656558013221632e-01 -3.862057513922326213e-01 -3.547553446849019410e-01
8.449119922989131171e-01 -3.829506753952832132e-01 -3.734601792479320670e-01
8.380783317723098369e-01 -3.795903577802883233e-01 -3.918365349148753007e-01
8.309784202796342001e-01 -3.761267853581090614e-01 -4.098823079444413597e-01
8.236261183584829837e-01 -3.725614204612317515e-01 -4.275956093574542760e-01
8.160353905156444432e-01 -3.688952729098832206e-01 -4.449747397896304246e-01
8.082202959086566274e-01 -3.651289704721617513e-01 -4.620181686940363908e-01
8.001949797160998745e-01 -3.612628276689822115e-01 -4.787245176318960516e-01
7.919736647356999670e-01 -3.572969127844368153e-01 -4.950925473888157513e-01
7.835706427922051187e-01 -3.532311129477120337e-01 -5.111211486527084125e-01
7.750002655803710505e-01 -3.490651971548648369e-01 -5.268093359895248406e-01
7.662769346120914538e-01 -3.447988770983645979e-01 -5.421562448532147860e-01
7.574150899805719428e-01 -3.404318656701434964e-01 -5.571611313670439269e-01
7.484291976983459271e-01 -3.359639330006960467e-01 -5.718233746144451013e-01
7.393337354097178071e-01 -3.313949598932049434e-01 -5.861424811789653910e-01
7.301431763217257620e-01 -3.267249885083672312e-01 -6.001180916746047256e-01
7.208719712407952729e-01 -3.219542701531016848e-01 -6.137499890099676891e-01
7.115345286446735917e-01 -3.170833100251443937e-01 -6.270381081322277117e-01
7.021451927608012289e-01 -3.121129087660928225e-01 -6.399825470000022332e-01
6.927182196627221789e-01 -3.070442006781110011e-01 -6.525835785379479059e-01
6.832677514351943593e-01 -3.018786884645331403e-01 -6.648416633302800527e-01
6.738077884960381736e-01 -2.966182743622137186e-01 -6.767574628156002303e-01
6.643521601981506874e-01 -2.912652875438032640e-01 -6.883318527514364904e-01
6.549144938681876749e-01 -2.858225076812296872e-01 -6.995659367238651338e-01
6.455081824688696512e-01 -2.802931845775233355e-01 -7.104610594855131911e-01
6.361463510993657922e-01 -2.746810537926423490e-01 -7.210188199142084642e-01
6.268418225724715631e-01 -2.689903482099604282e-01 -7.312410833945665045e-01
6.176070823280275235e-01 -2.632258055133507857e-01 -7.411299934358768216e-01
6.084542429590004131e-01 -2.573926715700248780e-01 -7.506879823517826900e-01
5.993950086396385712e-01 -2.514966997411219318e-01 -7.599177808403799750e-01
5.904406397539893048e-01 -2.455441461700876016e-01 -7.688224263174558981e-01
5.816019180276962297e-01 -2.395417611276909886e-01 -7.774052698705531395e-01
5.728891124663734180e-01 -2.334967765216355018e-01 -7.856699817172957401e-01
5.643119463999668461e-01 -2.274168897076437601e-01 -7.936205550678123721e-01
5.558795659244762932e-01 -2.213102437671340683e-01 -8.012613083080377674e-01
5.476005100203726883e-01 -2.151854044436788682e-01 -8.085968854379785853e-01
5.394826826112179008e-01 -2.090513339558641159e-01 -8.156322547165725245e-01
5.315333268066798622e-01 -2.029173619275123630e-01 -8.223727054823530835e-01
5.237590015516629949e-01 -1.967931536970815853e-01 -8.288238431366014014e-01
5.161655608780421067e-01 -1.906886762860452167e-01 -8.349915822928376530e-01
5.087581359279422788e-01 -1.846141623208926441e-01 -8.408821381132112194e-01
5.015411198881103427e-01 -1.785800722148171149e-01 -8.465020158684187779e-01
4.945181559441908514e-01 -1.725970549230038120e-01 -8.518579987730519054e-01
4.876921283321528078e-01 -1.666759075895847264e-01 -8.569571341626195382e-01
4.810651565322391354e-01 -1.608275344047540301e-01 -8.618067180917464709e-01
4.746385926191470928e-01 -1.550629049872720433e-01 -8.664142784451275281e-01
4.684130217511848771e-01 -1.493930126007309012e-01 -8.707875566636041897e-01
4.623882657513602723e-01 -1.438288325016789104e-01 -8.749344881971573562e-01
4.565633897051858403e-01 -1.383812807042325288e-01 -8.788631818046173105e-01
4.509367114738087601e-01 -1.330611734294273041e-01 -8.825818978264511339e-01
4.455058139972577491e-01 -1.278791874885977786e-01 -8.860990255620792011e-01
4.402675602414100609e-01 -1.228458218288996789e-01 -8.894230598868169135e-01
4.352181106239646491e-01 -1.179713604460881221e-01 -8.925625772457500551e-01
4.303529427394312545e-01 -1.132658368452525571e-01 -8.955262111627033672e-01
4.256668731910079884e-01 -1.087390002048150839e-01 -8.983226274019918689e-01
4.211540813282858009e-01 -1.044002833731375313e-01 -9.009604989189629043e-01
4.168081346839587753e-01 -1.002587728009778495e-01 -9.034484807325160460e-01
4.126220159000875132e-01 -9.632318048718871428e-02 -9.057951848489541602e-01
4.085881509348269214e-01 -9.260181798983870005e-02 -9.080091553617766209e-01
4.046984383437361998e-01 -8.910257253071175720e-02 -9.100988438464922003e-01
4.009442794356344875e-01 -8.583288519822207530e-02 -9.120725851633519898e-01
3.973166091112090292e-01 -8.279973123244943611e-02 -9.139385737741766436e-01
3.938059272029712510e-01 -8.000960235649645647e-02 -9.157048406723287126e-01
3.904023301473880658e-01 -7.746849110089094881e-02 -9.173792310174743170e-01
3.870955428338150317e-01 -7.518187705246366648e-02 -9.189693825591980225e-01
3.838749504898938958e-01 -7.315471494613461079e-02 -9.204827049259004523e-01
3.807296304790538377e-01 -7.139142450741368939e-02 -9.219263598478224520e-01
3.776483839023657696e-01 -6.989588194519763542e-02 -9.233072423755842584e-01
3.746197669139317843e-01 -6.867141298861652310e-02 -9.246319631484030133e-01
3.716321216759671531e-01 -6.772078735821247808e-02 -9.259068317592080710e-01
3.686736068964774904e-01 -6.704621456054811468e-02 -9.271378412572824912e-01
3.657322279086784311e-01 -6.664934089634048930e-02 -9.283306538228763838e-01
3.627958662668370193e-01 -6.653124757527537070e-02 -9.294905876424699454e-01
3.598523088477894594e-01 -6.669244983562652718e-02 -9.306226050080714796e-01
3.568892764608425083e-01 -6.713289697352184393e-02 -9.317313016591050046e-01
3.538944519809100742e-01 -6.785197319497990320e-02 -9.328208973810838689e-01
3.508555080304364693e-01 -6.884849921349646407e-02 -9.338952278713736899e-01
3.477601342447881327e-01 -7.012073452678573016e-02 -9.349577378789066806e-01
3.445960641632608845e-01 -7.166638031806843445e-02 -9.360114756216758591e-01
3.413511017935748626e-01 -7.348258293983449263e-02 -9.370590884832046275e-01
3.380131479016618701e-01 -7.556593795107478806e-02 -9.381028199868898243e-01
3.345702260806597828e-01 -7.791249469235973779e-02 -9.391445080451255034e-01
3.310105086533061680e-01 -8.051776139662307485e-02 -9.401855844783664207e-01
3.273223424603789455e-01 -8.337671084687768575e-02 -9.412270757977472257e-01
3.234942745844986978e-01 -8.648378660513257599e-02 -9.422696052434561542e-01
3.195150780535332413e-01 -8.983290984929301337e-02 -9.433133960697396292e-01
3.153737775610963578e-01 -9.341748686661033307e-02 -9.443582760661036746e-01
3.110596752333059656e-01 -9.723041726310881205e-02 -9.454036833029392239e-01
3.065623764611540847e-01 -1.012641029581733410e-01 -9.464486730883709953e-01
3.018718158066789892e-01 -1.055104580419564259e-01 -9.474919261215514199e-01
2.969782829787455669e-01 -1.099609195802922768e-01 -9.485317578258647409e-01
2.918724488608072098e-01 -1.146064594572402950e-01 -9.495661288435071068e-01
2.865511941539957697e-01 -1.192077218809003691e-01 -9.506197621410243936e-01
2.810238059612378270e-01 -1.235669434447419501e-01 -9.517125779199083757e-01
2.753008560793965831e-01 -1.276747569855764264e-01 -9.528423768235743108e-01
2.693933568468104833e-01 -1.315222171858996814e-01 -9.540068792589943003e-01
2.633127481235857936e-01 -1.351008226235811127e-01 -9.552037292652338918e-01
2.570708830591785787e-01 -1.384025378196804545e-01 -9.564304985770892831e-01
2.506800125928075884e-01 -1.414198152109611140e-01 -9.576846908833519523e-01
2.441527686368592520e-01 -1.441456169662151954e-01 -9.589637462785336464e-01
2.375021458988604839e-01 -1.465734365583206411e-01 -9.602650459061262689e-01
2.307414823037938489e-01 -1.486973199970878512e-01 -9.615859167906455340e-01
2.238844379855068623e-01 -1.505118866215006124e-01 -9.629236368548260705e-01
2.169449728236994834e-01 -1.520123493439999862e-01 -9.642754401174059575e-01
2.099373225114355701e-01 -1.531945342340766403e-01 -9.656385220659482460e-01
2.028759731472757621e-01 -1.540548993237116915e-01 -9.670100451981261669e-01
1.957756343559260703e-01 -1.545905525132156011e-01 -9.683871447238282526e-01
1.886512109516859936e-01 -1.547992684528414487e-01 -9.697669344193496910e-01
1.815177731698913721e-01 -1.546795042732627690e-01 -9.711465126238147949e-01
1.743905255029147006e-01 -1.542304140366806409e-01 -9.725229683668489278e-01
1.672847741890180762e-01 -1.534518617800221529e-01 -9.738933876153745839e-01
1.602158934143677604e-01 -1.523444330224746068e-01 -9.752548596262788916e-01
1.531992903007073359e-01 -1.509094446115085697e-01 -9.766044833905801470e-01
1.462503687634462424e-01 -1.491489527846303065e-01 -9.779393741536233087e-01
1.393844923371349298e-01 -1.470657593283868636e-01 -9.792566699947774511e-01
1.326169460773480580e-01 -1.446634157216570293e-01 -9.805535384490930984e-01
1.259628976597573224e-01 -1.419462251569951761e-01 -9.818271831524189031e-01
1.194373578085189957e-01 -1.389192423417510425e-01 -9.830748504905870711e-01
1.130551401968959979e-01 -1.355882709898442728e-01 -9.842938362324642476e-01
1.068308209731519409e-01 -1.319598589253936360e-01 -9.854814921259399396e-01
1.007786980740657673e-01 -1.280412907308377535e-01 -9.866352324352977154e-01
9.491275049679319398e-02 -1.238405778846688593e-01 -9.877525403978981711e-01
8.924659770712702056e-02 -1.193664463473606968e-01 -9.888309745776988624e-01
8.379345936836660180e-02 -1.146283215684032186e-01 -9.898681750928605139e-01
7.856611557989255645e-02 -1.096363109024601351e-01 -9.908618696945419302e-01
7.357686781806374587e-02 -1.044011834384132448e-01 -9.918098796739824863e-01
6.883750077412306712e-02 -9.893434726132127599e-02 -9.927101255750978570e-01
6.435924528435374437e-02 -9.324782418395237416e-02 -9.935606326901068597e-01
6.015274254670961718e-02 -8.735422200139812687e-02 -9.943595363161245038e-01
5.622800981552066729e-02 -8.126670433918099790e-02 -9.951050867512497566e-01
5.259440776162520315e-02 -7.499895818205985776e-02 -9.957956540093897413e-01
4.926060967940593810e-02 -6.856515918725103464e-02 -9.964297322339487062e-01
4.622817607452293920e-02 -6.222105159189380424e-02 -9.969912218649674696e-01
4.348459490712326680e-02 -5.617855105920136621e-02 -9.974733381934732801e-01
4.101560222322518656e-02 -5.045161601068342411e-02 -9.978839385501483417e-01
3.880619664491240239e-02 -4.505340893923513029e-02 -9.982305692800086394e-01
3.684069243408677474e-02 -3.999626839333445677e-02 -9.985204363936500682e-01
3.510277270254318766e-02 -3.529168440354540220e-02 -9.987603778488282069e-01
3.357554252979497167e-02 -3.095027714892705298e-02 -9.989568375502589914e-01
3.224158178764049282e-02 -2.698177864725690919e-02 -9.991158411440793641e-01
3.108299750821659491e-02 -2.339501724473922600e-02 -9.992429736726711198e-01
3.008147566955587243e-02 -2.019790467791865093e-02 -9.993433591455659348e-01
2.921833230882307092e-02 -1.739742548261968488e-02 -9.994216420729779005e-01
2.847456390787067582e-02 -1.499962853158056525e-02 -9.994819710001531243e-01
2.783089702800137233e-02 -1.300962049368967199e-02 -9.995279840731855492e-01
2.726783720038712666e-02 -1.143156102295918818e-02 -9.995627966602053105e-01
2.676571710506427809e-02 -1.026865950414308434e-02 -9.995889910458293226e-01
2.630474409445251668e-02 -9.523173203750675414e-03 -9.996086082114519211e-01
2.586504713664520422e-02 -9.196406699626640327e-03 -9.996231417092210636e-01
2.542672326905994970e-02 -9.288712488748003190e-03 -9.996335336333407318e-01
2.496988366425150277e-02 -9.799492700901028114e-03 -9.996401726885419947e-01
2.447469941666024704e-02 -1.072720187491158980e-02 -9.996428943520674348e-01
2.392788391444426385e-02 -1.182759216185670995e-02 -9.996437187494399135e-01
2.332972167119444148e-02 -1.290026979200515657e-02 -9.996445904051187714e-01
2.268161001480916913e-02 -1.394284234744927291e-02 -9.996455080250147285e-01
2.198505757206706268e-02 -1.495298754538250917e-02 -9.996464702119446377e-01
2.124168076301053906e-02 -1.592845840749431210e-02 -9.996474754688787767e-01
2.045320005564405658e-02 -1.686708825482460122e-02 -9.996485222024125150e-01
1.962143598960380819e-02 -1.776679551698491510e-02 -9.996496087264492569e-01
1.874830497796795004e-02 -1.862558834508101085e-02 -9.996507332660906631e-01
1.783581489686796376e-02 -1.944156901812279375e-02 -9.996518939617221600e-01
1.688606047303079644e-02 -2.021293813318138580e-02 -9.996530888732877429e-01
1.590121847982768968e-02 -2.093799857004831691e-02 -9.996543159847396387e-01
1.488354275282753256e-02 -2.161515922166770687e-02 -9.996555732086561674e-01
1.383535903624953135e-02 -2.224293848214697195e-02 -9.996568583910169226e-01
1.275905967208092011e-02 -2.281996748470484920e-02 -9.996581693161225024e-01
1.165709814396977823e-02 -2.334499308248496469e-02 -9.996595037116492444e-01
1.053198348831974746e-02 -2.381688056574850568e-02 -9.996608592538266391e-01
9.386274585301944071e-03 -2.423461610955870635e-02 -9.996622335727262110e-01
8.222574342759117819e-03 -2.459730894668225171e-02 -9.996636242576495412e-01
7.043523786207496994e-03 -2.490419326105590414e-02 -9.996650288626028891e-01
5.851796068342050156e-03 -2.515462979780044156e-02 -9.996664449118465301e-01
4.650090411621106944e-03 -2.534810718640600688e-02 -9.996678699055051576e-01
3.441125997645632512e-03 -2.548424297436220273e-02 -9.996693013252291315e-01
2.227635817156839101e-03 -2.556278436916124483e-02 -9.996707366398905892e-01
1.012360494552989182e-03 -2.558360868726149151e-02 -9.996721733113040909e-01
-2.019578991279337866e-04 -2.554672350926056809e-02 -9.996736087999564813e-01
-1.412582030798729786e-03 -2.545226654119016677e-02 -9.996750405707359732e-01
-2.616785473542836398e-03 -2.530050518250750655e-02 -9.996764660986450224e-01
-3.811858844568322829e-03 -2.509183580201922517e-02 -9.996778828744854462e-01
-4.995115899080701007e-03 -2.482678272363124383e-02 -9.996792884105022425e-01
-6.163899566370245435e-03 -2.450599692447093594e-02 -9.996806802459738961e-01
-7.315587914551348846e-03 -2.413025444857487198e-02 -9.996820559527371808e-01
-8.447600030563828799e-03 -2.370045453997414106e-02 -9.996834131406313606e-01
-9.557401802248491687e-03 -2.321761749963935015e-02 -9.996847494628549047e-01
-1.064251158954142296e-02 -2.268288227136665627e-02 -9.996860626212159540e-01
-1.170050577209255822e-02 -2.209750376229369789e-02 -9.996873503712710995e-01
-1.272902416090380441e-02 -2.146284990432826764e-02 -9.996886105273358192e-01
-1.372577526189937801e-02 -2.078039846335224747e-02 -9.996898409673593555e-01
-1.468854137968558793e-02 -2.005173360362666468e-02 -9.996910396376503805e-01
-1.561518355012808494e-02 -1.927854221537025556e-02 -9.996922045574456739e-01
-1.650364629077083131e-02 -1.846261001401156704e-02 -9.996933338233077171e-01
