-5.488233417278850368e+01
-6.159340042896556611e+01
-1.281598088403105073e+01
1.253092730612832639e+01
-7.217638273221945155e+01
-4.816110273395186425e+01
9.873604420696479167e+01
-1.312564680483954191e+02
-4.986023546459782096e+01
-1.436941403079639024e+01
-2.527429955527619754e+01
5.894359849229410031e+00
-3.657477399424520570e+01
-1.421768152646075407e+02
-1.471316195722861266e+02
-1.654739668572412938e+02
-4.411356814784311808e+01
-6.100111337721042304e+00
-8.517716896280265360e+01
-6.981731185464465739e+01
-7.076152662158841622e+01
-1.052307696306817917e+02
-4.698138231628337280e+01
-1.153450852693008102e+02
-6.957751557141202170e+01
-6.020087899325977787e+01
-1.129143820696181422e+02
-2.807255133755061038e+01
-1.917592880861908355e+01
-2.192386494073307190e+01
-5.790452172689592203e+01
6.106732528747365762e+01
-3.464584282725888187e+01
-1.046824550265826446e+02
-1.860666471824960126e+02
-6.270694930846169513e+01
-2.705480756658693764e+01
-2.922864708942219991e+01
-3.239250979561198562e+01
-1.531912877348397615e+02
-1.116375996157815997e+01
-6.823701654987618781e+01
-3.690472729716471889e+01
-7.412034840551477544e+01
4.133775479647807316e+01
-8.619221160248750380e+01
-3.053336013780479163e+01
-1.149801489833093058e+02
-2.130696700096363827e+01
1.283215007915782557e+01
6.751540438212566642e+01
-4.309092805226900680e+01
-7.469618667258804123e+01
-9.736468423004046713e+01
-6.144786400940354554e+01
-5.655413484533159618e+00
2.663210583811687115e+01
-6.509706571991320345e+01
-7.347313204871690573e+01
3.077434909287639186e+01
-8.507330243383664481e+01
-1.202919281338932223e+02
-2.069309082873524730e+01
-8.674262910719153297e+01
-6.100591560252985346e+01
-8.825613019164798345e+01
-3.423575380102099786e+01
-1.558834566155751133e+02
-9.357608687365106448e+01
-1.584316837841621464e+02
-7.858091716845862607e+01
-1.188515998113276879e+02
-3.254616457832297272e+01
-1.516830768386600425e+02
-4.637177035006762083e+01
-4.044983086205289879e+01
-1.221519405742801823e+01
-9.937422346057475409e+01
-3.117235489223913092e+01
-8.942178369336075150e+01
-4.814371694868583518e+01
-1.591652216222450456e+01
-3.607577991733854361e+01
-8.797950604471412817e+01
-6.536684478947719867e+01
9.939492878870190395e+00
-2.971557363637398907e+01
-7.969755276916548326e+01
3.219381760370207957e+01
-2.712772570574975717e+01
-1.483126714626181979e+02
-1.352032905690792859e+02
-1.385092044283520067e+02
-8.343847242010873799e+01
-2.963216369166670816e+01
4.208894543268295152e+00
1.768219055226245828e+01
-1.194101947609568271e+02
-1.250802677697676017e+02
-5.178636015125855607e+01
1.861959430980694163e-01
-1.177371580665412942e+01
-8.646824935341342666e+01
-2.852689902100272690e+01
-3.645591245581385209e+01
-2.839255645259613203e+01
-1.417127489226848880e+01
-1.646337874379121047e+01
-1.543431560603290507e+02
-2.973891858833237478e+00
4.694404406017773113e+01
1.744814942855180817e+01
-5.337203081321808185e+01
-2.416606424951337218e+01
-2.315105805450034282e+01
-3.501105975933712244e+01
-3.058728556589464986e+01
-2.673544437045422129e+01
-1.749508899939299056e+01
-5.778368584374696582e+01
-3.483085751604559910e+00
-1.323485038674710523e+01
-6.831110977410475016e+01
-1.923754978848783281e+01
-7.428938812938736191e+01
-5.625253612394723213e+00
-1.075831909371135140e+02
3.220845686655934514e+00
-2.017187363547649781e+01
-3.496237636324656961e+01
-5.490868383933554497e+01
-7.252759745489025534e+01
6.423045290603067947e+00
-1.515496276716568502e+02
-6.744198833937521442e+01
-1.003433345533618422e+02
3.546318858721997813e+00
-8.911685964120523806e+01
-9.833567501817610435e+01
-4.071932396379143171e+01
-6.219492811968145851e+00
-7.132462461800575682e+01
-1.559367195425072694e+01
-5.325111468664478487e+00
-1.253650815288890108e+01
-1.052474523834709856e+02
-1.394481143667923959e+02
-1.995501879733602024e+01
-2.543433049813919666e+01
-9.195152643114531088e+01
1.904111417261703920e+01
-7.086054067692694503e+01
-3.858697269622045667e+01
-1.131666715180625360e+01
6.556208992239952238e+01
-1.423363940462511152e+02
-6.168460179697384582e+00
-3.454885954452629448e+01
-4.983437874054070704e+01
-4.938145100024112821e+01
-1.480404470139145978e+01
-2.810838526991754449e+01
-1.047494041311051092e+02
-1.439485816058844705e+02
-8.165196819792180349e+01
-1.005975759142291395e+02
-2.274574796162811197e+01
-2.966287423267863588e+01
-8.487991912091854374e+01
-4.297963086994598569e+01
-5.033625760381049474e+01
-9.626686839872705903e+00
4.480311823027617635e+01
-9.641880662841340666e+01
-2.489541260370224762e+01
-8.876264803068603726e+01
-1.101017312340070617e+02
-7.579343024549291385e+01
-5.352021741576687219e+01
-2.798180734623201715e+01
-1.066714471741448911e+01
-5.269868742159056296e+01
-4.002184669129603378e+01
-1.837527134892045666e+01
-5.480012980102965514e+01
-2.264743133590797086e+01
-3.469362845728396927e+00
-4.851883166529677993e+01
-2.624797912410292255e+01
-9.859093684256396273e+01
6.320731971368042679e+01
-2.664269562971605509e+01
-7.895605361524890498e+01
4.855246513014953536e+01
-7.486000417745050584e+01
-7.424649545407419282e+01
-6.424574322030092333e+01
-1.653989342809088825e+01
-2.163638937599327861e+01
-5.825620401766411049e+01
-1.268738780833480018e+00
-1.215947537230152022e+02
-1.035248195871044707e+01
-3.845135256859313699e+01
-3.598413309075138500e+01
-5.110437240618022514e+00
-2.116355226557842073e+01
-1.042249410553613700e+02
-4.214930345772399534e+01
-6.143253453396177832e+01
-4.203158543724166663e+01
4.202126119324727682e+01
-2.918242399388500274e+01
1.489771870197838588e+01
-4.357909675541155536e+01
-7.121706824189930174e+00
-4.501312777195872883e+01
1.371846508841089474e+01
-3.308920813048582232e+01
-4.805067250303810056e+01
-8.282754789796935313e+01
-1.825977262419870328e+01
-3.138862992543327124e+01
-1.699713465203512630e+00
-7.253848792081642216e+01
-6.139187539302123042e+01
-2.051796410271671434e+01
4.948009486173392979e+00
-3.799057990232222437e+01
-3.902266459581828428e+01
-1.095928899629026887e+01
-8.893861604124447240e+01
-6.393555235516241275e+00
1.464456171866105016e+01
-2.594933888012822010e+01
-1.139140092007177856e+02
-6.380610654272751958e+01
-3.147954347318424606e+00
-8.733661455647732907e+01
-1.066688460320214560e+01
-1.142930273373510062e+02
-3.597195998620770752e+01
-9.256755712996147167e+01
7.509459990275921371e+00
-2.209796777380570632e+01
-5.775998087143943849e+01
4.531432513814812069e+01
8.324432478420368042e+00
-9.782605784060377729e+00
1.385159792061182671e+01
-2.027584672115562725e+01
1.367645147586508614e+01
-1.781596721753222923e+01
-3.412525824613034331e+01
5.266602540233806451e+01
5.261180494848450451e+01
-6.399432894008072736e+01
1.558178587439121543e+01
-5.229376752893258207e+00
-4.271290019247743430e+01
-9.203947566956552251e+00
-5.794991644352014504e+01
-1.015620929537170536e+00
-3.093666306376220021e+01
1.446459879798926984e+01
-6.472764909629908914e+01
-2.205254178694030998e+01
-3.949511041840958825e+01
4.860045841146783374e+01
-3.436864838771016650e+01
3.272946311117647866e+01
-4.042910842171238528e+01
-1.579864531256569826e+01
-2.833279159739436892e+01
-2.576004451541161089e+01
-5.513584336183924250e+01
-1.136376196420644291e+01
-1.478478249816914136e+01
-5.873901990260802286e+00
5.064943000524601757e+01
-2.278247924705545913e+01
-6.591229539133892956e+01
-2.664949762933919786e+01
-5.106984352750527023e+01
-5.526899528211876245e+00
7.428217729680804737e+00
1.739609766771827992e+01
-1.600988087699435169e+01
8.203130348921773063e+00
-7.481413270283795214e+01
3.144772202102101133e+01
-2.055431370663117097e+00
3.134003962053187209e+01
4.243975771241844086e+01
4.576513688704246796e+00
-1.649753649750070039e+01
-1.485880108223540930e+01
-5.470538240594743229e+01
-1.058883275961285442e+01
-2.026385649919620136e+01
-2.701532706640571035e+01
1.831856378300050769e+00
7.500602119417991709e+00
-4.881926386248146343e+01
-2.077435060818660872e+01
-4.743343425007472547e+01
1.831563656414368246e+00
-5.586017813310190405e+01
5.537721532975020011e+01
6.876438453342571755e+00
-7.067857712292622274e+00
3.870583127570444049e+01
-2.959732680923621118e+01
1.608539507469028251e+01
-2.609317807008572743e+01
3.128469376893047027e+01
-1.228596638539394625e+01
4.846254344062398189e+01
-4.576311650962076527e+01
-2.983815412107249987e+00
-1.149376191661643389e+02
-4.303882854834891702e+01
6.842695651543115787e+01
2.933878670808733347e+01
-1.110965870525749644e+01
-5.486886929005833302e+00
-3.310246382962714051e+01
-2.737534359194646072e+01
-2.426640190057299051e+01
1.358903125767881725e+01
-2.701698492877841673e+01
4.453644794232818782e+01
3.163819774909491045e+01
-1.365696071843194659e+02
-7.280255034579340423e-01
2.977672008272098125e+01
-9.206450086400161936e+00
1.113922751538132019e+02
2.045677102802119229e+00
-9.017613784866128412e+00
-2.880053177637034878e+01
-1.073672605031365102e+01
-1.885925824818243512e+01
-2.057018152413262513e+01
-5.068234298029532425e+01
-2.193163388693477245e+01
-4.931760953868122854e+00
-2.010217588985748449e+01
2.213895222840375965e+01
1.948311781289690003e+01
-3.770986790246804166e+00
-1.735201667252318458e+01
-2.776231002830137129e+00
-4.059746858612702880e+01
8.485014549452930765e+00
-1.599304662095183183e+01
-5.004817704033254699e+01
-5.958379561709750050e+01
2.444867897120248301e+01
-1.207374213817975317e+01
-3.733722858317801041e+01
-7.368907572096803449e+01
7.349247283868384883e+00
2.804756974319428053e+00
2.158650735578900637e+01
3.395210191633453434e+01
-1.638975156830186108e+01
5.037393317124492853e+01
-3.032452238476376749e+01
-1.919382123473433310e+01
-8.126802633971331957e+00
5.476354698669835130e+01
1.358071936138888347e+01
-3.300355474632890918e+01
-1.881808987305057457e+01
5.696155649065804738e+00
7.097367260340552431e-01
3.195884011913398481e+01
-1.139079021782259638e+01
6.083317512817188799e+00
-3.289810297796281446e+01
5.632367343920331137e+01
-8.201921322853121410e+01
-1.041780682753447529e+01
3.763041443675953701e+01
5.780474514852308232e+01
8.009005734240483321e+01
-2.004465683608686533e+01
-8.045804022658935573e-01
-3.883294308840936537e+01
-2.618371930736044106e+01
2.729093302897230444e+01
-2.171711104202488940e+01
-1.679057774990193819e+00
9.993430185138439015e+01
5.267129756296985477e+01
-4.000263782514231536e+01
-1.339253419487982733e+01
-2.076375159205587195e+01
6.009009651058453727e+01
-1.001616461074133291e+01
-5.186729468294034007e+01
-1.370842634653224934e+01
-4.468905306250067433e+00
-1.372004611547175834e+01
-1.272324870952642328e+01
1.202643964162516355e+01
-1.449352393285304075e+01
3.372601793380590074e+00
-7.404736415977658304e+00
-2.396541583451966417e+01
7.131328937456137496e+00
-7.101649401198070422e+00
3.089908817479143011e+01
-2.053827561370101584e+00
6.234061444209270775e+01
-6.661515103678189442e-01
4.651053060309219056e+00
-2.444050841530280493e+01
-3.818572771584987890e+01
-8.665172958727842101e+00
-4.171102520432017968e+01
-4.052963123044547089e+00
7.788101604020221203e+01
2.435579819299329429e+01
2.034873437846630750e+01
2.561661871818146707e+01
7.680912638345558818e+00
-2.507466856612990824e+01
2.799240493165134680e+01
-3.308851929720636065e+01
3.803971321662323390e+01
3.487189749848521370e+00
-1.031980551162049453e+00
3.156061647919004187e+01
2.884416858285747765e+01
1.831111472239380333e+01
-7.405180135546821418e+00
-1.718365127400942427e+01
-8.346741251022381292e+00
2.469761979233099325e+01
3.335352254330373967e+01
-6.891592443169325399e+00
4.816879271622491743e+00
1.025332981791719078e+01
6.765573000370638468e+00
3.070615924988344503e+01
2.038029207477065086e+01
9.361211643529737003e+00
2.211623987399789470e+01
-6.132481352946227204e+00
3.865323484450803448e+01
-3.209636537211419949e+01
1.725220445698910510e+01
-1.675593992296905910e+01
-7.999880641597524544e+00
-3.723706887886124406e+01
-8.312528674721198385e+00
6.077438799196337449e+00
-3.439614613574931035e+00
4.723952936423940940e+01
-1.423766146483900386e+01
4.659900814657734536e+00
-1.387895015491949025e+01
2.497560101015995215e+01
1.831962443500436422e+01
-1.692897389876890424e+00
1.145583553356738520e+02
6.239318235896421783e+01
-1.807150865119805827e+00
6.342166027766463543e+01
3.092778844138271310e+00
2.589020317688336625e+00
-9.532367891421657191e+00
6.919212596746711519e+00
4.748072094188611203e+00
3.995540309856986028e+01
-3.923998521224520974e+00
5.489396321008281454e+00
2.084255609594015013e+01
-1.695681982791959586e+00
-1.097442345376046013e+01
2.814379990311767443e+01
4.591221709458427824e+01
1.078191582565883433e+00
-1.657045017059604319e+01
-1.399332688026763094e+01
3.895541299709842775e+01
-1.236848167389749342e+01
-1.674814720400474855e+01
5.510561241376433372e+01
9.590788444069996643e+00
6.423025964597775328e+01
4.007664817583734163e+01
-2.501718498000105484e+00
4.144478859388066638e+01
1.908958292195463713e+01
2.848599219405311445e+01
5.777220776446463191e+01
-1.194313477191248118e+01
-2.333680817423327625e+01
-3.849510898189100772e+01
-2.170229036661620725e+01
4.266372976801076788e+01
-5.490994898444490069e+00
4.024428430024705960e+01
2.323637658975337583e+00
-1.206624391562193210e+01
-6.803896248714573325e+00
2.027091714329728589e+01
6.444693981324814303e+00
3.244113363682129147e+01
1.304485040544578922e+01
2.256945230274359915e+01
2.278400424776339150e+01
-1.020950952683860891e+01
1.321754077370707492e+01
2.257597911192559081e+01
5.257273397097114298e+01
1.927520150269420807e+00
-7.814940222235225775e+00
-7.669145366018373267e+00
7.107811657813843453e+01
1.810428742835317095e+01
2.618661028286504333e+01
7.713496509348479968e+00
-2.337534435758291806e+01
2.446081297308429825e+00
4.405399935488986785e+01
-3.323708587361328171e+01
-1.976690478224893255e+01
9.123644319742563624e+00
-1.141746079163464600e+01
5.594034764084015876e+01
-2.720385566945394729e+01
5.741504611333263952e+00
-1.487706407249440055e+01
7.639752792288902583e+01
2.559557071257750138e+01
3.270365839731191215e+01
7.748279977618173220e+00
-1.897294217092557744e+01
-3.081249913963758758e+01
-1.459723393757922771e+01
4.777495555749754708e+00
7.802569560189535025e+01
2.631479029912883050e+01
3.608853152491784400e+00
-7.498219405756133327e+00
3.286134236156653121e-01
2.193268671820812976e+00
2.545282630258369139e+01
1.176884945739973354e+01
3.705624206297430590e+01
-1.720511251199341274e+01
-2.044875505915889491e+01
-1.689304879644842217e+01
-1.350004047776302940e+01
9.460708322786983260e+00
1.088414615408742403e+00
-1.827502501554756620e+01
3.221714517385751009e+01
-3.238231440311808029e+01
4.920671196079980803e+01
1.606073988865468705e+00
1.626805149827781705e+01
2.715405399868943448e+01
1.645908077615483744e+00
2.092949765986218580e+01
-3.880297230328083913e+01
4.240948601881903102e+01
3.288627309190241732e+01
2.122408957658823780e+01
-2.168552772931770889e+01
5.066906279353705145e+01
8.752574195168405069e+00
-4.808203928329502830e+00
-3.775199903430291215e+00
-7.903039156006248511e+00
1.926546032609466153e+01
2.206051890802917370e+01
2.837347662707518481e+01
-1.200777845092371088e+01
1.239615218522701845e+00
1.405757339651312599e+01
-3.605974470070221827e+01
2.651342672574387649e+01
1.187959705668131427e+01
-2.269611407056932872e-01
1.609101038888073276e+01
3.149296934823134464e+01
-1.626926827949555943e+01
-2.602860898000318723e+00
7.289270774180738499e+01
-9.175039081865914881e+00
-2.043355555733879214e+01
-2.397362879277499204e+01
1.799276800902949702e+01
1.503357829683944402e+01
-8.374938924695856102e+00
2.426236283862261445e+01
3.214003318071996773e+01
1.990055195839458690e+01
3.565581628294294347e+01
7.458704681429235706e+00
6.327576395008102139e+01
2.536953709361443288e+01
-9.407842125352495088e+00
2.833681488580467089e+01
2.557537603502221657e+01
1.096334276048109935e+01
-1.981118727336117402e+01
8.207541510548061581e+00
3.585703267306168840e+01
7.511383918898205536e+01
-1.472586412133139078e+01
7.382030530115265776e+01
1.108824210710244529e+01
1.004741183345895372e+01
2.194607882625669859e+00
5.371022806331111354e+01
9.723866855150566479e+00
3.458403111635330873e+01
4.714791326345464029e+01
5.156396048048563774e-01
8.408985386763893288e+00
7.133628824690146075e+01
2.867545338808700706e+01
1.528418267953231258e+01
-1.020050076809073225e+01
-5.003859063851784583e+00
3.517365790612075216e+01
1.757133392114419124e+01
1.952136185297941040e+01
2.795726493242445088e+01
3.585569635484568352e+01
1.512872365274498954e+01
1.902039243472826158e-01
5.848152030650161493e+01
4.721645894640697350e+01
1.842513928971515469e+01
2.387980369498462707e+01
6.146420540067062177e+01
4.278430179812088596e+01
5.384786679251659081e+01
2.816679428674486729e+01
-1.807635919744129183e+01
4.046427986025138779e+01
4.762472220678953150e+00
2.325592193757161397e+01
2.108928112058246640e+01
1.891840500777700740e+01
4.150114957869786281e+01
2.281050638543310072e+01
2.633396545863454463e+01
1.661769308098294040e+00
3.334829477496067796e+01
4.942575182244582521e+01
3.785577501407147594e+01
4.328054739078812929e+01
2.047620642386959489e+01
4.400004029850148868e+01
3.585108279938773990e+01
4.994658938167719242e+01
2.685522482438196334e+01
5.375710539008750288e+00
1.747215565405418758e+01
2.743138205098178872e+01
-1.518754181282599980e+00
2.271193927761186515e+01
7.060759269615797962e+01
8.221855075591912509e+01
2.419674130027245340e+01
3.904441449600717817e+01
1.335599246547273289e+01
7.068298404717716921e-02
1.219239011379437798e+01
1.033832876082652774e+01
3.999517025262650094e+01
2.794807417149654327e+01
2.140695919727372498e+01
7.333004276438087743e+01
2.730420532254652866e+00
7.650874082815823485e+00
-1.585327299616057495e+01
5.111623011062686572e+01
4.905719727653484341e+01
-2.409135688452492019e+01
4.604325358245181832e+01
9.427887746875208919e+00
4.780986926923955593e+01
1.810988753190664369e+01
5.281156733184257490e+00
5.271846243472250393e+00
5.203168511261908691e+01
2.078718866093537443e+01
2.834051042873135273e+01
1.847413913057847523e+01
2.595796362998794748e+01
2.782206016234983892e+01
1.603510024291858738e+00
1.286065942812596141e+01
4.181360882452302974e+01
-1.047583514752712652e+01
7.225889079609315502e+01
3.454699751376952577e+01
-1.116287466581662535e+01
5.054821620384640113e+01
1.814962571989970641e+01
2.898717423512582059e+01
-3.852082796757372307e+00
3.495526570188165039e+01
1.715124232960887118e+00
-2.216604067433602765e+01
3.732412599436879930e+01
4.640700574179067672e+01
2.017266341692154441e+01
1.328565843653411704e+01
3.742001486971234669e+01
2.106415337658828690e+01
1.035153859370678608e+00
2.746473451088733952e+01
2.441471950060336127e+00
5.536110895218413219e+01
1.186661787914801991e+01
1.955603178269656794e+01
4.397755077769681975e+01
3.128506653200170007e+01
4.749471992090278150e+00
4.928718906215453188e+01
-2.608497396779073441e+00
5.372648424691727875e+00
4.276521509912044650e+01
3.865003656468466176e+01
2.474810957792098876e+01
2.237300533063705288e+01
2.405895352039570056e+01
-2.755102060224748683e+00
1.349307743153294759e+01
4.644771276119836045e+01
2.843489494350235702e+01
1.732158358156468836e+01
7.997731970389642342e+00
4.628134681034187281e+01
1.306343616266870455e+01
1.226640737635882061e+01
3.168883771103305946e+01
2.550884048527615988e+01
2.610252427596686076e+01
6.089303739442763685e+01
2.816163861849855365e+01
2.381321814858970320e+00
-8.863717498603923772e+00
3.858776958988497086e+01
2.854988728602442194e+01
4.252016973978989967e+01
3.328270211204818452e+01
3.899565461537233091e+01
2.353323895198284532e+01
1.689564322665637519e+01
5.750687919838576079e+00
1.300366994050827252e+01
4.151065959417280027e+01
2.876358600444566349e+01
3.977352318469463199e+01
6.375658557181235864e+01
3.916504117083658087e+01
4.270715997687570820e+01
2.790209920057745308e+01
-2.124942351393542594e+01
1.231249387137321349e+00
-1.504401653064188871e+01
9.061556922955997351e+00
2.699737054333662556e+01
2.304205797900042541e+01
1.473454804320754974e+01
3.837961143463303415e+01
-1.551104218958049685e+01
1.266058403615728878e+01
6.946292745414645253e+01
2.400764820081528583e+01
7.849569429496787620e+01
-1.181867420326863538e+01
5.096909281208488807e+01
1.508225901620126130e+01
1.624936979308396801e+01
4.441181236399368260e+01
9.124322425393261327e+00
1.513384727952889541e+01
3.020561073169758615e+01
4.842664991637711580e+01
3.582614095348364458e+01
3.787290962380628656e+01
2.690349775256546394e+01
7.216025952954241518e+01
8.145447157472992217e+01
-1.887521821197193006e+01
4.544677112150614562e+01
3.633922888839440901e+01
3.799539580527086624e+00
3.440966736954242577e+01
1.952589378599864389e+01
2.309755321614126089e+01
1.504026370500186829e+02
8.179931311586093656e+00
6.078245169359978206e+01
1.641959356007016169e+01
5.250021440226097269e+01
5.501570177381676530e+01
5.464907406167583304e+01
3.559271305797231832e+01
1.465965241620954096e+01
2.629473402919941449e+01
2.419687936252363514e+01
3.767480311114911729e+01
2.141626210951339715e+01
7.859635760678540350e+01
4.572262311943687507e+01
5.758801636539836721e+01
2.409534511042517835e+01
7.487669112364076796e+01
2.499961166914585320e+01
3.339304171034435598e+01
1.571791770773120618e+02
4.898267111416288344e+00
2.116361134708868263e+01
5.498344270920090793e+01
3.366993403408479679e+01
3.724142301874096717e+01
3.317071615868606926e+01
9.140224700027251004e+01
5.733598727567022735e+01
3.993075862624818484e+01
5.781642831127468440e+01
5.002819702405175661e+01
1.094282334440028706e+02
4.637294442908841319e+01
1.392001806867561164e+01
3.240966808892068229e+01
1.137495283820021852e+00
7.804239746046418702e+01
1.051431595626264937e+02
1.425814157203272998e+02
2.954204480453657311e+01
5.783756320529641215e+01
3.876545170485319858e+01
7.084939283645840646e+01
6.442506265586383840e+00
1.499948243392589973e+02
3.422330849356944782e+01
3.323096602744684702e+01
4.027260295799030132e+01
4.929569801121333228e+01
4.154875103671126624e+01
1.375339924738096009e+01
1.284299539496097395e+02
7.113198632874905059e+01
5.056064229120745779e+01
2.731747892261029875e+01
6.737629432243575422e+01
5.044747787687772700e+01
4.282149412677675571e+01
2.575886456367542365e+01
1.585366678839459098e+02
1.001174522836836189e+02
2.427758198805923584e+01
1.095034480946055027e+02
4.110570610728199625e+01
3.850388250166564319e+01
6.994993160484959560e+01
3.742733183766683425e+01
1.391286704679442288e+01
5.643867050807274666e+01
2.549889108240916613e+01
2.838869574933962170e+01
4.011898118038221384e+01
2.759729368047114662e+01
6.068992494500255930e+01
7.606991538884811632e+01
9.677373189064866210e+00
2.254895381498065277e+01
1.143568347947313768e+01
5.639940073862828740e+01
3.116165645024690178e+01
1.638291427329403689e+02
7.772547778818321262e+01
3.981670965826873498e+01
1.075727781428031733e+02
2.746213027404516538e+01
1.733722622483947973e+01
4.545838946358752253e+01
7.600700989410528052e+01
5.282025791763825140e+01
5.301417502017781658e+01
4.500616586228184701e+01
4.053904153853509484e+01
2.908473273307624840e+00
2.083174557286949025e+01
1.626245257390798429e+02
6.652587103724653161e+01
4.308391605374973210e+01
4.449975728124257301e+01
7.542950397629276438e+01
8.174298969245640478e+01
2.664064921916668638e+01
6.426746106079995968e+01
5.469324391741223224e+01
6.027558184159035193e+01
9.534379176676985423e+01
1.376715980050447570e+02
4.744111412406386563e+01
2.224097709478766305e+01
3.698897256166240055e+01
6.113936317429148204e+01
1.329614856643003229e+01
5.459557275354896433e+01
6.458667191463271706e+01
5.812627344555236775e-01
9.158436278061460101e+00
4.106975407146305912e+01
8.667636680695044049e+01
5.370856782578471922e+01
7.815952151051440921e+01
4.607903965919836509e+01
1.691408335229689897e+01
6.147012263888272798e+01
5.314582254881477041e+01
4.867057060930178380e+01
1.953291050263371886e+01
2.646145595756448898e+01
1.220144867243341125e+01
9.844420086069683862e+01
2.838440145797168412e+01
1.168105286719380942e+01
4.850515766025737463e+01
1.958723528513048961e+01
1.569875642413693413e+02
2.191630810467716728e+01
2.677544976869967286e+01
3.130104659933116906e+01
5.165018288359304677e+01
2.566981961713586102e+01
7.826991933183481365e+01
8.064665459746302645e+01
-3.221843765582590446e-01
1.378816071940045518e+01
4.579676629707204683e+01
9.614456932479183138e+01
7.967863838433623336e+00
1.723491115133951013e+01
3.752322152470429728e+01
1.594865553572723371e+01
6.110311934795574729e+01
5.077871831935885183e+01
1.206604277531711773e+02
1.673180660418861407e+02
4.323976144341325778e+01
1.004088032596342686e+02
3.385034454640757673e+01
1.559295761924424824e+02
4.478060723615625704e+01
1.025533596787573742e+02
1.115213427437118270e+02
7.989145472798186631e+01
3.782584233820288233e+01
3.787620968030352486e+01
1.590325085733997525e+02
3.965799067676157108e+01
4.131510557527676752e+01
1.590917356425883327e+02
9.182484181938126255e+01
1.603835895884460570e+02
1.203189790659824077e+01
7.085974822584989852e+01
3.572900844047315871e+01
4.891236302477036446e+01
6.228479956472776280e+01
6.942693507713853762e+01
6.821232087147463119e+01
1.606113620563368443e+02
8.717855610918380194e+01
1.614616682396499812e+02
9.365619630083712366e+01
6.505311019886056556e+01
1.604037463997073303e+02
1.282893539418521414e+02
4.199483844763444296e+01
3.579214485858025796e+01
2.437882836241925588e+01
4.034700003409491842e+01
1.629668704788246885e+02
4.235067583166688365e+01
8.832078715056165663e+01
1.638369313003921377e+02
5.833105567159378779e+01
6.760193190595769863e+01
1.656016822458855700e+02
1.632777720123212646e+02
1.392314879113441748e+02
1.683426413392892869e+02
1.639227737089000811e+02
7.103385343956706777e+01
1.357729823218151353e+02
1.627894738735289692e+01
1.114671079359127788e+02
1.110085164655404668e+02
1.698738906326023539e+02
1.572392437932548148e+02
9.961662976583340878e+01
6.207691153217766100e+01
1.323126473451315910e+01
5.807521835572191549e+01
1.636986842237259907e+02
1.649435925528844678e+02
1.188970294485961290e+02
1.587950000584274051e+02
6.157708268731249746e+01
7.100369407413077738e+01
1.670461586822496827e+02
4.702037509942570637e+01
4.852023571178261108e+01
5.232496644089268756e+01
5.907545088494905627e+01
7.015927233855592249e+01
2.707470027651435274e+01
3.856619348534175629e+01
9.636977489185323975e+01
1.853963151681938015e+01
3.701019309515252331e+01
3.774646480654331526e+01
8.179052816802209236e+01
9.282310685336078393e+01
1.679474665579779185e+02
1.397039707298932321e+01
7.030472615117375312e+01
1.682057632356124088e+01
8.560019376189062257e+01
4.764648783269081633e+01
2.823754550017720533e+01
1.685697888595216796e+02
1.621370688486818779e+02
4.721195420033748746e+01
4.097351747256978172e+01
4.136060575250541405e+01
1.644053564266173737e+02
5.402557486217207128e+01
8.548598258621230173e+01
1.639650910130482941e+02
1.677662893079343291e+02
3.077339025428294050e+01
8.862278781611672684e+01
8.734519088461556180e+01
5.191522918603884307e+01
1.201828071836093592e+01
1.568376816952735453e+02
1.670578708502172844e+02
1.702137208668532367e+02
1.714545383710756425e+02
1.681785325833391198e+02
1.666766232205114306e+02
5.735646566224033194e+01
3.986410274733992765e+01
7.889644872462066871e+01
1.328778199022879392e+02
1.656511621258855769e+02
1.610478153003499244e+02
1.700113170607835400e+02
1.688956283227707047e+02
1.681088857574725068e+02
7.917209508205904456e+01
1.467575433570327732e+02
6.833810492036269579e+01
6.415601257545877445e+01
1.673602502168020294e+02
5.028631710898370955e+01
1.671642848020591430e+02
1.718337938534129421e+02
3.774084415324585251e+01
7.425345288266760235e+01
1.017155108846267098e+02
7.733428603254630218e+01
1.676028321210326339e+02
1.700719391013184918e+02
7.084658878111105196e+01
1.684121760124805576e+02
8.151063497616802067e+01
1.694374644470264286e+02
1.684629332640474502e+02
3.043333311075515724e+01
1.706165857428757988e+02
1.623987983092146408e+02
1.059900154729808861e+02
1.626744252263050328e+02
1.114624416034765915e+02
1.693758350083840867e+02
1.668573379575246349e+02
1.687877980944459466e+02
1.645401535858791533e+02
1.694486117994696599e+02
1.670304232308566839e+02
1.705865513610992821e+02
1.698094198828723336e+02
4.482948004034865619e+01
5.665602691287186587e+01
4.854794516474792943e+01
1.657820070765419302e+02
1.647119775592359190e+02
2.786363582728540678e+01
1.694971154980569850e+02
1.632053333156861186e+02
6.585748855653366718e+01
1.701242075199368458e+02
4.617748016772888775e+01
1.706720412834035301e+02
8.855984629001439146e+01
7.232400161432857999e+01
1.730755242603393924e+02
2.793183989588122174e+01
6.835789743158525766e+01
4.883665523222595084e+01
1.642244495654941261e+02
5.669826207188193479e+01
1.717313970508183445e+02
1.167352792305172642e+02
1.732955398514180558e+02
1.657340852749099724e+02
1.715807793582692398e+02
7.710338021471396530e+01
6.974589417671258218e+01
4.332177457529221698e+01
2.361322973507871836e+01
4.922486917943704299e+01
1.656443341651960566e+02
1.623218606507437585e+02
4.724735300370370794e+01
1.664043861989101458e+02
1.623268155110104658e+02
1.659305461788050025e+02
1.684426783938668848e+02
8.571896644881407212e+01
7.123891518100609233e+01
1.687955663235815678e+02
1.683017686860997344e+02
1.640699310338876842e+02
3.079085873680939756e+01
1.590094056513729299e+02
1.016823514551016672e+02
8.024376113453153891e+01
8.318973855200540868e+01
1.103934371710938365e+02
5.950650049243874662e+01
1.686209327074784596e+02
4.609471687133353157e+01
6.347020714197508795e+01
1.695248415853831148e+01
4.728085357207950779e+01
1.682233082297330782e+02
1.070413091383348814e+02
3.323014678854558213e+01
4.237251215472581123e+01
5.369576401175426383e+01
1.035601172021874561e+02
3.334696263021309903e+01
5.281083212918799319e+01
5.203623604682470472e+01
1.729713079653660088e+02
5.244594245887966366e+01
1.143150866888153416e+02
2.055853274061038505e+01
6.719840086869898244e+01
1.653931403936588254e+02
8.729753422586806266e+01
8.288135727943574693e+01
1.650670709181359541e+02
1.611319484602393572e+02
1.705958249600902263e+02
9.223217374077026420e+01
1.708090900849853426e+02
1.661273463943856825e+02
3.980639054334774585e+01
1.691353062209049938e+02
1.603422328174171412e+02
1.713448949439467413e+02
1.698238267111883886e+02
1.699217576207648506e+02
1.684736806838969301e+02
1.648771626866944757e+02
1.710174648115347509e+02
8.951733758117094908e+01
1.573160929275328499e+02
7.253126755559055994e+01
7.318977223728796844e+01
1.082990621280055024e+02
1.664601554886891392e+02
1.266813358223446784e+01
1.692145635322914643e+02
6.574828385683817089e+01
1.623646416804165256e+02
5.886121167331948101e+01
3.883075644124746617e+01
1.685405326438499003e+02
1.031831952748356969e+02
1.646280723422262042e+02
1.709895816467089276e+02
1.700546715637892419e+02
1.685936051423316542e+02
1.538638419110753830e+02
1.613933280152650980e+02
1.650988965936997488e+02
4.199491436299803837e+01
7.613161025643512403e+01
1.692847144215845958e+02
1.690151374250725098e+02
1.666907103635144836e+02
1.702476265627616669e+02
1.612165857404790188e+02
1.673472378427466367e+02
1.642392410293095395e+02
1.628990205362913457e+02
1.611790400771798204e+02
3.582658428549603258e+01
1.697286045046464551e+02
6.278184456534928870e+01
1.256220517213637855e+01
1.686059623624104233e+02
1.719026790302506527e+02
2.635272005142899943e+01
1.598878897663620933e+02
1.704333867796873960e+02
1.672509699514582451e+02
1.627330359151212633e+02
1.698672395903832353e+02
1.684334887247276811e+02
1.242196471839355212e+02
1.680234436365614954e+02
1.715745634564818545e+02
1.647220287019581804e+02
1.702619318964571562e+02
1.750401686400360290e+02
1.040073147400219256e+02
1.713217854430569673e+02
1.682873611130992799e+02
5.829146358577538223e+01
1.675903336139554654e+02
1.683891117142120208e+02
1.647335000074617142e+02
1.729978357444213373e+02
1.704467228687408351e+02
1.721088410309350536e+02
1.687396853235361505e+02
1.729607041757489299e+02
1.707025171528743215e+02
8.052523922350181351e+01
1.682135541325625638e+02
1.649292747574583018e+02
1.711729797524834567e+02
1.668772600726508699e+02
1.647121972627080879e+02
1.522845733534647934e+02
1.691234714265210073e+02
1.671140251497519955e+02
1.702930598762365832e+02
1.650395813593242735e+02
1.717566597128712544e+02
1.740619648542678419e+02
1.700430022104923751e+02
1.727356310452150581e+02
1.656383419003499569e+02
1.706927090362559056e+02
1.630793173329800538e+02
1.739570752825805755e+02
1.732474105417438182e+02
1.680849972937349150e+02
1.591740175741301471e+02
1.720042412915647105e+02
1.610409596339968914e+02
1.712668887525214529e+02
1.711365343826950323e+02
1.697325665627810451e+02
1.690929559181916773e+02
1.710369025044951741e+02
1.707571732072856889e+02
1.693711532874442298e+02
1.655316959716534200e+02
1.706103071218936122e+02
1.624163286613303683e+02
1.723328716685033726e+02
1.725569699912923625e+02
1.714475849891029782e+02
1.685939304728634909e+02
1.720748149308885502e+02
1.700862681831286238e+02
1.730163489166886563e+02
1.670931913535841602e+02
1.653669635659270227e+02
1.642136371622928550e+02
1.721106527001853124e+02
1.256437549704906047e+02
1.703435567323847408e+02
1.717329454388050749e+02
1.678026712100012219e+02
1.674606253649943710e+02
1.648644248849718963e+02
1.707999349270126004e+02
1.726395248222329428e+02
1.732457267828455372e+02
1.719762601286482209e+02
1.638698993309611467e+02
1.688877664621424231e+02
1.741557247949247085e+02
1.704150900217305775e+02
1.743347963724435203e+02
1.696552810927991288e+02
1.657884472064710621e+02
1.716176005176941146e+02
1.722531007154823328e+02
1.728456205846598834e+02
1.711314948250871453e+02
1.687540123436632484e+02
1.742811475971620325e+02
1.599396421297784627e+02
1.709001692163448638e+02
1.686458410966716031e+02
1.714254423675956502e+02
1.682082571079208151e+02
1.720897614106715139e+02
1.711876497723069406e+02
1.736398815829717819e+02
1.714255144335023147e+02
1.675522222275239983e+02
1.697182749024909469e+02
1.701354043188748051e+02
1.734116934521082385e+02
1.720992741865190681e+02
1.598345077278129907e+02
1.684145912415635280e+02
1.686061758004858575e+02
1.679282533481255086e+02
1.699391602414666238e+02
1.693402137858198273e+02
1.735352098947242325e+02
1.693889282735880784e+02
1.750131976083223719e+02
1.678570124969637618e+02
1.742294355210124479e+02
1.654144851103227154e+02
1.657615664364672057e+02
1.665337320391501805e+02
1.738467041106545139e+02
1.752400756674317392e+02
1.707559266414457397e+02
1.704489865198600569e+02
1.743008216944361379e+02
1.730954341573264230e+02
1.708274606251119110e+02
1.747424955935010473e+02
1.721335830931763553e+02
1.710837152534339225e+02
1.671666732196416660e+02
1.745365327401378579e+02
1.636389205023831153e+02
1.691860756757079116e+02
1.648913076089066863e+02
1.737866771652611249e+02
1.704952957849332051e+02
1.763791473820681688e+02
1.697550293185394708e+02
1.647967917103262039e+02
1.737999642277915768e+02
9.185095428723890620e+01
1.665686870070053658e+02
1.698903256100211081e+02
1.733672217761464367e+02
1.689179074122322959e+02
1.661798803270151268e+02
1.727181431771467999e+02
1.743169999379208832e+02
1.745744236208626319e+02
1.726001923277422918e+02
1.697919601937565233e+02
1.736851686263163117e+02
1.715099199197955500e+02
1.702320045312951038e+02
1.734789203378534239e+02
1.740911664224291258e+02
1.722988451944153212e+02
1.741539709137879584e+02
1.728056948889681053e+02
1.713678741523736448e+02
1.729076165956499551e+02
1.738647147589769588e+02
1.666397787614453705e+02
1.707996265891730445e+02
1.722960647115976940e+02
1.695607298039338389e+02
1.712330351482395372e+02
1.704664740523496960e+02
1.743698955691150445e+02
1.734913859921246342e+02
1.720985655214321639e+02
6.854925205613801609e+01
6.560338033235089483e+01
1.672570401682927468e+02
1.653053020144107847e+02
1.688275309799160198e+02
1.731779416799952287e+02
1.677697067104725477e+02
1.681064266275810724e+02
1.713428006845508378e+02
1.586078809219314678e+02
1.681678515227075934e+02
1.695376082348768989e+02
1.692017696793107859e+02
1.709629123490365430e+02
1.734640541725259766e+02
1.674080870692432086e+02
1.643446923674866014e+02
1.713820682353832581e+02
1.650057893985725457e+02
1.708906380677200048e+02
1.734523912484672792e+02
1.671238564247256591e+02
1.686872386102087376e+02
1.736497621607564383e+02
1.719103666285396343e+02
1.722329227303511630e+02
1.710393646451825020e+02
1.651020344815623559e+02
1.715554890421707341e+02
1.725453289886073946e+02
1.741983871649889863e+02
1.747317541256838922e+02
1.742782049901820187e+02
1.726018630793647333e+02
1.706955911328769844e+02
1.741427051152457182e+02
1.701364520800027265e+02
1.704845212972372792e+02
1.647921242000130633e+02
1.657546255259112513e+02
1.720505511192550330e+02
1.710732420441436545e+02
1.715248334199729072e+02
1.678608136376063840e+02
1.702121736053517225e+02
1.728694571367174149e+02
1.695547280848242622e+02
1.732620388649379493e+02
1.709900178662595920e+02
1.689208997109188886e+02
1.700525349675013445e+02
1.724511835235361730e+02
1.705184186942255167e+02
1.744888272394996989e+02
1.715970983908766527e+02
1.746207784071991682e+02
1.744139620742289196e+02
1.727810454199096171e+02
1.644366320166335811e+02
1.706814577087579607e+02
1.715865216386725081e+02
1.731151225528388977e+02
1.632954008902483736e+02
1.696047990069778848e+02
1.718757234185055154e+02
1.670550435783168837e+02
1.707005457167808800e+02
1.699756220409917375e+02
1.683362141817063957e+02
1.736814512276747848e+02
1.765334378521609722e+02
1.737749887188326738e+02
1.725394738520037095e+02
1.728903548307594065e+02
1.686801884693071258e+02
1.570718102872732516e+02
1.741853226830828589e+02
1.728766591401348194e+02
1.744717310111539348e+02
1.657966289712426260e+02
1.690693817742242970e+02
1.724487694771388249e+02
1.726263497746281246e+02
1.663064781891485779e+02
1.702698964875455658e+02
1.668295228810428057e+02
1.693005994579742151e+02
1.725700704688111671e+02
1.683569876754326060e+02
1.697244728609795743e+02
1.714583199246917502e+02
1.680580962595318795e+02
1.721207794018015136e+02
1.698388597569739318e+02
1.690160073787244244e+02
1.699057135508160172e+02
1.764886257523129132e+02
1.736031731688410957e+02
1.745670837779820204e+02
1.731002012406250685e+02
1.683021955343886873e+02
1.609545801333305519e+02
1.686357789440998545e+02
1.695998732680822059e+02
1.719530485974128453e+02
1.717673093094410888e+02
1.730705314239806114e+02
1.730153815299027258e+02
1.722937409769811268e+02
1.700757272073328181e+02
1.668483833878570408e+02
1.684497158780411610e+02
1.667127203260177737e+02
1.758707221157739582e+02
1.705916263212731394e+02
1.565972200693137211e+02
1.612234489984330708e+02
1.722514499572014302e+02
1.724975225704980062e+02
1.707131419521064402e+02
1.681979144479497847e+02
1.724203641766708586e+02
1.700445814534235183e+02
1.639121578825059089e+02
1.718397505445688864e+02
1.725237433086587089e+02
1.713187508591799997e+02
1.724164175158903447e+02
1.714196314413123616e+02
1.692319337330567635e+02
1.601855213306898804e+02
1.697247535867476529e+02
1.703546077101086382e+02
1.711607227349874449e+02
1.722889738160670277e+02
1.713513800881661666e+02
1.697608390111385290e+02
1.742219115520376249e+02
1.715868205825625523e+02
1.684913338334472996e+02
1.736262818845124229e+02
1.652078258290209760e+02
1.721547829030926096e+02
1.715913937529425937e+02
1.719928807600865923e+02
1.705618651679578761e+02
1.727948502788100882e+02
1.718217294173331311e+02
1.694109186339628366e+02
1.741996721846241201e+02
1.681160380101506462e+02
1.665875065477405315e+02
1.714130007140433349e+02
1.673154433046694862e+02
1.708199951257124098e+02
1.707087390738600732e+02
1.744038564283083588e+02
1.736164152814004922e+02
1.696826734062974538e+02
1.696946122911943462e+02
1.727084628820307159e+02
1.665305896295662080e+02
1.724433661028772065e+02
1.616854769163172421e+02
1.727547272354202619e+02
1.741434596082978032e+02
1.707221359273032419e+02
1.731204204500752155e+02
1.747923243732883805e+02
1.716143931487213194e+02
1.751400364401199283e+02
1.754468458256011729e+02
1.673593809118035267e+02
1.733046734566526936e+02
1.660161532353237703e+02
1.760895178146907085e+02
1.758590930534421943e+02
1.679289166839857330e+02
1.727891117349099943e+02
1.759677863102529329e+02
1.670589736015199378e+02
1.687670484579438721e+02
1.666558104198819592e+02
1.652726812156395795e+02
1.672001846920238108e+02
1.634895613961450067e+02
1.678211309511713694e+02
1.638009041270032640e+02
1.669702366592445912e+02
1.613166925443292712e+02
1.754006634469761252e+02
1.709343455514751895e+02
1.687671032146021446e+02
1.720488636079510627e+02
1.623187577127152679e+02
1.712868138365714401e+02
1.700847983234828575e+02
1.703965605363513305e+02
1.760791859859969293e+02
1.696900057580767509e+02
1.658845488543200304e+02
1.749139073779111584e+02
1.705495316809977453e+02
1.693590795936680706e+02
1.757143668850106906e+02
1.739557653514757760e+02
1.722516766337223260e+02
1.721876964641709549e+02
1.729802131803123189e+02
1.736797761794497887e+02
1.661391028913698165e+02
1.687831292614544054e+02
1.741521794204872151e+02
1.718445473519635698e+02
1.721025736278838281e+02
1.637907193102988685e+02
1.749376883673962766e+02
1.739202088606985797e+02
1.739261680817238016e+02
1.743835076635565429e+02
1.758949185134829349e+02
1.643972707358702792e+02
1.749167666285638063e+02
1.735897115005942339e+02
1.729902652602137607e+02
1.747458736053978328e+02
1.745111442864106834e+02
1.761941158992157739e+02
1.752314407697485592e+02
1.721345339674489026e+02
1.754826257179664992e+02
1.770905836317112403e+02
1.733345122147016468e+02
1.748530587218457981e+02
1.750429989316647834e+02
1.753498293768732594e+02
1.735619618921259928e+02
1.678834250390028160e+02
1.757171853481887638e+02
1.623648320950225639e+02
1.751266672625952197e+02
1.760354214185374531e+02
1.763621934005385867e+02
1.736907432780312206e+02
1.749645996301309481e+02
1.747147323827855416e+02
1.720133090988937283e+02
1.724195975060181070e+02
1.691873025394820900e+02
1.744325378797364579e+02
1.738842918551283958e+02
1.748480440957458484e+02
1.701658156881503317e+02
1.674824438704239356e+02
1.748833437273039806e+02
1.733844932597486661e+02
1.768430509065765079e+02
1.758072808355033771e+02
1.749658756287761889e+02
1.709143422436304718e+02
1.766630448032556444e+02
1.745433731112316025e+02
1.737437734429086902e+02
1.683600084299110335e+02
1.751671576095600074e+02
1.722279149867239880e+02
1.747988665845271328e+02
1.720834289132211552e+02
1.704452073470264395e+02
1.735339140387731618e+02
1.651296403383924201e+02
1.732739102903197477e+02
1.750662891426206329e+02
1.762699179708204724e+02
1.760880260447273145e+02
1.729588073537553043e+02
1.743324557741788965e+02
1.749646765348552151e+02
1.699010458377393036e+02
1.701158930880935145e+02
1.619240940992467586e+02
1.651871489037782794e+02
1.741209077297338865e+02
1.632710974058488205e+02
1.709349267011136249e+02
1.660181948462386856e+02
1.717734140305134645e+02
1.714510050568110842e+02
1.711325757798808809e+02
1.743303104502319059e+02
1.727921332863134012e+02
1.672894384258343905e+02
1.732669883377574536e+02
1.729130377373244869e+02
1.711489223714529828e+02
1.713805479006714165e+02
1.724449845817887308e+02
1.741613628584623825e+02
1.710566506951944632e+02
1.703939912459694597e+02
1.744643189424443790e+02
1.712776166687032173e+02
1.749246793385848378e+02
1.731789830840507705e+02
1.653679173361766743e+02
9.829921739088381116e+01
1.726331199427668537e+02
1.597079773109101950e+02
1.736739901753349784e+02
1.752820478348849633e+02
1.725958564160963817e+02
1.710346083997639539e+02
1.687850570691527139e+02
1.718794758654440216e+02
1.694046004723292356e+02
1.747199449878083044e+02
1.705599102762883774e+02
1.749904182722334269e+02
1.744928934853059275e+02
1.752686171543324178e+02
1.649665586939000264e+02
1.720542708158027665e+02
1.716885053173477615e+02
1.706837066114559036e+02
1.748066211730143209e+02
1.713070361837856126e+02
1.722744880398103362e+02
1.716083055101609602e+02
1.708881565097322834e+02
1.728899625251346777e+02
1.712843286378063965e+02
1.735317994785781082e+02
1.734014770374114960e+02
1.726022339884804921e+02
1.693409297706013774e+02
1.702191420997823172e+02
1.670215026282513406e+02
1.695813130618756190e+02
1.697674540870046371e+02
1.747902988207077897e+02
1.696714694442455595e+02
1.752951571441776650e+02
1.748373628166378069e+02
1.739532585075909594e+02
1.710383262315727109e+02
1.673409147866769047e+02
1.695619790793702180e+02
1.721053221188358577e+02
1.707269446036368095e+02
1.622821582682501571e+02
1.750328684780466801e+02
1.738597078194844983e+02
1.703509764972690164e+02
1.714690133759978607e+02
1.740516862220615621e+02
1.723225114661376836e+02
1.686654275368076981e+02
1.737384780741360544e+02
1.688516551626656224e+02
1.753585207653934503e+02
1.675131940140666416e+02
1.732022276575736726e+02
1.705425086717094985e+02
1.756101935566246368e+02
1.632341533800729678e+02
1.700687204073426813e+02
1.668520457216882846e+02
1.747808539678286479e+02
1.710370031585706840e+02
1.718753051281620969e+02
1.712785627443056171e+02
1.751209533127942564e+02
1.731712577136247830e+02
1.739739106872698073e+02
1.757014871189678047e+02
1.705462564557068674e+02
1.767643331204918411e+02
1.737785322727532957e+02
1.739884825489532432e+02
1.680928939636160635e+02
1.749097701431058454e+02
1.739501074598071568e+02
1.763439688684002533e+02
1.709730213381302235e+02
1.752507543112431563e+02
1.775682380924328072e+02
1.697924546719087289e+02
1.749533072497411581e+02
1.715758272187867988e+02
1.752058495248788859e+02
1.746957270203947132e+02
1.752397226921350182e+02
1.767640138904904461e+02
1.769271791358257815e+02
1.737242028759348784e+02
1.773737834233126875e+02
1.760063727635038333e+02
1.714993805518560634e+02
1.764200227680680086e+02
1.743176888215567146e+02
1.682854573851033990e+02
1.724246087093436017e+02
1.685305706571934934e+02
1.722594828895430226e+02
1.703036104340820884e+02
1.733091380758104663e+02
1.714812856270691270e+02
1.713862247523050257e+02
1.545696735224958616e+02
1.726792906160503662e+02
1.729910071924230692e+02
1.658220161930846075e+02
1.718920451674942171e+02
1.698280774751347337e+02
1.737314963457285444e+02
1.758961788260760670e+02
1.642716850970354301e+02
1.744989443892707470e+02
1.732818151991460525e+02
1.659990435804451181e+02
1.761740944737370000e+02
1.735873973129946535e+02
1.764215834751890384e+02
1.715066827463554660e+02
1.732674013703917240e+02
1.703617114612298451e+02
1.730731521618156989e+02
1.739192236717739775e+02
1.693963488309953505e+02
1.720064065685619994e+02
1.752982576018536918e+02
1.741804010299542256e+02
1.732665346922013327e+02
1.762229437137990260e+02
1.713518325175050165e+02
1.741319202672964366e+02
1.727817084418749403e+02
1.718414220730268198e+02
1.711155745499971204e+02
1.708449816605330511e+02
1.741348010440265455e+02
1.729692114397870455e+02
1.650926691663109693e+02
1.714926104748157343e+02
1.715557914726232696e+02
1.725969658439089471e+02
1.708221362965450112e+02
1.751667008410974802e+02
1.699693696892701951e+02
1.725786501802269868e+02
1.708513976897064026e+02
1.729094265174857981e+02
1.704494952376701065e+02
1.692281045259744587e+02
1.704699645107725132e+02
1.705164687751051531e+02
1.685670427357125618e+02
1.674372343510051451e+02
1.728031397446148958e+02
1.674101870992704733e+02
1.723499209644624557e+02
1.687802858073035566e+02
1.721133420815175441e+02
1.734836756112961211e+02
1.727178065734598533e+02
1.658754329575630777e+02
1.736348126263710299e+02
1.738234782327660355e+02
1.664073368510352680e+02
1.671416951965159114e+02
1.734566857396171429e+02
1.737256002110577811e+02
1.709296981280580781e+02
1.719957328748810426e+02
1.719967275421234660e+02
1.745313196285736126e+02
1.678767389596513340e+02
1.704520146536481491e+02
1.726622604768685676e+02
1.711375564949021566e+02
1.680287761781396227e+02
1.721502424108830951e+02
1.703384657966895759e+02
1.729839248317738623e+02
1.717359023097742465e+02
1.732145293680887619e+02
1.715362838913116263e+02
1.693103258883813851e+02
1.702349915975735257e+02
1.720807695947858065e+02
1.643839634815211923e+02
1.687109091842169448e+02
1.710750115899887760e+02
1.692478610044014999e+02
1.743029574142433944e+02
1.699425589662687344e+02
1.742446843372199510e+02
1.689075675241816157e+02
1.674369275704203517e+02
1.694740850660897706e+02
1.722544593033036051e+02
1.741947599538361828e+02
1.683047899540511025e+02
1.747766264773360092e+02
1.756950952154600429e+02
1.710557559182301759e+02
1.659721049484288073e+02
1.730901899385575859e+02
1.722273285028603880e+02
1.721747424883866984e+02
1.765193817958858915e+02
1.745917470673501839e+02
1.706673750990041469e+02
1.740099596908627007e+02
1.734046558260131121e+02
1.691930605067313991e+02
1.712436228315779090e+02
1.739391885935251025e+02
1.730595066298373581e+02
1.747650257651751531e+02
1.708059069871142697e+02
1.727747096560880493e+02
1.726068440625300298e+02
1.704682727778520643e+02
1.671604329424898197e+02
1.713335199986069028e+02
1.683906538625834628e+02
1.695997110648692683e+02
1.690294249917248521e+02
1.736893621856339962e+02
1.753090139969550023e+02
1.734525803845068879e+02
1.755561652571035722e+02
1.677864478673100166e+02
1.719938255246541985e+02
1.655525721576561580e+02
1.731902083337735689e+02
1.685935747766510246e+02
1.728343076924461172e+02
1.672310667833003208e+02
1.726378772195943441e+02
1.766128281410256022e+02
1.746915872813782471e+02
1.677376273309553483e+02
1.608268523099463891e+02
1.644104000349952628e+02
1.719848232244830513e+02
1.736488413040544287e+02
1.703161603885731381e+02
1.749004624065257190e+02
1.745189477704574870e+02
1.706506724993635942e+02
1.700490684136050277e+02
1.749357610998490600e+02
1.745526114631367705e+02
1.699757331870953010e+02
1.732255907901760565e+02
1.720922763876794193e+02
1.748146036042827234e+02
1.756177462971195666e+02
1.713903154226650827e+02
1.728376144763909394e+02
1.677038185431268005e+02
1.734843744655942430e+02
1.755103118849638122e+02
1.687515436133619744e+02
1.705929708593996281e+02
1.711202836909601217e+02
1.738074852177488197e+02
1.723882609974163245e+02
1.739114707253965264e+02
1.745308679247492307e+02
1.688273061265831529e+02
1.749905503863685681e+02
1.667431814105156320e+02
1.700035814326045625e+02
1.703079385472661897e+02
1.688966867093006101e+02
1.696666226344372603e+02
1.743502365690134184e+02
1.741688924315404563e+02
1.713731986368762250e+02
1.752518272358127547e+02
1.718819008868008211e+02
1.767836022839489374e+02
1.673498198154252634e+02
1.686192794015895799e+02
1.765020319227780021e+02
1.617433662806880079e+02
1.693791392625490175e+02
1.719666483552918237e+02
1.705928583189556207e+02
1.713960138641040487e+02
1.682968057133759316e+02
1.770228264038855173e+02
1.709549175656636919e+02
1.721707427733841769e+02
1.720377170115627052e+02
1.675337086856364692e+02
1.714109631730458148e+02
