2.968778522086362709e-06 -8.791630758695643730e-05 9.999999961309544716e-01
1.095874400617050104e-03 -5.644091781861400661e-03 9.999834715069827462e-01
6.721673208251313821e-03 -1.849431622818624443e-02 9.998063709418636424e-01
1.967391960083888364e-02 -3.573116126146008015e-02 9.991677641922165343e-01
4.108526511571667511e-02 -5.350759250034567427e-02 9.977218743379139276e-01
7.018591384221260776e-02 -6.791481016836679874e-02 9.952193306270384898e-01
1.045092603303111600e-01 -7.587253327213829002e-02 9.916255206447711634e-01
1.404973560943134914e-01 -7.580646464233070647e-02 9.871746921592073898e-01
1.743407347594115309e-01 -6.794371355659066525e-02 9.823385159796780286e-01
2.028252077903069661e-01 -5.417641456133143879e-02 9.777151175924971849e-01
2.239823298964823961e-01 -3.757099557080833402e-02 9.738687468844691164e-01
2.374273796021358907e-01 -2.167704196920743412e-02 9.711633978041728232e-01
2.443637505219831696e-01 -9.797040880806214339e-03 9.696341451220230612e-01
2.472931816226601187e-01 -4.343777282765816893e-03 9.689309644588027792e-01
2.494949697522444443e-01 -6.377298778285377980e-03 9.683550950420726222e-01
2.543526013749696779e-01 -1.539690005577693671e-02 9.669889811207873498e-01
2.646388718721691125e-01 -2.944843865596416879e-02 9.638978456901943215e-01
2.819136026537016337e-01 -4.555988475208591626e-02 9.583574581134713943e-01
3.062000180485593415e-01 -6.042647616887697470e-02 9.500474671937466642e-01
3.360453595716717534e-01 -7.116720147404616281e-02 9.391532067534534844e-01
3.689443154177342032e-01 -7.593286308067705159e-02 9.263445862326994407e-01
4.019745182360770497e-01 -7.420291943311557725e-02 9.126392570171348861e-01
4.324372630856308519e-01 -6.673577718093177957e-02 8.991909416445290626e-01
4.583381019993662542e-01 -5.525893747468563905e-02 8.870584163740028449e-01
4.786395891487411069e-01 -4.203929636961096367e-02 8.770044704646424716e-01
4.933067723023913942e-01 -2.945359599183784705e-02 8.693566092365706544e-01
5.032055346646804317e-01 -1.962285816072799338e-02 8.639439410351524851e-01
5.099067153065157676e-01 -1.412718566002770480e-02 8.601136926232484381e-01
5.154228023620700538e-01 -1.380152558632337205e-02 8.568248669499980430e-01
5.218886676208729369e-01 -1.862492769568809339e-02 8.528102547506286601e-01
5.312088466970906753e-01 -2.773346426777010404e-02 8.467868776090695659e-01
5.447252276804508409e-01 -3.958442812359785901e-02 8.376798310445014994e-01
5.629853850005364091e-01 -5.226380921978789063e-02 8.248126760129637081e-01
5.856841175940665778e-01 -6.387331267126485079e-02 8.080187586634222097e-01
6.117999945583716404e-01 -7.289199853881721258e-02 7.876468264810686515e-01
6.398784642576254011e-01 -7.841232825697767861e-02 7.644652103510317653e-01
6.683643306908996218e-01 -8.020200231645195632e-02 7.394976405455286894e-01
6.958852830720181348e-01 -7.861036537614085606e-02 7.138375749011484084e-01
7.214276344045917888e-01 -7.438399685019823904e-02 6.884832528070156110e-01
7.443963237551843859e-01 -6.846387240040145705e-02 6.642189483908068626e-01
7.645871377471339381e-01 -6.181524471000100079e-02 6.415492064828479668e-01
7.821109556296202969e-01 -5.531131249574143538e-02 6.206795564561421452e-01
7.973035544052802237e-01 -4.966841867081806666e-02 6.015314541357961176e-01
8.106409998217234403e-01 -4.541930109846852026e-02 5.837792874726772663e-01
8.226681910399314956e-01 -4.290969927282165669e-02 5.669001721122183257e-01
8.339403659463718865e-01 -4.230770955533889183e-02 5.502304278552611061e-01
8.449745118925439114e-01 -4.362057996884764061e-02 5.330246891449996749e-01
8.562082308651569607e-01 -4.671762877880988873e-02 5.145142646705046507e-01
8.679658142982041857e-01 -5.135960358136624354e-02 4.939610676250910659e-01
8.804333829773012265e-01 -5.723410991301017270e-02 4.707030006442172732e-01
8.936457250107960881e-01 -6.399455909764624473e-02 4.441869140432287422e-01
9.074864645825586607e-01 -7.129768569806595180e-02 4.139866624240898241e-01
9.217008453874458995e-01 -7.883329545383323256e-02 3.798063496214689749e-01
9.359178355684804052e-01 -8.634019958950310547e-02 3.414720707374788722e-01
9.496767594875485941e-01 -9.360412571361814704e-02 2.989185846558455872e-01
9.624541521543908962e-01 -1.004359928319532580e-01 2.521797305026886038e-01
9.736892261571443719e-01 -1.066314624592728383e-01 2.013927064868538397e-01
9.828107858986127043e-01 -1.119148854909284979e-01 1.468264883658298159e-01
9.892736762791145555e-01 -1.158734127407633763e-01 8.894349784570168560e-02
9.926173718215395292e-01 -1.178918418971593440e-01 2.850029728344337376e-02
9.925602969176569035e-01 -1.171076814873573818e-01 -3.331438263051921672e-02
9.891359612995057615e-01 -1.124191839344732824e-01 -9.472052206686229492e-02
9.828543500090644036e-01 -1.025916813586977144e-01 -1.532066372306334634e-01
9.748309697312964595e-01 -8.650491544517766029e-02 -2.054786608816432103e-01
9.667789090086688075e-01 -6.354366547581433156e-02 -2.475898696876817073e-01
9.607469053128607772e-01 -3.404379585047698220e-02 -2.753296273033417618e-01
9.585655480067578615e-01 3.991281047301576020e-04 -2.848717792158792506e-01
9.611455821286606360e-01 3.697330815398878340e-02 -2.735546458084840427e-01
9.679521895552329891e-01 7.211037599192543501e-02 -2.405590414828557289e-01
9.769817675313385852e-01 1.021604560806787104e-01 -1.872695048752055225e-01
9.853376415088060947e-01 1.239275439812481810e-01 -1.172676284282879594e-01
9.902090823459885893e-01 1.348443100043698883e-01 -3.609689829981525822e-02
9.899163605537749655e-01 1.329036731249262915e-01 4.901238124710037558e-02
9.846945925697377922e-01 1.167301260661941092e-01 1.294242539187758778e-01
9.768940117928905931e-01 8.613008376881378658e-02 1.956008649948467737e-01
9.702704314225886195e-01 4.304522612343558707e-02 2.381646445615073771e-01
9.683099945102945361e-01 -7.741365702570284120e-03 2.496313784859366669e-01
9.722493797170596030e-01 -5.896859977305200784e-02 2.263931261908571080e-01
9.800815129875245502e-01 -1.024589303502121407e-01 1.701246482806847982e-01
9.874718347129057827e-01 -1.309698790363409138e-01 8.801288317168692865e-02
9.902153690195875102e-01 -1.393133831119065247e-01 -8.081191603135787563e-03
9.868202977910031093e-01 -1.247830871003963588e-01 -1.030285495093558601e-01
9.796890963735924718e-01 -8.780653036197808015e-02 -1.802755880252223109e-01
9.739040824058206036e-01 -3.316067499638510746e-02 -2.245244016302878065e-01
9.738340176097637357e-01 2.944633517130157765e-02 -2.253446659673822849e-01
9.796937341627759421e-01 8.701935815082581516e-02 -1.806317209630779463e-01
9.870561843577247974e-01 1.268164188457250041e-01 -9.817171829381188264e-02
9.902003401646402025e-01 1.395485016103673592e-01 5.431761039109165787e-03
9.867793791270476067e-01 1.210515792440279986e-01 1.077635061138676326e-01
9.800210799798085848e-01 7.349222720209253046e-02 1.848176797298871910e-01
9.762576829368486697e-01 6.637599499212234154e-03 2.165106858040732885e-01
9.792044508135265835e-01 -6.290180584707254219e-02 1.928782140376864296e-01
9.861400338260700726e-01 -1.162183013731920844e-01 1.184109003594884107e-01
9.903362360035767864e-01 -1.381681657923832518e-01 1.198749607957717324e-02
9.877921952743548006e-01 -1.214737347332472128e-01 -9.752288014143736805e-02
9.815410001908432269e-01 -6.891065815052836718e-02 -1.784056754532807321e-01
9.787219941917936206e-01 5.492559942259031373e-03 -2.051172529274187806e-01
9.827148492666446522e-01 7.879267999749392515e-02 -1.675208580298037653e-01
9.890008267690333366e-01 1.268153091788006281e-01 -7.612650026396740321e-02
9.903121617147117028e-01 1.329581617414573591e-01 4.004937024676678836e-02
9.854198566119726221e-01 9.359875301446717033e-02 1.420808901121896062e-01
9.808782078399856941e-01 2.051177024881217781e-02 1.935386409806854335e-01
9.828465385255346076e-01 -6.062439857538304971e-02 1.741762380862034443e-01
9.888334054885045132e-01 -1.190450018030284884e-01 8.964811904102690243e-02
9.908746095660131425e-01 -1.316700700949082203e-01 -2.881845500578811281e-02
9.865177385537189370e-01 -9.217498457593721606e-02 -1.352276708314529008e-01
9.824467345152018138e-01 -1.462604330216220327e-02 -1.859690524859264060e-01
9.849330358989002443e-01 6.936648016103361125e-02 -1.584146576338351931e-01
9.903658367858395595e-01 1.233366447665969201e-01 -6.295699471753407606e-02
9.906363975071713623e-01 1.228733653410661875e-01 5.951189540222071722e-02
9.857830231064745874e-01 6.667488919579980799e-02 1.542280363960324419e-01
9.840632376927044289e-01 -2.087703639020242058e-02 1.765890373623353327e-01
9.885327385019313517e-01 -9.835194348636816519e-02 1.145858585946428476e-01
9.918336728576877537e-01 -1.275084278850781294e-01 -2.751040876387538664e-03
9.886951994876124195e-01 -9.285711776878771695e-02 -1.177257665718070279e-01
9.851344235597437882e-01 -1.040317368295407170e-02 -1.714699229572492767e-01
9.878524761635597562e-01 7.742235112208042946e-02 -1.347340374789792738e-01
9.920399900722862707e-01 1.231945312970400414e-01 -2.607233369826245095e-02
9.902456292675225757e-01 1.011448366541455313e-01 9.582960742817275834e-02
9.864126108857883546e-01 2.213730477126592266e-02 1.627884896026208505e-01
9.883373906486483396e-01 -6.942354992148566661e-02 1.355343750122193491e-01
9.923978464429988877e-01 -1.195966655674261386e-01 2.903707477330169304e-02
9.907904626737333853e-01 -9.774254506613455629e-02 -9.370512406627162783e-02
9.873502715228649196e-01 -1.589224264102773176e-02 -1.577557201894325967e-01
9.896098767966574616e-01 7.555635662895106297e-02 -1.223254732629742159e-01
9.929743660116746584e-01 1.179722849745504926e-01 -9.189494874901305357e-03
9.906035370568320175e-01 8.312883668046540386e-02 1.086012044352600153e-01
9.882390535136821308e-01 -7.036694265780086763e-03 1.527548515167881926e-01
9.914616857746039180e-01 -9.177951065582463930e-02 9.262958406585093674e-02
9.932107867789575772e-01 -1.121711537162377176e-01 -3.082143960165597413e-02
9.899633678005104187e-01 -5.311515614778494765e-02 -1.309629624083662736e-01
9.897982112801988475e-01 4.389234970811709685e-02 -1.355468473584429123e-01
9.933483242825449366e-01 1.077359695343872159e-01 -4.064555206937062182e-02
9.924157379687309488e-01 9.039069736420154988e-02 8.330975082581497382e-02
9.898343266885351044e-01 4.203627471726985310e-03 1.421629916375450609e-01
9.923613829160766731e-01 -8.445317137464829205e-02 8.992516105038481089e-02
9.938992956865015937e-01 -1.053865805706711428e-01 -3.252459308599140592e-02
9.910351413085470851e-01 -4.127979672745613060e-02 -1.270641843948638050e-01
9.916375187708714734e-01 5.607120855715906627e-02 -1.162369612381524558e-01
9.943771099130574997e-01 1.055294242105719732e-01 -8.814311506112370784e-03
9.924113696825263009e-01 6.494039745458050905e-02 1.044145475482761709e-01
9.915459088726740200e-01 -3.130712813863131827e-02 1.259227892503055057e-01
9.944200022677253115e-01 -9.888883316883487207e-02 3.674019141326641258e-02
9.934780245762497852e-01 -7.741474298239726937e-02 -8.371589316725480678e-02
9.918812333266304737e-01 1.407776113020641970e-02 -1.263859384357267912e-01
9.944575094527168257e-01 9.139871907850008470e-02 -5.196647949311242881e-02
9.941813180006136008e-01 8.204972429568797854e-02 6.979488257299082399e-02
9.923761738491294615e-01 -5.331805077326992257e-03 1.231302838612422235e-01
9.946557914362785802e-01 -8.635113608821405606e-02 5.659780867870789489e-02
9.946092385276618097e-01 -8.137983470897425242e-02 -6.426318595232415054e-02
9.928889852744510192e-01 4.744171750486192440e-03 -1.189492178559865415e-01
9.950251002875907247e-01 8.479528956577613019e-02 -5.229510752321313294e-02
9.948336450743864301e-01 7.642348478471464035e-02 6.682391831320461106e-02
9.934049448107207247e-01 -1.163453244601758696e-02 1.140666864361718769e-01
9.955047867371121795e-01 -8.598169254020815444e-02 3.971565881852119617e-02
9.948865834393084695e-01 -6.670089797922659769e-02 -7.583953909821833372e-02
9.939920659493147737e-01 2.506117966166275524e-02 -1.065441736639982234e-01
9.959802899030251178e-01 8.755593050523713394e-02 -1.889926404638916924e-02
9.948117666792790637e-01 5.073512626329350350e-02 8.817849238859956640e-02
9.947394489288637898e-01 -4.324096655597763073e-02 9.286331098290520614e-02
9.962792542238965154e-01 -8.564871582309048492e-02 -9.586463758605527283e-03
9.947465448715274716e-01 -2.708843048934647321e-02 -9.871914426417661981e-02
9.956498128408549642e-01 6.257608309812445757e-02 -6.903353186568479682e-02
9.962334310471168131e-01 7.534937529697953440e-02 4.291117347681822070e-02
9.949546607834326428e-01 -3.933109295589636706e-03 1.002481234164370461e-01
9.965043101959754068e-01 -7.686681433042764910e-02 3.271994382019483699e-02
9.958732556302793970e-01 -5.224965532267777241e-02 -7.420489187755267835e-02
9.956643721807058034e-01 3.812380894504711903e-02 -8.484669260994683049e-02
9.968797394509999465e-01 7.776737489207523335e-02 1.352613696148709937e-02
9.956274588505159562e-01 1.552263377732237583e-02 9.211368908233967534e-02
9.966809979465942604e-01 -6.590773425095415583e-02 4.778164759946210843e-02
9.965745763064997043e-01 -5.780785384925125892e-02 -5.913787764335502739e-02
9.960805947090830559e-01 2.814815911677296875e-02 -8.385131775565370094e-02
9.972500172736575852e-01 7.383027519430718222e-02 6.435503405280767683e-03
9.961865133699817632e-01 1.645116047670154222e-02 8.568370226785022858e-02
9.970936178673348582e-01 -6.271691260526915390e-02 4.325296356458331604e-02
9.969179259258789116e-01 -5.133303453323703747e-02 -5.932517003704004116e-02
9.966644752808754282e-01 3.336060645409245212e-02 -7.447746935305910032e-02
9.975266473723966021e-01 6.778521003663307010e-02 1.859192039287670128e-02
9.966220930623137519e-01 2.023363336680170099e-03 8.209872459573523684e-02
9.976198179316940751e-01 -6.522997908862124272e-02 2.235280763588576997e-02
9.970432976719529883e-01 -3.306131756908734648e-02 -6.936497473561825666e-02
9.973832640836207686e-01 4.851527451852928607e-02 -5.359832366689609023e-02
9.975907335665910036e-01 5.372139196185793386e-02 4.389335927825309402e-02
9.971875026042528178e-01 -2.452494248562261600e-02 7.082010950851452824e-02
9.979538394519091860e-01 -6.240844266465160606e-02 -1.389977094599990221e-02
9.972322017040347042e-01 -4.393645425225731205e-04 -7.434790163548951614e-02
9.980557390353067548e-01 6.069383884234320903e-02 -1.417304773031249736e-02
9.974903826844008226e-01 2.201689771109639759e-02 6.729082425555781011e-02
9.979941668346995476e-01 -5.170696845089464005e-02 3.652256533992306875e-02
9.978308769582754367e-01 -3.804628155997656636e-02 -5.372038678584144938e-02
9.979030557229043863e-01 3.882050269542783316e-02 -5.179106479362514948e-02
9.981390678940121886e-01 4.815634015268191459e-02 3.740618042623555795e-02
9.978670327836919318e-01 -2.485525650755532334e-02 6.036095798530845963e-02
9.983635878248653395e-01 -5.311412352289407446e-02 -2.118690932097285276e-02
9.979081216187098979e-01 1.176687810973517899e-02 -6.356694435877190130e-02
9.985059191831286984e-01 5.421305135055701219e-02 6.834922371381366851e-03
9.980094583096360550e-01 -6.627725809727758044e-04 6.305956559129700933e-02
9.985919934485832927e-01 -5.282911814879893281e-02 4.790465330376565342e-03
9.981422933301198341e-01 -8.012887628921522287e-03 -6.039516031337912455e-02
9.986500199438756997e-01 5.016342984593187559e-02 -1.347564251850000283e-02
9.982820406414832926e-01 1.424811037120395606e-02 5.683107328753594228e-02
9.987004062095224954e-01 -4.713348134358232022e-02 1.938426252619249862e-02
9.984133753193756844e-01 -1.825663462579625584e-02 -5.326567446157118302e-02
9.987543496119613007e-01 4.435948491461173121e-02 -2.284277608225344230e-02
9.985292329527843957e-01 2.032506210278874070e-02 5.025992335270043632e-02
9.988161634209435924e-01 -4.219786689649193678e-02 2.419525176359695745e-02
9.986279694848931854e-01 -2.071686620184899977e-02 -4.809136181759574025e-02
9.988860779556228975e-01 4.078811728299300277e-02 -2.372177824759581083e-02
9.987109224454483458e-01 1.962491435916514232e-02 4.680958025609968653e-02
9.989621584972935286e-01 -4.009366713945546751e-02 2.160753315482141779e-02
9.987810492747994928e-01 -1.716172526070128962e-02 -4.627810276894929464e-02
9.990411487410358893e-01 3.992922344487924435e-02 -1.795031719022117944e-02
9.988425134904481695e-01 1.337887938543668408e-02 4.619958820685387407e-02
9.991185706395986355e-01 -3.997567778769291202e-02 1.279814922565057286e-02
9.989007603128557955e-01 -8.310292377779304740e-03 -4.612986314593753995e-02
9.991886267496352669e-01 3.979016480219596530e-02 -6.211964393326003218e-03
9.989624656413267356e-01 2.035987400577236699e-03 4.549277318512209844e-02
9.992445794077322585e-01 -3.882389100142599053e-02 -1.650806342271522210e-03
9.990346469604599600e-01 5.238172273272926130e-03 -4.361275964709054875e-02
9.992803081490543304e-01 3.646396524451998161e-02 1.043959726864067579e-02
9.991223310433903215e-01 -1.309475589669881722e-02 3.978472582969057314e-02
9.992934195821699950e-01 -3.211628594249574253e-02 -1.951758944935308437e-02
9.992248172031957809e-01 2.083290250172275745e-02 -3.339876380663597821e-02
9.992892467469808304e-01 2.534175878139955512e-02 2.790191436423110349e-02
9.993320264977578748e-01 -2.744290631691442134e-02 2.412683043516410802e-02
9.992832939054150376e-01 -1.604399816629869385e-02 -3.428116683849612156e-02
9.994242968423561191e-01 3.167063189376760624e-02 -1.215548103819261670e-02
9.992981563506300180e-01 4.680310194398800902e-03 3.716166606236200043e-02
9.994795437484759182e-01 -3.221524584432425981e-02 -1.588002504497299655e-03
9.993520846436716454e-01 7.569514618337894185e-03 -3.518245699773998175e-02
9.994881883810783352e-01 2.808122923979835747e-02 1.531335139456528258e-02
9.994426015749343639e-01 -1.878012626728172221e-02 2.759490303099555383e-02
9.994676451808555129e-01 -1.904973917594030355e-02 -2.648048233436819943e-02
9.995382006332980129e-01 2.652318190289097363e-02 -1.481844951231556240e-02
9.994600781675909706e-01 6.144857546727676249e-03 3.227173614852236333e-02
9.995941983647684825e-01 -2.845767866749036867e-02 -1.128043281857860416e-03
9.995028029237378320e-01 8.129389747787596487e-03 -3.045856528300837016e-02
9.995919401098478652e-01 2.322886141992665937e-02 1.661437074699022298e-02
9.995882958734937374e-01 -2.005748412869054823e-02 2.050841094650194055e-02
9.995672880695335438e-01 -1.143202902947432903e-02 -2.709610393284143590e-02
9.996597336361455755e-01 2.568343887413224863e-02 -4.520098833521723168e-03
9.995830648580150690e-01 -3.826420392607467018e-03 2.861293170724195367e-02
9.996690651507328385e-01 -2.240454818699774697e-02 -1.262701491099514281e-02
9.996543806263501475e-01 1.733482026951359278e-02 -1.975507136185580825e-02
9.996434998005648831e-01 1.065975561019387452e-02 2.447197949886139104e-02
9.997187113065049147e-01 -2.348844748644767291e-02 3.228866563911720645e-03
9.996587329465246308e-01 5.242653677466970440e-03 -2.558435028914128953e-02
9.997190145184170484e-01 1.899676469921954616e-02 1.416478437056647652e-02
9.997264692597143121e-01 -1.815793332655613046e-02 1.472746424112149170e-02
9.996978476383746592e-01 -5.373711060053550440e-03 -2.397817967686001125e-02
9.997678481158635000e-01 2.129372264204534848e-02 3.231684438284989323e-03
9.997321621354424703e-01 -1.059260089759616816e-02 2.056722845236510014e-02
9.997495510998629653e-01 -1.240204651106762736e-02 -1.861804939227541811e-02
9.997913459178714435e-01 1.970933000191207873e-02 -5.330373383198703033e-03
9.997511249107060571e-01 -3.633240331496382682e-03 2.200198240598502317e-02
9.997937531337472983e-01 -1.595219566817113882e-02 -1.255297683324100785e-02
9.998051635200533305e-01 1.653085523113021274e-02 -1.076852411826411705e-02
9.997787311497853269e-01 1.478145192786836995e-03 2.097364275989700710e-02
9.998258739127956485e-01 -1.706790482522327346e-02 -7.516515743688551368e-03
9.998190459958359311e-01 1.334795518793679102e-02 -1.353855731278669206e-02
9.998071255709748417e-01 4.567567664432531371e-03 1.909004724891525534e-02
9.998492000907865940e-01 -1.684757559599095803e-02 -4.161339505466163727e-03
9.998353257286495266e-01 1.098021172645136448e-02 -1.443371587450032432e-02
9.998320621441539879e-01 5.925996204790750545e-03 1.732923495306516390e-02
9.998675897966098347e-01 -1.606167510708243762e-02 -2.529250745805369099e-03
9.998531938243353512e-01 9.697556686428469158e-03 -1.411082005251443339e-02
9.998525910916004067e-01 5.913732311373529060e-03 1.610552043161399965e-02
9.998831186116038383e-01 -1.508198716575675710e-02 -2.417839140678551459e-03
9.998715427654856214e-01 9.448571516317269547e-03 -1.292986413652546032e-02
9.998693582308767480e-01 4.790059069549075857e-03 1.542328170312556347e-02
9.998962765350615234e-01 -1.393976954151466413e-02 -3.560064276546589385e-03
9.998896927050331396e-01 9.991269994709645053e-03 -1.096942593044231140e-02
9.998836680141950373e-01 2.703981604889881506e-03 1.499623132820518227e-02
9.999067404195500774e-01 -1.241760586260184929e-02 -5.644536416925742539e-03
9.999070154734364113e-01 1.092549574259881091e-02 -8.132543623819214057e-03
9.998971971666840153e-01 -2.120174953623181133e-04 1.432099381210741665e-02
9.999142491113477416e-01 -1.016054395739414938e-02 -8.233922062200346725e-03
9.999222782211891758e-01 1.167620170258080667e-02 -4.317581517045043955e-03
9.999115927049525565e-01 -3.684685138972514529e-03 1.275789561790640313e-02
9.999196431809225238e-01 -6.838516000533777228e-03 -1.065243068888303141e-02
9.999334912893832472e-01 1.150750270396820249e-02 3.487138004594392444e-04
9.999272984497422634e-01 -7.129018512862634292e-03 9.700668424621413516e-03
9.999255638876755059e-01 -2.393048722869118346e-03 -1.194427001917074301e-02
9.999392204356484237e-01 9.667937248695312319e-03 5.254629388818399596e-03
9.999420176044824249e-01 -9.564679476270177352e-03 4.899074854861834756e-03
9.999352459783998892e-01 2.660794091298915223e-03 -1.104281018907431189e-02
9.999412923875072856e-01 5.746993941590067788e-03 9.159805638209965808e-03
9.999512752553700867e-01 -9.784977978705554358e-03 -1.103832935760434321e-03
9.999485503274860854e-01 7.040237137285549653e-03 -7.269552810591165676e-03
9.999455183204447595e-01 1.989327624662201241e-04 1.041312231743586961e-02
9.999535154396889114e-01 -6.929891844776017891e-03 -6.667447186055623122e-03
9.999593737883820666e-01 8.919580440866782187e-03 -1.096276907936697374e-03
9.999557273703598703e-01 -5.271838892099390064e-03 7.762640266391260951e-03
9.999550474811720324e-01 -1.384162168495649920e-03 -9.353758730954763942e-03
9.999622118853968011e-01 6.859176797478053027e-03 5.294458723617221849e-03
9.999660903649698618e-01 -8.042181797275163233e-03 1.626308749006736328e-03
9.999630862249964114e-01 4.574266412402393928e-03 -7.239031256810283046e-03
9.999628151983755986e-01 1.257238183941424090e-03 8.502188415547704686e-03
9.999684838753739591e-01 -6.081730264593390202e-03 -5.053967107790251906e-03
9.999720280737320888e-01 7.391304967132045906e-03 -8.995947397377271077e-04
9.999700892796782314e-01 -4.768003277721978052e-03 6.048340089387847958e-03
9.999691689781997628e-01 -1.426611337688973077e-04 -7.818878482371246705e-03
9.999730545068186149e-01 4.705834571473671221e-03 5.589150535197526248e-03
9.999768939318262051e-01 -6.717160067611803106e-03 -7.639751971454525944e-04
9.999764776139177247e-01 5.416596009015121199e-03 -4.146744723545098786e-03
9.999749077911702644e-01 -1.673271020526109504e-03 6.846397227010522953e-03
9.999765831133785587e-01 -2.613294542823779362e-03 -6.284272715770632470e-03
9.999802222377843774e-01 5.494799587010093175e-03 2.974850444143417160e-03
9.999816986649805450e-01 -5.836400693205678891e-03 1.423064985352823133e-03
9.999805839309789945e-01 3.701631751922354607e-03 -4.961312383806162039e-03
9.999801710167621760e-01 -1.745113015742887855e-04 6.253865282506640422e-03
9.999822291093823923e-01 -3.212793395161405146e-03 -4.970144918072211260e-03
9.999848206249019045e-01 5.147033967046858033e-03 1.829963345466245660e-03
9.999855254225270551e-01 -5.014437244270559570e-03 1.812612115466452492e-03
9.999847014859607475e-01 3.040613187795472051e-03 -4.564149272518553714e-03
9.999845576077794895e-01 -9.622528669716158382e-05 5.509469359613188531e-03
9.999860783293194055e-01 -2.701210727974336957e-03 -4.474914843615341621e-03
9.999880376994791931e-01 4.410191211809599311e-03 1.988038019548123234e-03
9.999888423637491863e-01 -4.560354339840611351e-03 9.975566013344242325e-04
9.999884407654772156e-01 3.242434716721374725e-03 -3.475738881585783892e-03
9.999881082259228782e-01 -1.000773846494515265e-03 4.717704675366222664e-03
9.999888122088563813e-01 -1.400327385251906587e-03 -4.459676747703260509e-03
9.999902383603723743e-01 3.239328050897565762e-03 2.916086340300642725e-03
9.999913526945857223e-01 -4.043337635819581159e-03 -6.472819831384532280e-04
9.999915772022969218e-01 3.686739148064109226e-03 -1.650982862957357973e-03
9.999912706243134775e-01 -2.374709807314597573e-03 3.360190209375883263e-03
9.999912116044514798e-01 5.387519832477621461e-04 -4.093553792902669512e-03
9.999918024090824753e-01 1.309815309669754013e-03 3.761602085799872590e-03
9.999927835354137651e-01 -2.721061214491218502e-03 -2.549191365001807121e-03
9.999935883356166899e-01 3.406936529476609424e-03 8.277933527709709170e-04
9.999938790357327800e-01 -3.284143111990784486e-03 9.617043930098821995e-04
9.999937754352391517e-01 2.460816549648288040e-03 -2.421034553700096917e-03
9.999936691310964409e-01 -1.181887665223771856e-03 3.275997745331920858e-03
9.999938718264743676e-01 -2.456200494789437250e-04 -3.415081479037621135e-03
9.999944042691183421e-01 1.526434008948140530e-03 2.885792800223527070e-03
9.999950429674825392e-01 -2.434236546473683357e-03 -1.858630814040658453e-03
9.999955246554302901e-01 2.843857821530527182e-03 5.733238216574074089e-04
9.999957281735286641e-01 -2.737421064507246631e-03 7.178132421925831341e-04
9.999957207112651902e-01 2.189033603373045922e-03 -1.797580682963104051e-03
9.999956759048014288e-01 -1.335788218771213464e-03 2.515545938245736420e-03
9.999957487967378045e-01 3.435741476060515413e-04 -2.801436877144663790e-03
9.999959930344463066e-01 6.249573400576858813e-04 2.662081560376298051e-03
9.999963552557727953e-01 -1.435189340600728520e-03 -2.166267553760566848e-03
9.999967277452596059e-01 1.995611356247132054e-03 1.422930159151582739e-03
9.999970149795207597e-01 -2.263012886097607625e-03 -5.578347701236811883e-04
9.999971764874459046e-01 2.239351185898227035e-03 -3.071795854506585276e-04
9.999972322849480788e-01 -1.962800633479050687e-03 1.069823162974045411e-03
9.999972395779005430e-01 1.495749723329546643e-03 -1.656776431448343627e-03
9.999972598673272373e-01 -9.122403656585695384e-04 2.027088207936075717e-03
9.999973335142965380e-01 2.867512186575289519e-04 -2.170587521514626920e-03
9.999974699016250801e-01 3.144901937645763843e-04 2.102790707025221136e-03
9.999976521462934365e-01 -8.391682019185477993e-04 -1.857873801620995398e-03
9.999978499218068473e-01 1.251571031919826308e-03 1.481109927545581559e-03
9.999980331104648679e-01 -1.532754863445005920e-03 -1.021849788316770606e-03
9.999981812685569960e-01 1.678825933085753303e-03 5.277469721340083278e-04
9.999982871465831202e-01 -1.698041367091268801e-03 -4.057123278425019738e-05
9.999983551458480058e-01 1.607373868798634212e-03 -4.063420448006048696e-04
9.999983969118734217e-01 -1.429062929428668183e-03 7.891686279630745829e-04
9.999984263442925903e-01 1.187524300573131186e-03 -1.093485817571362116e-03
9.999984556267247360e-01 -9.068394771070767153e-04 1.313314289117874494e-03
9.999984929820049384e-01 6.089171126247004164e-04 -1.449643208743453104e-03
9.999985421124758522e-01 -3.123184880288789331e-04 1.508727264612180329e-03
9.999986028528990989e-01 3.167182450022264185e-05 -1.500381630069494909e-03
9.999986724374975156e-01 2.224372688787594520e-04 1.436432885930012584e-03
9.999987468667032031e-01 -4.432251294554202326e-04 -1.329420435706032445e-03
9.999988220394153693e-01 6.272406224499275842e-04 1.191589796515514846e-03
9.999988945034549159e-01 -7.737727902319669303e-04 -1.034178866304851386e-03
9.999989618198560359e-01 8.842200786162562063e-04 8.669709489888717535e-04
9.999990226197826848e-01 -9.614829051889008799e-04 -6.980725045776859424e-04
9.999990764630051210e-01 1.009420052966008554e-03 5.338670211176545439e-04
9.999991236007491624e-01 -1.032391252871031097e-03 -3.790965865722843329e-04
9.999991647210648704e-01 1.034894105124396129e-03 2.370273278172509439e-04
9.999992007253734050e-01 -1.021293239949932910e-03 -1.096619028846436699e-04
9.999992325589199815e-01 9.956329511078044776e-04 -2.029841371575401201e-06
9.999992610991293995e-01 -9.615208384690145929e-04 9.788316847709501150e-05
9.999992870947003176e-01 9.220685766307452772e-04 -1.783278913500348944e-04
9.999993111433359561e-01 -8.798761191985836512e-04 2.442033638964954761e-04
9.999993336953040268e-01 8.370468725973345941e-04 -2.966029422751796261e-04
9.999993550717342083e-01 -7.952231625568983477e-04 3.367485578592480490e-04
9.999993754892408937e-01 7.556333224336510886e-04 -3.658938417875608824e-04
9.999993950852247293e-01 -7.191437153474930424e-04 3.852529201483450953e-04
9.999994139405550264e-01 6.863108128219212950e-04 -3.959513587226302857e-04
9.999994320980877260e-01 -6.574300132869219902e-04 3.989955895381141517e-04
9.999994495766506564e-01 6.325791680882998733e-04 -3.952573362647834204e-04
9.999994663808222661e-01 -6.116557987155691722e-04 3.854699397399913817e-04
9.999994825071764071e-01 5.944077656395186119e-04 -3.702339664397652150e-04
9.999994979477799806e-01 -5.804577253050554253e-04 3.500299859615758034e-04
9.999995126917233801e-01 5.693221286950758990e-04 -3.252368751247142458e-04
9.999995267253903863e-01 -5.604258108588229320e-04 2.961544099770949405e-04
9.999995400320977890e-01 5.531134280860366048e-04 -2.630292194718239799e-04
9.999995525916446359e-01 -5.466591420454978804e-04 2.260833816154358901e-04
9.999995643802646050e-01 5.402760430458468507e-04 -1.855450367292543626e-04
9.999995753714017166e-01 -5.331268529169436469e-04 1.416803702615289417e-04
9.999995855376756504e-01 5.243374477262068489e-04 -9.482618098135593568e-05
9.999995948542894642e-01 -5.130146786769332334e-04 4.542200611307907758e-05
9.999996033039838528e-01 4.982698254235176996e-04 5.959563605133309100e-06
9.999996108834021680e-01 -4.792487631665324544e-04 -5.858615660147211703e-05
9.999996176104102297e-01 4.551695336868298147e-04 1.115447075192888037e-04
9.999996235315196103e-01 -4.253674523117087123e-04 -1.637290246507292835e-04
9.999996287281338603e-01 3.893471353925000112e-04 2.138388695114280770e-04
