0.000000000000000000e+00 0.000000000000000000e+00 1.000000000000000000e+00
8.897196179482949313e-07 -7.038891737601578693e-05 9.999999975223043958e-01
3.040694449421045723e-06 -2.111573567726344233e-04 9.999999777016622682e-01
6.824385617112649520e-06 -4.222939554357207914e-04 9.999999108106175649e-01
1.261216918154897226e-05 -7.037853732779662200e-04 9.999997522635101221e-01
2.077532527927961645e-05 -1.055616277778759302e-03 9.999994426211746834e-01
3.168502687866297032e-05 -1.477769323726952234e-03 9.999989075963457985e-01
4.571232804352539378e-05 -1.970225127817040300e-03 9.999980580597788160e-01
6.322815159517274682e-05 -2.532962238111224028e-03 9.999967900470986271e-01
8.460327606345915063e-05 -3.165957098381772840e-03 9.999949847663921476e-01
1.102083218178748247e-04 -3.869184007350076181e-03 9.999925086065610813e-01
1.404137362699035916e-04 -4.642615072840724014e-03 9.999892131464559464e-01
1.755897780382211729e-04 -5.486220160870941553e-03 9.999849351648135709e-01
2.161064999686592813e-04 -6.399966839697691576e-03 9.999794966510221483e-01
2.623337309012499074e-04 -7.383820318846727807e-03 9.999727048167429411e-01
3.146410560770875791e-04 -8.437743383149922533e-03 9.999643521084170539e-01
3.733977960782108147e-04 -9.561696321819176947e-03 9.999542162206905838e-01
4.389729841942030075e-04 -1.075563685258727406e-02 9.999420601107921192e-01
5.117353421097560300e-04 -1.201952004094805279e-02 9.999276320139001140e-01
5.920532538080227128e-04 -1.335329821453037219e-02 9.999106654595396604e-01
6.802947375852125408e-04 -1.475692087264237305e-02 9.998908792890500719e-01
7.768274160725599856e-04 -1.623033459102464146e-02 9.998679776741679071e-01
8.820184841625167572e-04 -1.777348292185300035e-02 9.998416501367712872e-01
9.962346747367934862e-04 -1.938630628903371955e-02 9.998115715698345785e-01
1.119842222094702454e-03 -2.106874187883614816e-02 9.997774022596442878e-01
1.253206822981136129e-03 -2.282072352590983760e-02 9.997387879093293517e-01
1.396693595114453443e-03 -2.464218159473544403e-02 9.996953596637607742e-01
1.550667033115547995e-03 -2.653304285656087405e-02 9.996467341358782344e-01
1.715490961740436492e-03 -2.849323036187628375e-02 9.995925134345037266e-01
1.891528486319832454e-03 -3.052266330848385500e-02 9.995322851937030739e-01
2.079141940310370428e-03 -3.262125690522037214e-02 9.994656226037592628e-01
2.278692829863413795e-03 -3.478892223139296719e-02 9.993920844438234363e-01
2.490541775318726517e-03 -3.702556609199061932e-02 9.993112151163114909e-01
2.715048449531705550e-03 -3.933109086873622789e-02 9.992225446831144442e-01
2.952571512944381169e-03 -4.170539436704639308e-02 9.991255889036961824e-01
3.203468545311967570e-03 -4.414836965896836579e-02 9.990198492751497517e-01
3.468095973998429251e-03 -4.665990492216581798e-02 9.989048130742885778e-01
3.746808998756288953e-03 -4.923988327502747120e-02 9.987799534018489966e-01
4.039961512907750893e-03 -5.188818260797496001e-02 9.986447292288826993e-01
4.347906020846181892e-03 -5.460467541104848527e-02 9.984985854454188070e-01
4.670993551779027871e-03 -5.738922859785131753e-02 9.983409529114786185e-01
5.009573569635412428e-03 -6.024170332593636878e-02 9.981712485105243005e-01
5.363993879063915469e-03 -6.316195481372045839e-02 9.979888752054282275e-01
5.734600527448414226e-03 -6.614983215401416816e-02 9.977932220970484600e-01
6.121737702872329275e-03 -6.920517812425754089e-02 9.975836644854974011e-01
6.525747627964248454e-03 -7.232782899355411077e-02 9.973595639341936714e-01
6.946970449560593841e-03 -7.551761432659802320e-02 9.971202683367865749e-01
7.385744124123850597e-03 -7.877435678459143720e-02 9.968651119870450827e-01
7.842404298857836784e-03 -8.209787192325145033e-02 9.965934156518032605e-01
8.317284188464597536e-03 -8.548796798800803454e-02 9.963044866470568417e-01
8.810714447490715362e-03 -8.894444570649694126e-02 9.959976189173043171e-01
9.323023038214198893e-03 -9.246709807845329698e-02 9.956720931182289069e-01
9.854535094026610487e-03 -9.605571016311417742e-02 9.953271767028181172e-01
1.040557277826871865e-02 -9.971005886424018361e-02 9.949621240110173570e-01
1.097645513848174645e-02 -1.034299127128684298e-01 9.945761763630163177e-01
1.156749795604020831e-02 -1.072150316479111298e-01 9.941685621562666997e-01
1.217901359113639226e-02 -1.110651667947162025e-01 9.937384969663304313e-01
1.281131082309076505e-02 -1.149800602417079820e-01 9.932851836516586319e-01
1.346469468596695265e-02 -1.189594448152281742e-01 9.928078124624011291e-01
1.413946629947446416e-02 -1.230030438526989456e-01 9.923055611533474485e-01
1.483592269514700558e-02 -1.271105709742318124e-01 9.917775951011006397e-01
1.555435663778905950e-02 -1.312817298528076160e-01 9.912230674255849694e-01
1.629505644218841656e-02 -1.355162139831545542e-01 9.906411191159885110e-01
1.705830578509748285e-02 -1.398137064494527348e-01 9.900308791612427717e-01
1.784438351249147472e-02 -1.441738796919949661e-01 9.893914646851406092e-01
1.865356344211714645e-02 -1.485963952729353610e-01 9.887219810861938019e-01
1.948611416135127491e-02 -1.530809036412578150e-01 9.880215221823318572e-01
2.034229882039392812e-02 -1.576270438970985011e-01 9.872891703605426450e-01
2.122237492082753793e-02 -1.622344435555566344e-01 9.865239967315564407e-01
2.212659409957888276e-02 -1.669027183101293998e-01 9.857250612896728548e-01
2.305520190832738292e-02 -1.716314717959075697e-01 9.848914130778313458e-01
2.400843758840955078e-02 -1.764202953526687878e-01 9.840220903580244594e-01
2.498653384127604016e-02 -1.812687677880064907e-01 9.831161207871522700e-01
2.598971659456451519e-02 -1.861764551406325796e-01 9.821725215984168367e-01
2.701820476385846659e-02 -1.911429104439926197e-01 9.811902997883532596e-01
2.807221001020916706e-02 -1.961676734903319008e-01 9.801684523095943735e-01
2.915193649350522956e-02 -2.012502705953516935e-01 9.791059662694648891e-01
3.025758062178157681e-02 -2.063902143635939768e-01 9.780018191344984624e-01
3.138933079656715947e-02 -2.115870034546932787e-01 9.768549789409722850e-01
3.254736715437850370e-02 -2.168401223506336850e-01 9.756644045115515640e-01
3.373186130447386466e-02 -2.221490411241484886e-01 9.744290456781343757e-01
3.494297606299085618e-02 -2.275132152083990666e-01 9.731478435109874869e-01
3.618086518359846931e-02 -2.329320851680691806e-01 9.718197305542609632e-01
3.744567308480253182e-02 -2.384050764720092586e-01 9.704436310679698252e-01
3.873753457405220563e-02 -2.439315992675643308e-01 9.690184612765276873e-01
4.005657456880341860e-02 -2.495110481567176797e-01 9.675431296239160872e-01
4.140290781470377934e-02 -2.551428019741811548e-01 9.660165370355732195e-01
4.277663860107228794e-02 -2.608262235675604113e-01 9.644375771870822289e-01
4.417786047385585668e-02 -2.665606595797226919e-01 9.628051367797382243e-01
4.560665594625363389e-02 -2.723454402334912205e-01 9.611180958230718385e-01
4.706309620720912357e-02 -2.781798791187894415e-01 9.593753279244043863e-01
4.854724082797914897e-02 -2.840632729823542868e-01 9.575757005855086712e-01
5.005913746699788142e-02 -2.899949015201368496e-01 9.557180755064477173e-01
5.159882157326340507e-02 -2.959740271725039285e-01 9.538013088966602604e-01
5.316631608848357976e-02 -3.019998949223529072e-01 9.518242517933617197e-01
5.476163114822733824e-02 -3.080717320962476635e-01 9.497857503873260443e-01
5.638476378233690800e-02 -3.141887481686807537e-01 9.476846463561130474e-01
5.803569761486591233e-02 -3.203501345695632940e-01 9.455197772048011817e-01
5.971440256381784634e-02 -3.265550644950402370e-01 9.432899766142875952e-01
6.142083454096875644e-02 -3.328026927217249131e-01 9.409940747972110886e-01
6.315493515206760389e-02 -3.390921554244427649e-01 9.386308988615542637e-01
6.491663139771720881e-02 -3.454225699975699837e-01 9.361992731819773761e-01
6.670583537524821249e-02 -3.517930348800483165e-01 9.336980197789357394e-01
6.852244398190783514e-02 -3.582026293841530373e-01 9.311259587056278653e-01
7.036633861969496251e-02 -3.646504135280865255e-01 9.284819084428225233e-01
7.223738490218202524e-02 -3.711354278724650069e-01 9.257646863016083527e-01
7.413543236367395317e-02 -3.776566933607611865e-01 9.229731088341076584e-01
7.606031417106345893e-02 -3.842132111637611702e-01 9.201059922521950263e-01
7.801184683875123094e-02 -3.908039625280877449e-01 9.171621528542586166e-01
7.998982994700877536e-02 -3.974279086288389218e-01 9.141404074600392171e-01
8.199404586417054219e-02 -4.040839904263835436e-01 9.110395738535808086e-01
8.402425947305107445e-02 -4.107711285273518143e-01 9.078584712343239493e-01
8.608021790199156531e-02 -4.174882230498532798e-01 9.045959206763711791e-01
8.816165026094889556e-02 -4.242341534929486846e-01 9.012507455959519742e-01
9.026826738304885578e-02 -4.310077786103978514e-01 8.978217722271112367e-01
9.239976157203347307e-02 -4.378079362887001835e-01 8.943078301056462953e-01
9.455580635604060591e-02 -4.446334434294384463e-01 8.907077525613117386e-01
9.673605624816201953e-02 -4.514830958359327684e-01 8.870203772183122837e-01
9.894014651423391205e-02 -4.583556681042051939e-01 8.832445465041012245e-01
1.011676929483214804e-01 -4.652499135182511236e-01 8.793791081664990017e-01
1.034182916563664983e-01 -4.721645639496084845e-01 8.754229157991463284e-01
1.056915188484740392e-01 -4.790983297612112501e-01 8.713748293753039720e-01
1.079869306403213464e-01 -4.860498997155086598e-01 8.672337157900085192e-01
1.103040628641785564e-01 -4.930179408868276547e-01 8.629984494105940040e-01
1.126424308900372540e-01 -5.000010985779514971e-01 8.586679126355851732e-01
1.150015294573490526e-01 -5.069979962408833751e-01 8.542409964619689378e-01
1.173808325178819778e-01 -5.140072354017608536e-01 8.497166010608471209e-01
1.197797930902082530e-01 -5.210273955898823139e-01 8.450936363614736102e-01
1.221978431263417431e-01 -5.280570342708045262e-01 8.403710226436768016e-01
1.246343933910486618e-01 -5.350946867834670551e-01 8.355476911386671146e-01
1.270888333543591098e-01 -5.421388662812972603e-01 8.306225846382284672e-01
1.295605310978115432e-01 -5.491880636772467073e-01 8.255946581122904915e-01
1.320488332349656346e-01 -5.562407475927092504e-01 8.204628793348774929e-01
1.345530648467225254e-01 -5.632953643102693864e-01 8.152262295184294905e-01
1.370725294319944110e-01 -5.703503377302292510e-01 8.098837039564888984e-01
1.396065088742676208e-01 -5.774040693308608585e-01 8.044343126747446338e-01
1.421542634246057979e-01 -5.844549381323337345e-01 7.988770810904267661e-01
1.447150317016411281e-01 -5.915013006642657611e-01 7.932110506800402749e-01
1.472880307091029572e-01 -5.985414909368490521e-01 7.874352796554286993e-01
1.498724558714334132e-01 -6.055738204155037829e-01 7.815488436481549117e-01
1.524674810880404241e-01 -6.125965779990160121e-01 7.755508364021870271e-01
1.550722588067375562e-01 -6.196080300011200803e-01 7.694403704748742356e-01
1.576859201169199809e-01 -6.266064201354893948e-01 7.632165779461991262e-01
1.603075748630236885e-01 -6.335899695041051771e-01 7.568786111362885149e-01
1.629363117788137916e-01 -6.405568765889791960e-01 7.504256433311664587e-01
1.655711986430449534e-01 -6.475053172472129415e-01 7.438568695167296907e-01
1.682112824570339005e-01 -6.544334447093828055e-01 7.371715071209258285e-01
1.708555896446802835e-01 -6.613393895812518242e-01 7.303687967641128154e-01
1.735031262754678227e-01 -6.682212598488147526e-01 7.234480030175747256e-01
1.761528783109728435e-01 -6.750771408866974577e-01 7.164084151701710645e-01
1.788038118754011752e-01 -6.819050954699394929e-01 7.092493480030905850e-01
1.814548735506687771e-01 -6.887031637892055969e-01 7.019701425726818655e-01
1.841049906965336325e-01 -6.954693634694806281e-01 6.945701670013285645e-01
1.867530717962794240e-01 -7.022016895923222091e-01 6.870488172763361545e-01
1.893980068284422669e-01 -7.088981147217567891e-01 6.794055180567931673e-01
1.920386676650630009e-01 -7.155565889339248198e-01 6.716397234883680900e-01
1.946739084969369427e-01 -7.221750398505978330e-01 6.637509180259986152e-01
1.973025662863226726e-01 -7.287513726767087530e-01 6.557386172644281697e-01
1.999234612475587480e-01 -7.352834702420583124e-01 6.476023687765380954e-01
2.025353973560254373e-01 -7.417691930473817585e-01 6.393417529594229709e-01
2.051371628858740526e-01 -7.482063793149827946e-01 6.309563838881490083e-01
2.077275309769326117e-01 -7.545928450441652391e-01 6.224459101771322445e-01
2.103052602311803465e-01 -7.609263840717194194e-01 6.138100158490668035e-01
2.128690953391675911e-01 -7.672047681377455186e-01 6.050484212113285132e-01
2.154177677367391519e-01 -7.734257469571241828e-01 5.961608837397712746e-01
2.179499962924012213e-01 -7.795870482969750048e-01 5.871471989698280325e-01
2.204644880256514394e-01 -7.856863780604703695e-01 5.780072013948203136e-01
2.229599388565709495e-01 -7.917214203774076697e-01 5.687407653713706379e-01
2.254350343869548079e-01 -7.976898377019721043e-01 5.593478060318058942e-01
2.278884507132334369e-01 -8.035892709181576832e-01 5.498282802034278882e-01
2.303188552714131310e-01 -8.094173394533480392e-01 5.401821873345181713e-01
2.327249077142372891e-01 -8.151716414005960587e-01 5.304095704269333744e-01
2.351052608207421513e-01 -8.208497536501762060e-01 5.205105169751351735e-01
2.374585614383519783e-01 -8.264492320310239393e-01 5.104851599114860194e-01
2.397834514576278331e-01 -8.319676114627135854e-01 5.003336785576296686e-01
2.420785688197518160e-01 -8.374024061186685630e-01 4.900562995817599465e-01
2.443425485567949917e-01 -8.427511096013359237e-01 4.796532979615656389e-01
2.465740238647815274e-01 -8.480111951301023687e-01 4.691249979526249669e-01
2.487716272095243653e-01 -8.531801157427683080e-01 4.584717740620041226e-01
2.509339914651688153e-01 -8.582553045114432733e-01 4.476940520267962409e-01
2.530597510853395682e-01 -8.632341747737664051e-01 4.367923097973189228e-01
2.551475433067437182e-01 -8.681141203804042528e-01 4.257670785246666645e-01
2.571960093850376716e-01 -8.728925159598193151e-01 4.146189435522934508e-01
2.592037958627192995e-01 -8.775667172013521533e-01 4.033485454112780144e-01
2.611695558687576746e-01 -8.821340611577016544e-01 3.919565808189000022e-01
2.630919504496214145e-01 -8.865918665679370925e-01 3.804438036801299772e-01
2.649696499313142772e-01 -8.909374342022198245e-01 3.688110260916100391e-01
2.668013353119705888e-01 -8.951680472294590851e-01 3.570591193476734260e-01
2.685856996845057409e-01 -8.992809716091708649e-01 3.451890149479225345e-01
2.703214496887564322e-01 -9.032734565088554879e-01 3.332017056058542148e-01
2.720073069924839326e-01 -9.071427347482526882e-01 3.210982462579896057e-01
2.736420098005472590e-01 -9.108860232718782868e-01 3.088797550729320274e-01
2.752243143914872014e-01 -9.145005236512886437e-01 2.965474144597418649e-01
2.767529966806915320e-01 -9.179834226185613621e-01 2.841024720749816268e-01
2.782268538092388388e-01 -9.213318926325217983e-01 2.715462418277465595e-01
2.796447057574448225e-01 -9.245430924792841232e-01 2.588801048819572292e-01
2.810053969820553998e-01 -9.276141679087132053e-01 2.461055106551505167e-01
2.823077980759524097e-01 -9.305422523084494468e-01 2.332239778129632790e-01
2.835508074491533415e-01 -9.333244674171732314e-01 2.202370952584599140e-01
2.847333530298025717e-01 -9.359579240788156174e-01 2.071465231154109299e-01
2.858543939837616676e-01 -9.384397230394524447e-01 1.939539937045828832e-01
2.869119457481241198e-01 -9.407417912612143773e-01 1.807938538049263799e-01
2.879056803407689102e-01 -9.428666146607154186e-01 1.676689184003986310e-01
2.888353240139162614e-01 -9.448166924545745582e-01 1.545819306148235595e-01
2.897006561393785096e-01 -9.465945354079001728e-01 1.415355622442175665e-01
2.905015080673058470e-01 -9.482026641451615223e-01 1.285324143162202004e-01
2.912377619610454493e-01 -9.496436075225767048e-01 1.155750176750937747e-01
2.919093496106522356e-01 -9.509199010610849268e-01 1.026658335907989356e-01
2.925162512275055193e-01 -9.520340854389151009e-01 8.980725439069647820e-02
2.930584942224026546e-01 -9.529887050427101602e-01 7.700160411246935455e-02
2.935361519694176802e-01 -9.537863065761220671e-01 6.425113917690196408e-02
2.939493425577294206e-01 -9.544294377247505290e-01 5.155804907919727537e-02
2.942982275335397913e-01 -9.549206458762627969e-01 3.892445709755520955e-02
2.945830106341205679e-01 -9.552624768944992795e-01 2.635242101777853993e-02
2.948039365159446645e-01 -9.554574739463432831e-01 1.384393387271486142e-02
2.949612894787763673e-01 -9.555081763801097638e-01 1.400924695385268037e-03
2.950553921875140317e-01 -9.554171186541885463e-01 -1.097474071530836828e-02
2.950866043934994853e-01 -9.551868293146622557e-01 -2.328125901736460140e-02
2.950553216569298254e-01 -9.548198300206072187e-01 -3.551688853797897033e-02
2.949619740719301997e-01 -9.543186346157788158e-01 -4.767994847634313832e-02
2.948070249957698841e-01 -9.536857482453746648e-01 -5.976881809789494349e-02
2.945909697836299745e-01 -9.529236665165696785e-01 -7.178193592092946274e-02
2.943143345302579594e-01 -9.520348747015179303e-01 -8.371779889644384576e-02
2.939776748197732714e-01 -9.510218469815168163e-01 -9.557496158205200376e-02
2.935815744848179754e-01 -9.498870457310395476e-01 -1.073520353107694780e-01
2.931266443761789131e-01 -9.486329208403463387e-01 -1.190476873554338622e-01
2.926135211439414574e-01 -9.472619090753986448e-01 -1.306606400894921582e-01
2.920428660311706892e-01 -9.457764334738107959e-01 -1.421896701448531752e-01
2.914153636810526415e-01 -9.441789027755901342e-01 -1.536336075674708534e-01
2.907317209583679674e-01 -9.424717108874320903e-01 -1.649913349712929245e-01
2.899926657861108814e-01 -9.406572363793541669e-01 -1.762617866911791731e-01
2.891989459980096600e-01 -9.387378420124725675e-01 -1.874439479353633697e-01
2.883513282076486384e-01 -9.367158742967472973e-01 -1.985368539380051867e-01
2.874505966948391888e-01 -9.345936630775399934e-01 -2.095395891123499332e-01
2.864975523098344801e-01 -9.323735211498551667e-01 -2.204512862049873845e-01
2.854930113959339155e-01 -9.300577438991578516e-01 -2.312711254516754966e-01
2.844378047309740198e-01 -9.276486089676839741e-01 -2.419983337351691577e-01
2.833327764881568567e-01 -9.251483759451886169e-01 -2.526321837454702512e-01
2.821787832166224863e-01 -9.225592860830993391e-01 -2.631719931428926906e-01
2.809766928421288945e-01 -9.198835620310709116e-01 -2.736171237243122945e-01
2.797273836881614129e-01 -9.171234075949638020e-01 -2.839669805929520008e-01
2.784317435177551814e-01 -9.142810075152957294e-01 -2.942210113320297138e-01
2.770906685962750693e-01 -9.113585272652433567e-01 -3.043787051825788681e-01
2.757050627753621641e-01 -9.083581128672990612e-01 -3.144395922257306464e-01
2.742758365982210789e-01 -9.052818907277142557e-01 -3.244032425697297439e-01
2.728039064263888536e-01 -9.021319674878902628e-01 -3.342692655419378656e-01
2.712901935880950854e-01 -8.989104298919039504e-01 -3.440373088860624318e-01
2.697356235482922804e-01 -8.956193446693827553e-01 -3.537070579648318169e-01
2.681411251004073848e-01 -8.922607584329724784e-01 -3.632782349683236767e-01
2.665076295798370909e-01 -8.888366975896668798e-01 -3.727505981281377112e-01
2.648360700991844174e-01 -8.853491682652964156e-01 -3.821239409375911666e-01
2.631279188073435971e-01 -8.817724820120141915e-01 -3.914600724490919781e-01
2.613838869916364493e-01 -8.781067430881984714e-01 -4.007580459274520113e-01
2.596047011103117530e-01 -8.743520618218061369e-01 -4.100169157008500820e-01
2.577911025702663284e-01 -8.705085548546809271e-01 -4.192357372313576525e-01
2.559438474981923783e-01 -8.665763453894318458e-01 -4.284135671881266205e-01
2.540637065051105092e-01 -8.625555634386474768e-01 -4.375494635232621277e-01
2.521514644442499065e-01 -8.584463460762032927e-01 -4.466424855503985381e-01
2.502079201622410265e-01 -8.542488376904190384e-01 -4.556916940259957971e-01
2.482338862435901627e-01 -8.499631902388163907e-01 -4.646961512333695477e-01
2.462301887484076857e-01 -8.455895635042248726e-01 -4.736549210694661061e-01
2.441976669433672809e-01 -8.411281253519788947e-01 -4.825670691343910135e-01
2.421371730258766453e-01 -8.365790519879469089e-01 -4.914316628236961026e-01
2.400495718414451529e-01 -8.319425282171289959e-01 -5.002477714234283557e-01
2.379357405942385262e-01 -8.272187477025562119e-01 -5.090144662079396642e-01
2.357965685508153220e-01 -8.224079132242225754e-01 -5.177308205404553831e-01
2.336329567370453997e-01 -8.175102369377770239e-01 -5.263959099763947380e-01
2.314458176282156721e-01 -8.125259406327013378e-01 -5.350088123694346498e-01
2.292360748323341857e-01 -8.074552559896951420e-01 -5.435686079803050408e-01
2.270046627666490735e-01 -8.022984248369900984e-01 -5.520743795883005234e-01
2.247525263274051388e-01 -7.970556994053109579e-01 -5.605252126054909301e-01
2.224806205528666869e-01 -7.917273425812000331e-01 -5.689201951936090351e-01
2.201899102796419372e-01 -7.863136281584216514e-01 -5.772584183835927085e-01
2.178813697923502879e-01 -7.808148410871588174e-01 -5.855389761977528584e-01
2.155559824666809232e-01 -7.752312777207167604e-01 -5.937609657745388514e-01
2.132147404058980233e-01 -7.695632460594450386e-01 -6.019234874958667714e-01
2.108586440708542231e-01 -7.638110659915896550e-01 -6.100256451169753236e-01
2.084887019035822353e-01 -7.579750695307875263e-01 -6.180665458987697480e-01
2.061059299445406889e-01 -7.520556010499150901e-01 -6.260453007426111105e-01
2.037113514435983930e-01 -7.460530175110023920e-01 -6.339610243275064505e-01
2.013059964648487021e-01 -7.399676886909259954e-01 -6.418128352496509370e-01
1.988909014853529611e-01 -7.337999974025949390e-01 -6.495998561642699620e-01
1.964671089879201915e-01 -7.275503397113435300e-01 -6.573212139297083256e-01
1.940356670480377077e-01 -7.212191251462488628e-01 -6.649760397537073375e-01
1.915976289150755907e-01 -7.148067769060906240e-01 -6.725634693418111043e-01
1.891540525878956103e-01 -7.083137320596744058e-01 -6.800826430478371654e-01
1.867060003850036232e-01 -7.017404417402417494e-01 -6.875327060263468626e-01
1.842545385093921073e-01 -6.950873713336925830e-01 -6.949128083870448336e-01
1.818007366082282361e-01 -6.883550006603498250e-01 -7.022221053510369071e-01
1.793456673275504454e-01 -6.815438241499990335e-01 -7.094597574088714609e-01
1.768904058621449116e-01 -6.746543510099390906e-01 -7.166249304802859710e-01
1.744360295007816308e-01 -6.676871053857853511e-01 -7.237167960755800378e-01
1.719836171669974489e-01 -6.606426265147705701e-01 -7.307345314585309559e-01
1.695342489556221632e-01 -6.535214688712938091e-01 -7.376773198107672291e-01
1.670890056652511446e-01 -6.463242023044726281e-01 -7.445443503975116561e-01
1.646489683268764215e-01 -6.390514121674598647e-01 -7.513348187346038376e-01
1.622152177288958275e-01 -6.317036994382914106e-01 -7.580479267567098445e-01
1.597888339387277812e-01 -6.242816808320384991e-01 -7.646828829866230137e-01
1.573708958212665932e-01 -6.167859889040444576e-01 -7.712389027055591706e-01
1.549624805544214112e-01 -6.092172721440313188e-01 -7.777152081243472459e-01
1.525646631419886046e-01 -6.015761950608712327e-01 -7.841110285554125925e-01
1.501777787805275155e-01 -5.939191217634745001e-01 -7.903839013857135720e-01
1.478027840271583515e-01 -5.862480157372342848e-01 -7.965347456847751140e-01
1.454406109006815828e-01 -5.785648153461945276e-01 -8.025645040425570809e-01
1.430921667647105655e-01 -5.708714337938908256e-01 -8.084741417591455592e-01
1.407583342351230449e-01 -5.631697590890839544e-01 -8.142646460427236388e-01
1.384399711111794218e-01 -5.554616540164662997e-01 -8.199370252159010608e-01
1.361379103296522508e-01 -5.477489561124235795e-01 -8.254923079304802291e-01
1.338529599413076643e-01 -5.400334776459380093e-01 -8.309315423907337461e-01
1.315859031090772235e-01 -5.323170056047206167e-01 -8.362557955852674141e-01
1.293374981272566449e-01 -5.246013016866601930e-01 -8.414661525275397569e-01
1.271084784610671536e-01 -5.168881022966784755e-01 -8.465637155051076723e-01
1.248995528059144156e-01 -5.091791185490786020e-01 -8.515496033376663831e-01
1.227114051656805205e-01 -5.014760362754736578e-01 -8.564249506439477466e-01
1.205446949493854392e-01 -4.937805160383797465e-01 -8.611909071175410935e-01
1.184000570855559820e-01 -4.860941931505551872e-01 -8.658486368116963261e-01
1.162781021536423431e-01 -4.784186777001648294e-01 -8.703993174331685623e-01
1.141794165318253812e-01 -4.707555545818438159e-01 -8.748441396451589469e-01
1.121045625605610330e-01 -4.631063835337317913e-01 -8.791843063794061441e-01
1.100540787212122285e-01 -4.554726991805431724e-01 -8.834210321574779146e-01
1.080284798291233778e-01 -4.478560110827339291e-01 -8.875555424213114053e-01
1.060282572404973173e-01 -4.402578037918202236e-01 -8.915890728730465620e-01
1.040538790724404861e-01 -4.326795369118981993e-01 -8.955228688241952950e-01
1.021057904355477941e-01 -4.251226451674078866e-01 -8.993581845541845921e-01
1.001844136784055955e-01 -4.175885384771774178e-01 -9.030962826783103248e-01
9.829014864339791213e-02 -4.100786020347780836e-01 -9.067384335251337246e-01
9.642337293320854541e-02 -4.025941963952125446e-01 -9.102859145233512805e-01
9.458444218741976495e-02 -3.951366575679522986e-01 -9.137400095981625947e-01
9.277369036861617124e-02 -3.877072971163332271e-01 -9.171020085771601771e-01
9.099143005741136547e-02 -3.803074022633100015e-01 -9.203732066057604966e-01
8.923795275582385722e-02 -3.729382360035635724e-01 -9.235549035721910549e-01
8.751352919843785605e-02 -3.656010372219479221e-01 -9.266484035420474719e-01
8.581840967079464033e-02 -3.582970208182549299e-01 -9.296550142024275765e-01
8.415282433446985566e-02 -3.510273778382688170e-01 -9.325760463156483882e-01
8.251698355830235088e-02 -3.437932756110738119e-01 -9.354128131825468762e-01
8.091107825525095665e-02 -3.365958578925713485e-01 -9.381666301153627208e-01
7.933528022436610316e-02 -3.294362450151561150e-01 -9.408388139201956379e-01
7.778974249737419244e-02 -3.223155340434922245e-01 -9.434306823890282745e-01
7.627459968938404833e-02 -3.152347989363243341e-01 -9.459435538013004630e-01
7.478996835323589720e-02 -3.081950907142507745e-01 -9.483787464350170726e-01
7.333594733702508695e-02 -3.011974376333795278e-01 -9.507375780873679183e-01
7.191261814434425637e-02 -2.942428453647803477e-01 -9.530213656048348581e-01
7.052004529679981037e-02 -2.873322971796402614e-01 -9.552314244227565476e-01
6.915827669837014413e-02 -2.804667541400232555e-01 -9.573690681143174341e-01
6.782734400118546614e-02 -2.736471552951280639e-01 -9.594356079489253508e-01
6.652726297232097741e-02 -2.668744178829330904e-01 -9.614323524599364124e-01
6.525803386120739014e-02 -2.601494375371101175e-01 -9.633606070216825801e-01
6.401964176727521771e-02 -2.534730884990847311e-01 -9.652216734357551564e-01
6.281205700746123055e-02 -2.468462238351141202e-01 -9.670168495264910291e-01
6.163523548321805240e-02 -2.402696756582494431e-01 -9.687474287456073752e-01
6.048911904668008432e-02 -2.337442553550437840e-01 -9.704146997859258716e-01
5.937363586565109347e-02 -2.272707538168630970e-01 -9.720199462041231309e-01
5.828870078709125213e-02 -2.208499416756522504e-01 -9.735644460524424115e-01
5.723421569879358350e-02 -2.144825695440050750e-01 -9.750494715192972173e-01
5.621006988895180245e-02 -2.081693682593825923e-01 -9.764762885786930635e-01
5.521614040333380768e-02 -2.019110491323208023e-01 -9.778461566483929168e-01
5.425229239978694024e-02 -1.957083041984653271e-01 -9.791603282567463706e-01
5.331837949981320379e-02 -1.895618064742677356e-01 -9.804200487181000678e-01
5.241424413696421647e-02 -1.834722102161751578e-01 -9.816265558167048821e-01
5.153971790181766099e-02 -1.774401511831424361e-01 -9.827810794990309295e-01
5.069462188330824126e-02 -1.714662469022938118e-01 -9.838848415743993714e-01
4.987876700619790077e-02 -1.655510969375587615e-01 -9.849390554238375284e-01
4.909195436448109129e-02 -1.596952831611053725e-01 -9.859449257170602721e-01
4.833397555053216971e-02 -1.538993700273923459e-01 -9.869036481374791059e-01
4.760461297981292972e-02 -1.481639048496603273e-01 -9.878164091151360182e-01
4.690364021096899566e-02 -1.424894180786813735e-01 -9.886843855674599668e-01
4.623082226115458881e-02 -1.368764235835849274e-01 -9.895087446477379700e-01
4.558591591643545993e-02 -1.313254189345782752e-01 -9.902906435011934461e-01
4.496867003713009986e-02 -1.258368856873784414e-01 -9.910312290285604453e-01
4.437882585795941554e-02 -1.204112896691731105e-01 -9.917316376570418646e-01
4.381611728288480057e-02 -1.150490812659275969e-01 -9.923929951185367360e-01
4.328027117452429989e-02 -1.097506957108554532e-01 -9.930164162350213486e-01
4.277100763804592837e-02 -1.045165533738707103e-01 -9.936030047109648544e-01
4.228804029944639720e-02 -9.934706005184033850e-02 -9.941538529326620077e-01
4.183107657813256441e-02 -9.424260725945643458e-02 -9.946700417743605804e-01
4.139981795373168239e-02 -8.920357252054855746e-02 -9.951526404110627722e-01
4.099396022706498777e-02 -8.423031965965795120e-02 -9.956027061378764920e-01
4.061319377522767948e-02 -7.932319909369657529e-02 -9.960212841957928331e-01
4.025720380072625448e-02 -7.448254812351545739e-02 -9.964094076037641745e-01
3.992567057463215080e-02 -6.970869122520857719e-02 -9.967680969969571203e-01
3.961826967371829405e-02 -6.500194034098012719e-02 -9.970983604710528247e-01
3.933467221155253352e-02 -6.036259516940509218e-02 -9.974011934324679141e-01
3.907454506352908696e-02 -5.579094345491493467e-02 -9.976775784543673309e-01
3.883755108582626070e-02 -5.128726127634256754e-02 -9.979284851383414257e-01
3.862334932828524053e-02 -4.685181333436283513e-02 -9.981548699816177317e-01
3.843159524121136927e-02 -4.248485323766727079e-02 -9.983576762496791934e-01
3.826194087610562677e-02 -3.818662378771426474e-02 -9.985378338541589516e-01
3.811403508034004461e-02 -3.395735726189837156e-02 -9.986962592358835655e-01
3.798752368579660921e-02 -2.979727569498515777e-02 -9.988338552529349990e-01
3.788204969149497336e-02 -2.570659115866060634e-02 -9.989515110736028047e-01
3.779725344023950745e-02 -2.168550603904699850e-02 -9.990501020740980564e-01
3.773277278932160583e-02 -1.773421331203992382e-02 -9.991304897409012398e-01
3.768824327531797996e-02 -1.385289681632403611e-02 -9.991935215776157619e-01
3.766329827303067229e-02 -1.004173152392809701e-02 -9.992400310162012911e-01
3.765756914861884130e-02 -6.300883808182828998e-03 -9.992708373324591387e-01
3.767068540697698920e-02 -2.630511708948108859e-03 -9.992867455656457842e-01
3.770227483341836994e-02 9.692348050208635796e-04 -9.992885464420879771e-01
3.775196362972628450e-02 4.498213576695764965e-03 -9.992770163026778452e-01
3.781937654463991827e-02 7.956290004509919758e-03 -9.992529170341231115e-01
3.790413699884481735e-02 1.134333678932675921e-02 -9.992169960038326249e-01
3.800586720454174339e-02 1.465923368475994214e-02 -9.991699859983156351e-01
3.812418827967077595e-02 1.790386725095999276e-02 -9.991126051649762418e-01
3.825872035687067491e-02 2.107713061197916127e-02 -9.990455569571846661e-01
3.840908268725656827e-02 2.417892321682313037e-02 -9.989695300825101043e-01
3.857489373910159836e-02 2.720915060429500432e-02 -9.988851984539984796e-01
3.875577129151104583e-02 3.016772417173396725e-02 -9.987932211443838471e-01
3.895133252317971306e-02 3.305456094774785608e-02 -9.986942423431195426e-01
3.916119409632581178e-02 3.586958336903586092e-02 -9.985888913161213853e-01
3.938497223589676466e-02 3.861271906139445570e-02 -9.984777823681124653e-01
3.962228280414437087e-02 4.128390062499669860e-02 -9.983615148074647117e-01
3.987274137066874891e-02 4.388306542403191263e-02 -9.982406729134317702e-01
4.013596327803226754e-02 4.641015538078996361e-02 -9.981158259056711612e-01
4.041156370304635481e-02 4.886511677427120975e-02 -9.979875279159542423e-01
4.069915771383562919e-02 5.124790004340040728e-02 -9.978563179619666101e-01
4.099836032278531689e-02 5.355845959491993546e-02 -9.977227199231012422e-01
4.130878653547923746e-02 5.579675361603485956e-02 -9.975872425181506742e-01
4.163005139573686814e-02 5.796274389187955345e-02 -9.974503792848061767e-01
4.196177002685921864e-02 6.005639562787280089e-02 -9.973126085608732261e-01
4.230355766919426108e-02 6.207767727702564325e-02 -9.971743934671165599e-01
4.265502971413369371e-02 6.402656037226345243e-02 -9.970361818916489982e-01
4.301580173465365670e-02 6.590301936382114700e-02 -9.968984064757810959e-01
4.338548951251289254e-02 6.770703146176783316e-02 -9.967614846012512464e-01
4.376370906222255136e-02 6.943857648371454250e-02 -9.966258183787578551e-01
4.415007665190254921e-02 7.109763670775631761e-02 -9.964917946377180868e-01
4.454420882113997726e-02 7.268419673069734244e-02 -9.963597849171802467e-01
4.494572239596561491e-02 7.419824333160539298e-02 -9.962301454578188498e-01
4.535423450106509935e-02 7.563976534073951763e-02 -9.961032171949445457e-01
4.576936256934173441e-02 7.700875351389240009e-02 -9.959793257524635068e-01
4.619072434894831714e-02 7.830520041218680394e-02 -9.958587814377228842e-01
4.661793790790571407e-02 7.952910028736281944e-02 -9.957418792371831584e-01
4.705062163642613482e-02 8.068044897259081527e-02 -9.956288988128594308e-01
4.748839424705947332e-02 8.175924377884247196e-02 -9.955201044994761439e-01
4.793087477278110131e-02 8.276548339685037281e-02 -9.954157453022842716e-01
4.837768256313988019e-02 8.369916780468435180e-02 -9.953160548954909093e-01
4.882843727858514338e-02 8.456029818097060557e-02 -9.952212516212549653e-01
4.928275888309162356e-02 8.534887682377792495e-02 -9.951315384892046589e-01
4.974026763520143085e-02 8.606490707519286187e-02 -9.950471031764365204e-01
5.020058407760210478e-02 8.670839325160399624e-02 -9.949681180279565940e-01
5.066332902535998495e-02 8.727934057971345472e-02 -9.948947400575296474e-01
5.112812355292808975e-02 8.777775513829176590e-02 -9.948271109489023045e-01
5.159458898004771338e-02 8.820364380569029050e-02 -9.947653570573715687e-01
5.206234685666295825e-02 8.855701421312359156e-02 -9.947095894116705361e-01
5.253101894696741991e-02 8.883787470373231965e-02 -9.946599037161487633e-01
5.300022721270215842e-02 8.904623429743502294e-02 -9.946163803532240832e-01
5.346959379582411076e-02 8.918210266157587662e-02 -9.945790843860887742e-01
5.393874100066400890e-02 8.924549008737317490e-02 -9.945480655616544263e-01
5.440729127569279150e-02 8.923640747217179148e-02 -9.945233583137217392e-01
5.487486719501544208e-02 8.915486630750092678e-02 -9.945049817663670355e-01
5.534109143971112366e-02 8.900087867293671184e-02 -9.944929397375366076e-01
5.580558677913834836e-02 8.877445723576750380e-02 -9.944872207428469002e-01
5.626797605232384397e-02 8.847561525645780689e-02 -9.944877979995869755e-01
5.672876613370632370e-02 8.817436524470209647e-02 -9.944883751963831120e-01
5.718794448455044588e-02 8.787071575254620792e-02 -9.944889523332414161e-01
5.764549861182594742e-02 8.756467539731654925e-02 -9.944895294101679939e-01
5.810141606854746926e-02 8.725625286137596304e-02 -9.944901064271690627e-01
5.855568445411308415e-02 8.694545689187785364e-02 -9.944906833842506177e-01
5.900829141464149913e-02 8.663229630051855201e-02 -9.944912602814188762e-01
5.945922464330795354e-02 8.631677996328789015e-02 -9.944918371186798334e-01
5.990847188067877083e-02 8.599891682021806871e-02 -9.944924138960397064e-01
6.035602091504456423e-02 8.567871587513074816e-02 -9.944929906135046016e-01
6.080185958275211716e-02 8.535618619538244689e-02 -9.944935672710806251e-01
6.124597576853490349e-02 8.503133691160817687e-02 -9.944941438687738833e-01
6.168835740584220628e-02 8.470417721746337225e-02 -9.944947204065904822e-01
6.212899247716691109e-02 8.437471636936412500e-02 -9.944952968845365282e-01
6.256786901437186299e-02 8.404296368622567182e-02 -9.944958733026181275e-01
6.300497509901489823e-02 8.370892854919922965e-02 -9.944964496608413862e-01
6.344029886267238405e-02 8.337262040140713815e-02 -9.944970259592125217e-01
6.387382848726141926e-02 8.303404874767626731e-02 -9.944976021977375291e-01
6.430555220536060546e-02 8.269322315426981540e-02 -9.944981783764225147e-01
6.473545830052934713e-02 8.235015324861739983e-02 -9.944987544952736958e-01
6.516353510762575019e-02 8.200484871904351047e-02 -9.944993305542970674e-01
6.558977101312309099e-02 8.165731931449429770e-02 -9.944999065534987359e-01
6.601415445542477278e-02 8.130757484426270887e-02 -9.945004824928849185e-01
6.643667392517788040e-02 8.095562517771202893e-02 -9.945010583724616104e-01
6.685731796558522233e-02 8.060148024399771405e-02 -9.945016341922350289e-01
6.727607517271590176e-02 8.024515003178772643e-02 -9.945022099522111692e-01
6.769293419581444426e-02 7.988664458898110665e-02 -9.945027856523962484e-01
6.810788373760834347e-02 7.952597402242506108e-02 -9.945033612927962618e-01
6.852091255461416341e-02 7.916314849763039785e-02 -9.945039368734173157e-01
6.893200945744211439e-02 7.879817823848539460e-02 -9.945045123942656273e-01
6.934116331109911602e-02 7.843107352696804258e-02 -9.945050878553471918e-01
6.974836303529029224e-02 7.806184470285680577e-02 -9.945056632566681154e-01
7.015359760471899520e-02 7.769050216343970083e-02 -9.945062385982346154e-01
7.055685604938519151e-02 7.731705636322191988e-02 -9.945068138800526869e-01
7.095812745488239148e-02 7.694151781363184339e-02 -9.945073891021284362e-01
7.135740096269295452e-02 7.656389708272554051e-02 -9.945079642644679696e-01
7.175466577048182637e-02 7.618420479488972885e-02 -9.945085393670773932e-01
7.214991113238874987e-02 7.580245163054323554e-02 -9.945091144099628133e-01
7.254312635931882414e-02 7.541864832583686229e-02 -9.945096893931303361e-01
7.293430081923148178e-02 7.503280567235186271e-02 -9.945102643165860679e-01
7.332342393742793951e-02 7.464493451679682368e-02 -9.945108391803361148e-01
7.371048519683691402e-02 7.425504576070311724e-02 -9.945114139843864720e-01
7.409547413829883911e-02 7.386315036011883994e-02 -9.945119887287433569e-01
7.447838036084838964e-02 7.346925932530125325e-02 -9.945125634134127646e-01
7.485919352199536803e-02 7.307338372040785013e-02 -9.945131380384009123e-01
7.523790333800399466e-02 7.267553466318586730e-02 -9.945137126037137953e-01
7.561449958417054695e-02 7.227572332466040972e-02 -9.945142871093575199e-01
7.598897209509927753e-02 7.187396092882113174e-02 -9.945148615553381921e-01
7.636131076497675030e-02 7.147025875230746117e-02 -9.945154359416619183e-01
7.673150554784446964e-02 7.106462812409240770e-02 -9.945160102683348047e-01
7.709954645786984417e-02 7.065708042516501142e-02 -9.945165845353628464e-01
7.746542356961542974e-02 7.024762708821132018e-02 -9.945171587427522608e-01
7.782912701830653479e-02 6.983627959729400703e-02 -9.945177328905090430e-01
7.819064700009709101e-02 6.942304948753059979e-02 -9.945183069786392993e-01
7.854997377233384481e-02 6.900794834477033679e-02 -9.945188810071491359e-01
7.890709765381877239e-02 6.859098780526964867e-02 -9.945194549760446590e-01
7.926200902506988499e-02 6.817217955536629403e-02 -9.945200288853319748e-01
7.961469832858018847e-02 6.775153533115214899e-02 -9.945206027350170785e-01
7.996515606907497742e-02 6.732906691814459499e-02 -9.945211765251061875e-01
8.031337281376739468e-02 6.690478615095669934e-02 -9.945217502556052969e-01
8.065933919261220053e-02 6.647870491296598017e-02 -9.945223239265205128e-01
8.100304589855779336e-02 6.605083513598183909e-02 -9.945228975378578307e-01
8.134448368779652327e-02 6.562118879991182818e-02 -9.945234710896234676e-01
8.168364338001314617e-02 6.518977793242643204e-02 -9.945240445818234187e-01
8.202051585863159855e-02 6.475661460862275343e-02 -9.945246180144637904e-01
8.235509207105992657e-02 6.432171095068679734e-02 -9.945251913875506888e-01
8.268736302893342494e-02 6.388507912755450602e-02 -9.945257647010902202e-01
8.301731980835602709e-02 6.344673135457162827e-02 -9.945263379550883798e-01
8.334495355013984974e-02 6.300667989315224260e-02 -9.945269111495513847e-01
8.367025546004297487e-02 6.256493705043605913e-02 -9.945274842844852303e-01
8.399321680900535825e-02 6.212151517894454883e-02 -9.945280573598959117e-01
8.431382893338297546e-02 6.167642667623581682e-02 -9.945286303757896462e-01
8.463208323518008058e-02 6.122968398455827521e-02 -9.945292033321724290e-01
8.494797118227970234e-02 6.078129959050310172e-02 -9.945297762290503663e-01
8.526148430867223904e-02 6.033128602465554630e-02 -9.945303490664295643e-01
8.557261421468226326e-02 5.987965586124503053e-02 -9.945309218443160182e-01
8.588135256719341137e-02 5.942642171779407428e-02 -9.945314945627158343e-01
8.618769109987146904e-02 5.897159625476609823e-02 -9.945320672216351188e-01
8.649162161338556920e-02 5.851519217521203992e-02 -9.945326398210799779e-01
8.679313597562753058e-02 5.805722222441585256e-02 -9.945332123610564068e-01
8.709222612192932256e-02 5.759769918953885903e-02 -9.945337848415705118e-01
8.738888405527862890e-02 5.713663589926301634e-02 -9.945343572626283990e-01
8.768310184653252404e-02 5.667404522343302137e-02 -9.945349296242360637e-01
8.797487163462931747e-02 5.620994007269736192e-02 -9.945355019263996121e-01
8.826418562679842761e-02 5.574433339814827137e-02 -9.945360741691251505e-01
8.855103609876835424e-02 5.527723819096058006e-02 -9.945366463524186740e-01
8.883541539497281925e-02 5.480866748202951194e-02 -9.945372184762862888e-01
8.911731592875488106e-02 5.433863434160743355e-02 -9.945377905407341013e-01
8.939673018256924508e-02 5.386715187893952733e-02 -9.945383625457681065e-01
8.967365070818253403e-02 5.339423324189845887e-02 -9.945389344913944107e-01
8.994807012687174030e-02 5.291989161661798946e-02 -9.945395063776191202e-01
9.021998112962062444e-02 5.244414022712556855e-02 -9.945400782044482302e-01
9.048937647731429557e-02 5.196699233497394793e-02 -9.945406499718878468e-01
9.075624900093173797e-02 5.148846123887176884e-02 -9.945412216799440763e-01
9.102059160173646413e-02 5.100856027431315692e-02 -9.945417933286229140e-01
9.128239725146512773e-02 5.052730281320637340e-02 -9.945423649179304659e-01
9.154165899251429095e-02 5.004470226350146711e-02 -9.945429364478727274e-01
9.179836993812511003e-02 4.956077206881698977e-02 -9.945435079184558047e-01
9.205252327256610578e-02 4.907552570806574671e-02 -9.945440793296858040e-01
9.230411225131397723e-02 4.858897669507962480e-02 -9.945446506815687204e-01
9.255313020123238921e-02 4.810113857823350436e-02 -9.945452219741106603e-01
9.279957052074877533e-02 4.761202494006821356e-02 -9.945457932073176188e-01
9.304342668002918426e-02 4.712164939691264320e-02 -9.945463643811957022e-01
9.328469222115111370e-02 4.663002559850490392e-02 -9.945469354957510166e-01
9.352336075827434592e-02 4.613716722761263683e-02 -9.945475065509895574e-01
9.375942597780977106e-02 4.564308799965245689e-02 -9.945480775469174306e-01
9.399288163858621203e-02 4.514780166230849406e-02 -9.945486484835406316e-01
9.422372157201520937e-02 4.465132199515012279e-02 -9.945492193608652665e-01
9.445193968225383541e-02 4.415366280924883785e-02 -9.945497901788973305e-01
9.467752994636545461e-02 4.365483794679428375e-02 -9.945503609376429299e-01
9.490048641447847155e-02 4.315486128070948613e-02 -9.945509316371081709e-01
9.512080320994303895e-02 4.265374671426527126e-02 -9.945515022772990488e-01
9.533847452948571166e-02 4.215150818069387378e-02 -9.945520728582215586e-01
9.555349464336210241e-02 4.164815964280176724e-02 -9.945526433798818067e-01
9.576585789550749739e-02 4.114371509258170356e-02 -9.945532138422858992e-01
9.597555870368537634e-02 4.063818855082401010e-02 -9.945537842454398314e-01
9.618259155963390650e-02 4.013159406672712343e-02 -9.945543545893497095e-01
9.638695102921041036e-02 3.962394571750735284e-02 -9.945549248740215287e-01
9.658863175253373790e-02 3.911525760800795004e-02 -9.945554950994612842e-01
9.678762844412461264e-02 3.860554387030742940e-02 -9.945560652656750822e-01
9.698393589304385443e-02 3.809481866332718042e-02 -9.945566353726690290e-01
9.717754896302858991e-02 3.758309617243838635e-02 -9.945572054204491197e-01
9.736846259262638137e-02 3.707039060906824890e-02 -9.945577754090213496e-01
9.755667179532723221e-02 3.655671621030553292e-02 -9.945583453383918249e-01
9.774217165969360799e-02 3.604208723850543111e-02 -9.945589152085666518e-01
9.792495734948825081e-02 3.552651798089380419e-02 -9.945594850195518255e-01
9.810502410380002314e-02 3.501002274917073415e-02 -9.945600547713533413e-01
9.828236723716758660e-02 3.449261587911347376e-02 -9.945606244639773053e-01
9.845698213970101309e-02 3.397431173017875089e-02 -9.945611940974297127e-01
9.862886427720131410e-02 3.345512468510447590e-02 -9.945617636717166699e-01
9.879800919127783299e-02 3.293506914951082470e-02 -9.945623331868441719e-01
9.896441249946358321e-02 3.241415955150076661e-02 -9.945629026428182140e-01
9.912806989532846336e-02 3.189241034125996077e-02 -9.945634720396449024e-01
9.928897714859032109e-02 3.136983599065613221e-02 -9.945640413773303434e-01
9.944713010522399088e-02 3.084645099283787190e-02 -9.945646106558805322e-01
9.960252468756815303e-02 3.032226986183287482e-02 -9.945651798753014639e-01
9.975515689443006928e-02 2.979730713214565757e-02 -9.945657490355991337e-01
9.990502280118826461e-02 2.927157735835475907e-02 -9.945663181367796479e-01
1.000521185598930302e-01 2.874509511470940692e-02 -9.945668871788491128e-01
1.001964403993648306e-01 2.821787499472569807e-02 -9.945674561618134124e-01
1.003379846252905466e-01 2.768993161078227641e-02 -9.945680250856787641e-01
1.004767476203176774e-01 2.716127959371554546e-02 -9.945685939504510520e-01
1.006127258441462669e-01 2.663193359241439531e-02 -9.945691627561363823e-01
1.007459158336188598e-01 2.610190827341447861e-02 -9.945697315027407504e-01
1.008763142028081816e-01 2.557121832049205276e-02 -9.945703001902702622e-01
1.010039176431027780e-01 2.503987843425736770e-02 -9.945708688187309132e-01
1.011287229232904761e-01 2.450790333174763386e-02 -9.945714373881286985e-01
1.012507268896396806e-01 2.397530774601959111e-02 -9.945720058984697243e-01
1.013699264659785743e-01 2.344210642574166142e-02 -9.945725743497599858e-01
1.014863186537721257e-01 2.290831413478572331e-02 -9.945731427420054782e-01
1.015999005321969739e-01 2.237394565181849079e-02 -9.945737110752121968e-01
1.017106692582141758e-01 2.183901576989254883e-02 -9.945742793493862477e-01
1.018186220666397745e-01 2.130353929603700722e-02 -9.945748475645337372e-01
1.019237562702132033e-01 2.076753105084783516e-02 -9.945754157206605495e-01
1.020260692596635932e-01 2.023100586807783513e-02 -9.945759838177727907e-01
1.021255585037738473e-01 1.969397859422632180e-02 -9.945765518558764562e-01
1.022222215494426184e-01 1.915646408812846785e-02 -9.945771198349776521e-01
1.023160560217441090e-01 1.861847722054436882e-02 -9.945776877550822626e-01
1.024070596239856634e-01 1.808003287374780263e-02 -9.945782556161963939e-01
1.024952301377632935e-01 1.754114594111472886e-02 -9.945788234183261523e-01
1.025805654230149272e-01 1.700183132671150704e-02 -9.945793911614774219e-01
1.026630634180715901e-01 1.646210394488287557e-02 -9.945799588456563090e-01
1.027427221397063523e-01 1.592197871983968074e-02 -9.945805264708688087e-01
1.028195396831811381e-01 1.538147058524636998e-02 -9.945810940371209163e-01
1.028935142222913851e-01 1.484059448380827505e-02 -9.945816615444187381e-01
1.029646440094084681e-01 1.429936536685868370e-02 -9.945822289927682691e-01
1.030329273755200281e-01 1.375779819394571009e-02 -9.945827963821755047e-01
1.030983627302680949e-01 1.321590793241898647e-02 -9.945833637126464399e-01
1.031609485619850164e-01 1.267370955701617452e-02 -9.945839309841871811e-01
1.032206834377272509e-01 1.213121804944932054e-02 -9.945844981968037235e-01
1.032775660033069670e-01 1.158844839799105103e-02 -9.945850653505019512e-01
1.033315949833214648e-01 1.104541559706063471e-02 -9.945856324452880814e-01
1.033827691811804589e-01 1.050213464680991964e-02 -9.945861994811679985e-01
1.034310874791311008e-01 9.958620552709140233e-03 -9.945867664581478085e-01
1.034765488382809462e-01 9.414888325132634087e-03 -9.945873333762333957e-01
1.035191522986186191e-01 8.870952978944451200e-03 -9.945879002354308662e-01
1.035588969790323943e-01 8.326829533083893869e-03 -9.945884670357463264e-01
1.035957820773265731e-01 7.782533010150974144e-03 -9.945890337771856604e-01
1.036298068702356384e-01 7.238078435991815787e-03 -9.945896004597548634e-01
1.036609707134363012e-01 6.693480839284008527e-03 -9.945901670834600417e-01
1.036892730415573255e-01 6.148755251121925010e-03 -9.945907336483071903e-01
1.037147133681871752e-01 5.603916704602012605e-03 -9.945913001543023046e-01
1.037372912858795376e-01 5.058980234408071326e-03 -9.945918666014513798e-01
1.037570064661565566e-01 4.513960876396524817e-03 -9.945924329897604110e-01
1.037738586595100265e-01 3.968873667181708684e-03 -9.945929993192355045e-01
1.037878476954002815e-01 3.423733643721171838e-03 -9.945935655898825445e-01
1.037989734822529903e-01 2.878555842901011665e-03 -9.945941318017076371e-01
1.038072360074537709e-01 2.333355301121254298e-03 -9.945946979547167777e-01
1.038126353373405725e-01 1.788147053881287366e-03 -9.945952640489159613e-01
1.038151716171939187e-01 1.242946135365358444e-03 -9.945958300843111832e-01
1.038148450712249871e-01 6.977675780281532986e-04 -9.945963960609084387e-01
1.038116560025614671e-01 1.526264121804603345e-04 -9.945969619787137228e-01
1.038056047932313097e-01 -3.924623344250628351e-04 -9.945975278377331419e-01
1.037966919041442559e-01 -9.374836370080119000e-04 -9.945980936379725801e-01
1.037849178750711865e-01 -1.482422474174235416e-03 -9.945986593794381436e-01
1.037702833246213208e-01 -2.027263828329699605e-03 -9.945992250621357167e-01
1.037527889502172507e-01 -2.571992686094206563e-03 -9.945997906860714055e-01
1.037324355280677818e-01 -3.116594038714956896e-03 -9.946003562512512053e-01
1.037092239131386234e-01 -3.661052882479942129e-03 -9.946009217576811112e-01
1.036831550391208862e-01 -4.205354219131158221e-03 -9.946014872053671185e-01
1.036542299183974281e-01 -4.749483056277625445e-03 -9.946020525943152224e-01
1.036224496420070501e-01 -5.293424407808208776e-03 -9.946026179245314180e-01
1.035878153796064988e-01 -5.837163294304220998e-03 -9.946031831960217007e-01
1.035503283794303175e-01 -6.380684743451803774e-03 -9.946037484087920655e-01
1.035099899682485058e-01 -6.923973790454066718e-03 -9.946043135628485077e-01
1.034668015513220823e-01 -7.467015478442983606e-03 -9.946048786581970225e-01
1.034207646123564278e-01 -8.009794858891024910e-03 -9.946054436948437161e-01
1.033718807134525047e-01 -8.552296992022522318e-03 -9.946060086727944727e-01
1.033201514950558841e-01 -9.094506947224750490e-03 -9.946065735920552875e-01
1.032655786759036631e-01 -9.636409803458713050e-03 -9.946071384526321557e-01
1.032081640529691896e-01 -1.017799064966962846e-02 -9.946077032545311836e-01
1.031479095014046499e-01 -1.071923458519709153e-02 -9.946082679977582552e-01
1.030848169744815052e-01 -1.126012672018491742e-02 -9.946088326823193659e-01
1.030188885035288049e-01 -1.180065217599064048e-02 -9.946093973082205109e-01
1.029501261978693072e-01 -1.234079608559466613e-02 -9.946099618754677962e-01
1.028785322447534761e-01 -1.288054359400906193e-02 -9.946105263840671062e-01
1.028041089092913418e-01 -1.341987985868597043e-02 -9.946110908340244361e-01
1.027268585343822371e-01 -1.395879004992564565e-02 -9.946116552253457810e-01
1.026467835406423418e-01 -1.449725935128409401e-02 -9.946122195580371361e-01
1.025638864263301586e-01 -1.503527295998030242e-02 -9.946127838321044967e-01
1.024781697672697833e-01 -1.557281608730305862e-02 -9.946133480475538580e-01
1.023896362167721341e-01 -1.610987395901733454e-02 -9.946139122043912151e-01
1.022982885055539470e-01 -1.664643181577023928e-02 -9.946144763026225633e-01
1.022041294416547313e-01 -1.718247491349650727e-02 -9.946150403422538977e-01
1.021071619103515460e-01 -1.771798852382354406e-02 -9.946156043232912136e-01
1.020073888740717083e-01 -1.825295793447597598e-02 -9.946161682457403952e-01
1.019048133723033239e-01 -1.878736844967974357e-02 -9.946167321096075487e-01
1.017994385215037212e-01 -1.932120539056567110e-02 -9.946172959148985582e-01
1.016912675150058176e-01 -1.985445409557254695e-02 -9.946178596616195300e-01
1.015803036229223077e-01 -2.038709992084969044e-02 -9.946184233497763483e-01
1.014665501920477830e-01 -2.091912824065897056e-02 -9.946189869793750082e-01
1.013500106457587147e-01 -2.145052444777630421e-02 -9.946195505504216161e-01
1.012306884839114102e-01 -2.198127395389259942e-02 -9.946201140629220561e-01
1.011085872827377496e-01 -2.251136219001412600e-02 -9.946206775168822123e-01
1.009837106947389651e-01 -2.304077460686233467e-02 -9.946212409123081910e-01
1.008560624485771856e-01 -2.356949667527307585e-02 -9.946218042492059874e-01
1.007256463489650256e-01 -2.409751388659521834e-02 -9.946223675275814857e-01
1.005924662765529803e-01 -2.462481175308869549e-02 -9.946229307474407921e-01
1.004565261878148097e-01 -2.515137580832189218e-02 -9.946234939087897908e-01
1.003178301149308255e-01 -2.567719160756843852e-02 -9.946240570116344770e-01
1.001763821656690423e-01 -2.620224472820334785e-02 -9.946246200559808459e-01
1.000321865232643576e-01 -2.672652077009850941e-02 -9.946251830418347817e-01
9.988524744629560803e-02 -2.725000535601753218e-02 -9.946257459692023906e-01
9.973556926856053106e-02 -2.777268413200989494e-02 -9.946263088380895567e-01
9.958315639894872728e-02 -2.829454276780443700e-02 -9.946268716485023864e-01
9.942801332131251391e-02 -2.881556695720214820e-02 -9.946274344004467638e-01
9.927014459433577964e-02 -2.933574241846825803e-02 -9.946279970939285731e-01
9.910955485140070242e-02 -2.985505489472360316e-02 -9.946285597289539204e-01
9.894624880045253812e-02 -3.037349015433528365e-02 -9.946291223055288011e-01
9.878023122386223043e-02 -3.089103399130658026e-02 -9.946296848236590993e-01
9.861150697828710565e-02 -3.140767222566610839e-02 -9.946302472833508102e-01
9.844008099452944416e-02 -3.192339070385625394e-02 -9.946308096846099289e-01
9.826595827739310895e-02 -3.243817529912079722e-02 -9.946313720274423398e-01
9.808914390553802320e-02 -3.295201191189179452e-02 -9.946319343118541489e-01
9.790964303133274649e-02 -3.346488647017565460e-02 -9.946324965378512406e-01
9.772746088070496939e-02 -3.397678492993841393e-02 -9.946330587054396100e-01
9.754260275299002358e-02 -3.448769327549021380e-02 -9.946336208146251412e-01
9.735507402077735184e-02 -3.499759751986895873e-02 -9.946341828654139405e-01
9.716488012975500743e-02 -3.550648370522312830e-02 -9.946347448578118922e-01
9.697202659855209961e-02 -3.601433790319375633e-02 -9.946353067918249913e-01
9.677651901857931005e-02 -3.652114621529557043e-02 -9.946358686674592331e-01
9.657836305386739706e-02 -3.702689477329725032e-02 -9.946364304847205018e-01
9.637756444090367358e-02 -3.753156973960083270e-02 -9.946369922436147926e-01
9.617412898846655622e-02 -3.803515730762021402e-02 -9.946375539441481006e-01
9.596806257745808810e-02 -3.853764370215877894e-02 -9.946381155863263102e-01
9.575937116073454658e-02 -3.903901517978611985e-02 -9.946386771701555274e-01
9.554806076293503869e-02 -3.953925802921382654e-02 -9.946392386956416365e-01
9.533413748030812596e-02 -4.003835857167038770e-02 -9.946398001627905217e-01
9.511760748053656178e-02 -4.053630316127511402e-02 -9.946403615716082891e-01
9.489847700255997498e-02 -4.103307818541115232e-02 -9.946409229221008230e-01
9.467675235639570752e-02 -4.152867006509754211e-02 -9.946414842142740076e-01
9.445243992295762614e-02 -4.202306525536027293e-02 -9.946420454481339490e-01
9.422554615387304655e-02 -4.251625024560242577e-02 -9.946426066236865315e-01
9.399607757129770091e-02 -4.300821155997326672e-02 -9.946431677409377503e-01
9.376404076772880403e-02 -4.349893575773638998e-02 -9.946437287998934895e-01
9.352944240581616275e-02 -4.398840943363684086e-02 -9.946442898005597444e-01
9.329228921817142584e-02 -4.447661921826721876e-02 -9.946448507429425101e-01
9.305258800717534917e-02 -4.496355177843277401e-02 -9.946454116270476709e-01
9.281034564478320148e-02 -4.544919381751544307e-02 -9.946459724528812218e-01
9.256556907232829645e-02 -4.593353207583685677e-02 -9.946465332204491583e-01
9.231826530032355427e-02 -4.641655333102029379e-02 -9.946470939297573644e-01
9.206844140826124512e-02 -4.689824439835155179e-02 -9.946476545808118352e-01
9.181610454441081759e-02 -4.737859213113877754e-02 -9.946482151736185662e-01
9.156126192561486743e-02 -4.785758342107118007e-02 -9.946487757081834413e-01
9.130392083708320505e-02 -4.833520519857665426e-02 -9.946493361845124559e-01
9.104408863218509118e-02 -4.881144443317833592e-02 -9.946498966026114941e-01
9.078177273223959898e-02 -4.928628813384997726e-02 -9.946504569624865510e-01
9.051698062630413044e-02 -4.975972334937028146e-02 -9.946510172641436220e-01
9.024971987096105930e-02 -5.023173716867602306e-02 -9.946515775075885912e-01
8.997999809010259753e-02 -5.070231672121407879e-02 -9.946521376928273428e-01
8.970782297471371902e-02 -5.117144917729229969e-02 -9.946526978198659830e-01
8.943320228265337624e-02 -5.163912174842918978e-02 -9.946532578887103959e-01
8.915614383843381563e-02 -5.210532168770246053e-02 -9.946538178993664658e-01
8.887665553299810284e-02 -5.257003629009636414e-02 -9.946543778518401879e-01
8.859474532349580211e-02 -5.303325289284786109e-02 -9.946549377461375574e-01
8.831042123305693492e-02 -5.349495887579158032e-02 -9.946554975822644584e-01
8.802369135056406502e-02 -5.395514166170355119e-02 -9.946560573602267752e-01
8.773456383042259332e-02 -5.441378871664376282e-02 -9.946566170800306139e-01
8.744304689232933192e-02 -5.487088755029745357e-02 -9.946571767416817478e-01
8.714914882103926008e-02 -5.532642571631518624e-02 -9.946577363451862830e-01
8.685287796613047617e-02 -5.578039081265165344e-02 -9.946582958905499927e-01
8.655424274176744259e-02 -5.623277048190325478e-02 -9.946588553777789832e-01
8.625325162646246824e-02 -5.668355241164440422e-02 -9.946594148068791386e-01
8.594991316283537297e-02 -5.713272433476254686e-02 -9.946599741778563430e-01
8.564423595737151451e-02 -5.758027402979189885e-02 -9.946605334907165918e-01
8.533622868017796959e-02 -5.802618932124591761e-02 -9.946610927454657691e-01
8.502590006473807749e-02 -5.847045807994843275e-02 -9.946616519421098701e-01
8.471325890766419342e-02 -5.891306822336350030e-02 -9.946622110806547790e-01
8.439831406844876260e-02 -5.935400771592391767e-02 -9.946627701611064909e-01
8.408107446921365968e-02 -5.979326456935842027e-02 -9.946633291834710011e-01
8.376154909445784891e-02 -6.023082684301753892e-02 -9.946638881477540828e-01
8.343974699080335122e-02 -6.066668264419811801e-02 -9.946644470539618421e-01
8.311567726673949053e-02 -6.110082012846645289e-02 -9.946650059021000523e-01
8.278934909236547457e-02 -6.153322749998010183e-02 -9.946655646921747085e-01
8.246077169913135219e-02 -6.196389301180829645e-02 -9.946661234241918059e-01
8.212995437957719413e-02 -6.239280496625099204e-02 -9.946666820981572288e-01
8.179690648707074740e-02 -6.281995171515651621e-02 -9.946672407140769723e-01
8.146163743554334091e-02 -6.324532166023780211e-02 -9.946677992719569206e-01
8.112415669922415362e-02 -6.366890325338728229e-02 -9.946683577718029579e-01
8.078447381237290059e-02 -6.409068499699026311e-02 -9.946689162136210793e-01
8.044259836901088145e-02 -6.451065544423696674e-02 -9.946694745974171692e-01
8.009854002265033579e-02 -6.492880319943311607e-02 -9.946700329231972226e-01
7.975230848602225808e-02 -6.534511691830902080e-02 -9.946705911909671238e-01
7.940391353080258896e-02 -6.575958530832733129e-02 -9.946711494007327570e-01
7.905336498733679662e-02 -6.617219712898921025e-02 -9.946717075525001173e-01
7.870067274436287619e-02 -6.658294119213911677e-02 -9.946722656462750889e-01
7.834584674873276700e-02 -6.699180636226810537e-02 -9.946728236820636671e-01
7.798889700513217393e-02 -6.739878155681561234e-02 -9.946733816598717359e-01
7.762983357579886223e-02 -6.780385574646978497e-02 -9.946739395797051797e-01
7.726866658023934242e-02 -6.820701795546632584e-02 -9.946744974415699936e-01
7.690540619494407037e-02 -6.860825726188574114e-02 -9.946750552454720617e-01
7.654006265310102364e-02 -6.900756279794918735e-02 -9.946756129914173794e-01
7.617264624430780673e-02 -6.940492375031274974e-02 -9.946761706794117197e-01
7.580316731428220212e-02 -6.980032936036015268e-02 -9.946767283094611889e-01
7.543163626457122239e-02 -7.019376892449398497e-02 -9.946772858815715601e-01
7.505806355225860815e-02 -7.058523179442537099e-02 -9.946778433957488286e-01
7.468245968967086867e-02 -7.097470737746205960e-02 -9.946784008519988785e-01
7.430483524408179608e-02 -7.136218513679495890e-02 -9.946789582503277050e-01
7.392520083741555004e-02 -7.174765459178313043e-02 -9.946795155907411923e-01
7.354356714594816047e-02 -7.213110531823717364e-02 -9.946800728732452246e-01
7.315994490000765627e-02 -7.251252694870105597e-02 -9.946806300978456861e-01
7.277434488367272303e-02 -7.289190917273229153e-02 -9.946811872645485719e-01
7.238677793446984809e-02 -7.326924173718060707e-02 -9.946817443733597663e-01
7.199725494306906393e-02 -7.364451444646492873e-02 -9.946823014242852645e-01
7.160578685297828982e-02 -7.401771716284875902e-02 -9.946828584173308396e-01
7.121238466023614710e-02 -7.438883980671399943e-02 -9.946834153525024869e-01
7.081705941310345587e-02 -7.475787235683302445e-02 -9.946839722298062014e-01
7.041982221175328849e-02 -7.512480485063927071e-02 -9.946845290492477565e-01
7.002068420795960757e-02 -7.548962738449600807e-02 -9.946850858108331472e-01
6.961965660478450224e-02 -7.585233011396362579e-02 -9.946856425145682579e-01
6.921675065626409218e-02 -7.621290325406511468e-02 -9.946861991604590836e-01
6.881197766709300223e-02 -7.657133707955002255e-02 -9.946867557485113975e-01
6.840534899230751864e-02 -7.692762192515657793e-02 -9.946873122787311949e-01
6.799687603696732974e-02 -7.728174818587230099e-02 -9.946878687511243600e-01
6.758657025583597600e-02 -7.763370631719279658e-02 -9.946884251656968878e-01
6.717444315305992619e-02 -7.798348683537890957e-02 -9.946889815224545517e-01
6.676050628184636293e-02 -7.833108031771218727e-02 -9.946895378214033467e-01
6.634477124413956650e-02 -7.867647740274857915e-02 -9.946900940625491572e-01
6.592724969029610527e-02 -7.901966879057048532e-02 -9.946906502458978672e-01
6.550795331875859662e-02 -7.936064524303707013e-02 -9.946912063714554719e-01
6.508689387572828833e-02 -7.969939758403281338e-02 -9.946917624392278556e-01
6.466408315483623825e-02 -8.003591669971434064e-02 -9.946923184492209025e-01
6.423953299681335605e-02 -8.037019353875551886e-02 -9.946928744014404966e-01
6.381325528915904322e-02 -8.070221911259081726e-02 -9.946934302958925223e-01
6.338526196580868133e-02 -8.103198449565687800e-02 -9.946939861325828636e-01
6.295556500679980183e-02 -8.135948082563236594e-02 -9.946945419115175158e-01
6.252417643793706237e-02 -8.168469930367601439e-02 -9.946950976327023630e-01
6.209110833045595329e-02 -8.200763119466290829e-02 -9.946956532961432895e-01
6.165637280068533149e-02 -8.232826782741900495e-02 -9.946962089018461795e-01
6.121998200970871912e-02 -8.264660059495383682e-02 -9.946967644498170280e-01
6.078194816302438797e-02 -8.296262095469142395e-02 -9.946973199400616084e-01
6.034228351020427816e-02 -8.327632042869945184e-02 -9.946978753725859157e-01
5.990100034455173028e-02 -8.358769060391652017e-02 -9.946984307473957232e-01
5.945811100275803091e-02 -8.389672313237769852e-02 -9.946989860644970260e-01
5.901362786455780635e-02 -8.420340973143820851e-02 -9.946995413238958195e-01
5.856756335238325756e-02 -8.450774218399528803e-02 -9.947000965255978766e-01
5.811992993101727095e-02 -8.480971233870820969e-02 -9.947006516696090817e-01
5.767074010724537042e-02 -8.510931211021649512e-02 -9.947012067559354298e-01
5.722000642950655913e-02 -8.540653347935629747e-02 -9.947017617845826942e-01
5.676774148754303723e-02 -8.570136849337486873e-02 -9.947023167555568701e-01
5.631395791204883011e-02 -8.599380926614323684e-02 -9.947028716688638417e-01
5.585866837431731347e-02 -8.628384797836703701e-02 -9.947034265245093820e-01
5.540188558588765577e-02 -8.657147687779540024e-02 -9.947039813224994864e-01
5.494362229819017840e-02 -8.685668827942803760e-02 -9.947045360628401500e-01
5.448389130219065402e-02 -8.713947456572043726e-02 -9.947050907455371460e-01
5.402270542803357112e-02 -8.741982818678717404e-02 -9.947056453705963586e-01
5.356007754468431609e-02 -8.769774166060333165e-02 -9.947061999380236719e-01
5.309602055957034911e-02 -8.797320757320402362e-02 -9.947067544478250811e-01
5.263054741822133231e-02 -8.824621857888205467e-02 -9.947073089000063595e-01
5.216367110390828649e-02 -8.851676740038359747e-02 -9.947078632945735022e-01
5.169540463728167223e-02 -8.878484682910209314e-02 -9.947084176315322823e-01
5.122576107600854134e-02 -8.905044972527012548e-02 -9.947089719108886952e-01
5.075475351440867505e-02 -8.931356901814938021e-02 -9.947095261326485138e-01
5.028239508308973704e-02 -8.957419770621878607e-02 -9.947100802968177335e-01
4.980869894858149655e-02 -8.983232885736062989e-02 -9.947106344034022385e-01
4.933367831296905232e-02 -9.008795560904474253e-02 -9.947111884524078018e-01
4.885734641352515450e-02 -9.034107116851079755e-02 -9.947117424438404187e-01
4.837971652234156206e-02 -9.059166881294865303e-02 -9.947122963777059734e-01
4.790080194595949803e-02 -9.083974188967672281e-02 -9.947128502540103501e-01
4.742061602499916817e-02 -9.108528381631840476e-02 -9.947134040727594329e-01
4.693917213378840519e-02 -9.132828808097655238e-02 -9.947139578339589949e-01
4.645648367999039019e-02 -9.156874824240600341e-02 -9.947145115376150315e-01
4.597256410423052747e-02 -9.180665793018412402e-02 -9.947150651837334268e-01
4.548742687972239657e-02 -9.204201084487938223e-02 -9.947156187723200649e-01
4.500108551189289929e-02 -9.227480075821795080e-02 -9.947161723033807190e-01
4.451355353800651171e-02 -9.250502151324835332e-02 -9.947167257769213844e-01
4.402484452678872423e-02 -9.273266702450405630e-02 -9.947172791929479452e-01
4.353497207804863517e-02 -9.295773127816418790e-02 -9.947178325514661745e-01
4.304394982230072553e-02 -9.318020833221211940e-02 -9.947183858524820677e-01
4.255179142038583578e-02 -9.340009231659221478e-02 -9.947189390960013977e-01
4.205851056309132391e-02 -9.361737743336442930e-02 -9.947194922820301599e-01
4.156412097077046008e-02 -9.383205795685700679e-02 -9.947200454105741274e-01
4.106863639296101653e-02 -9.404412823381710917e-02 -9.947205984816392954e-01
4.057207060800312182e-02 -9.425358268355947533e-02 -9.947211514952314371e-01
4.007443742265633796e-02 -9.446041579811301214e-02 -9.947217044513564366e-01
3.957575067171598127e-02 -9.466462214236542883e-02 -9.947222573500201781e-01
3.907602421762873535e-02 -9.486619635420580343e-02 -9.947228101912285458e-01
3.857527195010752863e-02 -9.506513314466513709e-02 -9.947233629749874240e-01
3.807350778574569022e-02 -9.526142729805486820e-02 -9.947239157013026967e-01
3.757074566763040496e-02 -9.545507367210336047e-02 -9.947244683701802481e-01
3.706699956495549536e-02 -9.564606719809033708e-02 -9.947250209816259625e-01
3.656228347263348888e-02 -9.583440288097930249e-02 -9.947255735356456130e-01
3.605661141090704680e-02 -9.602007579954789651e-02 -9.947261260322451948e-01
3.554999742495969922e-02 -9.620308110651619449e-02 -9.947266784714304810e-01
3.504245558452597636e-02 -9.638341402867296737e-02 -9.947272308532073559e-01
3.453399998350085986e-02 -9.656106986699990180e-02 -9.947277831775817036e-01
3.402464473954861651e-02 -9.673604399679371080e-02 -9.947283354445594084e-01
3.351440399371102830e-02 -9.690833186778624597e-02 -9.947288876541463543e-01
3.300329191001501877e-02 -9.707792900426248650e-02 -9.947294398063484255e-01
3.249132267507966187e-02 -9.724483100517651579e-02 -9.947299919011713953e-01
3.197851049772261478e-02 -9.740903354426537486e-02 -9.947305439386212589e-01
3.146486960856599568e-02 -9.757053237016086178e-02 -9.947310959187037893e-01
3.095041425964168563e-02 -9.772932330649929111e-02 -9.947316478414248708e-01
3.043515872399606831e-02 -9.788540225202910228e-02 -9.947321997067903876e-01
2.991911729529424593e-02 -9.803876518071644175e-02 -9.947327515148061128e-01
2.940230428742372781e-02 -9.818940814184864974e-02 -9.947333032654780416e-01
2.888473403409758458e-02 -9.833732726013563741e-02 -9.947338549588119472e-01
2.836642088845710633e-02 -9.848251873580918248e-02 -9.947344065948137137e-01
2.784737922267396457e-02 -9.862497884472015697e-02 -9.947349581734892254e-01
2.732762342755188159e-02 -9.876470393843363171e-02 -9.947355096948443665e-01
2.680716791212783834e-02 -9.890169044432187140e-02 -9.947360611588849100e-01
2.628602710327280351e-02 -9.903593486565526183e-02 -9.947366125656168512e-01
2.576421544529202204e-02 -9.916743378169114165e-02 -9.947371639150459632e-01
2.524174739952485258e-02 -9.929618384776049689e-02 -9.947377152071780193e-01
2.471863744394418513e-02 -9.942218179535253220e-02 -9.947382664420190146e-01
2.419490007275543891e-02 -9.954542443219720205e-02 -9.947388176195747223e-01
2.367054979599514039e-02 -9.966590864234556313e-02 -9.947393687398510265e-01
2.314560113912912317e-02 -9.978363138624805895e-02 -9.947399198028538114e-01
2.262006864265032197e-02 -9.989858970083065337e-02 -9.947404708085889613e-01
2.209396686167620916e-02 -1.000107806995688964e-01 -9.947410217570622493e-01
2.156731036554585673e-02 -1.001202015725598110e-01 -9.947415726482795595e-01
2.104011373741665122e-02 -1.002268495865916986e-01 -9.947421234822467762e-01
2.051239157386067560e-02 -1.003307220852118070e-01 -9.947426742589697835e-01
1.998415848446073381e-02 -1.004318164887918752e-01 -9.947432249784543545e-01
1.945542909140609775e-02 -1.005301302945915826e-01 -9.947437756407063736e-01
1.892621802908790729e-02 -1.006256610768198057e-01 -9.947443262457317248e-01
1.839653994369429627e-02 -1.007184064866938344e-01 -9.947448767935361813e-01
1.786640949280523041e-02 -1.008083642524963547e-01 -9.947454272841256273e-01
1.733584134498706783e-02 -1.008955321796304039e-01 -9.947459777175059470e-01
1.680485017938685918e-02 -1.009799081506721208e-01 -9.947465280936830245e-01
1.627345068532639119e-02 -1.010614901254213854e-01 -9.947470784126626331e-01
1.574165756189600113e-02 -1.011402761409503220e-01 -9.947476286744506568e-01
1.520948551754814498e-02 -1.012162643116496924e-01 -9.947481788790528690e-01
1.467694926969076788e-02 -1.012894528292730828e-01 -9.947487290264752646e-01
1.414406354428045243e-02 -1.013598399629790370e-01 -9.947492791167235060e-01
1.361084307541538148e-02 -1.014274240593709825e-01 -9.947498291498035883e-01
1.307730260492810659e-02 -1.014922035425350616e-01 -9.947503791257212846e-01
1.254345688197815514e-02 -1.015541769140758110e-01 -9.947509290444824792e-01
1.200932066264446922e-02 -1.016133427531496630e-01 -9.947514789060930562e-01
1.147490870951769354e-02 -1.016696997164963506e-01 -9.947520287105587888e-01
1.094023579129232981e-02 -1.017232465384681761e-01 -9.947525784578854502e-01
1.040531668235875583e-02 -1.017739820310570587e-01 -9.947531281480790355e-01
9.870166162395136930e-03 -1.018219050839195422e-01 -9.947536777811453179e-01
9.334799015959221319e-03 -1.018670146643995827e-01 -9.947542273570901816e-01
8.799230032080052055e-03 -1.019093098175492124e-01 -9.947547768759193998e-01
8.263474003849588870e-03 -1.019487896661470799e-01 -9.947553263376388566e-01
7.727545728014264051e-03 -1.019854534107148269e-01 -9.947558757422543252e-01
7.191460004566474148e-03 -1.020193003295312845e-01 -9.947564250897716898e-01
6.655231636336023104e-03 -1.020503297786445884e-01 -9.947569743801968345e-01
6.118875428581530690e-03 -1.020785411918821162e-01 -9.947575236135355325e-01
5.582406188581811451e-03 -1.021039340808582718e-01 -9.947580727897936681e-01
5.045838725227239779e-03 -1.021265080349801208e-01 -9.947586219089770143e-01
4.509187848611112374e-03 -1.021462627214508867e-01 -9.947591709710914554e-01
3.972468369621015918e-03 -1.021631978852713257e-01 -9.947597199761428755e-01
3.435695099530215995e-03 -1.021773133492389213e-01 -9.947602689241370477e-01
2.898882849589073333e-03 -1.021886090139449282e-01 -9.947608178150798564e-01
2.362046430616502983e-03 -1.021970848577693214e-01 -9.947613666489770745e-01
1.825200652591487272e-03 -1.022027409368735373e-01 -9.947619154258345864e-01
1.288360324244649038e-03 -1.022055773851910931e-01 -9.947624641456581651e-01
7.515402526499034711e-04 -1.022055944144160955e-01 -9.947630128084536949e-01
2.147552428161944105e-04 -1.022027923139895572e-01 -9.947635614142269489e-01
-3.219799027206715581e-04 -1.021971714510835905e-01 -9.947641099629838113e-01
-8.586503843060815057e-04 -1.021887322705834628e-01 -9.947646584547300552e-01
-1.395241405574553731e-03 -1.021774752950675019e-01 -9.947652068894715649e-01
-1.931738173857541763e-03 -1.021634011247848917e-01 -9.947657552672142245e-01
-2.468125900591099358e-03 -1.021465104376312327e-01 -9.947663035879638072e-01
-3.004389801723387002e-03 -1.021268039891221058e-01 -9.947668518517260861e-01
-3.540515098122018478e-03 -1.021042826123643582e-01 -9.947674000585069454e-01
-4.076487015981226925e-03 -1.020789472180253787e-01 -9.947679482083122693e-01
-4.612290787228845272e-03 -1.020507987943001099e-01 -9.947684963011477199e-01
-5.147911649933088925e-03 -1.020198384068760344e-01 -9.947690443370192925e-01
-5.683334848709128105e-03 -1.019860671988959688e-01 -9.947695923159327602e-01
-6.218545635125436420e-03 -1.019494863909187338e-01 -9.947701402378938962e-01
-6.753529268109910444e-03 -1.019100972808776734e-01 -9.947706881029085846e-01
-7.288271014355746438e-03 -1.018679012440371207e-01 -9.947712359109825986e-01
-7.822756148727058600e-03 -1.018228997329466423e-01 -9.947717836621218224e-01
-8.356969954664233632e-03 -1.017750942773931883e-01 -9.947723313563320291e-01
-8.890897724589012091e-03 -1.017244864843511593e-01 -9.947728789936191029e-01
-9.424524760309273969e-03 -1.016710780379302681e-01 -9.947734265739888171e-01
-9.957836373423531104e-03 -1.016148706993213607e-01 -9.947739740974469447e-01
-1.049081788572510734e-02 -1.015558663067400447e-01 -9.947745215639993699e-01
-1.102345462960599778e-02 -1.014940667753682635e-01 -9.947750689736518659e-01
-1.155573194846039493e-02 -1.014294740972937203e-01 -9.947756163264103169e-01
-1.208763519708786968e-02 -1.013620903414471502e-01 -9.947761636222804960e-01
-1.261914974209620184e-02 -1.012919176535375665e-01 -9.947767108612682874e-01
-1.315026096230383947e-02 -1.012189582559853140e-01 -9.947772580433794642e-01
-1.368095424914198693e-02 -1.011432144478530554e-01 -9.947778051686197998e-01
-1.421121500705629925e-02 -1.010646886047746607e-01 -9.947783522369951781e-01
-1.474102865390818085e-02 -1.009833831788819192e-01 -9.947788992485113724e-01
-1.527038062137567494e-02 -1.008993006987292662e-01 -9.947794462031741558e-01
-1.579925635535393141e-02 -1.008124437692163033e-01 -9.947799931009894125e-01
-1.632764131635523752e-02 -1.007228150715082510e-01 -9.947805399419629158e-01
-1.685552097990861836e-02 -1.006304173629543469e-01 -9.947810867261005496e-01
-1.738288083695896380e-02 -1.005352534770041079e-01 -9.947816334534080873e-01
-1.790970639426571129e-02 -1.004373263231214952e-01 -9.947821801238913020e-01
-1.843598317480104123e-02 -1.003366388866970410e-01 -9.947827267375560778e-01
-1.896169671814757970e-02 -1.002331942289578226e-01 -9.947832732944081879e-01
-1.948683258089561887e-02 -1.001269954868753975e-01 -9.947838197944534055e-01
-2.001137633703982399e-02 -1.000180458730716843e-01 -9.947843662376976148e-01
-2.053531357837540261e-02 -9.990634867572266431e-02 -9.947849126241465889e-01
-2.105862991489377764e-02 -9.979190725846012744e-02 -9.947854589538061010e-01
-2.158131097517768451e-02 -9.967472506027126589e-02 -9.947860052266820352e-01
-2.210334240679573750e-02 -9.955480559539624241e-02 -9.947865514427801648e-01
-2.262470987669642705e-02 -9.943215245322367668e-02 -9.947870976021062628e-01
-2.314539907160154467e-02 -9.930676929818406384e-02 -9.947876437046662135e-01
-2.366539569839901797e-02 -9.917865986964112535e-02 -9.947881897504657900e-01
-2.418468548453515596e-02 -9.904782798178114744e-02 -9.947887357395107655e-01
-2.470325417840628715e-02 -9.891427752350021030e-02 -9.947892816718069131e-01
-2.522108754974978009e-02 -9.877801245828940480e-02 -9.947898275473601171e-01
-2.573817139003443250e-02 -9.863903682411800933e-02 -9.947903733661761505e-01
-2.625449151285023236e-02 -9.849735473331457103e-02 -9.947909191282607866e-01
-2.677003375429745646e-02 -9.835297037244601637e-02 -9.947914648336199095e-01
-2.728478397337512004e-02 -9.820588800219466619e-02 -9.947920104822591814e-01
-2.779872805236875341e-02 -9.805611195723326623e-02 -9.947925560741845974e-01
-2.831185189723748816e-02 -9.790364664609794987e-02 -9.947931016094018197e-01
-2.882414143800047027e-02 -9.774849655105921631e-02 -9.947936470879166215e-01
-2.933558262912255854e-02 -9.759066622799084101e-02 -9.947941925097348870e-01
-2.984616144989930483e-02 -9.743016030623680157e-02 -9.947947378748623892e-01
-3.035586390484122654e-02 -9.726698348847617748e-02 -9.947952831833049014e-01
-3.086467602405733660e-02 -9.710114055058607918e-02 -9.947958284350683078e-01
-3.137258386363792756e-02 -9.693263634150248165e-02 -9.947963736301583815e-01
