-4.389978509503454918e-01
-1.217421112415600470e+00
-1.147297105061834444e+01
-2.349187091668447636e+00
1.485517731488010806e+00
4.304894957855173843e+00
-1.542937102604271526e+00
6.414434090713874603e+00
5.166462532748459235e-01
2.407338004399552367e-01
1.022751662212653123e+00
3.291592466873535461e+00
7.153196555058910278e+00
-2.417752190915390398e-01
-2.794319150095619930e-01
1.157413922013633689e+00
9.632728259964015161e-01
-1.361395275120416581e+00
2.411637328855387175e+00
-5.160352145058103801e+00
-4.380583121347585152e-02
-4.496404292337364161e+00
-1.646716702311767477e+00
-3.688020835909381123e+00
-2.770904420168299964e+00
3.234258735791070150e-01
1.255771831072035827e+00
-2.161427087348806175e+00
9.400865870889474341e-01
-2.547282765290413975e-01
-4.797581161554798079e+00
1.828764424199025296e-01
2.339370921038021467e-01
-2.785974984683909916e+00
-2.423791966089136718e+00
5.920950883462223757e-01
2.813700001753987490e+00
-6.586443045520313788e+00
-3.312178527468232492e+00
-1.340581286021991447e+00
-2.733427827428128065e+00
-2.887251474590902145e+00
1.484735739089038109e+00
-3.626404165798073898e+00
-2.434769695538158807e+00
-4.056590523954399785e+00
-1.136392716145879334e+00
-4.137701986959314127e+00
-1.246545455423410331e+00
-4.338838045298664348e+00
-1.109806713175294002e+00
-3.255069881019466482e+00
-2.131778114059067697e+00
-1.827744672657304559e+00
3.995431678589047020e-01
-3.552893877269336365e+00
-1.255321567045566189e+00
-7.959517829838242964e-01
-1.590823444921400043e+00
-6.783368154717914766e-01
-2.076841901378756905e+00
-9.808449114523271062e-01
-1.992206888082191929e-01
1.290150489323850902e+00
-1.320702183554514297e+00
-2.543120016906851077e+00
2.764174504014910827e+00
-3.106554684634910135e-01
1.021098882100818450e+00
1.576193384865828495e+00
3.362538355036384097e+00
-1.079790859533895642e+00
-9.782408233577600809e-01
4.333961525329143250e+00
2.539179018575814517e+00
-1.236713009312110367e-01
-8.307421310688928306e-02
-6.862022560931793080e-01
4.654740519872395232e+00
2.286056750807722082e+00
-1.707288454372692055e+00
3.274033749828529238e+00
2.797872703287732854e+00
4.160631580555699038e+00
-1.261444566643009413e+00
-2.628316012510687472e-01
2.767942216613881179e+00
1.804581102818946681e+00
3.597427153686964196e+00
-7.958393027729256941e-01
6.088460734241758487e+00
7.423141751760446716e-02
-2.099900036079310972e+00
6.891134663822477080e+00
7.933620733831437954e-01
-3.815912122506122106e+00
7.810047560430181335e+00
1.195616458012501226e+01
6.622785532831753308e+00
6.622785532831753308e+00
6.919898976137682567e+00
6.550344538480088019e+00
-1.108070917965428892e+00
5.534438418261634851e+00
-1.305072694437837244e+00
-6.034539141039993559e+00
5.318823247859400638e+00
-7.324037019349933786e-01
6.871828315038009727e+00
4.287490090989034996e+00
6.429694709191941193e+00
1.642761837254848034e+00
6.502774058950704372e+00
-1.280871283806838345e+00
4.593678180189063376e+00
-3.051036484332413590e+00
4.645914094831187668e+00
9.258671662025982130e+00
2.949073805555661565e+00
2.144385623993999790e+00
1.062232746779266357e+01
2.133255797507742635e+00
1.186503648909369701e+01
1.187600449812477166e+01
1.069814304684904016e+01
3.618813089607315625e+00
1.199011905965475755e+01
-3.573935167505714716e+00
-6.007191207776237718e+00
1.156500169662470867e+01
9.499869434507537846e+00
1.047476795180062936e+01
1.085866831994911408e+01
1.163780033202823461e+01
9.710628347971587360e+00
1.095575535370347353e+01
9.860138489447155763e+00
7.043653275344652798e+00
1.062143254654950653e+01
8.777711140976876436e+00
1.559161930787440253e+00
1.077662790606200538e+01
1.118755525419969032e+01
7.213740172415307406e+00
1.079205657954912034e+01
9.713912418327119269e+00
1.012832816671892111e+01
5.115152171765071643e+00
1.125629626327007138e+01
1.171236087584313879e+01
8.245193253261646760e+00
1.183378817093510449e+01
1.222389586819696028e+01
1.200158906670224290e+01
1.171078922514592158e+01
1.120126037777176720e+01
7.685697000503691534e+00
1.264676790778365678e+01
1.237372157618492707e+01
1.239696160515162937e+01
1.264676790778365678e+01
1.173064113751443927e+01
8.722529455074186089e+00
1.150872562654695486e+01
1.208849007190904246e+01
7.627082738843787624e+00
1.141951891306290712e+01
1.150872562654695486e+01
1.184970357253150475e+01
6.926649197739080499e+00
1.109447728709402092e+01
1.181368879284540974e+01
1.119038066735951809e+01
1.106892409115314813e+01
1.017917551504950247e+01
1.086671936077679845e+01
1.230564818436282337e+01
9.005590197686942133e+00
1.216710330296854181e+01
1.184585767447634019e+01
1.145317044783868887e+01
8.390219277982801316e+00
1.219427571788631326e+01
9.514288033328105243e+00
1.114256946665661019e+01
4.587692193088718895e+00
1.211234613964102813e+01
1.136664912992638499e+01
8.905413244115264249e+00
1.166400177386114478e+01
1.067378711935889868e+01
1.013787226585698242e+01
9.219022915091139581e+00
8.862884518428323588e+00
1.107053623232596884e+01
1.062505327515590103e+01
1.156174865473593805e+01
1.156174865473593805e+01
1.095878458651896814e+01
1.127338660780105606e+01
1.037009362310543636e+01
1.165022300488197438e+01
1.156894168261211320e+01
4.263882294784992588e+00
1.172794462736292864e+01
9.726713052331547260e+00
1.148407862175665350e+01
1.047741646206469390e+01
7.725301585697563311e+00
1.225776096636244006e+01
1.205747480734154209e+01
1.264130176827044671e+01
1.233493917815030549e+01
1.161883956621366387e+01
1.179063339580558711e+01
1.161883956621366387e+01
1.028156171496288707e+01
1.163168888316229221e+01
1.050346365960424144e+01
3.063464247824901232e+00
8.596810175873294213e+00
4.559910330095388709e+00
1.190210294092193166e+01
1.199139201385879616e+01
1.159933700468593898e+01
4.069419028933282334e+00
1.174168990269656021e+01
1.137798322883870128e+01
1.194358557707208135e+01
8.335804761977195554e+00
1.234018930339730780e+01
1.199790824397389422e+01
1.209370107751334622e+01
7.574020291782886716e+00
1.206413128411710289e+01
1.110078713351525082e+01
1.043996669297836632e+01
1.163975192801830083e+01
1.166642803053291466e+01
1.239696160515162937e+01
1.215268728188533487e+01
1.193823310899459145e+01
1.091995874745942530e+01
6.220068057519747562e+00
4.671527768255295143e+00
1.065552439976335997e+01
1.217636394532368094e+01
6.520682890487275785e+00
1.190290220304414248e+01
1.246378951438014404e+01
1.204293170528272405e+01
1.246756004588773870e+01
1.246756004588773870e+01
1.259361896761070376e+01
1.224635399329980778e+01
1.124255747257720017e+01
1.238648702249588318e+01
1.278527952093259756e+01
1.175325826552331954e+01
1.138595066142310230e+01
1.254767780278466205e+01
1.264676790778365678e+01
1.241000872788862530e+01
1.256582284415127582e+01
6.268374531084110579e+00
1.230405640145942137e+01
1.002204922762888906e+01
1.209748756865497654e+01
1.252016068780701730e+01
1.250295360957851010e+01
1.246756004588773870e+01
1.253351636997420648e+01
1.264676790778365678e+01
1.252016068780701730e+01
1.151097724490177399e+01
8.245193253261646760e+00
1.134730817834983085e+01
1.217394394302828964e+01
1.264676790778365678e+01
1.253447006319400714e+01
2.526068981995357898e+00
1.253447006319400714e+01
1.042092871351431604e+01
1.228798074802776519e+01
1.081053550327268908e+01
1.256582284415127582e+01
1.264676790778365678e+01
1.217787183399227402e+01
1.104453565194600984e+01
1.091567206280465285e+01
1.264676790778365678e+01
1.258914443833517183e+01
4.376171079251989227e+00
1.086440871253871876e+01
1.231638770304354580e+01
1.193127957546902707e+01
1.224183069534647395e+01
1.235788687314231815e+01
1.264676790778365678e+01
1.247900936715063835e+01
1.137826057508254962e+01
8.808759533492537486e+00
8.833069746276741796e+00
1.264676790778365678e+01
1.221647406037813077e+01
1.264676790778365678e+01
1.264676790778365678e+01
1.264676790778365678e+01
1.255997532180495391e+01
3.393777039561176601e+00
1.239192359317680392e+01
1.104284311051508638e+01
1.243214305272312714e+01
1.218672582589590014e+01
7.951456022370225973e+00
1.247900936715063835e+01
1.091087757889919274e+01
1.217787183399227402e+01
1.174369102565043832e+01
1.089776560335073086e+01
1.208849007190904246e+01
1.225703818336254258e+01
1.207484910704796377e+01
1.264676790778365678e+01
1.070989583374755760e+01
1.256582284415127582e+01
1.239764950634293683e+01
1.264676790778365678e+01
1.010554427151916457e+01
1.264676790778365678e+01
1.222402412460809273e+01
1.124070956054960391e+01
1.125484877371836312e+01
1.030285654352475433e+01
1.264676790778365678e+01
1.219427571788631326e+01
1.093648552684755515e+01
1.264676790778365678e+01
1.151097724490177399e+01
1.224945449070506065e+01
9.306260024430120126e+00
1.264676790778365678e+01
4.078653462108996486e+00
1.264676790778365678e+01
1.211835876271199375e+01
1.201542405117219303e+01
1.110269472517081013e+01
1.226407735358693785e+01
1.225564412216958843e+01
1.264676790778365678e+01
1.212758072722314218e+01
1.278686059871506941e+01
1.220720354747140490e+01
1.230564818436282337e+01
1.221540971889356086e+01
1.129837375069741157e+01
9.615879067975662053e+00
7.825521577457863920e+00
1.258914443833517183e+01
1.052187388193442530e+01
1.057249172372928925e+01
1.150920410842026698e+01
1.158753197114312172e+01
1.230564818436282337e+01
9.993642240895722395e+00
1.235788687314231815e+01
1.249387109149265562e+01
7.675472766759458665e+00
1.230564818436282337e+01
1.216710330296854181e+01
1.165170316093904113e+01
1.165930272573334747e+01
1.264676790778365678e+01
4.391801333412769459e+00
1.230564818436282337e+01
1.033231114999624545e+01
1.230564818436282337e+01
1.232273076529758171e+01
1.118324614363547731e+01
1.264676790778365678e+01
7.868642401227146088e+00
1.110269472517081013e+01
1.195559624963678580e+01
1.253447006319400714e+01
1.204744832346971783e+01
1.246756004588773870e+01
5.065511037270752581e+00
1.243137626680956309e+01
1.264676790778365678e+01
1.185949986756726027e+01
1.236730039791890867e+01
1.223401186144229236e+01
1.253447006319400714e+01
7.933681238969023219e+00
1.257776957712501620e+01
1.264676790778365678e+01
1.254767780278466205e+01
1.221540971889356086e+01
1.270875814026451600e+01
1.093833070544599728e+01
1.199234965880541459e+01
9.032174011411896686e+00
1.211426391247839973e+01
1.220720354747140490e+01
1.084415382530802674e+01
1.216710330296854181e+01
1.188441033959629323e+01
9.119520686589734026e+00
1.264676790778365678e+01
1.230564818436282337e+01
1.189724325493210699e+01
1.136639662896100944e+01
1.013152559463410896e+01
3.235626291754845063e+00
1.194494397598116642e+01
1.071556979031059598e+01
1.030533234828959444e+01
1.194494397598116642e+01
1.194494397598116642e+01
1.246756004588773870e+01
1.174168990269656021e+01
1.150920410842026698e+01
1.275567578269663471e+01
1.152808391176881031e+01
1.264676790778365678e+01
1.264676790778365678e+01
1.016768440659330253e+01
1.010554427151916457e+01
1.264676790778365678e+01
1.228738783460219786e+01
1.230564818436282337e+01
1.217394394302828964e+01
9.862929920889952129e+00
1.264676790778365678e+01
1.252150502446011693e+01
8.833069746276741796e+00
-3.229048992124088913e-01
1.221667378106928048e+01
9.361561353957366549e+00
1.214124024722160833e+01
4.671527768255295143e+00
1.030027399407786959e+01
1.219466863616672470e+01
1.216710330296854181e+01
1.203951425695704458e+01
-1.223180346716790767e+00
1.239764950634293683e+01
1.151097724490177399e+01
9.065722438707368269e+00
1.207648411455613768e+01
1.275567578269663471e+01
1.185520139358731306e+01
2.441091345633389365e-01
1.180389143294115861e+01
1.187303172543753860e+01
1.874462961955467799e+00
1.264676790778365678e+01
1.139412346231823392e+01
1.245042491446672273e+01
1.021935268840526057e+01
7.560116373213945806e+00
1.124440217868880687e+01
7.517152689349679839e+00
1.230564818436282337e+01
1.224945449070506065e+01
1.162755419556702918e+01
1.211620013293108222e+01
1.205199846025761268e+01
1.264676790778365678e+01
9.713692622501389096e+00
1.258955062084947762e+01
1.206506220491794146e+01
1.171852911247474971e+01
1.230405640145942137e+01
7.272491299111383256e+00
7.389739825223356817e+00
1.230240205332352943e+01
1.228758460089143512e+01
1.264676790778365678e+01
4.673866814879605869e+00
1.233801284664844822e+01
1.196713733826209669e+01
5.925305942860639163e+00
8.198465014078374580e+00
1.231442462887927469e+01
1.052832409783463063e+01
8.252676106744097240e+00
1.023194021325472924e+01
3.699837147239849244e+00
1.235035918635176522e+01
1.181821655714883335e+01
1.235788687314231815e+01
1.158318428542840728e+01
9.668288302561345304e+00
1.148386283709814926e+01
1.231442462887927469e+01
1.231442462887927469e+01
1.192300287791575109e+01
1.198793824114488693e+01
1.103113352885358367e+01
