0.000000000000000000e+00 0.000000000000000000e+00 1.000000000000000000e+00
1.748564064119670886e-06 -1.402756566326575470e-05 9.999999999000858120e-01
7.888789575853512486e-06 -4.200351022274661155e-05 9.999999990867401989e-01
2.104886478002970280e-05 -8.384918523409160462e-05 9.999999962631412886e-01
4.384217008505712722e-05 -1.394864769268773844e-04 9.999999893107180959e-01
7.886737859827912646e-05 -2.088378025165416843e-04 9.999999750833991063e-01
1.287085558389249919e-04 -2.918261064575690183e-04 9.999999491358884107e-01
1.959352585522612525e-04 -3.883748566121886041e-04 9.999999053872815624e-01
2.831026325220355362e-04 -4.984080403027576480e-04 9.999998357213134570e-01
3.927515092464109849e-04 -6.218501602101172716e-04 9.999997295245073303e-01
5.274085013055342368e-04 -7.586262300745223513e-04 9.999995731634744311e-01
6.895860962068910398e-04 -9.086617701502610082e-04 9.999993494025924967e-01
8.817827484478922128e-04 -1.071882802359793970e-03 9.999990367632719535e-01
1.106482969483911548e-03 -1.248215845088157441e-03 9.999986088259988914e-01
1.366157415234474631e-03 -1.437587907553486075e-03 9.999980334763249878e-01
1.663262970700666969e-03 -1.639926483684825582e-03 9.999972720959566796e-01
2.000242831203296462e-03 -1.855159545433909297e-03 9.999962787000773456e-01
2.379526579684088355e-03 -2.083215535443286304e-03 9.999949990220209362e-01
2.803530259441409152e-03 -2.324023358989085568e-03 9.999933695463985028e-01
3.274656441597884049e-03 -2.577512375112806821e-03 9.999913164917648700e-01
3.795294286519969480e-03 -2.843612386852817711e-03 9.999887547438984781e-01
4.367819598329256148e-03 -3.122253630482732609e-03 9.999855867407562160e-01
4.994594871562161621e-03 -3.413366763660531222e-03 9.999817013101520713e-01
5.677969328948913839e-03 -3.716882852389157433e-03 9.999769724612024291e-01
6.420278949194497056e-03 -4.032733356686409726e-03 9.999712581305695291e-01
7.223846483553679650e-03 -4.360850114859209266e-03 9.999643988845320353e-01
8.090981459899568642e-03 -4.701165326274786907e-03 9.999562165779081191e-01
9.023980172890475396e-03 -5.053611532519000638e-03 9.999465129708534628e-01
1.002512565874343411e-02 -5.418121596829841326e-03 9.999350683045622468e-01
1.109668765302461793e-02 -5.794628681692239568e-03 9.999216398369010772e-01
1.224092252976741180e-02 -6.183066224478538271e-03 9.999059603390152429e-01
1.346007322012805416e-02 -6.583367911017445201e-03 9.998877365539586837e-01
1.475636910868693974e-02 -6.995467646972937034e-03 9.998666476184148166e-01
1.613202590540087702e-02 -7.419299526913438088e-03 9.998423434485935735e-01
1.758924549110819566e-02 -7.854797800950672274e-03 9.998144430914169822e-01
1.913021573438465281e-02 -8.301896838826858249e-03 9.997825330421322709e-01
2.075711027744394852e-02 -8.760531091328419007e-03 9.997461655295271088e-01
2.247208828867250721e-02 -9.230635048904096973e-03 9.997048567699619026e-01
2.427729417928427280e-02 -9.712143197365281574e-03 9.996580851914782517e-01
2.617485728147780910e-02 -1.020498997054657998e-02 9.996052896292973999e-01
2.816689148537547538e-02 -1.070910969980502260e-02 9.995458674940783661e-01
3.025549483192289946e-02 -1.122443656023698957e-02 9.994791729143752690e-01
3.244274905882691545e-02 -1.175090451349284672e-02 9.994045148548033053e-01
3.473071909651195138e-02 -1.228844724707045706e-02 9.993211552115072172e-01
3.712145251097865445e-02 -1.283699810997018624e-02 9.992283068866149032e-01
3.961697889035520337e-02 -1.339649004459575118e-02 9.991251318434581918e-01
4.221930917184120446e-02 -1.396685551478729116e-02 9.990107391444500440e-01
4.493043490565719333e-02 -1.454802642987537524e-02 9.988841829736266886e-01
4.775232745252991351e-02 -1.513993406464730386e-02 9.987444606459894292e-01
5.068693711116509931e-02 -1.574250897512005989e-02 9.985905106059205227e-01
5.373619217208656235e-02 -1.635568091001758304e-02 9.984212104170957502e-01
5.690199789415293502e-02 -1.697937871785372421e-02 9.982353747464776106e-01
6.018623540000272998e-02 -1.761353024952632892e-02 9.980317533451444900e-01
6.359076048662479219e-02 -1.825806225633233582e-02 9.978090290288952335e-01
6.711740234720577070e-02 -1.891290028331864270e-02 9.975658156617658312e-01
7.076796220036959961e-02 -1.957796855788879187e-02 9.973006561458022112e-01
7.454421182289711068e-02 -2.025318987359126313e-02 9.970120204206567305e-01
7.844789198199780822e-02 -2.093848546902134927e-02 9.966983034768095440e-01
8.248071076320145911e-02 -2.163377490177528090e-02 9.963578233864647249e-01
8.664434178994553926e-02 -2.233897591740241842e-02 9.959888193564315761e-01
9.094042233095696315e-02 -2.305400431330904137e-02 9.955894498075779087e-01
9.537055129156410405e-02 -2.377877379757546705e-02 9.951577904857292767e-01
9.993628708512876380e-02 -2.451319584265703594e-02 9.946918326091890306e-01
1.046391453808597771e-01 -2.525717953394879950e-02 9.941894810583716824e-01
1.094805967243600714e-01 -2.601063141320375527e-02 9.936485526133663759e-01
1.144620640273708578e-01 -2.677345531680492413e-02 9.930667742455905334e-01
1.195849199233092602e-01 -2.754555220890279529e-02 9.924417814700449147e-01
1.248504839853531168e-01 -2.832682000944143977e-02 9.917711167650463677e-01
1.302600198040081425e-01 -2.911715341710901378e-02 9.910522280666899109e-01
1.358147319213020010e-01 -2.991644372726150886e-02 9.902824673456772642e-01
1.415157626189869067e-01 -3.072457864488237905e-02 9.894590892745440680e-01
1.473641885584002220e-01 -3.154144209265510174e-02 9.885792499937209321e-01
1.533610172699319818e-01 -3.236691401424092451e-02 9.876400059852737945e-01
1.595071834903821484e-01 -3.320087017286984382e-02 9.866383130635852927e-01
1.658035453468591491e-01 -3.404318194536939957e-02 9.855710254926567382e-01
1.722508803862779492e-01 -3.489371611177309596e-02 9.844348952401340558e-01
1.788498814499614453e-01 -3.575233464066818190e-02 9.832265713785814931e-01
1.856011523933357721e-01 -3.661889447046105805e-02 9.819425996449464566e-01
1.925052036512390485e-01 -3.749324728675784701e-02 9.805794221695758317e-01
1.995624476499369138e-01 -3.837523929607761924e-02 9.791333773865497081e-01
2.067731940675572588e-01 -3.926471099613620952e-02 9.776007001374975580e-01
2.141376449453233632e-01 -4.016149694295977762e-02 9.759775219814466052e-01
2.216558896526801548e-01 -4.106542551510892342e-02 9.742598717236188310e-01
2.293278997101731720e-01 -4.197631867531651656e-02 9.724436761764415627e-01
2.371535234747561283e-01 -4.289399172986507053e-02 9.705247611663581075e-01
2.451324806930707534e-01 -4.381825308605281910e-02 9.684988528003209973e-01
2.532643569291629371e-01 -4.474890400812127356e-02 9.663615790061094168e-01
2.615485978740713091e-01 -4.568573837204106813e-02 9.641084713608384371e-01
2.699845035457508757e-01 -4.662854241957722218e-02 9.617349672222051948e-01
2.785712223888714423e-01 -4.757709451207954576e-02 9.592364121771522756e-01
2.873077452851602875e-01 -4.853116488446858334e-02 9.566080628227059401e-01
2.961928994861395825e-01 -4.949051539991246307e-02 9.538450898937665956e-01
3.052253424813374805e-01 -5.045489930571474962e-02 9.509425817525827274e-01
3.144035558163295607e-01 -5.142406099095828825e-02 9.478955482545237121e-01
3.237258388762884187e-01 -5.239773574647466764e-02 9.446989250045703113e-01
3.331903026520821043e-01 -5.337564952773334731e-02 9.413475780186636444e-01
3.427948635073642114e-01 -5.435751872126854539e-02 9.378363088036846262e-01
3.525372369665325523e-01 -5.534304991528571360e-02 9.341598598693670041e-01
3.624149315448979558e-01 -5.633193967511249123e-02 9.303129206848795851e-01
3.724252426438913188e-01 -5.732387432418159512e-02 9.262901340921309012e-01
3.825652465356416676e-01 -5.831852973125473821e-02 9.220861031870521973e-01
3.928303199278481705e-01 -5.930267722239233874e-02 9.176968631811464050e-01
4.032149077613368382e-01 -6.027617253445393536e-02 9.131180217648889874e-01
4.137133025093448491e-01 -6.123886864893374193e-02 9.083452563849224726e-01
4.243196441974538824e-01 -6.219061595776755741e-02 9.033743229436617117e-01
4.350279207770413881e-01 -6.313126243493333289e-02 8.982010645630407186e-01
4.458319688637803480e-01 -6.406065381339669240e-02 8.928214203982192121e-01
4.567254748519625762e-01 -6.497863376693320536e-02 8.872314344861434998e-01
4.677019764145992076e-01 -6.588504409634141079e-02 8.814272646129557298e-01
4.787548643983681740e-01 -6.677972491954399514e-02 8.754051911833847788e-01
4.898773851215304509e-01 -6.766251486505972523e-02 8.691616260744278177e-01
5.010626430819282717e-01 -6.853325126831617820e-02 8.626931214548536619e-01
5.123036040811103087e-01 -6.939177037026209027e-02 8.559963785513327039e-01
5.235930987695045502e-01 -7.023790751772987506e-02 8.490682563413263217e-01
5.349238266163800493e-01 -7.107149736499246417e-02 8.419057801522586981e-01
5.462883603071119198e-01 -7.189237407595491791e-02 8.345061501459513087e-01
5.576791505689853157e-01 -7.270037152642004619e-02 8.268667496668243855e-01
5.690885314254606753e-01 -7.349532350586916729e-02 8.189851534319751991e-01
5.805087258774646042e-01 -7.427706391820304566e-02 8.108591355409200396e-01
5.919318520088842073e-01 -7.504542698089594621e-02 8.024866772825550720e-01
6.033499295120291483e-01 -7.580024742202551291e-02 7.938659747167379210e-01
6.147548866273893076e-01 -7.654136067465469595e-02 7.849954460078338858e-01
6.261385674905658449e-01 -7.726860306805796719e-02 7.758737384876022158e-01
6.374927398777938681e-01 -7.798181201530342277e-02 7.664997354249214467e-01
6.488091033400127383e-01 -7.868082619672414624e-02 7.568725624800759499e-01
6.600792977139826601e-01 -7.936548573883757396e-02 7.469915938216399320e-01
6.712949119975005763e-01 -8.003563238829873583e-02 7.368564578844115642e-01
6.824474935743387594e-01 -8.069110968050412225e-02 7.264670427473584047e-01
6.935285577731256090e-01 -8.133176310249540242e-02 7.158235011111410140e-01
7.045295977430181544e-01 -8.195744024984735754e-02 7.049262548554846575e-01
7.154420946276788262e-01 -8.256799097726194581e-02 6.937759991574609097e-01
7.262575280177833159e-01 -8.316326754262934329e-02 6.823737061526259362e-01
7.369673866610464419e-01 -8.374312474435767484e-02 6.707206281219351141e-01
7.475631794075754399e-01 -8.430742005181565690e-02 6.588183001884090340e-01
7.580364463672416564e-01 -8.485601372877547843e-02 6.466685425086650119e-01
7.683787702547159038e-01 -8.538876894978773835e-02 6.342734619456393830e-01
7.785817878968391836e-01 -8.590555190946479180e-02 6.216354532101134867e-01
7.886372018761078628e-01 -8.640623192469398806e-02 6.087571994600057268e-01
7.985367922832412590e-01 -8.689068152984706639e-02 5.956416723478055175e-01
8.082724285510782813e-01 -8.735877656509621891e-02 5.822921315079934157e-01
8.178360813414197183e-01 -8.781039625799094694e-02 5.687121234778067524e-01
8.272198344558939764e-01 -8.824542329849224820e-02 5.549054800462713821e-01
8.364158967414877521e-01 -8.866374390770123681e-02 5.408763160280168902e-01
8.454166139610393982e-01 -8.906524790055866947e-02 5.266290264600167470e-01
8.542144805987548217e-01 -8.944982874282834950e-02 5.121682832210464609e-01
8.628021515706668643e-01 -8.981738360271188104e-02 4.974990310753175660e-01
8.711724538099224757e-01 -9.016781339747360902e-02 4.826264831434220470e-01
8.793183976968486082e-01 -9.050102283548322468e-02 4.675561158053997413e-01
8.872331883039170641e-01 -9.081692045410844072e-02 4.522936630424178595e-01
8.949102364259948761e-01 -9.111541865391169226e-02 4.368451102252174922e-01
9.023431693666402742e-01 -9.139643372962262535e-02 4.212166873591313143e-01
9.095258414516680379e-01 -9.165988589837177625e-02 4.054148617971045643e-01
9.164523442417747967e-01 -9.190569932568054545e-02 3.894463304337505427e-01
9.231170164166720982e-01 -9.213380214970792736e-02 3.733180113950368972e-01
9.295144533039232382e-01 -9.234412650425545543e-02 3.570370352397257974e-01
9.356395160265200683e-01 -9.253660854102857547e-02 3.406107356901710848e-01
9.414873402441564787e-01 -9.271118845164481870e-02 3.240466399115089491e-01
9.470533444641624499e-01 -9.286781048986726683e-02 3.073524583596549120e-01
9.523332378991433700e-01 -9.300642299452512030e-02 2.905360742198395130e-01
9.573230278495284962e-01 -9.312697841356279427e-02 2.736055324586710302e-01
9.620190265904586813e-01 -9.322943332963434804e-02 2.565690285139031745e-01
9.664178577437392281e-01 -9.331374848763129837e-02 2.394348966472044371e-01
9.705164621169377615e-01 -9.337988882449974049e-02 2.222115979862714918e-01
9.743121029931225419e-01 -9.342782350166713157e-02 2.049077082835979724e-01
9.778023708562025851e-01 -9.345752594036003946e-02 1.875319054200983437e-01
9.809851875383484021e-01 -9.346897386005258157e-02 1.700929566825937489e-01
9.838588097775305963e-01 -9.346214932024100863e-02 1.525997058448884114e-01
9.864218321748149387e-01 -9.343703876569342537e-02 1.350610600828003882e-01
9.886731895426867922e-01 -9.339363307527533131e-02 1.174859767540560040e-01
9.906121586373427546e-01 -9.333192761440220475e-02 9.988345007441296053e-02
9.922383592695781518e-01 -9.325192229111946285e-02 8.226249772173940822e-02
9.935517547906087543e-01 -9.315362161575892197e-02 6.463214740004544212e-02
9.945526519508930408e-01 -9.303703476406965933e-02 4.700142339563719018e-02
9.952417001317566125e-01 -9.290217564366969050e-02 2.937933315764114720e-02
9.956198899513617473e-01 -9.274906296361475067e-02 1.177485393512747724e-02
9.956885512483096834e-01 -9.257772030683085462e-02 -5.803080497056214287e-03
9.954493504478959531e-01 -9.238817620510980655e-02 -2.334559299184368539e-02
9.949042873177684765e-01 -9.218046421632072884e-02 -4.084387603131747063e-02
9.940556911214457614e-01 -9.195462300344746376e-02 -5.828920454471184925e-02
9.929062161798410946e-01 -9.171069641502070657e-02 -7.567294851238673403e-02
9.914588368525997231e-01 -9.144873356647618967e-02 -9.298658532571330015e-02
9.897168419526821692e-01 -9.116878892193587547e-02 -1.102217118735136503e-01
9.876838286092179953e-01 -9.087092237587858501e-02 -1.273700563264925367e-01
9.853636955951950993e-01 -9.055519933413974654e-02 -1.444234895919885853e-01
9.827606361380465394e-01 -9.022169079365770228e-02 -1.613740364123517346e-01
9.798791302326317343e-01 -8.987047342036585951e-02 -1.782138860813229364e-01
9.767239364774874533e-01 -8.950162962461641336e-02 -1.949354027539451084e-01
9.733000834565289638e-01 -8.911524763351297285e-02 -2.115311353267718963e-01
9.696128606896193824e-01 -8.871142155952485564e-02 -2.279938268664554457e-01
9.656678091765819039e-01 -8.829025146475720509e-02 -2.443164235661846317e-01
9.614707115603003951e-01 -8.785184342025621762e-02 -2.604920832109052231e-01
9.570275819355426039e-01 -8.739630955973948234e-02 -2.765141831337788458e-01
9.523446553310276341e-01 -8.692376812715642276e-02 -2.923763276479223738e-01
9.474283768930572558e-01 -8.643434351750345357e-02 -3.080723549391088389e-01
9.422853907997199574e-01 -8.592816631034271013e-02 -3.235963434067977706e-01
9.369225289352676178e-01 -8.540537329550140777e-02 -3.389426174425905214e-01
9.313467993547411838e-01 -8.486610749046136215e-02 -3.541057526369691399e-01
9.255653745692933310e-01 -8.431051814898421481e-02 -3.690805804069671736e-01
9.195855796829104367e-01 -8.373876076055757067e-02 -3.838621920392288334e-01
9.134148804113785269e-01 -8.315099704028988681e-02 -3.984459421447358873e-01
9.070608710143656106e-01 -8.254739490892754050e-02 -4.128274515233055775e-01
9.005309558546552573e-01 -8.193405097198334930e-02 -4.270021190664194943e-01
8.938324248884189638e-01 -8.131150588517586930e-02 -4.409671598462275854e-01
8.869725657702146604e-01 -8.068029396198110603e-02 -4.547200881389510951e-01
8.799586508217752678e-01 -8.004094295593083830e-02 -4.682587117187305137e-01
8.727979245439323464e-01 -7.939397385772047067e-02 -4.815811256879109492e-01
8.654975916834221072e-01 -7.873990070674177777e-02 -4.946857058831661824e-01
8.580648058636739517e-01 -7.807923041664993624e-02 -5.075711018964622623e-01
8.505066587861370708e-01 -7.741246261456993794e-02 -5.202362297493023924e-01
8.428301700062805768e-01 -7.674008949354543807e-02 -5.326802642579930858e-01
8.350422772861008092e-01 -7.606259567783224540e-02 -5.449026311268362344e-01
8.271498275227963104e-01 -7.538045810063935537e-02 -5.569029988052013325e-01
8.191595682512272658e-01 -7.469414589392231463e-02 -5.686812701433726636e-01
8.110781397158683959e-01 -7.400412028983646695e-02 -5.802375738809177896e-01
8.029120675061858226e-01 -7.331083453346105838e-02 -5.915722560000913344e-01
7.946677557477269671e-01 -7.261473380640973141e-02 -6.026858709754889798e-01
7.863514808397064071e-01 -7.191625516094737880e-02 -6.135791729498092373e-01
7.779693857284930569e-01 -7.121582746423871235e-02 -6.242531068641770098e-01
7.695274747051595865e-01 -7.051387135235928638e-02 -6.347087995700430030e-01
7.610316087141399954e-01 -6.981079919370532239e-02 -6.449475509482071045e-01
7.524875011590478335e-01 -6.910701506144466266e-02 -6.549708250590284830e-01
7.439007141908366982e-01 -6.840291471465696771e-02 -6.647802413463964610e-01
7.352766554627333528e-01 -6.769888558781714250e-02 -6.743775659165396341e-01
7.266205753357309893e-01 -6.699530678828223562e-02 -6.837647029112678965e-01
7.179375645178986964e-01 -6.629254910144739832e-02 -6.929436859937686544e-01
7.092325521203345362e-01 -6.559097500324301278e-02 -7.019166699636255613e-01
7.005103041122544560e-01 -6.489093867965030349e-02 -7.106859225163035809e-01
6.917754221574746731e-01 -6.419278605291876827e-02 -7.192538161609454139e-01
6.830323428143888487e-01 -6.349685481417439992e-02 -7.276228203089656343e-01
6.742853370814719804e-01 -6.280347446211310969e-02 -7.357954935446057165e-01
6.655385102703481603e-01 -6.211296634747940498e-02 -7.437744760873333805e-01
6.567958021885341724e-01 -6.142564372303572356e-02 -7.515624824547367799e-01
6.480609876141112391e-01 -6.074181179873340553e-02 -7.591622943333772300e-01
6.393376770447768420e-01 -6.006176780180148139e-02 -7.665767536639270796e-01
6.306293177039835607e-01 -5.938580104147497124e-02 -7.738087559458358689e-01
6.219391947871725224e-01 -5.871419297808971871e-02 -7.808612437657348471e-01
6.132704329314593306e-01 -5.804721729627611987e-02 -7.877372005528107124e-01
6.046259978925135892e-01 -5.738513998198962324e-02 -7.944396445634556159e-01
5.960086984127959120e-01 -5.672821940312119254e-02 -8.009716230966282824e-01
5.874211882657659478e-01 -5.607670639343646790e-02 -8.073362069405451980e-01
5.788659684611525691e-01 -5.543084433959792612e-02 -8.135364850505562018e-01
5.703453895968747522e-01 -5.479086927102985727e-02 -8.195755594573489455e-01
5.618616543437187083e-01 -5.415700995239173393e-02 -8.254565404039675425e-01
5.534168200494073986e-01 -5.352948797843113532e-02 -8.311825417095218826e-01
5.450128014492385820e-01 -5.290851787099339759e-02 -8.367566763569077581e-01
5.366513734710198769e-01 -5.229430717797082379e-02 -8.421820523013454629e-01
5.283341741225798804e-01 -5.168705657398035141e-02 -8.474617684960833452e-01
5.200627074506931624e-01 -5.108695996256456401e-02 -8.525989111311929047e-01
5.118383465608112859e-01 -5.049420457971700443e-02 -8.575965500810086573e-01
5.036623366875455643e-01 -4.990897109853884017e-02 -8.624577355554311486e-01
4.955357983063957694e-01 -4.933143373484016880e-02 -8.671854949500206189e-01
4.874597302777597396e-01 -4.876176035350544835e-02 -8.717828298895509143e-01
4.794350130147935207e-01 -4.820011257544880995e-02 -8.762527134594759737e-01
4.714624116672134213e-01 -4.764664588499120668e-02 -8.805980876195755869e-01
4.635425793136445649e-01 -4.710150973749780562e-02 -8.848218607938932445e-01
4.556760601556204549e-01 -4.656484766712019191e-02 -8.889269056309593298e-01
4.478632927068236791e-01 -4.603679739449425407e-02 -8.929160569281953119e-01
4.401046129716307820e-01 -4.551749093425098980e-02 -8.967921097143310982e-01
4.324002576074815196e-01 -4.500705470220352916e-02 -9.005578174836227356e-01
4.247503670660343067e-01 -4.450560962208004873e-02 -9.042158905756401133e-01
4.171549887084953778e-01 -4.401327123167823180e-02 -9.077689946943958699e-01
4.096140798909194136e-01 -4.353014978832307758e-02 -9.112197495606088049e-01
4.021275110156710131e-01 -4.305635037351580180e-02 -9.145707276909351702e-01
3.946950685456143137e-01 -4.259197299666751119e-02 -9.178244532980575077e-01
3.873164579779558303e-01 -4.213711269781707236e-02 -9.209834013055943069e-01
3.799913067750098072e-01 -4.169185964923831367e-02 -9.240499964718756898e-01
3.727191672494811203e-01 -4.125629925584727020e-02 -9.270266126167320264e-01
3.654995194021701255e-01 -4.083051225432558773e-02 -9.299155719455478586e-01
3.583317737102981737e-01 -4.041457481088150949e-02 -9.327191444649550744e-01
3.512152738649298445e-01 -4.000855861757506710e-02 -9.354395474846636249e-01
3.441492994562300178e-01 -3.961253098713904408e-02 -9.380789452000647399e-01
3.371330686055412085e-01 -3.922655494623214500e-02 -9.406394483503831561e-01
3.301657405434980652e-01 -3.885068932706554207e-02 -9.431231139473003067e-01
3.232464181336142106e-01 -3.848498885734843999e-02 -9.455319450691235250e-01
3.163741503409803202e-01 -3.812950424850268527e-02 -9.478678907157311873e-01
3.095479346459025227e-01 -3.778428228210062995e-02 -9.501328457196827060e-01
3.027667194024877273e-01 -3.744936589448448483e-02 -9.523286507090429343e-01
2.960294061423477396e-01 -3.712479425952921325e-02 -9.544570921176336320e-01
2.893348518237465750e-01 -3.681060286951471500e-02 -9.565199022385885153e-01
2.826818710266573720e-01 -3.650682361407650567e-02 -9.585187593172533882e-01
2.760692380943260971e-01 -3.621348485720749660e-02 -9.604552876796366156e-01
2.694956892220592426e-01 -3.593061151228651301e-02 -9.623310578927798398e-01
2.629599244940633573e-01 -3.565822511511224091e-02 -9.641475869535831578e-01
2.564606098692655545e-01 -3.539634389492415933e-02 -9.659063385027801818e-01
2.499963791171355976e-01 -3.514498284339451217e-02 -9.676087230609202727e-01
2.435658357046147637e-01 -3.490415378157801785e-02 -9.692560982833742234e-01
2.371675546353319841e-01 -3.467386542480829087e-02 -9.708497692315368743e-01
2.308000842423562904e-01 -3.445412344553206579e-02 -9.723909886575555772e-01
2.244619479357957692e-01 -3.424493053407451360e-02 -9.738809573000660746e-01
2.181516459066082658e-01 -3.404628645733068226e-02 -9.753208241885676921e-01
2.118676567880370398e-01 -3.385818811537998074e-02 -9.767116869542171731e-01
2.056084392761277080e-01 -3.368062959602211026e-02 -9.780545921449660396e-01
1.993724337108201683e-01 -3.351360222723460264e-02 -9.793505355431075809e-01
1.931580636191407019e-01 -3.335709462755327009e-02 -9.806004624834397942e-01
1.869637372220478710e-01 -3.321109275437831437e-02 -9.818052681703866025e-01
1.807878489065080641e-01 -3.307557995021002256e-02 -9.829657979925527922e-01
1.746287806643959384e-01 -3.295053698681903176e-02 -9.840828478333190077e-01
1.684849034998301409e-01 -3.283594210735716473e-02 -9.851571643762117025e-01
1.623545788065658968e-01 -3.273177106641579626e-02 -9.861894454039056290e-01
1.562361597170745797e-01 -3.263799716803953560e-02 -9.871803400898410130e-01
1.501279924249456221e-01 -3.255459130170384324e-02 -9.881304492815550233e-01
1.440301306251318691e-01 -3.246765293764596744e-02 -9.890405316801249569e-01
1.379435109625297695e-01 -3.237720388316536746e-02 -9.899107559638100629e-01
1.318690645851899046e-01 -3.228326669066978322e-02 -9.907413087267138430e-01
1.258077167353714165e-01 -3.218586464915672990e-02 -9.915323942496441223e-01
1.197603863476557756e-01 -3.208502177517601889e-02 -9.922842342589359710e-01
1.137279856545101164e-01 -3.198076280328610715e-02 -9.929970676735421220e-01
1.077114197996761336e-01 -3.187311317601766725e-02 -9.936711503407094082e-01
1.017115864597462338e-01 -3.176209903335840828e-02 -9.943067547605729528e-01
9.572937547427365357e-02 -3.164774720177371964e-02 -9.949041698000139489e-01
8.976566848474742955e-02 -3.153008518277818084e-02 -9.954637003961367414e-01
8.382133858274751215e-02 -3.140914114107357102e-02 -9.959856672497356955e-01
7.789724996757865783e-02 -3.128494389226935818e-02 -9.964704065091288809e-01
7.199425761366512466e-02 -3.115752289020218280e-02 -9.969182694447493720e-01
6.611320694797116759e-02 -3.102690821387115230e-02 -9.973296221148908458e-01
6.025493353769474647e-02 -3.089313055400620678e-02 -9.977048450230150411e-01
5.442026278846460313e-02 -3.075622119928704198e-02 -9.980443327670335263e-01
4.861000965325276701e-02 -3.061621202223048510e-02 -9.983484936809848831e-01
4.282497835219675059e-02 -3.047313546476436777e-02 -9.986177494695337442e-01
3.706596210350762005e-02 -3.032702452350621511e-02 -9.988525348357220057e-01
3.133374286562189831e-02 -3.017791273476526370e-02 -9.990532971024077558e-01
2.562909109073714664e-02 -3.002583415928642210e-02 -9.992204958278311233e-01
1.995276548985286044e-02 -2.987082336675497482e-02 -9.993546024157471397e-01
1.430551280942022468e-02 -2.971291542008082376e-02 -9.994560997205697017e-01
8.688067619686155527e-03 -2.955214585948121725e-02 -9.995254816479689497e-01
3.101152114799197307e-03 -2.938855068638082310e-02 -9.995632527513673704e-01
-2.454524075272954999e-03 -2.922216634714805070e-02 -9.995699278247771602e-01
-7.978264060982094910e-03 -2.905302971668647857e-02 -9.995460314924204948e-01
-1.346938385757944293e-02 -2.888117808190009475e-02 -9.994920977955729091e-01
-1.892721253763909525e-02 -2.870664912505104666e-02 -9.994086697770664385e-01
-2.435109237174395286e-02 -2.852948090702833728e-02 -9.992962990638861731e-01
-2.974037895736961548e-02 -2.834971185054584522e-02 -9.991555454482885512e-01
-3.509444133601775234e-02 -2.816738072328775142e-02 -9.989869764678662722e-01
-4.041266209866623688e-02 -2.798252662101927482e-02 -9.987911669849780516e-01
-4.569443747961860619e-02 -2.779518895068036621e-02 -9.985686987659558866e-01
-5.093917743885029853e-02 -2.760540741347970034e-02 -9.983201600604959536e-01
-5.614630573296357230e-02 -2.741322198800603266e-02 -9.980461451816307061e-01
-6.131525997487687757e-02 -2.721867291337363298e-02 -9.977472540866738626e-01
-6.644549168238797487e-02 -2.702180067241818223e-02 -9.974240919595200872e-01
-7.153646631576301984e-02 -2.682264597495911604e-02 -9.970772687946731772e-01
-7.658766330451617643e-02 -2.662124974114407627e-02 -9.967073989833673542e-01
-8.159857606355630510e-02 -2.641765308489061465e-02 -9.963151009021361526e-01
-8.656871199888845070e-02 -2.621189729743999414e-02 -9.959009965041738521e-01
-9.149759250306870040e-02 -2.600402383103739279e-02 -9.954657109138239646e-01
-9.638475294062112675e-02 -2.579407428275241540e-02 -9.950098720245185158e-01
-1.012297426236350162e-01 -2.558209037845333989e-02 -9.945341101004808726e-01
-1.060321247777698400e-01 -2.536811395694802546e-02 -9.940390573824938736e-01
-1.107914764989034878e-01 -2.515218695430396223e-02 -9.935253476980234755e-01
-1.155073887006674849e-01 -2.493435138835939022e-02 -9.929936160759766928e-01
-1.201794660531197850e-01 -2.471464934343696809e-02 -9.924444983663598396e-01
-1.248073269128125856e-01 -2.449312295527090663e-02 -9.918786308650928696e-01
-1.293906032445186483e-01 -2.426981439615799596e-02 -9.912966499442217305e-01
-1.339289405348849382e-01 -2.404476586034240415e-02 -9.906991916877603277e-01
-1.384219976982874190e-01 -2.381801954964364934e-02 -9.900868915333800313e-01
-1.428694469751649598e-01 -2.358961765933655086e-02 -9.894603839201525641e-01
-1.472709738231142429e-01 -2.335960236429149642e-02 -9.888203019425416684e-01
-1.516262768010307183e-01 -2.312801580538278307e-02 -9.881672770108237414e-01
-1.559350674465829756e-01 -2.289490007617232120e-02 -9.875019385181089682e-01
-1.601970701473103831e-01 -2.266029720987538729e-02 -9.868249135141192729e-01
-1.644120220056353165e-01 -2.242424916661466330e-02 -9.861368263858695249e-01
-1.685796726980819948e-01 -2.218679782096824940e-02 -9.854382985453856714e-01
-1.726997843289949652e-01 -2.194798494981678796e-02 -9.847299481245821440e-01
-1.767721312790501431e-01 -2.170785222049442104e-02 -9.840123896774084500e-01
-1.807965000488507001e-01 -2.146644117924768891e-02 -9.832862338893656462e-01
-1.847726890978995951e-01 -2.122379324000607526e-02 -9.825520872944790707e-01
-1.887005086792389319e-01 -2.097994967346738029e-02 -9.818105519998050479e-01
-1.925797806700447201e-01 -2.073495159650060732e-02 -9.810622254175386248e-01
-1.964103383984634188e-01 -2.048883996186862122e-02 -9.803077000047765166e-01
-2.001920264669742600e-01 -2.024165554827234842e-02 -9.795475630109817811e-01
-2.039247005725581818e-01 -1.999343895071786087e-02 -9.787823962331856364e-01
-2.076082273239511500e-01 -1.974423057120721844e-02 -9.780127757789516263e-01
-2.112424840562560080e-01 -1.949407060975356584e-02 -9.772392718371187836e-01
-2.148273586431829196e-01 -1.924299905572052216e-02 -9.764624484563304563e-01
-2.183627493071846892e-01 -1.899105567948550927e-02 -9.756828633313472388e-01
-2.218485644277479185e-01 -1.873828002442631466e-02 -9.749010675971334638e-01
-2.252847223480973493e-01 -1.848471139922973350e-02 -9.741176056306988240e-01
-2.286711511805644415e-01 -1.823038887052085694e-02 -9.733330148606681442e-01
-2.320077886108671827e-01 -1.797535125581113669e-02 -9.725478255845451114e-01
-2.352945817015417163e-01 -1.771963711676310602e-02 -9.717625607936287713e-01
-2.385314866947614576e-01 -1.746328475276922448e-02 -9.709777360055336093e-01
-2.417184688147728522e-01 -1.720633219484208817e-02 -9.701938591042589266e-01
-2.448555020701716489e-01 -1.694881719981288296e-02 -9.694114301877446715e-01
-2.479425690562368501e-01 -1.669077724483470498e-02 -9.686309414228478909e-01
-2.509796607575334737e-01 -1.643224952218711940e-02 -9.678528769076646388e-01
-2.539667763509890208e-01 -1.617327093437803676e-02 -9.670777125411204045e-01
-2.569039230096417104e-01 -1.591387808953875771e-02 -9.663059158997445719e-01
-2.597911157072524402e-01 -1.565410729710783183e-02 -9.655379461215407577e-01
-2.626283770239650761e-01 -1.539399456379911268e-02 -9.647742537968599930e-01
-2.654157369531941479e-01 -1.513357558984924044e-02 -9.640152808661809347e-01
-2.681532327099111490e-01 -1.487288576553955771e-02 -9.632614605246947459e-01
-2.708409085404943628e-01 -1.461196016798729964e-02 -9.625132171335918363e-01
-2.734788155343006455e-01 -1.435083355820074118e-02 -9.617709661379428843e-01
-2.760670114371102102e-01 -1.408954037839282337e-02 -9.610351139910632279e-01
-2.786055604665893526e-01 -1.382811474954765210e-02 -9.603060580852484929e-01
-2.810945331299087857e-01 -1.356659046923412368e-02 -9.595841866887654392e-01
-2.835340060436487564e-01 -1.330500100966082629e-02 -9.588698788889814528e-01
-2.859240617561153441e-01 -1.304337951596625834e-02 -9.581635045415127783e-01
-2.882647885721860148e-01 -1.278175880473831315e-02 -9.574654242252710334e-01
-2.905562803807953953e-01 -1.252017136275689405e-02 -9.567759892032858815e-01
-2.927986364851660750e-01 -1.225864934595346893e-02 -9.560955413891805144e-01
-2.949919614358831321e-01 -1.199722457858127915e-02 -9.554244133191756028e-01
-2.971363648669033686e-01 -1.173592855258990750e-02 -9.547629281294977011e-01
-2.992319613345862384e-01 -1.147479242719784409e-02 -9.541113995390658742e-01
-3.012788701598245744e-01 -1.121384702865665592e-02 -9.534701318373319801e-01
-3.032772152733496096e-01 -1.095312285020036067e-02 -9.528394198771482637e-01
-3.052271250642770717e-01 -1.069265005217356727e-02 -9.522195490725378075e-01
-3.071287322319560809e-01 -1.043245846233198035e-02 -9.516107954012414938e-01
-3.089821736411766384e-01 -1.017257757630880659e-02 -9.510134254119184671e-01
-3.107875901807857777e-01 -9.913036558240681181e-03 -9.504276962358743086e-01
-3.125451266257570637e-01 -9.653864241546693953e-03 -9.498538556031955737e-01
-3.142549315027526324e-01 -9.395089129854150567e-03 -9.492921418631667940e-01
-3.159171569592115758e-01 -9.136739398064733578e-03 -9.487427840088499265e-01
-3.175319586359935387e-01 -8.878842893554741988e-03 -9.482060017057054591e-01
-3.190994955436015079e-01 -8.621427137503181667e-03 -9.476820053241369335e-01
-3.206199299420022242e-01 -8.364519326341459879e-03 -9.471709959758414232e-01
-3.220934272240589258e-01 -8.108146333318569030e-03 -9.466731655538497270e-01
-3.235201558025853075e-01 -7.852334710175642996e-03 -9.461886967761430345e-01
-3.249002870010263555e-01 -7.597110688923876080e-03 -9.457177632327323780e-01
-3.262339949477662260e-01 -7.342500183719840624e-03 -9.452605294360912902e-01
-3.275214564740601131e-01 -7.088528792832331227e-03 -9.448171508748317571e-01
-3.287628510155822248e-01 -6.835221800694937268e-03 -9.443877740705169943e-01
-3.299583605175784862e-01 -6.582604180038617407e-03 -9.439725366375057991e-01
-3.311081693436086493e-01 -6.330700594098663363e-03 -9.435715673457256703e-01
-3.322124641878586027e-01 -6.079535398890500986e-03 -9.431849861862733331e-01
-3.332714339910008983e-01 -5.829132645548889408e-03 -9.428129044397439706e-01
-3.342852698595770722e-01 -5.579516082725166637e-03 -9.424554247471923496e-01
-3.352541649888727271e-01 -5.330709159037297536e-03 -9.421126411836308057e-01
-3.361783145892533464e-01 -5.082735025567569447e-03 -9.417846393339724953e-01
-3.370579158159249800e-01 -4.835616538402896097e-03 -9.414714963713282092e-01
-3.378931677020821644e-01 -4.589376261212785822e-03 -9.411732811375703722e-01
-3.386842710954016678e-01 -4.344036467860153301e-03 -9.408900542260763000e-01
-3.394314285978388690e-01 -4.099619145040239894e-03 -9.406218680665685561e-01
-3.401348445086803118e-01 -3.856145994943047280e-03 -9.403687670119696973e-01
-3.407947247708040250e-01 -3.613638437934772393e-03 -9.401307874271931375e-01
-3.414112769200971509e-01 -3.372117615253869116e-03 -9.399079577797913032e-01
-3.419847100379775351e-01 -3.131604391717461924e-03 -9.397002987323875844e-01
-3.425152347069644332e-01 -2.892119358433956847e-03 -9.395078232368178073e-01
-3.430030629692416566e-01 -2.653682835517813011e-03 -9.393305366299109505e-01
-3.434484082881540945e-01 -2.416314874802547377e-03 -9.391684367308399395e-01
-3.438514855125772152e-01 -2.180035262548175347e-03 -9.390215139399760158e-01
-3.442125108440978742e-01 -1.944863522139389468e-03 -9.388897513391813998e-01
-3.445317018069420922e-01 -1.710818916770915927e-03 -9.387731247934775203e-01
-3.448092772205855194e-01 -1.477920452116587412e-03 -9.386716030540281919e-01
-3.450454571749799193e-01 -1.246186878978803626e-03 -9.385851478623776778e-01
-3.452404630083278914e-01 -1.015636695915158282e-03 -9.385137140558876823e-01
-3.453945172873378877e-01 -7.862881518391345859e-04 -9.384572496743163184e-01
-3.455078437898889132e-01 -5.581592485918862459e-04 -9.384156960674866488e-01
-3.455806674900347986e-01 -3.312677434822367114e-04 -9.383889880039918419e-01
-3.456132145452764370e-01 -1.056311517921489920e-04 -9.383770537808867607e-01
-3.456057122860294317e-01 1.187332507549694854e-04 -9.383798153343168025e-01
-3.455583892072142671e-01 3.418084255656436829e-04 -9.383971883510373591e-01
-3.454714749618954528e-01 5.635775687897947792e-04 -9.384290823807772686e-01
-3.453452003568949769e-01 7.840241089785792263e-04 -9.384754009494022942e-01
-3.451797973503062389e-01 1.003131704788780493e-03 -9.385360416728348865e-01
-3.449754990508322461e-01 1.220884242735817546e-03 -9.386108963716895959e-01
-3.447325397188738538e-01 1.437265834997321790e-03 -9.386998511865820571e-01
-3.444511547692913345e-01 1.652260817269124785e-03 -9.388027866940731325e-01
-3.441315807757642786e-01 1.865853746675387751e-03 -9.389195780232100219e-01
-3.437740554766732237e-01 2.078029399734498007e-03 -9.390500949726267033e-01
-3.433788177824273480e-01 2.288772770382245091e-03 -9.391942021281675101e-01
-3.429461077841618466e-01 2.498069068053687149e-03 -9.393517589809988744e-01
-3.424761667637296614e-01 2.705903715825009898e-03 -9.395226200461752608e-01
-3.419692372049107920e-01 2.912262348616575375e-03 -9.397066349816246555e-01
-3.414255628057643599e-01 3.117130811458257433e-03 -9.399036487075221880e-01
-3.408453884920474297e-01 3.320495157818055196e-03 -9.401135015260194683e-01
-3.402289604316258709e-01 3.522341647994875653e-03 -9.403360292412975552e-01
-3.395765260498019855e-01 3.722656747576281230e-03 -9.405710632799142434e-01
-3.388883340454849069e-01 3.921427125961887521e-03 -9.408184308114146965e-01
-3.381646344081298272e-01 4.118639654953017495e-03 -9.410779548691757812e-01
-3.374056784353721139e-01 4.314281407409100919e-03 -9.413494544714554602e-01
-3.366117187512839837e-01 4.508339655971234892e-03 -9.416327447426181552e-01
-3.357830093251811809e-01 4.700801871853206929e-03 -9.419276370345077698e-01
-3.349198054909078293e-01 4.891655723700209964e-03 -9.422339390479405052e-01
-3.340223639665288458e-01 5.080889076515369453e-03 -9.425514549542898246e-01
-3.330909428743593637e-01 5.268489990654130241e-03 -9.428799855171350330e-01
-3.321258017612617741e-01 5.454446720886448573e-03 -9.432193282139476054e-01
-3.311272016191417755e-01 5.638747715526658266e-03 -9.435692773577873949e-01
-3.300954049055754846e-01 5.821381615630789007e-03 -9.439296242189807451e-01
-3.290306755645009407e-01 6.002337254261040124e-03 -9.443001571467551924e-01
-3.279332790469078884e-01 6.181603655817013467e-03 -9.446806616908021148e-01
-3.268034823314606707e-01 6.359170035433250878e-03 -9.450709207227414588e-01
-3.256415539449906693e-01 6.535025798442524632e-03 -9.454707145574609006e-01
-3.244477639827949011e-01 6.709160539904260659e-03 -9.458798210743022405e-01
-3.232223841286795407e-01 6.881564044197401551e-03 -9.462980158380683848e-01
-3.219656876746868623e-01 7.052226284676927845e-03 -9.467250722198227164e-01
-3.206779495404466496e-01 7.221137423393198841e-03 -9.471607615174540973e-01
-3.193594462920936738e-01 7.388287810873201376e-03 -9.476048530759795252e-01
-3.180104561606935110e-01 7.553667985962708199e-03 -9.480571144075562451e-01
-3.166312590601218502e-01 7.717268675728310330e-03 -9.485173113111757814e-01
-3.152221366043414519e-01 7.879080795418188024e-03 -9.489852079920110262e-01
-3.137833721240246287e-01 8.039095448480453737e-03 -9.494605671803882929e-01
-3.123152506824684038e-01 8.197303926637802482e-03 -9.499431502503549174e-01
-3.108180590907525520e-01 8.353697710017189346e-03 -9.504327173378133153e-01
-3.092920859220906205e-01 8.508268467333140322e-03 -9.509290274581931879e-01
-3.077376215253267988e-01 8.661008056123300006e-03 -9.514318386236300107e-01
-3.061549580375322321e-01 8.811908523034718208e-03 -9.519409079596219403e-01
-3.045443893956556458e-01 8.960962104159368030e-03 -9.524559918211332743e-01
-3.029062113471856499e-01 9.108161225417285567e-03 -9.529768459081148224e-01
-3.012407214597823124e-01 9.253498502985724877e-03 -9.535032253804094360e-01
-2.995482191298381447e-01 9.396966743772640351e-03 -9.540348849720118318e-01
-2.978290055899301403e-01 9.538558945932765210e-03 -9.545715791046514020e-01
-2.960833839151251201e-01 9.678268299424528862e-03 -9.551130620006653693e-01
-2.943116590281038558e-01 9.816088186605995136e-03 -9.556590877951312013e-01
-2.925141377030693324e-01 9.952012182867984308e-03 -9.562094106472246446e-01
-2.906911285684079527e-01 1.008603405730247420e-02 -9.567637848507715148e-01
-2.888429421080722093e-01 1.021814777340438254e-02 -9.573219649439602685e-01
-2.869698906616569567e-01 1.034834748980474790e-02 -9.578837058181812747e-01
-2.850722884231417509e-01 1.047662756103334702e-02 -9.584487628259609204e-01
-2.831504514382738313e-01 1.060298253830872610e-02 -9.590168918879550253e-01
-2.812046976005684318e-01 1.072740717035359365e-02 -9.595878495989692558e-01
-2.792353466459042699e-01 1.084989640423352809e-02 -9.601613933329721240e-01
-2.772427201456938439e-01 1.097044538621688888e-02 -9.607372813470655970e-01
-2.752271414986107723e-01 1.108904946265384765e-02 -9.613152728843803452e-01
-2.731889359208568013e-01 1.120570418087239034e-02 -9.618951282758604338e-01
-2.711284304349539376e-01 1.132040529008915795e-02 -9.624766090409033747e-01
-2.690459538570483256e-01 1.143314874233297869e-02 -9.630594779868205668e-01
-2.669418367827149918e-01 1.154393069337889856e-02 -9.636434993070848165e-01
-2.648164115712530742e-01 1.165274750369056644e-02 -9.642284386783287475e-01
-2.626700123284643196e-01 1.175959573936877049e-02 -9.648140633560615687e-01
-2.605029748879085782e-01 1.186447217310394181e-02 -9.654001422690681178e-01
-2.583156367906316309e-01 1.196737378513044840e-02 -9.659864461124576529e-01
-2.561083372633633504e-01 1.206829776418047277e-02 -9.665727474393267515e-01
-2.538814171951849774e-01 1.216724150843530652e-02 -9.671588207510036783e-01
-2.516352191126665083e-01 1.226420262647186406e-02 -9.677444425858399146e-01
-2.493700871534768326e-01 1.235917893820225912e-02 -9.683293916065156548e-01
-2.470863670384710054e-01 1.245216847580426188e-02 -9.689134486858262951e-01
-2.447844060422608437e-01 1.254316948464050119e-02 -9.694963969909171642e-01
-2.424645529622763140e-01 1.263218042416425560e-02 -9.700780220659335207e-01
-2.401271580863273691e-01 1.271919996880973083e-02 -9.706581119130548441e-01
-2.377725731586773084e-01 1.280422700886470547e-02 -9.712364570718813317e-01
-2.354011513446401804e-01 1.288726065132346152e-02 -9.718128506971415170e-01
-2.330132471937169936e-01 1.296830022071795117e-02 -9.723870886346906994e-01
-2.306092166012861655e-01 1.304734525992515444e-02 -9.729589694957700985e-01
-2.281894167688660879e-01 1.312439553094861371e-02 -9.735282947294979783e-01
-2.257542061629686514e-01 1.319945101567219017e-02 -9.740948686935630985e-01
-2.233039444725644918e-01 1.327251191658406285e-02 -9.746584987230932917e-01
-2.208389925651818020e-01 1.334357865746907575e-02 -9.752189951976717452e-01
-2.183597124416623569e-01 1.341265188406754946e-02 -9.757761716064741186e-01
-2.158664671895996756e-01 1.347973246469871648e-02 -9.763298446115014073e-01
-2.133596209354856332e-01 1.354482149084696579e-02 -9.768798341088829051e-01
-2.108395387955931677e-01 1.360792027770914986e-02 -9.774259632882265070e-01
-2.083065868256242514e-01 1.366903036470122623e-02 -9.779680586899914818e-01
-2.057611319691532159e-01 1.372815351592256150e-02 -9.785059502608636217e-01
-2.032035420048971253e-01 1.378529172057626345e-02 -9.790394714071097848e-01
-2.006341854928458956e-01 1.384044719334397155e-02 -9.795684590458930696e-01
-1.980534317192861327e-01 1.389362237471356183e-02 -9.800927536545285257e-01
-1.954616506407535204e-01 1.394481993125829510e-02 -9.806121993176623031e-01
-1.928592128269502048e-01 1.399404275586597912e-02 -9.811266437723563660e-01
-1.902464894026640319e-01 1.404129396791676740e-02 -9.816359384510638941e-01
-1.876238519887278577e-01 1.408657691340827606e-02 -9.821399385224801604e-01
-1.849916726420580415e-01 1.412989516502676478e-02 -9.826385029302554530e-01
-1.823503237948121691e-01 1.417125252216317084e-02 -9.831314944295586056e-01
-1.797001781927065334e-01 1.421065301087284273e-02 -9.836187796214788115e-01
-1.770416088325352244e-01 1.424810088377791335e-02 -9.841002289852577301e-01
-1.743749888989331587e-01 1.428360061991125821e-02 -9.845757169083420024e-01
-1.717006917004259281e-01 1.431715692450109476e-02 -9.850451217142495164e-01
-1.690190906048102681e-01 1.434877472869531927e-02 -9.855083256882444243e-01
-1.663305589739093870e-01 1.437845918922474493e-02 -9.859652151008149179e-01
-1.636354700977479537e-01 1.440621568800446416e-02 -9.864156802289520964e-01
-1.609341971281919859e-01 1.443204983167262895e-02 -9.868596153752275946e-01
-1.582271130120994074e-01 1.445596745106601799e-02 -9.872969188846693056e-01
-1.555145904240273214e-01 1.447797460063179366e-02 -9.877274931594368645e-01
-1.527970016985424062e-01 1.449807755777495974e-02 -9.881512446712990005e-01
-1.500747187621811474e-01 1.451628282214105156e-02 -9.885680839719160895e-01
-1.473481130651066728e-01 1.453259711483370631e-02 -9.889779257009344571e-01
-1.446175555125094048e-01 1.454702737756678396e-02 -9.893806885918972061e-01
-1.418834163957985450e-01 1.455958077175079947e-02 -9.897762954759815601e-01
-1.391460653236316625e-01 1.457026467751348399e-02 -9.901646732835704956e-01
-1.364058711528293999e-01 1.457908669265437808e-02 -9.905457530436705404e-01
-1.336632019192227627e-01 1.458605463153338569e-02 -9.909194698811875091e-01
-1.309184247684796742e-01 1.459117652389333233e-02 -9.912857630120741614e-01
-1.281719058869579264e-01 1.459446061361660205e-02 -9.916445757363642199e-01
-1.254240104326309613e-01 1.459591535741600228e-02 -9.919958554291095076e-01
-1.226751024661329459e-01 1.459554942346007189e-02 -9.923395535292378611e-01
-1.199255448819693259e-01 1.459337168993312013e-02 -9.926756255263514683e-01
-1.171756993399383495e-01 1.458939124353032281e-02 -9.930040309454843950e-01
-1.144259261968089830e-01 1.458361737788829021e-02 -9.933247333298431681e-01
-1.116765844382999889e-01 1.457605959195156647e-02 -9.936377002215516230e-01
-1.089280316114044772e-01 1.456672758827559644e-02 -9.939429031404253267e-01
-1.061806237571037426e-01 1.455563127126672032e-02 -9.942403175608007793e-01
-1.034347153435134226e-01 1.454278074535987619e-02 -9.945299228864461494e-01
-1.006906591995045674e-01 1.452818631313467293e-02 -9.948117024235815231e-01
-9.794880644884144949e-02 1.451185847337062122e-02 -9.950856433520378630e-01
-9.520950644487716219e-02 1.449380791904231365e-02 -9.953517366945846545e-01
-9.247310670584729664e-02 1.447404553525542988e-02 -9.956099772844582141e-01
-8.973995285080130224e-02 1.445258239712448115e-02 -9.958603637311224110e-01
-8.701038853621008429e-02 1.442942976759325861e-02 -9.961028983842961093e-01
-8.428475539328773858e-02 1.440459909519900897e-02 -9.963375872962808577e-01
-8.156339296606414380e-02 1.437810201178139902e-02 -9.965644401826260212e-01
-7.884663865024447993e-02 1.434995033013737251e-02 -9.967834703811655483e-01
-7.613482763289050603e-02 1.432015604162306839e-02 -9.969946948094662309e-01
-7.342829283295752851e-02 1.428873131370399056e-02 -9.971981339207235395e-01
-7.072736484272003354e-02 1.425568848745466417e-02 -9.973938116581460012e-01
-6.803237187011772213e-02 1.422104007500906396e-02 -9.975817554078664218e-01
-6.534363968205265938e-02 1.418479875696312432e-02 -9.977619959504221425e-01
-6.266149154866727800e-02 1.414697737973068942e-02 -9.979345674108441866e-01
-5.998624818863164398e-02 1.410758895285428409e-02 -9.980995072073989283e-01
-5.731822771546726814e-02 1.406664664627211778e-02 -9.982568559990238066e-01
-5.465774558493374097e-02 1.402416378754278367e-02 -9.984066576315007158e-01
-5.200511454350311563e-02 1.398015385902910690e-02 -9.985489590824112582e-01
-4.936064457794576282e-02 1.393463049504266825e-02 -9.986838104049179377e-01
-4.672464286605035322e-02 1.388760747895051266e-02 -9.988112646704159214e-01
-4.409741372849922819e-02 1.383909874024558985e-02 -9.989313779101011148e-01
-4.147925858191928855e-02 1.378911835158251435e-02 -9.990442090554996213e-01
-3.887047589312727508e-02 1.373768052578020968e-02 -9.991498198780053297e-01
-3.627136113458700323e-02 1.368479961279306031e-02 -9.992482749274704812e-01
-3.368220674109498325e-02 1.363049009665217963e-02 -9.993396414698975105e-01
-3.110330206770945891e-02 1.357476659237842435e-02 -9.994239894242773481e-01
-2.853493334893678068e-02 1.351764384286881227e-02 -9.995013912986219218e-01
-2.597738365918767986e-02 1.345913671575797547e-02 -9.995719221252371556e-01
-2.343093287451479892e-02 1.339926020025632332e-02 -9.996356593952844261e-01
-2.089585763564159870e-02 1.333802940396656804e-02 -9.996926829926764402e-01
-1.837243131229148244e-02 1.327545954968028900e-02 -9.997430751273554961e-01
-1.586092396882479716e-02 1.321156597215620079e-02 -9.997869202680008671e-01
-1.336160233119010506e-02 1.314636411488178877e-02 -9.998243050742118276e-01
-1.087472975519492013e-02 1.307986952681998265e-02 -9.998553183282136159e-01
-8.400566196099915756e-03 1.301209785914252993e-02 -9.998800508661329633e-01
-5.939368179539409806e-03 1.294306486195172419e-02 -9.998985955088891542e-01
-3.491388773769749012e-03 1.287278638099213952e-02 -9.999110469927469103e-01
-1.056877563246086827e-03 1.280127835435400374e-02 -9.999175018995773989e-01
1.363919376473116032e-03 1.272855680916985116e-02 -9.999180585868722160e-01
3.770759502495657760e-03 1.265463785830606668e-02 -9.999128171175559743e-01
6.163403827042105397e-03 1.257953769705091526e-02 -9.999018791896425729e-01
8.541616938573224488e-03 1.250327259980065983e-02 -9.998853480657783344e-01
1.090516702160334792e-02 1.242585891674533038e-02 -9.998633285027171969e-01
1.325382587520576756e-02 1.234731307055570056e-02 -9.998359266807707035e-01
1.558736893021719742e-02 1.226765155307300154e-02 -9.998032501332756450e-01
1.790557526514940934e-02 1.218689092200288954e-02 -9.997654076761220976e-01
2.020822762081703541e-02 1.210504779761515173e-02 -9.997225093373831584e-01
2.249511241369155090e-02 1.202213885945062864e-02 -9.996746662870872324e-01
2.476601974799225517e-02 1.193818084303678931e-02 -9.996219907671747285e-01
2.702074342652606778e-02 1.185319053661336441e-02 -9.995645960216770209e-01
2.925908096028871294e-02 1.176718477786945632e-02 -9.995025962271586462e-01
3.148083357684074851e-02 1.168018045069346006e-02 -9.994361064234595915e-01
3.368580622747266440e-02 1.159219448193714308e-02 -9.993652424447769800e-01
3.587380759317405216e-02 1.150324383819518667e-02 -9.992901208511214550e-01
3.804465008942257975e-02 1.141334552260146740e-02 -9.992108588601857910e-01
4.019814986980919935e-02 1.132251657164330509e-02 -9.991275742796603687e-01
4.233412682851670633e-02 1.123077405199490904e-02 -9.990403854400302652e-01
4.445240460166940966e-02 1.113813505737118459e-02 -9.989494111278877098e-01
4.655281056757223923e-02 1.104461670540305036e-02 -9.988547705197929893e-01
4.863517584585826808e-02 1.095023613453538144e-02 -9.987565831167156682e-01
5.069933529556414076e-02 1.085501050094864715e-02 -9.986549686790874292e-01
5.274512751215333639e-02 1.075895697550528426e-02 -9.985500471624966234e-01
5.477239482350783339e-02 1.066209274072181870e-02 -9.984419386540548391e-01
5.678098328490907565e-02 1.056443498776770719e-02 -9.983307633094624656e-01
5.877074267302957039e-02 1.046600091349181652e-02 -9.982166412908028974e-01
6.074152647895688512e-02 1.036680771747745984e-02 -9.980996927050899137e-01
6.269319190027212996e-02 1.026687259912683128e-02 -9.979800375435965432e-01
6.462559983220529658e-02 1.016621275477568725e-02 -9.978577956219879530e-01
6.653861485789028252e-02 1.006484537483903416e-02 -9.977330865212840072e-01
6.843210523774241605e-02 9.962787640988591056e-03 -9.976060295296736991e-01
7.030594289798178242e-02 9.860056723362743691e-03 -9.974767435852045505e-01
7.216000341832574938e-02 9.756669777809650820e-03 -9.973453472193667402e-01
7.399416601887423561e-02 9.652643943164158566e-03 -9.972119585015936094e-01
7.580831354621146712e-02 9.547996338559114338e-03 -9.970766949846975313e-01
7.760233245874799402e-02 9.442744060771654513e-03 -9.969396736512592394e-01
7.937611281132697649e-02 9.336904181604994968e-03 -9.968010108609887121e-01
8.112954823911859570e-02 9.230493745306211917e-03 -9.966608222990738231e-01
8.286253594082669538e-02 9.123529766020477966e-03 -9.965192229255325218e-01
8.457497666123162117e-02 9.016029225282171447e-03 -9.963763269255841992e-01
8.626677467309314118e-02 8.908009069543252820e-03 -9.962322476610525612e-01
8.793783775843755368e-02 8.799486207739248139e-03 -9.960870976228149987e-01
8.958807718925267116e-02 8.690477508893163991e-03 -9.959409883843088895e-01
9.121740770761455064e-02 8.580999799757627056e-03 -9.957940305561071570e-01
9.282574750526950691e-02 8.471069862495470351e-03 -9.956463337415734083e-01
9.441301820269498712e-02 8.360704432399019420e-03 -9.954980064936062023e-01
9.597914482766256583e-02 8.249920195648227650e-03 -9.953491562724807729e-01
9.752405579332620866e-02 8.138733787107835932e-03 -9.951998894047967559e-01
9.904768287585870301e-02 8.027161788163672887e-03 -9.950503110435385823e-01
1.005499611916590014e-01 7.915220724598173718e-03 -9.949005251292554197e-01
1.020308291741528622e-01 7.802927064505191419e-03 -9.947506343523654371e-01
1.034902285502089792e-01 7.690297216244125489e-03 -9.946007401165894990e-01
1.049281043161924970e-01 7.577347526433362949e-03 -9.944509425035186201e-01
1.063444047136774817e-01 7.464094277983016057e-03 -9.943013402383176214e-01
1.077390812048396179e-01 7.350553688166889914e-03 -9.941520306565679865e-01
1.091120884475500347e-01 7.236741906733610598e-03 -9.940031096722519166e-01
1.104633842701909091e-01 7.122675014056794110e-03 -9.938546717468780267e-01
1.117929296462130129e-01 7.008369019324134711e-03 -9.937068098597492405e-01
1.131006886684549906e-01 6.893839858765247845e-03 -9.935596154793727708e-01
1.143866285232439661e-01 6.779103393918087250e-03 -9.934131785360111877e-01
1.156507194642964059e-01 6.664175409933736742e-03 -9.932675873953727974e-01
1.168929347864378770e-01 6.549071613919345974e-03 -9.931229288334388894e-01
1.181132507991600189e-01 6.433807633318962965e-03 -9.929792880124254095e-01
1.193116468000324087e-01 6.318399014331997979e-03 -9.928367484578753954e-01
1.204881050479867100e-01 6.202861220369028199e-03 -9.926953920368779549e-01
1.216426107364900339e-01 6.087209630544635278e-03 -9.925552989374093471e-01
1.227751519666238911e-01 5.971459538206952238e-03 -9.924165476487908366e-01
1.238857197200847332e-01 5.855626149503579715e-03 -9.922792149432581033e-01
1.249743078321216699e-01 5.739724581983503791e-03 -9.921433758586348794e-01
1.260409129644263215e-01 5.623769863234649377e-03 -9.920091036821052644e-01
1.270855345779893508e-01 5.507776929556677109e-03 -9.918764699350768321e-01
1.281081749059379549e-01 5.391760624668614360e-03 -9.917455443591267628e-01
1.291088389263675695e-01 5.275735698450910102e-03 -9.916163949030234459e-01
1.300875343351813040e-01 5.159716805721476472e-03 -9.914890877108143430e-01
1.310442715189494012e-01 5.043718505045285960e-03 -9.913636871109707815e-01
1.319790635278010604e-01 4.927755257577059317e-03 -9.912402556065817993e-01
1.328919260483602538e-01 4.811841425936587945e-03 -9.911188538665851588e-01
1.337828773767365254e-01 4.695991273116218931e-03 -9.909995407180267613e-01
1.346519383915817381e-01 4.580218961420020468e-03 -9.908823731393373579e-01
1.354991325272227043e-01 4.464538551434137602e-03 -9.907674062546159011e-01
1.363244857468794979e-01 4.348964001027843043e-03 -9.906546933289073209e-01
1.371280265159786627e-01 4.233509164384783446e-03 -9.905442857644649601e-01
1.379097857755700596e-01 4.118187791063908539e-03 -9.904362330979835649e-01
1.386697969158555699e-01 4.003013525089573962e-03 -9.903305829987926190e-01
1.394080957498374518e-01 3.887999904070296980e-03 -9.902273812679960319e-01
1.401247204870937346e-01 3.773160358345647655e-03 -9.901266718385468568e-01
1.408197117076873672e-01 3.658508210160749466e-03 -9.900284967762422728e-01
1.414931123362156151e-01 3.544056672867861545e-03 -9.899328962816273947e-01
1.421449676160055631e-01 3.429818850154520843e-03 -9.898399086927933688e-01
1.427753250834613297e-01 3.315807735297706879e-03 -9.897495704890562074e-01
1.433842345425678788e-01 3.202036210443507790e-03 -9.896619162955028193e-01
1.439717480395560634e-01 3.088517045911753824e-03 -9.895769788883899132e-01
1.445379198377332586e-01 2.975262899525092219e-03 -9.894947892013813417e-01
1.450828063924831102e-01 2.862286315961976111e-03 -9.894153763326100082e-01
1.456064663264377834e-01 2.749599726133042724e-03 -9.893387675525491254e-01
1.461089604048257939e-01 2.637215446580359109e-03 -9.892649883126781729e-01
1.465903515109978072e-01 2.525145678899014604e-03 -9.891940622549295625e-01
1.470507046221325165e-01 2.413402509180546072e-03 -9.891260112218993594e-01
1.474900867851245412e-01 2.301997907477683347e-03 -9.890608552678086252e-01
1.479085670926556517e-01 2.190943727289907002e-03 -9.889986126701990621e-01
1.483062166594502074e-01 2.080251705069315841e-03 -9.889392999423479713e-01
1.486831085987157242e-01 1.969933459746308398e-03 -9.888829318463870921e-01
1.490393179987686556e-01 1.860000492274586654e-03 -9.888295214071098904e-01
1.493749218998456918e-01 1.750464185194995593e-03 -9.887790799264515318e-01
1.496899992710998828e-01 1.641335802217722432e-03 -9.887316169986262171e-01
1.499846309877811701e-01 1.532626487822381272e-03 -9.886871405259056722e-01
1.502588998086003824e-01 1.424347266875521101e-03 -9.886456567350236924e-01
1.505128903532752527e-01 1.316509044265100261e-03 -9.886071701941903100e-01
1.507466890802572068e-01 1.209122604551477213e-03 -9.885716838307001542e-01
1.509603842646369265e-01 1.102198611634479155e-03 -9.885391989491192355e-01
1.511540659762265204e-01 9.957476084361156776e-04 -9.885097152500339490e-01
1.513278260578163614e-01 8.897800165985142928e-04 -9.884832308493466391e-01
1.514817581036035643e-01 7.843061361966652961e-04 -9.884597422981017401e-01
1.516159574377896890e-01 6.793361454655699305e-04 -9.884392446028268386e-01
1.517305210933443949e-01 5.748801005413974171e-04 -9.884217312463723371e-01
1.518255477909319362e-01 4.709479352162660717e-04 -9.884071942092343965e-01
1.519011379179970311e-01 3.675494607062725571e-04 -9.883956239913448405e-01
1.519573935080065497e-01 2.646943654324042231e-04 -9.883870096343122524e-01
1.519944182198431082e-01 1.623922148139801615e-04 -9.883813387440989473e-01
1.520123173173467124e-01 6.065245107427554841e-05 -9.883785975141173852e-01
1.520111976490002847e-01 -4.051560694200356057e-05 -9.883787707487308172e-01
1.519911676277547197e-01 -1.411027639397193097e-04 -9.883818418871420652e-01
1.519523372109893300e-01 -2.410999483330869347e-04 -9.883877930276552259e-01
1.518948178806027449e-01 -3.404982123945471590e-04 -9.883966049522941999e-01
1.518187226232300124e-01 -4.392887323930172450e-04 -9.884082571517632809e-01
1.517241659105809104e-01 -5.374628087218001919e-04 -9.884227278507331516e-01
1.516112636798946367e-01 -6.350118660164211139e-04 -9.884399940334384072e-01
1.514801333145060769e-01 -7.319274532626486064e-04 -9.884600314695698442e-01
1.513308936245185143e-01 -8.282012438949476214e-04 -9.884828147404473020e-01
1.511636648275776762e-01 -9.238250358856000188e-04 -9.885083172654569594e-01
1.509785685297422020e-01 -1.018790751824717169e-03 -9.885365113287389871e-01
1.507757277064451229e-01 -1.113090438991358412e-03 -9.885673681061099005e-01
1.505552666835411890e-01 -1.206716269415958331e-03 -9.886008576922042934e-01
1.503173111184349375e-01 -1.299660539934254216e-03 -9.886369491278225174e-01
1.500619879812840896e-01 -1.391915672232895296e-03 -9.886756104274676549e-01
1.497894255362730576e-01 -1.483474212886903235e-03 -9.887168086070592388e-01
1.494997533229513453e-01 -1.574328833389144859e-03 -9.887605097118069564e-01
1.491931021376314559e-01 -1.664472330171963728e-03 -9.888066788442317900e-01
1.488696040148412281e-01 -1.753897624621111265e-03 -9.888552801923193858e-01
1.485293922088252727e-01 -1.842597763082104087e-03 -9.889062770577911055e-01
1.481726011750902905e-01 -1.930565916859126353e-03 -9.889596318844794398e-01
1.477993665519892474e-01 -2.017795382206584269e-03 -9.890153062867933498e-01
1.474098251423392181e-01 -2.104279580313410305e-03 -9.890732610782595469e-01
1.470041148950678445e-01 -2.190012057280205180e-03 -9.891334563001260571e-01
1.465823748868835819e-01 -2.274986484089297836e-03 -9.891958512500149681e-01
1.461447453039645961e-01 -2.359196656567788021e-03 -9.892604045106095922e-01
1.456913674236617051e-01 -2.442636495343636100e-03 -9.893270739783641687e-01
1.452223835962103693e-01 -2.525300045794846068e-03 -9.893958168922216689e-01
1.447379372264474551e-01 -2.607181477991785991e-03 -9.894665898623270506e-01
1.442381727555277771e-01 -2.688275086632678848e-03 -9.895393488987235253e-01
1.437232356426363100e-01 -2.768575290972285444e-03 -9.896140494400176291e-01
1.431932723466915469e-01 -2.848076634743799355e-03 -9.896906463820016597e-01
1.426484303080358396e-01 -2.926773786073958231e-03 -9.897690941062208259e-01
1.420888579301085863e-01 -3.004661537391373639e-03 -9.898493465084715615e-01
1.415147045610983256e-01 -3.081734805328071626e-03 -9.899313570272203489e-01
1.409261204755698493e-01 -3.157988630614229266e-03 -9.900150786719297269e-01
1.403232568560625892e-01 -3.233418177966086368e-03 -9.901004640512801602e-01
1.397062657746567793e-01 -3.308018735966999392e-03 -9.901874654012757793e-01
1.390753001745038964e-01 -3.381785716941608077e-03 -9.902760346132223335e-01
1.384305138513181599e-01 -3.454714656823070114e-03 -9.903661232615659227e-01
1.377720614348258432e-01 -3.526801215013313558e-03 -9.904576826315815152e-01
1.371000983701694820e-01 -3.598041174236259274e-03 -9.905506637468994846e-01
1.364147808992642319e-01 -3.668430440383948360e-03 -9.906450173968597284e-01
1.357162660421036282e-01 -3.737965042355513839e-03 -9.907406941636822673e-01
1.350047115780122486e-01 -3.806641131888924626e-03 -9.908376444494441104e-01
1.342802760268429485e-01 -3.874454983385430210e-03 -9.909358185028517285e-01
1.335431186301166140e-01 -3.941402993726624525e-03 -9.910351664457981435e-01
1.327933993321023243e-01 -4.007481682084046599e-03 -9.911356382996960868e-01
1.320312787608361460e-01 -4.072687689721232566e-03 -9.912371840115761223e-01
1.312569182090770059e-01 -4.137017779788128811e-03 -9.913397534799402999e-01
1.304704796151980040e-01 -4.200468837107768257e-03 -9.914432965803621212e-01
1.296721255440120568e-01 -4.263037867955118271e-03 -9.915477631908229394e-01
1.288620191675307058e-01 -4.324721999827997425e-03 -9.916531032167765769e-01
1.280403242456551183e-01 -4.385518481209956139e-03 -9.917592666159319448e-01
1.272072051067985876e-01 -4.445424681325024080e-03 -9.918662034227461177e-01
1.263628266284400337e-01 -4.504438089884212418e-03 -9.919738637726183139e-01
1.255073542176079748e-01 -4.562556316823662521e-03 -9.920821979257775647e-01
1.246409537912948062e-01 -4.619777092034330068e-03 -9.921911562908547477e-01
1.237637917568015222e-01 -4.676098265083103965e-03 -9.923006894481316564e-01
1.228760349920128281e-01 -4.731517804925233425e-03 -9.924107481724597779e-01
1.219778508256031124e-01 -4.786033799607962609e-03 -9.925212834558400088e-01
1.210694070171737247e-01 -4.839644455965252251e-03 -9.926322465296574249e-01
1.201508717373223067e-01 -4.892348099303485062e-03 -9.927435888865631108e-01
1.192224135476450397e-01 -4.944143173078030008e-03 -9.928552623019961665e-01
1.182842013806727904e-01 -4.995028238560566582e-03 -9.929672188553402279e-01
1.173364045197424488e-01 -5.045001974497044170e-03 -9.930794109507062872e-01
1.163791925788047743e-01 -5.094063176756179374e-03 -9.931917913373372597e-01
1.154127354821704171e-01 -5.142210757968372452e-03 -9.933043131296276362e-01
1.144372034441956953e-01 -5.189443747154938794e-03 -9.934169298267520043e-01
1.134527669489100998e-01 -5.235761289347550494e-03 -9.935295953318974416e-01
1.124595967295876076e-01 -5.281162645197780454e-03 -9.936422639710946747e-01
1.114578637482638995e-01 -5.325647190576648406e-03 -9.937548905116418974e-01
1.104477391752019533e-01 -5.369214416164070844e-03 -9.938674301801172506e-01
1.094293943683084525e-01 -5.411863927028116861e-03 -9.939798386799753027e-01
1.084030008525037753e-01 -5.453595442193971861e-03 -9.940920722087223105e-01
1.073687302990482401e-01 -5.494408794202523295e-03 -9.942040874746670420e-01
1.063267545048276475e-01 -5.534303928658476472e-03 -9.943158417132421656e-01
1.052772453716012691e-01 -5.573280903767918910e-03 -9.944272927028938724e-01
1.042203748852153777e-01 -5.611339889865244769e-03 -9.945383987805346271e-01
1.031563150947857888e-01 -5.648481168929373429e-03 -9.946491188565568242e-01
1.020852380918528535e-01 -5.684705134089177228e-03 -9.947594124294042439e-01
1.010073159895125694e-01 -5.720012289118055898e-03 -9.948692395996978632e-01
9.992272090152744257e-02 -5.754403247917589184e-03 -9.949785610839145811e-01
9.883162492142111288e-02 -5.787878733990208663e-03 -9.950873382276148593e-01
9.773420010156051718e-02 -5.820439579900832383e-03 -9.951955330182189474e-01
9.663061843222985059e-02 -5.852086726727409420e-03 -9.953031080973289146e-01
9.552105182070029510e-02 -5.882821223500328371e-03 -9.954100267725943807e-01
9.440567207029998409e-02 -5.912644226630649029e-03 -9.955162530291219447e-01
9.328465085948840774e-02 -5.941556999327119934e-03 -9.956217515404256480e-01
9.215815972093981123e-02 -5.969560911001950583e-03 -9.957264876789186925e-01
9.102637002064001281e-02 -5.996657436665308802e-03 -9.958304275259448612e-01
8.988945293700142947e-02 -6.022848156308531140e-03 -9.959335378813496398e-01
8.874757944000077892e-02 -6.048134754276022866e-03 -9.960357862725908173e-01
8.760092027034438456e-02 -6.072519018625841501e-03 -9.961371409633884566e-01
8.644964591866578785e-02 -6.096002840478959538e-03 -9.962375709619138986e-01
8.529392660476065036e-02 -6.118588213357209829e-03 -9.963370460285193575e-01
8.413393225686376098e-02 -6.140277232509917110e-03 -9.964355366830076610e-01
8.296983249097322766e-02 -6.161072094229236469e-03 -9.965330142114438017e-01
8.180179659022680794e-02 -6.180975095154210043e-03 -9.966294506725089652e-01
8.062999348433548541e-02 -6.199988631563571433e-03 -9.967248189033985906e-01
7.945459172907935741e-02 -6.218115198657334260e-03 -9.968190925252655710e-01
7.827575948587096877e-02 -6.235357389827190025e-03 -9.969122459482111509e-01
7.709366450139124027e-02 -6.251717895915771643e-03 -9.970042543758246278e-01
7.590847408730315438e-02 -6.267199504464825155e-03 -9.970950938092746352e-01
7.472035510004840231e-02 -6.281805098952345998e-03 -9.971847410509541154e-01
7.352947392073211352e-02 -6.295537658018742280e-03 -9.972731737076817593e-01
7.233599643510094102e-02 -6.308400254682096191e-03 -9.973603701934621313e-01
7.114008801361965117e-02 -6.320396055542589452e-03 -9.974463097318087001e-01
6.994191349165138072e-02 -6.331528319976181297e-03 -9.975309723576315513e-01
6.874163714974679262e-02 -6.341800399317617035e-03 -9.976143389186942212e-01
6.753942269404725196e-02 -6.351215736032867799e-03 -9.976963910766425414e-01
6.633543323680711479e-02 -6.359777862881089115e-03 -9.977771113076099319e-01
6.512983127704036201e-02 -6.367490402066207540e-03 -9.978564829024023641e-01
6.392277868129654650e-02 -6.374357064378248158e-03 -9.979344899662678792e-01
6.271443666457114652e-02 -6.380381648324507868e-03 -9.980111174182542122e-01
6.150496577135534243e-02 -6.385568039250704570e-03 -9.980863509901597430e-01
6.029452585683017785e-02 -6.389920208452222819e-03 -9.981601772250819904e-01
5.908327606821002498e-02 -6.393442212275593853e-03 -9.982325834755685356e-01
5.787137482624021140e-02 -6.396138191210339226e-03 -9.983035579013755934e-01
5.665897980685364460e-02 -6.398012368971324644e-03 -9.983730894668390032e-01
5.544624792299117366e-02 -6.399069051571778383e-03 -9.984411679378634163e-01
5.423333530659037172e-02 -6.399312626387111333e-03 -9.985077838785346716e-01
5.302039729074740915e-02 -6.398747561209716488e-03 -9.985729286473614685e-01
5.180758839205650002e-02 -6.397378403294892713e-03 -9.986365943931516664e-01
5.059506229313145975e-02 -6.395209778398076687e-03 -9.986987740505290922e-01
4.938297182531375951e-02 -6.392246389803539139e-03 -9.987594613350976314e-01
4.817146895157140701e-02 -6.388493017344738789e-03 -9.988186507382573742e-01
4.696070474959283814e-02 -6.383954516416504889e-03 -9.988763375216807017e-01
4.575082939508007263e-02 -6.378635816979239155e-03 -9.989325177114534160e-01
4.454199214524508926e-02 -6.372541922555321862e-03 -9.989871880918883562e-01
4.333434132251346577e-02 -6.365677909217925048e-03 -9.990403461990171596e-01
4.212802429843908597e-02 -6.358048924572425389e-03 -9.990919903137680524e-01
4.092318747783376537e-02 -6.349660186730615372e-03 -9.991421194548357754e-01
3.971997628311540324e-02 -6.340516983277926996e-03 -9.991907333712505279e-01
3.851853513887824182e-02 -6.330624670233873583e-03 -9.992378325346537027e-01
3.731900745668872976e-02 -6.319988671005913501e-03 -9.992834181312864050e-01
3.612153562011032049e-02 -6.308614475336969153e-03 -9.993274920536988626e-01
3.492626096996042512e-02 -6.296507638246802430e-03 -9.993700568921881633e-01
3.373332378980273272e-02 -6.283673778967478231e-03 -9.994111159259705390e-01
3.254286329167782599e-02 -6.270118579873137227e-03 -9.994506731140966327e-01
3.135501760207506233e-02 -6.255847785404305972e-03 -9.994887330861171870e-01
3.016992374814850275e-02 -6.240867200986969024e-03 -9.995253011325060388e-01
2.898771764417953575e-02 -6.225182691946643324e-03 -9.995603831948488560e-01
2.780853407828877757e-02 -6.208800182417677747e-03 -9.995939858558045010e-01
2.663250669939966689e-02 -6.191725654248021564e-03 -9.996261163288473472e-01
2.545976800445608895e-02 -6.173965145899693377e-03 -9.996567824477977648e-01
2.429044932589620107e-02 -6.155524751345195153e-03 -9.996859926561491028e-01
2.312468081938453754e-02 -6.136410618960102918e-03 -9.997137559961983833e-01
2.196259145180434746e-02 -6.116628950412083925e-03 -9.997400820979890357e-01
2.080430898951198676e-02 -6.096185999546579679e-03 -9.997649811680731080e-01
1.964995998685508186e-02 -6.075088071269394221e-03 -9.997884639781009497e-01
1.849966977495599851e-02 -6.053341520426438332e-03 -9.998105418532466926e-01
1.735356245076213541e-02 -6.030952750680868175e-03 -9.998312266604765242e-01
1.621176086636432617e-02 -6.007928213387869927e-03 -9.998505307966683020e-01
1.507438661858457631e-02 -5.984274406467331511e-03 -9.998684671765902809e-01
1.394156003883421750e-02 -5.959997873274645169e-03 -9.998850492207462803e-01
1.281340018324344902e-02 -5.935105201469892400e-03 -9.999002908430963954e-01
1.169002482306309883e-02 -5.909603021885651529e-03 -9.999142064386593587e-01
1.057155043533933129e-02 -5.883498007393674241e-03 -9.999268108710059888e-01
9.458092193861894828e-03 -5.856796871770677398e-03 -9.999381194596503875e-01
8.349763960386398509e-03 -5.829506368563488680e-03 -9.999481479673471007e-01
7.246678276130968238e-03 -5.801633289953797568e-03 -9.999569125873023490e-01
6.148946353547537352e-03 -5.773184465622745003e-03 -9.999644299303057648e-01
5.056678068367886220e-03 -5.744166761615597180e-03 -9.999707170117919652e-01
3.969981951924456826e-03 -5.714587079206742866e-03 -9.999757912388381742e-01
2.888965183745829599e-03 -5.684452353765251896e-03 -9.999796703971061129e-01
1.813733584426652787e-03 -5.653769553621232520e-03 -9.999823726377352617e-01
7.443916087716984792e-04 -5.622545678933220901e-03 -9.999839164641954881e-01
-3.189576607863875510e-04 -5.590787760556839570e-03 -9.999843207191059236e-01
-1.376212520496187738e-03 -5.558502858914952070e-03 -9.999836045710275290e-01
-2.427272651324110381e-03 -5.525698062869547136e-03 -9.999817875012364521e-01
-3.472039124719237223e-03 -5.492380488595577891e-03 -9.999788892904856175e-01
-4.510414408107274453e-03 -5.458557278456985067e-03 -9.999749300057616530e-01
-5.542302370114563816e-03 -5.424235599885117616e-03 -9.999699299870434821e-01
-6.567608285523198787e-03 -5.389422644259782291e-03 -9.999639098340706855e-01
-7.586238839958401800e-03 -5.354125625793134703e-03 -9.999568903931272956e-01
-8.598102134309403705e-03 -5.318351780416624361e-03 -9.999488927438485719e-01
-9.603107688885153398e-03 -5.282108364671215736e-03 -9.999399381860568647e-01
-1.060116644730628790e-02 -5.245402654601080510e-03 -9.999300482266336720e-01
-1.159219078013486517e-02 -5.208241944650980441e-03 -9.999192445664339957e-01
-1.257609448824347116e-02 -5.170633546567539492e-03 -9.999075490872493255e-01
-1.355279280592535524e-02 -5.132584788304604684e-03 -9.998949838388258016e-01
-1.452220240374736508e-02 -5.094103012932893471e-03 -9.998815710259433276e-01
-1.548424139114752685e-02 -5.055195577554125359e-03 -9.998673329955625189e-01
-1.643882931877915093e-02 -5.015869852219819076e-03 -9.998522922240439259e-01
-1.738588718060347579e-02 -4.976133218854956498e-03 -9.998364713044470831e-01
-1.832533741573288619e-02 -4.935993070186684220e-03 -9.998198929339140451e-01
-1.925710391002682931e-02 -4.895456808678240110e-03 -9.998025799011430736e-01
-2.018111199744261966e-02 -4.854531845468279191e-03 -9.997845550739584697e-01
-2.109728846114336531e-02 -4.813225599315772325e-03 -9.997658413869814353e-01
-2.200556153436533657e-02 -4.771545495550648559e-03 -9.997464618294077399e-01
-2.290586090104714326e-02 -4.729498965030344212e-03 -9.997264394328965187e-01
-2.379811769622312140e-02 -4.687093443102420889e-03 -9.997057972595762010e-01
-2.468226450618341700e-02 -4.644336368573414621e-03 -9.996845583901716736e-01
-2.555823536840328564e-02 -4.601235182684062716e-03 -9.996627459122576775e-01
-2.642596577124416493e-02 -4.557797328091067919e-03 -9.996403829086435433e-01
-2.728539265342912537e-02 -4.514030247855538650e-03 -9.996174924458928190e-01
-2.813645440329538491e-02 -4.469941384438251043e-03 -9.995940975629832304e-01
-2.897909085782654146e-02 -4.425538178701874173e-03 -9.995702212601103032e-01
-2.981324330146726057e-02 -4.380828068920287685e-03 -9.995458864876393124e-01
-3.063885446472319751e-02 -4.335818489795126296e-03 -9.995211161352098861e-01
-3.145586852254892568e-02 -4.290516871479677780e-03 -9.994959330209957082e-01
-3.226423109252671284e-02 -4.244930638610255880e-03 -9.994703598811248701e-01
-3.306388923283894860e-02 -4.199067209345170443e-03 -9.994444193592632031e-01
-3.385479144003717550e-02 -4.152933994411404928e-03 -9.994181339963649213e-01
-3.463688764661053410e-02 -4.106538396159114916e-03 -9.993915262205924632e-01
-3.541012921835659522e-02 -4.059887807624056912e-03 -9.993646183374110814e-01
-3.617446895155745218e-02 -4.012989611598045438e-03 -9.993374325198587371e-01
-3.692986106996409834e-02 -3.965851179707544256e-03 -9.993099907989961839e-01
-3.767626122159194180e-02 -3.918479871500481909e-03 -9.992823150545390165e-01
-3.841362647533053121e-02 -3.870883033541383522e-03 -9.992544270056742395e-01
-3.914191531737037932e-02 -3.823067998514911685e-03 -9.992263482020652399e-01
-3.986108764744990957e-02 -3.775042084337893594e-03 -9.991981000150456094e-01
-4.057110477492552325e-02 -3.726812593279919469e-03 -9.991697036290058120e-01
-4.127192941466768794e-02 -3.678386811092585959e-03 -9.991411800329736970e-01
-4.196352568278616940e-02 -3.629772006147459571e-03 -9.991125500123919645e-01
-4.264585909218723825e-02 -3.580975428582826910e-03 -9.990838341410929191e-01
-4.331889654796594602e-02 -3.532004309459298944e-03 -9.990550527734742836e-01
-4.398260634263637808e-02 -3.482865859924328712e-03 -9.990262260368759639e-01
-4.463695815120286708e-02 -3.433567270385704060e-03 -9.989973738241599843e-01
-4.528192302607511599e-02 -3.384115709694068309e-03 -9.989685157864954812e-01
-4.591747339183016585e-02 -3.334518324334519168e-03 -9.989396713263489769e-01
-4.654358303982414347e-02 -3.284782237627335323e-03 -9.989108595906819321e-01
-4.716022712265671019e-02 -3.234914548937875816e-03 -9.988820994643559104e-01
-4.776738214849106379e-02 -3.184922332895692102e-03 -9.988534095637473520e-01
-4.836502597523245628e-02 -3.134812638622890522e-03 -9.988248082305709596e-01
-4.895313780456798936e-02 -3.084592488971781617e-03 -9.987963135259144698e-01
-4.953169817587059487e-02 -3.034268879771848375e-03 -9.987679432244833677e-01
-5.010068895996997590e-02 -2.983848779086057269e-03 -9.987397148090576549e-01
-5.066009335279332559e-02 -2.933339126476545902e-03 -9.987116454651595587e-01
-5.120989586887857853e-02 -2.882746832279701587e-03 -9.986837520759335174e-01
-5.175008233476294933e-02 -2.832078776890656867e-03 -9.986560512172377724e-01
-5.228063988224945086e-02 -2.781341810057215425e-03 -9.986285591529477923e-01
-5.280155694155408419e-02 -2.730542750183224433e-03 -9.986012918304717489e-01
-5.331282323433638587e-02 -2.679688383641402882e-03 -9.985742648764770468e-01
-5.381442976661592048e-02 -2.628785464095638458e-03 -9.985474935928283502e-01
-5.430636882157735545e-02 -2.577840711832754712e-03 -9.985209929527361084e-01
-5.478863395226663685e-02 -2.526860813103755030e-03 -9.984947775971149131e-01
-5.526121997418084741e-02 -2.475852419474546418e-03 -9.984688618311521324e-01
-5.572412295775421021e-02 -2.424822147186136631e-03 -9.984432596210843780e-01
-5.617734022074272193e-02 -2.373776576524308946e-03 -9.984179845911826945e-01
-5.662087032050985846e-02 -2.322722251198761165e-03 -9.983930500209436953e-01
-5.705471304621569789e-02 -2.271665677731708830e-03 -9.983684688424876441e-01
-5.747886941091191748e-02 -2.220613324855936609e-03 -9.983442536381605947e-01
-5.789334164354487805e-02 -2.169571622922290052e-03 -9.983204166383400358e-01
-5.829813318086918272e-02 -2.118546963316592958e-03 -9.982969697194433722e-01
-5.869324865927388196e-02 -2.067545697885973897e-03 -9.982739244021368030e-01
-5.907869390652362857e-02 -2.016574138374584938e-03 -9.982512918497433718e-01
-5.945447593341688514e-02 -1.965638555868696145e-03 -9.982290828668493043e-01
-5.982060292536334895e-02 -1.914745180251139784e-03 -9.982073078981061887e-01
-6.017708423388273137e-02 -1.863900199665085829e-03 -9.981859770272278887e-01
-6.052393036802691112e-02 -1.813109759987123612e-03 -9.981650999761794152e-01
-6.086115298572754295e-02 -1.762379964309624455e-03 -9.981446861045575325e-01
-6.118876488507105083e-02 -1.711716872432357322e-03 -9.981247444091593257e-01
-6.150677999550301783e-02 -1.661126500363330162e-03 -9.981052835237381737e-01
-6.181521336896387414e-02 -1.610614819828827451e-03 -9.980863117189439082e-01
-6.211408117095773562e-02 -1.560187757792612286e-03 -9.980678369024461594e-01
-6.240340067155627363e-02 -1.509851195984262661e-03 -9.980498666192375579e-01
-6.268319023633942000e-02 -1.459610970436606148e-03 -9.980324080521152386e-01
-6.295346931727463513e-02 -1.409472871032221766e-03 -9.980154680223380925e-01
