0.000000000000000000e+00 0.000000000000000000e+00 1.000000000000000000e+00
1.319930819319727774e-05 -7.025210074877952194e-05 9.999999974452570273e-01
6.451276888653920344e-05 -2.104168049751049916e-04 9.999999757817000789e-01
1.787183326782639165e-04 -4.200685082707955728e-04 9.999998958019229445e-01
3.804265791688115489e-04 -6.986963238888106893e-04 9.999996835514256555e-01
6.940505229173050353e-04 -1.045704996355256711e-03 9.999992124010327332e-01
1.143775707697435896e-03 -1.460415894219752996e-03 9.999982794867177116e-01
1.753530576733958006e-03 -1.942068069919600844e-03 9.999965767566287855e-01
2.546957085309483303e-03 -2.489819372766270862e-03 9.999936569021792288e-01
3.547381497526346135e-03 -3.102747599543073925e-03 9.999888944855608308e-01
4.777785281775991100e-03 -3.779851666186959634e-03 9.999814426099339348e-01
6.260775990364562602e-03 -4.520052783561933317e-03 9.999701855108563686e-01
8.018557978582734752e-03 -5.322195620453037956e-03 9.999536874783152562e-01
1.007290278815251884e-02 -6.185049437643710957e-03 9.999301385481303983e-01
1.244511899033201238e-02 -7.107309178299750854e-03 9.998972974296703731e-01
1.515602125593430195e-02 -8.087596501872578933e-03 9.998524321639330470e-01
1.822589839405631615e-02 -9.124460751343469248e-03 9.997922590323046199e-01
2.167448007935827980e-02 -1.021637984683733229e-02 9.997128802619112964e-01
2.552090197021782830e-02 -1.136176110240551262e-02 9.996097210986025772e-01
2.978366890792006477e-02 -1.255894196706548900e-02 9.994774668433918929e-01
3.448061588112127929e-02 -1.380619069593231295e-02 9.993100004727176744e-01
3.962886644098370659e-02 -1.510170696241030716e-02 9.991003414871740818e-01
4.524478826141019316e-02 -1.644362242784920894e-02 9.988405866573044634e-01
5.134394555643011920e-02 -1.783000129070888909e-02 9.985218533584387934e-01
5.794104809363333219e-02 -1.925884084301015403e-02 9.981342262090272532e-01
6.504989657914346524e-02 -2.072807206755226256e-02 9.976667077479867141e-01
7.268332423636461592e-02 -2.223556031491398174e-02 9.971071739055532568e-01
8.085313445787239983e-02 -2.377910610447589099e-02 9.964423350381990119e-01
8.957003447742049873e-02 -2.535644609844720995e-02 9.956577033103140018e-01
9.884356508695801846e-02 -2.696525430198107309e-02 9.947375672124142421e-01
1.086820265114250422e-01 -2.860314354574064466e-02 9.936649740063026037e-01
1.190924006512717875e-01 -3.026766730955225693e-02 9.924217208804535506e-01
1.300802700081899188e-01 -3.195632194686682387e-02 9.909883555823930656e-01
1.416497337221934993e-01 -3.366654936946626708e-02 9.893441872674548776e-01
1.538033212663364457e-01 -3.539574025002428098e-02 9.874673082634589649e-01
1.665419044670438387e-01 -3.714123779660225000e-02 9.853346273971252955e-01
1.798646086409470823e-01 -3.890034214779371224e-02 9.829219154590893570e-01
1.937687237605785762e-01 -4.067031542991680904e-02 9.802038632991627587e-01
2.082496166783098512e-01 -4.244838750832233276e-02 9.771541529412246518e-01
2.233006455472352214e-01 -4.423176245351081309e-02 9.737455419875139517e-01
2.389130776758230101e-01 -4.601762572936420048e-02 9.699499614452766760e-01
2.550760121364593624e-01 -4.780315209548768179e-02 9.657386269554606439e-01
2.717763085128493961e-01 -4.958551419858430592e-02 9.610821632348292010e-01
2.889985232140709903e-01 -5.136189180918288716e-02 9.559507413615943028e-01
3.067248548005994113e-01 -5.312948164021739916e-02 9.503142283432548520e-01
3.249350997569332433e-01 -5.488550766329989422e-02 9.441423482073272311e-01
3.436066201042210499e-01 -5.662723181749816648e-02 9.374048536552933575e-01
3.627143241729110512e-01 -5.835196498454902486e-02 9.300717071222175392e-01
3.822306617492051140e-01 -6.005707808428959599e-02 9.221132698944305428e-01
4.021256346703032114e-01 -6.174001312529486113e-02 9.135004977611321797e-01
4.223668237735160869e-01 -6.339829402891446197e-02 9.042051415185424768e-01
4.429194329059514823e-01 -6.502953703075306513e-02 8.941999505130869830e-01
4.637463504785119262e-01 -6.663146045276074902e-02 8.834588773084444124e-01
4.848082288054475497e-01 -6.820189363207034006e-02 8.719572814949364536e-01
5.060635812148465140e-01 -6.973878479004290420e-02 8.596721306326479128e-01
5.274688966533194190e-01 -7.124020762706850807e-02 8.465821963346734647e-01
5.489787712475621140e-01 -7.270436643580768799e-02 8.326682435554841888e-01
5.705460560347336285e-01 -7.412959953790387857e-02 8.179132112515591357e-01
5.921220198410439561e-01 -7.551438086675647809e-02 8.023023827254647244e-01
6.136565260817772316e-01 -7.685731954157029588e-02 7.858235441470922122e-01
6.350982220837260162e-01 -7.815715730529297633e-02 7.684671299617362727e-01
6.563947393992847212e-01 -7.941276373077342521e-02 7.502263541374748490e-01
6.774929034954989548e-01 -8.062312913495171818e-02 7.310973264658767734e-01
6.983389511648621095e-01 -8.178735517944565880e-02 7.110791534012924631e-01
7.188787540193538605e-01 -8.290464317677323502e-02 6.901740231949331505e-01
7.390580464948736106e-01 -8.397428016383555460e-02 6.683872753403012901e-01
7.588226569074236760e-01 -8.499562284735312501e-02 6.457274545859624792e-01
7.781187402605934667e-01 -8.596807956888409541e-02 6.222063499802845676e-01
7.968930116994874524e-01 -8.689109047907958572e-02 5.978390195816126740e-01
8.150929797307298053e-01 -8.776410615123446390e-02 5.726438015886927690e-01
8.326671785714602203e-01 -8.858656490233779435e-02 5.466423127139523608e-01
8.495653992408720434e-01 -8.935786912516921476e-02 5.198594346324277859e-01
8.657389192534895583e-01 -9.007736096706983608e-02 4.923232892898434798e-01
8.811407310011660776e-01 -9.074429771946515566e-02 4.640652037451845624e-01
8.957257691077856743e-01 -9.135782730672549479e-02 4.351196650591422355e-01
9.094511371943521105e-01 -9.191696428325740742e-02 4.055242655257078610e-01
9.222726104864681362e-01 -9.236583063849997111e-02 3.753422633205523717e-01
9.341475340644956882e-01 -9.271193563516956504e-02 3.446344600549990367e-01
9.450393674380385134e-01 -9.296280731993925017e-02 3.134621826899877672e-01
9.549174994250302362e-01 -9.312593219932085997e-02 2.818867850772381334e-01
9.637570093066694099e-01 -9.320869926689902274e-02 2.499691880015103840e-01
9.715383831068760134e-01 -9.321834889283826808e-02 2.177694632271268416e-01
9.782471940312246206e-01 -9.316192693177215156e-02 1.853464653993729672e-01
9.838737560103076873e-01 -9.304624425813638744e-02 1.527575140831233524e-01
9.884127589642273115e-01 -9.287784180304907433e-02 1.200581267799140373e-01
9.918628938810161166e-01 -9.266296104713375725e-02 8.730180248195551496e-02
9.942264751265579292e-01 -9.240751982126073349e-02 5.453985421719653726e-02
9.955090666205012040e-01 -9.211709318304321659e-02 2.182128812309344634e-02
9.957191176624561324e-01 -9.179689907115273773e-02 -1.080727414121038232e-02
9.948676133119103149e-01 -9.145178839144633975e-02 -4.330163338085810110e-02
9.929677433451115087e-01 -9.108623915727469267e-02 -7.562001536308182725e-02
9.900345929583449500e-01 -9.070435428949560897e-02 -1.077230421650271774e-01
9.860848575795837512e-01 -9.030986267771443088e-02 -1.395736768007673212e-01
9.811365834039917910e-01 -8.990612311104392851e-02 -1.711371455342987902e-01
9.752089345928180997e-01 -8.949613070213494059e-02 -2.023808421698032323e-01
9.683219874751205491e-01 -8.908252545035875991e-02 -2.332742184211781256e-01
9.604965515691419320e-01 -8.866760261694184297e-02 -2.637886642176468510e-01
9.517540167937924567e-01 -8.825332461486404267e-02 -2.938973815170928261e-01
9.421162258671135215e-01 -8.784133414793991734e-02 -3.235752548874047951e-01
9.316053705828285514e-01 -8.743296836543527906e-02 -3.527987217901119021e-01
9.202439104121615809e-01 -8.702927382977258819e-02 -3.815456451692819662e-01
9.080545116895785140e-01 -8.663102212450353445e-02 -4.097951906193523786e-01
8.950600055014524825e-01 -8.623872595712252231e-02 -4.375277100837091093e-01
8.812833622995652760e-01 -8.585265563598606930e-02 -4.647246337252703974e-01
8.667476812009754505e-01 -8.547285582227032164e-02 -4.913683713135584830e-01
8.514761919068550844e-01 -8.509916247635794517e-02 -5.174422241911745823e-01
8.354922671708644444e-01 -8.473121993322933754e-02 -5.429303086168151271e-01
8.188194437686528993e-01 -8.436849805337273689e-02 -5.678174910319857549e-01
8.014814499610275478e-01 -8.401030940453792228e-02 -5.920893355640090006e-01
7.835022375017592910e-01 -8.365582643552181563e-02 -6.157320638582274297e-01
7.649060163150305236e-01 -8.330409860633186669e-02 -6.387325271268824434e-01
7.457283997457238023e-01 -8.286264259017253608e-02 -6.610771241035588996e-01
7.260178930004709263e-01 -8.232450749696314241e-02 -6.827303436173722817e-01
7.058275229115392735e-01 -8.168305951386096997e-02 -7.036585912798457576e-01
6.852147199095341978e-01 -8.093203294510013801e-02 -7.238306575508508534e-01
6.642411344744284518e-01 -8.006557961460269990e-02 -7.432181678883701403e-01
6.429574712690919736e-01 -7.918414426475021972e-02 -7.617976030210502625e-01
6.214022850387076469e-01 -7.828748738446769662e-02 -7.795705841512063916e-01
5.996136501861739632e-01 -7.737543096031898604e-02 -7.965403562043533725e-01
5.776290795557206259e-01 -7.644786927371023666e-02 -8.127117541006985135e-01
5.554854415886071317e-01 -7.550477814797250387e-02 -8.280911651607933965e-01
5.332280736478151040e-01 -7.448749510434936327e-02 -8.426858603925692082e-01
5.109107744983532040e-01 -7.339445318501458537e-02 -8.564948680902447764e-01
4.885880098868948807e-01 -7.222442642283528891e-02 -8.695202198165213892e-01
4.663146281422618222e-01 -7.097653770441544885e-02 -8.817669885018797338e-01
4.441455692377098696e-01 -6.965026311497744815e-02 -8.932432910262242398e-01
4.221355719571242560e-01 -6.824543273513934694e-02 -9.039602546616916090e-01
4.003388838183936649e-01 -6.676222793051900251e-02 -9.139319474791302023e-01
3.788089782951642448e-01 -6.520117524510590790e-02 -9.231752735368419227e-01
3.575982836470309456e-01 -6.356313707621036313e-02 -9.317098343562545404e-01
3.367579273267105044e-01 -6.184929937039050640e-02 -9.395577588243234635e-01
3.163374994936422602e-01 -6.006115663417196243e-02 -9.467435042281018287e-01
2.963848386429651649e-01 -5.820049459903443162e-02 -9.532936316077419425e-01
2.769458417756725521e-01 -5.626937091584430228e-02 -9.592365589986862062e-01
2.580643009103153473e-01 -5.427009427888365711e-02 -9.646022964146679923e-01
2.397817670899040077e-01 -5.220520239351648245e-02 -9.694221665973958846e-01
2.221249952040413866e-01 -5.014570892043061084e-02 -9.737278417409875875e-01
2.051068976424171852e-01 -4.809478196246921161e-02 -9.775571938476504963e-01
1.887375457791318489e-01 -4.605555968691830288e-02 -9.809470109960727324e-01
1.730243025849380889e-01 -4.403113901417288895e-02 -9.839328549677408553e-01
1.579719604308276737e-01 -4.202456551006572560e-02 -9.865489387987909087e-01
1.435828820748849266e-01 -4.003882448770585550e-02 -9.888280239950655304e-01
1.298571429796469279e-01 -3.807683329926399296e-02 -9.908013369199130116e-01
1.167926732833966252e-01 -3.614143477644837094e-02 -9.924985036676657879e-01
1.043853979392924819e-01 -3.423539176049155558e-02 -9.939475025712825040e-01
9.262937373486523907e-02 -3.236138264825689365e-02 -9.951746333598544547e-01
8.151692210562794250e-02 -3.052199787042175066e-02 -9.962045018792103912e-01
7.103875685546116869e-02 -2.871973721037748839e-02 -9.970600192146611418e-01
6.118410608889100766e-02 -2.695700786822342529e-02 -9.977624140064661473e-01
5.194082784294880989e-02 -2.523612317270547412e-02 -9.983312567229966072e-01
4.329551907629420465e-02 -2.355930184481948297e-02 -9.987844946507767885e-01
3.523361782868365127e-02 -2.192866771971569567e-02 -9.991384963715250755e-01
2.773949850329475789e-02 -2.034624983815707874e-02 -9.994081045209858294e-01
2.079656034705355816e-02 -1.881398282476530459e-02 -9.996066956599087838e-01
1.438730930963030841e-02 -1.733370747731621461e-02 -9.997462461313952886e-01
8.493433550259289408e-03 -1.590717149912664052e-02 -9.998374028286651782e-01
3.095872933435289513e-03 -1.453603031483801516e-02 -9.998895578510924587e-01
-1.825117089442010454e-03 -1.322184791840765733e-02 -9.999109260824193823e-01
-6.289906774332693941e-03 -1.196609771065328121e-02 -9.999086247819988227e-01
-1.031943808936716320e-02 -1.077016329207499193e-02 -9.998887543366653530e-01
-1.393517495025925652e-02 -9.635339184743997587e-03 -9.998564793765923886e-01
-1.715905720314941235e-02 -8.562831464666126671e-03 -9.998161095127161557e-01
-2.001345787849377611e-02 -7.553758293092970727e-03 -9.997711790056710290e-01
-2.252114325507039577e-02 -6.609150341678199023e-03 -9.997245247265541535e-01
-2.470523529594844184e-02 -5.729951112096383879e-03 -9.996783618182292219e-01
-2.658917604703515611e-02 -4.917017155710213042e-03 -9.996343565124323760e-01
-2.819669362228718543e-02 -4.171118203060718982e-03 -9.995936956028694809e-01
-2.955176943660364416e-02 -3.492937216351309042e-03 -9.995571521180705021e-01
-3.067860638661950440e-02 -2.883070380701892050e-03 -9.995251467802941381e-01
-3.160159771996496475e-02 -2.342027051779692511e-03 -9.994978048785535529e-01
-3.234529637399666951e-02 -1.870229678496111020e-03 -9.994750082251517842e-01
-3.293438460456514505e-02 -1.468013719833270682e-03 -9.994564419062209604e-01
-3.339364376316974331e-02 -1.135627574578882467e-03 -9.994416355778614758e-01
-3.374792411606934023e-02 -8.732325418621997943e-04 -9.994299991007206119e-01
-3.402211463086234761e-02 -6.809028289636026706e-04 -9.994208523473332439e-01
-3.424111268412483727e-02 -5.586256209892395078e-04 -9.994134490582947672e-01
-3.441660994744146634e-02 -4.360905323842275035e-04 -9.994074818629481438e-01
-3.454854440661976611e-02 -3.134511813241852313e-04 -9.994029757042662832e-01
-3.463690836746445567e-02 -1.908607558222534973e-04 -9.993999480537063551e-01
-3.468174826273654615e-02 -6.847182706402291531e-05 -9.993984088780687447e-01
-3.468316439550248043e-02 5.356383576562246882e-05 -9.993983606438544554e-01
-3.464131061944331069e-02 1.750954489726752844e-04 -9.993997983588284173e-01
-3.455639395673356512e-02 2.959733959727567473e-04 -9.994027096503124152e-01
-3.442867415413902732e-02 4.160494068524943898e-04 -9.994070748795582659e-01
-3.425846317802203750e-02 5.351767356898988123e-04 -9.994128672913762390e-01
-3.404612464898276736e-02 6.532103354523016671e-04 -9.994200531980276248e-01
-3.379207321690529814e-02 7.700070302924853869e-04 -9.994285921962300367e-01
-3.349677387721880506e-02 8.854256850655953031e-04 -9.994384374159668294e-01
-3.316074122922661738e-02 9.993273718913110899e-04 -9.994495357996480145e-01
-3.278453867740001998e-02 1.111575533587577831e-03 -9.994618284100275085e-01
-3.236877757657920240e-02 1.222036143803999653e-03 -9.994752507651540885e-01
-3.191411632207118154e-02 1.330577863684801951e-03 -9.994897331985094224e-01
-3.142125938568375576e-02 1.437072194893107687e-03 -9.995052012423768506e-01
-3.089095629878587518e-02 1.541393628830183080e-03 -9.995215760323812315e-01
-3.032400058353788841e-02 1.643419791885321985e-03 -9.995387747310517934e-01
-2.972122863349051236e-02 1.743031586554191856e-03 -9.995567109681769979e-01
-2.908351854480841284e-02 1.840113328265791494e-03 -9.995752952956552528e-01
-2.841178889943327818e-02 1.934552877760708275e-03 -9.995944356544854692e-01
-2.770699750156203553e-02 2.026241768866142868e-03 -9.996140378514987157e-01
-2.697014006887800408e-02 2.115075331516223876e-03 -9.996340060433983599e-01
-2.620224888003631208e-02 2.200952809869495194e-03 -9.996542432256543265e-01
-2.540439137996953686e-02 2.283777475379150830e-03 -9.996746517237906637e-01
-2.457766874464482887e-02 2.363456734675651368e-03 -9.996951336846069402e-01
-2.372321440696958592e-02 2.439902232125781573e-03 -9.997155915648909819e-01
-2.284219254560867704e-02 2.513029946937051732e-03 -9.997359286152077695e-01
-2.193579653854185393e-02 2.582760284681593754e-03 -9.997560493563888429e-01
-2.100524738325494634e-02 2.649018163119388602e-03 -9.997758600463971801e-01
-2.005179208552242132e-02 2.711733092206770022e-03 -9.997952691353060306e-01
-1.907670201880133989e-02 2.770839248182719802e-03 -9.998141877062026728e-01
-1.808127125631727936e-02 2.826275541632458123e-03 -9.998325298999120037e-01
-1.706681487798107980e-02 2.877985679435265867e-03 -9.998502133215289023e-01
-1.603466725433073947e-02 2.925918220511338798e-03 -9.998671594268528917e-01
-1.498618030974515833e-02 2.970026625290742104e-03 -9.998832938869290921e-01
-1.392272176722518344e-02 3.010269298836192216e-03 -9.998985469290228023e-01
-1.284567337708221978e-02 3.046609627560445486e-03 -9.999128536524818367e-01
-1.175642913191519805e-02 3.079016009488441674e-03 -9.999261543180779643e-01
-1.065639347029248910e-02 3.107461878024068980e-03 -9.999383946095604658e-01
-9.546979471586199487e-03 3.131925719191393752e-03 -9.999495258663020358e-01
-8.429607044431835366e-03 3.152391082330449363e-03 -9.999595052860713595e-01
-7.305701111306369018e-03 3.168846584238114820e-03 -9.999682960971211232e-01
-6.176689791732005441e-03 3.181285906755247552e-03 -9.999758676989422002e-01
-5.044002586621330192e-03 3.189707787811971434e-03 -9.999821957711951814e-01
-3.909068566281803485e-03 3.194116005953860551e-03 -9.999872623504946212e-01
-2.773314564593726619e-03 3.194519358382617684e-03 -9.999910558748859035e-01
-1.638163381865747562e-03 3.190931632555716289e-03 -9.999935711960172835e-01
-5.050319988556910538e-04 3.183371571400265155e-03 -9.999948095591740804e-01
6.246701955779339691e-04 3.171862832207066399e-03 -9.999947785515017618e-01
1.749543160756957981e-03 3.156433939281377658e-03 -9.999934920189030851e-01
2.868197941994827908e-03 3.137118230437259490e-03 -9.999909699522488982e-01
3.979258387576215319e-03 3.113953797432498539e-03 -9.999872383436930745e-01
5.081362842588972410e-03 3.086983420450945502e-03 -9.999823290140255061e-01
6.173165817343810244e-03 3.056254496748629645e-03 -9.999762794121386245e-01
7.253339628173494265e-03 3.021818963589179702e-03 -9.999691323878137084e-01
8.320576008464615828e-03 2.983733215602857314e-03 -9.999609359391592456e-01
9.373587687840707200e-03 2.942058016711873204e-03 -9.999517429361527432e-01
1.041110993748531333e-02 2.896858406772556595e-03 -9.999416108218449617e-01
1.143190207966720759e-02 2.848203603092399911e-03 -9.999306012928874665e-01
1.243474895960687554e-02 2.796166896986932316e-03 -9.999187799611364280e-01
1.341846237790325289e-02 2.740825545547822314e-03 -9.999062159981653153e-01
1.438188248182211380e-02 2.682260658799515921e-03 -9.998929817645938467e-01
1.532387911383199970e-02 2.620557082427111498e-03 -9.998791524261992913e-01
1.624335311585980643e-02 2.555803276263013922e-03 -9.998648055588302830e-01
1.713923758782555720e-02 2.488091188724230688e-03 -9.998500207441810561e-01
1.801049909910427960e-02 2.417516127395955526e-03 -9.998348791585157658e-01
1.885613885165163608e-02 2.344176625960339450e-03 -9.998194631564504276e-01
1.967519379361885520e-02 2.268174307672100442e-03 -9.998038558519087848e-01
2.046673768237104382e-02 2.189613745584857284e-03 -9.997881406983659680e-01
2.122988209591095479e-02 2.108602319733835981e-03 -9.997724010704792663e-01
2.196377739179717486e-02 2.025250071481893028e-03 -9.997567198491842388e-01
2.266761361273148326e-02 1.939669555236644624e-03 -9.997411790122983088e-01
2.334062133807426886e-02 1.851975687746934334e-03 -9.997258592326314641e-01
2.396888070050815639e-02 1.692053275616319050e-03 -9.997112771940954712e-01
2.452680634899120568e-02 1.460362730942686574e-03 -9.996981100036377299e-01
2.498899418415421320e-02 1.157451935709178639e-03 -9.996870602880512102e-01
2.533025172280777351e-02 7.839550344610629346e-04 -9.996788343236394647e-01
2.552562782759461996e-02 3.405911354659082449e-04 -9.996741140770069034e-01
2.557682318140508046e-02 -3.137863041720870749e-05 -9.996728630742581778e-01
2.550925365066768202e-02 -3.317472013947527832e-04 -9.996745350160247678e-01
2.534839088606702026e-02 -5.603968204965581804e-04 -9.996785248638188071e-01
2.511973124354086040e-02 -7.172990103436517346e-04 -9.996841964462741537e-01
2.484876458674802058e-02 -8.025144606834870662e-04 -9.996909036845544883e-01
2.454775171686748511e-02 -8.864234844121717319e-04 -9.996982695694816012e-01
2.421717515675163648e-02 -9.689260626973470424e-04 -9.997062556828794078e-01
2.385755255476661868e-02 -1.049924280462139229e-03 -9.997148207801616060e-01
2.346943592424900055e-02 -1.129322440615400597e-03 -9.997239210158458400e-01
2.305341084317034245e-02 -1.207027175229687804e-03 -9.997335101804172286e-01
2.261009561501435908e-02 -1.282947553541825868e-03 -9.997435399472851536e-01
2.214014039191478794e-02 -1.356995186653850959e-03 -9.997539601285362343e-01
2.164422626114563541e-02 -1.429084328815226736e-03 -9.997647189381504429e-01
2.112306429609899297e-02 -1.499131975170471184e-03 -9.997757632613202272e-01
2.057739457292909885e-02 -1.567057955859751115e-03 -9.997870389284913006e-01
2.000798515408464331e-02 -1.632785026363591744e-03 -9.997984909927288832e-01
1.941563103999432993e-02 -1.696238953986629579e-03 -9.998100640090062941e-01
1.880115309021326842e-02 -1.757348600379308708e-03 -9.998217023140130166e-01
1.816539691537984169e-02 -1.816046000000599110e-03 -9.998333503050856885e-01
1.750923174137392416e-02 -1.872266434429197945e-03 -9.998449527168784545e-01
1.683354924710774372e-02 -1.925948502435273968e-03 -9.998564548944109953e-01
1.613926237741997519e-02 -1.977034185729622563e-03 -9.998678030611583001e-01
1.542730413258168801e-02 -2.025468910312131117e-03 -9.998789445808807796e-01
1.469862633595940375e-02 -2.071201603346691563e-03 -9.998898282119320635e-01
1.395419838141544536e-02 -2.114184745495154612e-03 -9.999004043528284535e-01
1.319500596205891788e-02 -2.154374418648580345e-03 -9.999106252779164095e-01
1.242204978199177787e-02 -2.191730348999902135e-03 -9.999204453620289534e-01
1.163634425272338548e-02 -2.226215945408176362e-03 -9.999298212930881613e-01
1.083891617595344331e-02 -2.257798333010830813e-03 -9.999387122716743015e-01
1.003080341444724868e-02 -2.286448382046724938e-03 -9.999470801966565681e-01
9.213053552748437861e-03 -2.312140731859412771e-03 -9.999548898360545168e-01
8.386722549492811596e-03 -2.334853810056694047e-03 -9.999621089823802489e-01
7.552873383102232975e-03 -2.354569846809380796e-03 -9.999687085917925433e-01
6.712574692649820110e-03 -2.371274884279137365e-03 -9.999746629064812931e-01
5.866899415696701960e-03 -2.384958781172288270e-03 -9.999799495597867516e-01
5.016923424906242525e-03 -2.395615212423572466e-03 -9.999845496636505793e-01
4.163724165243897282e-03 -2.403241664020968824e-03 -9.999884478780841635e-01
3.308379293569634061e-03 -2.407839422989885032e-03 -9.999916324624337216e-01
2.451965322425096131e-03 -2.409413562562160056e-03 -9.999940953083147344e-01
1.595556269809392204e-03 -2.407972922562482982e-03 -9.999958319541796259e-01
7.402223167255638685e-04 -2.403530085051929551e-03 -9.999968415815762013e-01
-1.129715257355762888e-04 -2.396101345275355055e-03 -9.999971269932456108e-01
-9.629667380263895633e-04 -2.385706677966320695e-03 -9.999966945732984280e-01
-1.808712600762559138e-03 -2.372369699070071402e-03 -9.999955542297955802e-01
-2.649167488632490821e-03 -2.356117622951775254e-03 -9.999937193201472452e-01
-3.470101109650628596e-03 -2.266729634753675282e-03 -9.999914141592465278e-01
-4.245579766076200932e-03 -2.104579833942831109e-03 -9.999887768627356843e-01
-4.949819969542823897e-03 -1.870131901921719738e-03 -9.999860048730756512e-01
-5.557220139454246630e-03 -1.563938134441622725e-03 -9.999833395876870368e-01
-6.042391850270935512e-03 -1.186638355131218545e-03 -9.999810445403907178e-01
-6.406588116525100719e-03 -8.794601691076836796e-04 -9.999790948954229153e-01
-6.674766026812662713e-03 -6.425355464124158159e-04 -9.999775210951558080e-01
-6.871912792546643750e-03 -4.759083187084029148e-04 -9.999762789060165913e-01
-7.023014506927886119e-03 -3.795344461291001899e-04 -9.999752703290194500e-01
-7.153025022514403891e-03 -3.532823696258488187e-04 -9.999743584079036074e-01
-7.260437724151188460e-03 -2.564329170127169688e-04 -9.999736138193200397e-01
-7.320222214008537814e-03 -8.936010911989080156e-05 -9.999732068462706680e-01
-7.307497291448040652e-03 1.474757678953095882e-04 -9.999732930354003901e-01
-7.197561352130010803e-03 4.535290855839206343e-04 -9.999739983988826797e-01
-6.965922419548432713e-03 8.281698841519846092e-04 -9.999753987549663270e-01
-6.614725170162568182e-03 1.130184066748391759e-03 -9.999774878235648812e-01
-6.169813255588778127e-03 1.359454597764486522e-03 -9.999800464755828067e-01
-5.657054952711304714e-03 1.515955544766451387e-03 -9.999828536888155650e-01
-5.102310938555538501e-03 1.599751849824699495e-03 -9.999857075386884286e-01
-4.531402099237334842e-03 1.610998986327862037e-03 -9.999884395041528373e-01
-3.956878406915309218e-03 1.620193877960693103e-03 -9.999908630331790782e-01
-3.379470487361516465e-03 1.627332376240454804e-03 -9.999929694919930112e-01
-2.799909967845426798e-03 1.632412918137536237e-03 -9.999947518848019135e-01
-2.218928556928762875e-03 1.635436518917935842e-03 -9.999962048769973633e-01
-1.637257127327981093e-03 1.636406761758690820e-03 -9.999973248099061074e-01
-1.055624803014933426e-03 1.635329784159811123e-03 -9.999981097070754776e-01
-4.747580517173966789e-04 1.632214261180582908e-03 -9.999985592721222227e-01
1.046202160295523582e-04 1.627071385532364830e-03 -9.999986748782161428e-01
6.817915401428481514e-04 1.619914844564204238e-03 -9.999984595493094375e-01
1.256042795437271788e-03 1.610760794181728336e-03 -9.999979179332664225e-01
1.826667066149700001e-03 1.599627829743831319e-03 -9.999970562670832397e-01
2.392964509451425519e-03 1.586536953985644757e-03 -9.999958823344304859e-01
2.954243206877626635e-03 1.571511542020163606e-03 -9.999944054157831053e-01
3.509820002624101758e-03 1.554577303474674339e-03 -9.999926362314419670e-01
4.059021327683965362e-03 1.535762241821802794e-03 -9.999905868777809737e-01
4.601184008821060552e-03 1.515096610968551857e-03 -9.999882707570878493e-01
5.135656061402334334e-03 1.492612869170126646e-03 -9.999857025013937362e-01
5.661797465138235751e-03 1.468345630338647404e-03 -9.999828978907163712e-01
6.178980921808290006e-03 1.442331612820012873e-03 -9.999798737661641512e-01
6.686592594078276906e-03 1.414609585715206636e-03 -9.999766479383723761e-01
7.184032824545829969e-03 1.385220312825215109e-03 -9.999732390917621672e-01
7.670716834182670155e-03 1.354206494301466454e-03 -9.999696666851299875e-01
8.146075399374041667e-03 1.321612706086278208e-03 -9.999659508490906790e-01
8.609555506789112050e-03 1.287485337230233427e-03 -9.999621122809075890e-01
9.060620985350084644e-03 1.251872525175683551e-03 -9.999581721372545751e-01
9.498753114602388747e-03 1.214824089097690362e-03 -9.999541519254588895e-01
9.923451208823624858e-03 1.176391461395688304e-03 -9.999500733937787267e-01
1.033423317624468200e-02 1.136627617430952149e-03 -9.999459584212697649e-01
1.073063605279268515e-02 1.095587003606604461e-03 -9.999418289077929289e-01
1.111221650980200037e-02 1.053325463888398102e-03 -9.999377066647104906e-01
1.147855133517643351e-02 1.009900164865844274e-03 -9.999336133068109644e-01
1.182923788752282893e-02 9.653695194544554626e-04 -9.999295701459919306e-01
1.216389452281353006e-02 9.197931093409077684e-04 -9.999255980872194804e-01
1.248216099317251207e-02 8.732316062738273944e-04 -9.999217175272642200e-01
1.278369881741736429e-02 8.257466923036569251e-04 -9.999179482567006616e-01
1.306819162302663359e-02 7.774009790756697446e-04 -9.999143093656325254e-01
1.333534545923931516e-02 7.282579262806766762e-04 -9.999108191535885926e-01
1.358488908103041952e-02 6.783817593683140338e-04 -9.999074950440064447e-01
1.381657420374350458e-02 6.278373866280135803e-04 -9.999043535036979957e-01
1.403017572819786896e-02 5.766903157428478113e-04 -9.999014099676605261e-01
1.422549193612458220e-02 5.250065699214092815e-04 -9.998986787695705036e-01
1.440234465582184223e-02 4.728526037127342690e-04 -9.998961730782645052e-01
1.456057939795608533e-02 4.202952186090192876e-04 -9.998939048404803520e-01
1.470006546147093959e-02 3.674014785405039910e-04 -9.998918847300983792e-01
1.482069600960141814e-02 3.142386253664172834e-04 -9.998901221040887854e-01
1.492238811602571852e-02 2.608739944653002633e-04 -9.998886249653360370e-01
1.500508278122158687e-02 2.073749305273383126e-04 -9.998873999324756623e-01
1.506874491912841597e-02 1.538087036505572159e-04 -9.998864522168435798e-01
1.511336331425009588e-02 1.002424258418653578e-04 -9.998857856066007965e-01
1.513895054936705183e-02 4.674296802296145248e-05 -9.998854024580614563e-01
1.514554290405896453e-02 -6.623122359925693150e-06 -9.998853036942156880e-01
1.513320022427230155e-02 -5.978970302463783304e-05 -9.998854888104026228e-01
1.510200576319900741e-02 -1.126911177434258040e-04 -9.998859558870543118e-01
1.505206599376452715e-02 -1.652622763397320802e-04 -9.998867016093966331e-01
1.498351039305473309e-02 -2.174387336975147720e-04 -9.998877212939588643e-01
1.489649119904229956e-02 -2.691567676906836426e-04 -9.998890089217116195e-01
1.479118314000364004e-02 -3.203534559417725103e-04 -9.998905571776209866e-01
1.466778313704759570e-02 -3.709667513206073167e-04 -9.998923574963756167e-01
1.452650998020678375e-02 -4.209355560954434507e-04 -9.998944001140156468e-01
1.436760397857168858e-02 -4.701997946508407644e-04 -9.998966741251640311e-01
1.419132658497635445e-02 -5.187004846884191514e-04 -9.998991675455360939e-01
1.399795999577279487e-02 -5.663798068285922109e-04 -9.999018673793776957e-01
1.378780672625898492e-02 -6.131811725334117887e-04 -9.999047596914616420e-01
1.356118916235258230e-02 -6.590492902727705399e-04 -9.999078296832517587e-01
1.331844908912919317e-02 -7.039302298584053852e-04 -9.999110617728252937e-01
1.305994719687015443e-02 -7.477714848724228590e-04 -9.999144396781293187e-01
1.278606256529034313e-02 -7.905220331194214760e-04 -9.999179465031328151e-01
1.249719212664142896e-02 -8.321323950337274847e-04 -9.999215648264248024e-01
1.219375010841025099e-02 -8.725546899757765946e-04 -9.999252767917998774e-01
1.187616745635556963e-02 -9.117426903542737463e-04 -9.999290642003660912e-01
1.154489123864926685e-02 -9.496518735134428174e-04 -9.999329086037053171e-01
1.120038403191011937e-02 -9.862394713274333282e-04 -9.999367913976142663e-01
1.084312328993955292e-02 -1.021464517446788031e-03 -9.999406939159560803e-01
1.047360069598915130e-02 -1.055287892144788188e-03 -9.999445975241526563e-01
1.009232149940920455e-02 -1.087672364714476533e-03 -9.999484837118552960e-01
9.699803837546129570e-03 -1.118582633370220764e-03 -9.999523341843370439e-01
9.296578043774183717e-03 -1.147985362610810973e-03 -9.999561309521608488e-01
8.883185942563397164e-03 -1.175849218004277252e-03 -9.999598564186883420e-01
8.460180132501131031e-03 -1.202144898357883568e-03 -9.999634934650082352e-01
8.028123258198986353e-03 -1.226845165240070604e-03 -9.999670255318792167e-01
7.587587272029961728e-03 -1.249924869824507474e-03 -9.999704366982999915e-01
7.139152686652727904e-03 -1.271360977029841388e-03 -9.999737117563384237e-01
6.683407819290572600e-03 -1.291132586932221965e-03 -9.999768362818730605e-01
6.220948028742009223e-03 -1.309220953431199487e-03 -9.999797967009232957e-01
5.752374946108144288e-03 -1.325609500153163188e-03 -9.999825803512686351e-01
5.278295700228635180e-03 -1.340283833580083270e-03 -9.999851755390821717e-01
4.799322138823425808e-03 -1.353231753394944399e-03 -9.999875715903329132e-01
4.316070046341413322e-03 -1.364443260038902860e-03 -9.999897588967354700e-01
3.829158359519681861e-03 -1.373910559478860481e-03 -9.999917289560583677e-01
3.339208381658035230e-03 -1.381628065187813894e-03 -9.999934744066287795e-01
2.846842996613123226e-03 -1.387592397344006431e-03 -9.999949890559033383e-01
2.352685883514591975e-03 -1.391802379258571523e-03 -9.999962679030039991e-01
1.857360733202317177e-03 -1.394259031045003280e-03 -9.999973071551503390e-01
1.361490467378933655e-03 -1.394965560547421161e-03 -9.999981042379491036e-01
8.656964614655477406e-04 -1.393927351548192783e-03 -9.999986577995334525e-01
3.705977721407258856e-04 -1.391151949279047706e-03 -9.999989677085751039e-01
-1.231896294663993629e-04 -1.386649043263337355e-03 -9.999990350462236721e-01
-6.150536179687526210e-04 -1.380430447520573749e-03 -9.999988620920555737e-01
-1.104386666351617283e-03 -1.372510078167797284e-03 -9.999984523041464124e-01
-1.590586590106055770e-03 -1.362903928455684024e-03 -9.999978102934080626e-01
-2.059858066103701420e-03 -1.281378120156146218e-03 -9.999970615550286546e-01
-2.486697199594802010e-03 -1.128292316794844838e-03 -9.999962756713041134e-01
-2.845744623666918334e-03 -9.040942632979795911e-04 -9.999955461967775516e-01
-3.111816632708771981e-03 -6.093188817550331069e-04 -9.999949766823524877e-01
-3.259935940798903888e-03 -2.445872617810491978e-04 -9.999946605147410628e-01
-3.291760371658040193e-03 4.889098573338754869e-05 -9.999945849792122310e-01
-3.232645332122822002e-03 2.710047530301817583e-04 -9.999947422991809498e-01
-3.107968864357865246e-03 4.217324043583314526e-04 -9.999950853566429432e-01
-2.943099933845280420e-03 5.011414877031733972e-04 -9.999955475333126564e-01
-2.763366830498178647e-03 5.093883470598632116e-04 -9.999960561891040323e-01
-2.580826500549130396e-03 5.169694716078818055e-04 -9.999965400658423764e-01
-2.395716982848632767e-03 5.238777776680012422e-04 -9.999969970748677772e-01
-2.208278673152378607e-03 5.301070472743030009e-04 -9.999974252758772053e-01
-2.018754015388061259e-03 5.356519328500557175e-04 -9.999978228855380680e-01
-1.827387191458030614e-03 5.405079607790934035e-04 -9.999981882852581050e-01
-1.634423809971343768e-03 5.446715338720666075e-04 -9.999985200280782083e-01
-1.440110594298791473e-03 5.481399327283351108e-04 -9.999988168446602987e-01
-1.244695070344028435e-03 5.509113159956580911e-04 -9.999990776483468347e-01
-1.048425254422976575e-03 5.529847195312183154e-04 -9.999993015392732998e-01
-8.515493416422052503e-04 5.543600544688919059e-04 -9.999994878075202376e-01
-6.543153951650376677e-04 5.550381041990356786e-04 -9.999996359352955055e-01
-4.569710367516777367e-04 5.550205202684158415e-04 -9.999997455981431971e-01
-2.597631389567084306e-04 5.543098172092388726e-04 -9.999998166651798970e-01
-6.293751936388650311e-05 5.529093663075642252e-04 -9.999998491983645987e-01
1.332613627657489150e-04 5.508233883226832349e-04 -9.999998434508116096e-01
3.285907070608132426e-04 5.480569451703312146e-04 -9.999997998641630970e-01
5.228096694547602376e-04 5.446159305838637948e-04 -9.999997190650405932e-01
7.156796560878132991e-04 5.405070597687673759e-04 -9.999996018605991077e-01
9.069646133398887641e-04 5.357378580670897096e-04 -9.999994492332133778e-01
1.096431313644938071e-03 5.303166486495677293e-04 -9.999992623343284537e-01
1.283849636743747890e-03 5.242525392543898478e-04 -9.999990424775114795e-01
1.468992846039258960e-03 5.175554079926663990e-04 -9.999987911307446353e-01
1.651637859725901001e-03 5.102358882417832361e-04 -9.999985099080037632e-01
1.831565516372257729e-03 5.023053526488858783e-04 -9.999982005601690815e-01
2.008560834644586464e-03 4.937758962677807036e-04 -9.999978649653186169e-01
2.182413266867279811e-03 4.846603188535431083e-04 -9.999975051184568642e-01
2.352916946125289260e-03 4.749721063400931358e-04 -9.999971231207339661e-01
2.519870926622784155e-03 4.647254115269306221e-04 -9.999967211682131429e-01
2.683079417021917105e-03 4.539350340021167519e-04 -9.999963015402449917e-01
2.842352006495455462e-03 4.426163993294468480e-04 -9.999958665875099406e-01
2.997503883237244079e-03 4.307855375285747548e-04 -9.999954187197909183e-01
3.148356045184923669e-03 4.184590608776263309e-04 -9.999949603935386344e-01
3.294735502720078698e-03 4.056541410685762837e-04 -9.999944940992930853e-01
3.436475473121970020e-03 3.923884857463550021e-04 -9.999940223490255686e-01
3.573415566562224577e-03 3.786803144633043542e-04 -9.999935476634642662e-01
3.692202834526554529e-03 2.942967014592825213e-04 -9.999931445233808391e-01
3.767775721926394216e-03 1.395963526403416473e-04 -9.999928961973689745e-01
3.775216475119884049e-03 -8.497553431810185402e-05 -9.999928742679662363e-01
3.689781684142615006e-03 -3.788881526034610855e-04 -9.999931249882040296e-01
3.486932488564567154e-03 -7.415260598610269984e-04 -9.999936497363840493e-01
3.168762725342434434e-03 -1.031686878916573827e-03 -9.999944513046797878e-01
2.761061051525261472e-03 -1.249267902012553277e-03 -9.999954119640340755e-01
2.289635620975083788e-03 -1.394257369397496841e-03 -9.999964108406768082e-01
1.780281848455568701e-03 -1.466734193767221372e-03 -9.999973436800884130e-01
1.258750252680554318e-03 -1.466867570414312526e-03 -9.999981359618749233e-01
7.375151827249875952e-04 -1.465168461732867201e-03 -9.999986587154069406e-01
2.172266999400673283e-04 -1.461645552845359901e-03 -9.999989122417518583e-01
-3.014686453407567929e-04 -1.456309777522624442e-03 -9.999988981785371545e-01
-8.179286109674992417e-04 -1.449174296450795891e-03 -9.999986194822382268e-01
-1.331516051852800952e-03 -1.440254472770930013e-03 -9.999980804040142779e-01
-1.841599699584075319e-03 -1.429567844932414693e-03 -9.999972864592601152e-01
-2.347554931804378409e-03 -1.417134096904749214e-03 -9.999962443910692667e-01
-2.848764530415352422e-03 -1.402975025795645233e-03 -9.999949621278358958e-01
-3.344619427674549051e-03 -1.387114506926690784e-03 -9.999934487352480916e-01
-3.834519439279710472e-03 -1.369578456421014900e-03 -9.999917143629527549e-01
-4.317873983554108668e-03 -1.350394791360481038e-03 -9.999897701861969468e-01
-4.794102785869767437e-03 -1.329593387572925800e-03 -9.999876283427722168e-01
-5.262636567469244561e-03 -1.307206035112835375e-03 -9.999853018656112980e-01
-5.722917717871599079e-03 -1.283266391501610565e-03 -9.999828046114035418e-01
-6.174400950074114894e-03 -1.257809932796216928e-03 -9.999801511856157843e-01
-6.616553937788249677e-03 -1.230873902557529098e-03 -9.999773568643166577e-01
-7.048857933976070481e-03 -1.202497258792074863e-03 -9.999744375132189056e-01
-7.470808369982023106e-03 -1.172720618943148612e-03 -9.999714095043631401e-01
-7.881915434584231203e-03 -1.141586203009393790e-03 -9.999682896308753621e-01
-8.281704632319537851e-03 -1.109137774870961723e-03 -9.999650950202381150e-01
-8.669717320467149740e-03 -1.075420581905216612e-03 -9.999618430465175845e-01
-9.045511224106895370e-03 -1.040481292975697089e-03 -9.999585512419929545e-01
-9.408660928699788192e-03 -1.004367934879640866e-03 -9.999552372086324414e-01
-9.758758349670649396e-03 -9.671298273408517011e-04 -9.999519185298585411e-01
-1.009541317850494620e-02 -9.288175166360162702e-04 -9.999486126830406940e-01
-1.041825330490475827e-02 -8.894827079437866340e-04 -9.999453369531458025e-01
-1.072692521458168402e-02 -8.491781965070100118e-04 -9.999421083479692607e-01
-1.102109436229765926e-02 -8.079577976994331903e-04 -9.999389435153573924e-01
-1.130044551979789494e-02 -7.658762760890202139e-04 -9.999358586628196432e-01
-1.156468309831346596e-02 -7.229892735907133975e-04 -9.999328694799132222e-01
-1.181353144534445614e-02 -6.793532368020319210e-04 -9.999299910637680089e-01
-1.204673511546786729e-02 -6.350253436153479800e-04 -9.999272378480992263e-01
-1.226405911494782806e-02 -5.900634292010072460e-04 -9.999246235360368384e-01
-1.246528911995878688e-02 -5.445259114556725687e-04 -9.999221610370788715e-01
-1.265023166826545996e-02 -4.984717160103685138e-04 -9.999198624084524312e-01
-1.281871432423618493e-02 -4.519602008926934338e-04 -9.999177388011430967e-01
-1.297058581709906004e-02 -4.050510809375486234e-04 -9.999158004108280595e-01
-1.310571615238272439e-02 -3.578043520405114119e-04 -9.999140564339217274e-01
-1.322399669651589706e-02 -3.102802153476561203e-04 -9.999125150289156494e-01
-1.332534023459179193e-02 -2.625390014752037498e-04 -9.999111832831676372e-01
-1.340968100133523022e-02 -2.146410948518631331e-04 -9.999100671852662048e-01
-1.347697468534169059e-02 -1.666468582761134322e-04 -9.999091716030673593e-01
-1.352719840668865914e-02 -1.186165577799735667e-04 -9.999085002674729106e-01
-1.356035066805038984e-02 -7.061028789001051297e-05 -9.999080557619893783e-01
-1.357645127947767517e-02 -2.268789737545775056e-05 -9.999078395180786005e-01
-1.357554125703425846e-02 2.509108442765232267e-05 -9.999078518162803908e-01
-1.355768269551130799e-02 7.266752062848791296e-05 -9.999080917930619483e-01
-1.352295861547069683e-02 1.199827390428288918e-04 -9.999085574533176368e-01
-1.347147278489680029e-02 1.669786036183827345e-04 -9.999092456884166591e-01
-1.340334951576515124e-02 2.135975849397929948e-04 -9.999101522996697300e-01
-1.331873343586441327e-02 2.597828297305005752e-04 -9.999112720270582066e-01
-1.321778923623592727e-02 3.054782292700690535e-04 -9.999125985830455976e-01
-1.310070139462242260e-02 3.506284866471138465e-04 -9.999141246912672809e-01
-1.296767387534434116e-02 3.951791827695786655e-04 -9.999158421298695032e-01
-1.281892980604868934e-02 4.390768410557844745e-04 -9.999177417792501910e-01
-1.265471113180127206e-02 4.822689907314316247e-04 -9.999198136739320120e-01
-1.247527824701862888e-02 5.247042286595669444e-04 -9.999220470582793618e-01
-1.228090960576095313e-02 5.663322796324332144e-04 -9.999244304457552968e-01
-1.207190131093169479e-02 6.071040550560991315e-04 -9.999269516813977798e-01
-1.184856668295342259e-02 6.469717099608199339e-04 -9.999295980071807310e-01
-1.161123580851279764e-02 6.858886982722061732e-04 -9.999323561299147123e-01
-1.136025506999021120e-02 7.238098262804779125e-04 -9.999352122913304219e-01
-1.109598665621167740e-02 7.606913042473510255e-04 -9.999381523399804017e-01
-1.081880805518199186e-02 7.964907960924463718e-04 -9.999411618045879191e-01
-1.052911152947881915e-02 8.311674671035219376e-04 -9.999442259684676593e-01
-1.022730357500739075e-02 8.646820296173125895e-04 -9.999473299446391961e-01
-9.913804363834705438e-03 8.969967866203061666e-04 -9.999504587512547671e-01
-9.589047171840532971e-03 9.280756732214035312e-04 -9.999535973869623229e-01
-9.253477791940144942e-03 9.578842959510853539e-04 -9.999567309058301490e-01
-8.907553933650438557e-03 9.863899698444509017e-04 -9.999598444914610251e-01
-8.551744609786955317e-03 1.013561753268295024e-03 -9.999629235299338781e-01
-8.186529511094234324e-03 1.039370480455246082e-03 -9.999659536812163241e-01
-7.812398369625857611e-03 1.063788791710902756e-03 -9.999689209487041541e-01
-7.429850311703537977e-03 1.086791161262867355e-03 -9.999718117465531408e-01
-7.039393201296477443e-03 1.108353922723591617e-03 -9.999746129644840886e-01
-6.641542974673096851e-03 1.128455292141999607e-03 -9.999773120297552609e-01
-6.236822967186980184e-03 1.147075388621957319e-03 -9.999798969660139702e-01
-5.825763233067499623e-03 1.164196252488785242e-03 -9.999823564487549943e-01
-5.408899859093057108e-03 1.179801860988179260e-03 -9.999846798571343509e-01
-4.986774273031162157e-03 1.193878141505094964e-03 -9.999868573219048429e-01
-4.559932547734653688e-03 1.206412982293368413e-03 -9.999888797692630948e-01
-4.128924701787227251e-03 1.217396240710073982e-03 -9.999907389604167918e-01
-3.694303997594042006e-03 1.226819748951865890e-03 -9.999924275267068063e-01
-3.256626237814550049e-03 1.234677317293801689e-03 -9.999939390001394424e-01
-2.816449061034776141e-03 1.240964734834392770e-03 -9.999952678392095562e-01
-2.374331237575095371e-03 1.245679767753877154e-03 -9.999964094499190770e-01
-1.930831966327088483e-03 1.248822155095943376e-03 -9.999973602019208707e-01
-1.486510173509315337e-03 1.250393602086353247e-03 -9.999981174397412076e-01
-1.041923814226819803e-03 1.250397771005109680e-03 -9.999986794890602937e-01
-5.976291777128868530e-04 1.248840269631981432e-03 -9.999990456580550857e-01
-1.673794665085033204e-04 1.175476592564249573e-03 -9.999992991587909330e-01
2.233596433795969000e-04 1.030655661314075228e-03 -9.999994479687680515e-01
5.492630779793955401e-04 8.148144123411376564e-04 -9.999995212326031613e-01
7.851775099241779365e-04 5.284769259663842436e-04 -9.999995561430684576e-01
9.061521577671825855e-04 1.722534498128655361e-04 -9.999995786479631832e-01
9.138678070698167495e-04 -1.126565278003102796e-04 -9.999995801171325249e-01
8.336993039211402362e-04 -3.261527325211792568e-04 -9.999996033255160732e-01
6.910403187310011977e-04 -4.682244429647449031e-04 -9.999996556555197369e-01
5.112715659023079695e-04 -5.389501745932603763e-04 -9.999997281081710598e-01
3.197291595168975627e-04 -5.384972623861399195e-04 -9.999998079381228200e-01
1.284738334774364159e-04 -5.373734273415049084e-04 -9.999998514032838459e-01
-6.225656934872802963e-05 -5.355824772563472311e-04 -9.999998586789099475e-01
-2.522257140674345408e-04 -5.331290395601795927e-04 -9.999998301189447769e-01
-4.411990636297400152e-04 -5.300185525966112036e-04 -9.999997662529787057e-01
-6.289441654164149281e-04 -5.262572559222315673e-04 -9.999996677823532742e-01
-8.152309341875643408e-04 -5.218521796384892547e-04 -9.999995355754379700e-01
-9.998319310558861049e-04 -5.168111327734140580e-04 -9.999993706621076450e-01
-1.182522638148345018e-03 -5.111426907311717154e-04 -9.999991742274543238e-01
-1.363081728627714082e-03 -5.048561818285469353e-04 -9.999989476047699277e-01
-1.541291331752507598e-03 -4.979616729385343216e-04 -9.999986922678409940e-01
-1.716937292661281471e-03 -4.904699542622655570e-04 -9.999984098225972451e-01
-1.889809426575108676e-03 -4.823925232515229467e-04 -9.999981019981620811e-01
-2.059701767120223400e-03 -4.737415677050745358e-04 -9.999977706373518460e-01
-2.226412808481363984e-03 -4.645299480630188621e-04 -9.999974176866773812e-01
-2.389745741105214500e-03 -4.547711789242467025e-04 -9.999970451858993803e-01
-2.549508680682538355e-03 -4.444794098130078674e-04 -9.999966552571938339e-01
-2.705514890147087993e-03 -4.336694052214159632e-04 -9.999962500939845178e-01
-2.857582994439169036e-03 -4.223565239555320981e-04 -9.999958319494995918e-01
-3.005537187791801606e-03 -4.105566978134354708e-04 -9.999954031251124809e-01
-3.149207433307747543e-03 -3.982864096244185604e-04 -9.999949659585259942e-01
-3.288429654606248378e-03 -3.855626706791321777e-04 -9.999945228118599649e-01
-3.423045919329129310e-03 -3.724029975811540523e-04 -9.999940760597022527e-01
-3.552904614306940344e-03 -3.588253885510603661e-04 -9.999936280771837271e-01
-3.677860612197038099e-03 -3.448482992146436514e-04 -9.999931812281349641e-01
-3.797775429416911513e-03 -3.304906179074425677e-04 -9.999927378533849387e-01
-3.912517375207642638e-03 -3.157716405282276354e-04 -9.999923002592577825e-01
-4.021961691674113930e-03 -3.007110449745228594e-04 -9.999918707063238932e-01
-4.125990684660451116e-03 -2.853288651936357594e-04 -9.999914513984597964e-01
-4.224493845331181961e-03 -2.696454648830166282e-04 -9.999910444722687197e-01
-4.317367962340675804e-03 -2.536815108740729844e-04 -9.999906519869125043e-01
-4.404517224485636831e-03 -2.374579462338263195e-04 -9.999902759144023712e-01
-4.485853313747669054e-03 -2.209959631190158626e-04 -9.999899181303935070e-01
-4.561295488645257870e-03 -2.043169754174264767e-04 -9.999895804055256576e-01
-4.630770657826888646e-03 -1.874425912113484173e-04 -9.999892643973499196e-01
-4.694213443849408647e-03 -1.703945850981620678e-04 -9.999889716428761455e-01
-4.751566237098145407e-03 -1.531948704030831562e-04 -9.999887035517753819e-01
-4.802779239817716109e-03 -1.358654713191034433e-04 -9.999884614002653160e-01
-4.847810500234848476e-03 -1.184284950091174618e-04 -9.999882463257047105e-01
-4.886625936766890096e-03 -1.009061037051397439e-04 -9.999880593219188096e-01
-4.919199352322012678e-03 -8.332048683938779519e-05 -9.999879012352739238e-01
-4.945512438709378719e-03 -6.569383324183502291e-05 -9.999877727615145151e-01
-4.965554771189707207e-03 -4.804830343862540715e-05 -9.999876744433746634e-01
-4.979323793208801502e-03 -3.040600208548819821e-05 -9.999876066689684651e-01
-4.986824791368581720e-03 -1.278895056999647202e-05 -9.999875696709631390e-01
-4.988070860702065873e-03 4.780940183820694468e-06 -9.999875635265330631e-01
-4.983082860330491533e-03 2.228189667537647901e-05 -9.999875881580887471e-01
-4.971889359592409838e-03 3.969230951921161061e-05 -9.999876433347724136e-01
-4.954526574746027576e-03 5.699075983619420296e-05 -9.999877286747068661e-01
-4.931038296357405197e-03 7.415604531245005354e-05 -9.999878436479807675e-01
-4.901475807498214751e-03 9.116720589476447071e-05 -9.999879875803511231e-01
-4.865897792887730403e-03 1.080035490917583652e-04 -9.999881596576378762e-01
-4.824370239124431761e-03 1.246446748507376101e-04 -9.999883589307851928e-01
-4.776966326163143046e-03 1.410704999807465589e-04 -9.999885843215587933e-01
-4.723766310203918010e-03 1.572612820930210996e-04 -9.999888346288463570e-01
-4.664857398168947150e-03 1.731976430307349845e-04 -9.999891085355254727e-01
-4.600333613953579669e-03 1.888605917606624217e-04 -9.999894046158606109e-01
-4.530295656647102299e-03 2.042315467001417576e-04 -9.999897213433888155e-01
-4.454850750928218694e-03 2.192923574535150029e-04 -9.999900570992509286e-01
-4.374112489849176291e-03 2.340253259330390587e-04 -9.999904101809239387e-01
-4.288200670231201959e-03 2.484132268401119696e-04 -9.999907788113079343e-01
-4.197241120902348889e-03 2.624393274835334000e-04 -9.999911611481197005e-01
-4.101365524016954874e-03 2.760874069124194508e-04 -9.999915552935442209e-01
-4.000711229703725336e-03 2.893417743423181104e-04 -9.999919593040940136e-01
-3.895421064296908549e-03 3.021872868540215326e-04 -9.999923712006255627e-01
-3.785643132412184943e-03 3.146093663455443233e-04 -9.999927889784617774e-01
-3.671530613135682523e-03 3.265940157187294159e-04 -9.999932106175696278e-01
-3.553241550600965380e-03 3.381278342829589301e-04 -9.999936340927413347e-01
-3.430938639234938550e-03 3.491980323594790826e-04 -9.999940573837284852e-01
-3.304789003959330944e-03 3.597924450708989727e-04 -9.999944784852794477e-01
-3.174963975639761519e-03 3.698995453014901368e-04 -9.999948954170295723e-01
-3.041638862079370283e-03 3.795084558149954207e-04 -9.999953062331972120e-01
-2.904992714858578920e-03 3.886089605177513043e-04 -9.999957090320378272e-01
-2.765208092326743809e-03 3.971915148560354897e-04 -9.999961019650105420e-01
-2.622470819055265894e-03 4.052472553376698628e-04 -9.999964832456146313e-01
-2.476969742065128401e-03 4.127680081690373757e-04 -9.999968511578529728e-01
-2.328896484144831001e-03 4.197462969998073186e-04 -9.999972040642839399e-01
-2.178445194577288083e-03 4.261753497688058694e-04 -9.999975404136237644e-01
-2.025812297596443681e-03 4.320491046456163874e-04 -9.999978587478650649e-01
-1.871196238896130626e-03 4.373622150636454452e-04 -9.999981577088795648e-01
-1.714797230515067864e-03 4.421100538415438067e-04 -9.999984360444758025e-01
-1.556816994422832636e-03 4.462887163910254744e-04 -9.999986926138849652e-01
-1.397458505132186373e-03 4.498950230102809786e-04 -9.999989263926524208e-01
-1.236925731663246313e-03 4.529265202633322323e-04 -9.999991364769140745e-01
-1.075423379184705383e-03 4.553814814468222245e-04 -9.999993220870411204e-01
-9.131566306565944754e-04 4.572589061468754624e-04 -9.999994825706394197e-01
-7.503308887979638370e-04 4.585585188897981770e-04 -9.999996174048929598e-01
-5.871515187013372564e-04 4.592807668915149799e-04 -9.999997261982445096e-01
-4.238235914138566195e-04 4.594268169117540377e-04 -9.999998086914100304e-01
-2.605516288027082323e-04 4.589985512200979532e-04 -9.999998647577263977e-01
-9.753935001968519459e-05 4.579985626821107998e-04 -9.999998944028350989e-01
6.501058012337715473e-05 4.564301489748286405e-04 -9.999998977637091224e-01
2.268968005600696832e-04 4.542973059419648410e-04 -9.999998751070315883e-01
3.879195008514487722e-04 4.516047201002261740e-04 -9.999998268269395529e-01
5.478806652445808228e-04 4.483577603091642907e-04 -9.999997534421485312e-01
7.065843136121603392e-04 4.445624686179939816e-04 -9.999996555924762776e-01
8.638367389827651590e-04 4.402255503037982788e-04 -9.999995340347880290e-01
1.019446741376658873e-03 4.353543631165039261e-04 -9.999993896383870817e-01
1.173225857667741911e-03 4.299569057469541651e-04 -9.999992233798775665e-01
1.324988587198277232e-03 4.240418055353219868e-04 -9.999990363375294011e-01
1.474552612879366682e-03 4.176183054380000590e-04 -9.999988296851763936e-01
1.621739017516822274e-03 4.106962502719679171e-04 -9.999986046856820243e-01
1.766372495109042734e-03 4.032860722564751504e-04 -9.999983626840074358e-01
1.908281556870776875e-03 3.953987758726887802e-04 -9.999981050999204868e-01
2.047298731744195965e-03 3.870459220627318637e-04 -9.999978334203835084e-01
2.183260761166525878e-03 3.782396117902901895e-04 -9.999975491916608394e-01
2.316008787871561003e-03 3.689924689856815686e-04 -9.999972540111871089e-01
2.445388538510720553e-03 3.593176228989681934e-04 -9.999969495192385649e-01
2.571250499887864360e-03 3.492286898853459915e-04 -9.999966373904506378e-01
2.693450088610878194e-03 3.387397546476644101e-04 -9.999963193252245919e-01
2.811847813972037039e-03 3.278653509615158095e-04 -9.999959970410675636e-01
2.926309433878356622e-03 3.166204419088851775e-04 -9.999956722639090634e-01
3.036706103662519668e-03 3.050203996468667917e-04 -9.999953467194379053e-01
3.142914517614529054e-03 2.930809847384347627e-04 -9.999950221245020865e-01
3.244817043083945366e-03 2.808183250726993432e-04 -9.999947001786143597e-01
3.342301847012438699e-03 2.682488944024885515e-04 -9.999943825556050214e-01
3.435263014766370016e-03 2.553894905274670243e-04 -9.999940708954627722e-01
3.523600661149237784e-03 2.422572131513377072e-04 -9.999937667964021726e-01
3.607221033484038324e-03 2.288694414419707127e-04 -9.999934718071965545e-01
3.686036606665912992e-03 2.152438113235628835e-04 -9.999931874198120241e-01
3.759966170095833254e-03 2.013981925301555403e-04 -9.999929150623774188e-01
3.828934906416549874e-03 1.873506654500227224e-04 -9.999926560925231911e-01
3.892874461982528348e-03 1.731194977905910085e-04 -9.999924117911185295e-01
3.951723009006156799e-03 1.587231210936620800e-04 -9.999921833564369145e-01
4.005425299333087788e-03 1.441801071307832131e-04 -9.999919718987747563e-01
4.053932709810165180e-03 1.295091442086464717e-04 -9.999917784355468742e-01
4.097203279219987192e-03 1.147290134143970130e-04 -9.999916038868805757e-01
4.135201736766732500e-03 9.985856483069274780e-05 -9.999914490717257687e-01
4.167899522108440766e-03 8.491669375028361802e-05 -9.999913147044977579e-01
4.195274796941456108e-03 6.992231691976770382e-05 -9.999912013922647169e-01
4.217312448153215029e-03 5.489434884203500415e-05 -9.999911096324904936e-01
4.234004082569974708e-03 3.985167816672691241e-05 -9.999910398113405208e-01
4.245348013336403513e-03 2.481314419782209354e-05 -9.999909922025534970e-01
4.251349237974227750e-03 9.797513547206725926e-06 -9.999909669668827217e-01
4.252019408177261199e-03 -5.176543037200006140e-06 -9.999909641521040893e-01
4.247376791410208824e-03 -2.009047364051497767e-05 -9.999909836935871876e-01
4.237446224388553492e-03 -3.492586791925906062e-05 -9.999910254154228406e-01
4.222259058526627029e-03 -4.966447958151535327e-05 -9.999910890320969914e-01
4.201853097450630216e-03 -6.428824858178852717e-05 -9.999911741506994911e-01
4.176272526682863091e-03 -7.877932300392732857e-05 -9.999912802736518058e-01
4.145567835612751911e-03 -9.312008060595427367e-05 -9.999914068019376545e-01
4.109795731879441021e-03 -1.072931500011591624e-04 -9.999915530388154838e-01
4.069019048299679468e-03 -1.212814314503550095e-04 -9.999917181939920185e-01
4.023306642483529851e-03 -1.350681172407660474e-04 -9.999919013882323515e-01
3.972733289288992928e-03 -1.486367116276166478e-04 -9.999921016583799283e-01
3.917379566275014206e-03 -1.619710503151163699e-04 -9.999923179627594472e-01
3.857331732320490141e-03 -1.750553194541896334e-04 -9.999925491869322558e-01
3.792681599584782001e-03 -1.878740741349769767e-04 -9.999927941497736006e-01
3.723526398992936352e-03 -2.004122563528386064e-04 -9.999930516098384237e-01
3.649968639436218347e-03 -2.126552124273183735e-04 -9.999933202719827330e-01
3.572115960885731498e-03 -2.245887098542768251e-04 -9.999935987942049076e-01
3.490080981623790504e-03 -2.361989535721747448e-04 -9.999938857946720772e-01
3.403981139804343383e-03 -2.474726016242817430e-04 -9.999941798588943831e-01
3.313938529560070487e-03 -2.583967801993987770e-04 -9.999944795470112613e-01
3.220079731879850818e-03 -2.689590980345158734e-04 -9.999947834011513326e-01
3.122535640486037104e-03 -2.791476601636775105e-04 -9.999950899528303738e-01
3.021441282946441161e-03 -2.889510809981952577e-04 -9.999953977303485120e-01
2.916935637261079250e-03 -2.983584967242318203e-04 -9.999957052661508916e-01
2.809161444168556225e-03 -3.073595770046780827e-04 -9.999960111041149569e-01
2.698265015421494415e-03 -3.159445359731572096e-04 -9.999963138067288204e-01
2.584396038284589997e-03 -3.241041425089145260e-04 -9.999966119621251925e-01
2.467707376512754975e-03 -3.318297297822868580e-04 -9.999969041909375633e-01
2.348354868070322635e-03 -3.391132040613918522e-04 -9.999971891529446655e-01
2.226497119855495345e-03 -3.459470527716316688e-04 -9.999974655534732415e-01
2.102295299697054184e-03 -3.523243518005683824e-04 -9.999977321495270299e-01
1.975912925892869994e-03 -3.582387720416972633e-04 -9.999979877556149921e-01
1.847515654561911495e-03 -3.636845851716183787e-04 -9.999982312492506908e-01
1.717271065083258693e-03 -3.686566686560844154e-04 -9.999984615760982853e-01
1.585348443897099946e-03 -3.731505099813844776e-04 -9.999986777547424932e-01
1.451918566943800025e-03 -3.771622101085053604e-04 -9.999988788810603157e-01
1.317153481017889960e-03 -3.806884861484940855e-04 -9.999990641321763185e-01
1.181226284314240401e-03 -3.837266732584277730e-04 -9.999992327699847028e-01
1.044310906443735075e-03 -3.862747257583752539e-04 -9.999993841442235132e-01
9.065818881954744706e-04 -3.883312174707108789e-04 -9.999995176950888798e-01
7.682141613218912033e-04 -3.898953412841117769e-04 -9.999996329553797469e-01
6.293828286221727752e-04 -3.909669079455338849e-04 -9.999997295521654284e-01
4.902629445980508094e-04 -3.915463440844205644e-04 -9.999998072079711031e-01
3.510292969543357851e-04 -3.916346894743449924e-04 -9.999998657414794767e-01
2.118561892145599400e-04 -3.912335935382277893e-04 -9.999999050677473855e-01
7.291722471973422848e-05 -3.903453111041987216e-04 -9.999999251979411197e-01
-6.561490772445985982e-05 -3.889726974200871917e-04 -9.999999262385935728e-01
-2.035686462897380079e-04 -3.871192024354298063e-04 -9.999999083903923225e-01
-3.407737663975703504e-04 -3.847888643607701360e-04 -9.999998719465058583e-01
-4.770615885665126709e-04 -3.819863025148992645e-04 -9.999998172904617233e-01
-6.122651835831591661e-04 -3.787167094715418155e-04 -9.999997448935887823e-01
-7.462195747496346097e-04 -3.749858425178299046e-04 -9.999996553120401588e-01
-8.787619369651092707e-04 -3.708000144377273950e-04 -9.999995491834147154e-01
-1.009731792403677870e-03 -3.661660836343662143e-04 -9.999994272229965064e-01
-1.138971202556085310e-03 -3.610914436060365775e-04 -9.999992902196341849e-01
-1.266324956408196659e-03 -3.555840117913289158e-04 -9.999991390312824580e-01
-1.391640754534790962e-03 -3.496522177996617075e-04 -9.999989745802316810e-01
-1.514769388893203459e-03 -3.433049910441398787e-04 -9.999987978480503470e-01
-1.635564918107525493e-03 -3.365517477943764805e-04 -9.999986098702686732e-01
-1.753884838040508775e-03 -3.294023776675720355e-04 -9.999984117308307052e-01
-1.869590247456978920e-03 -3.218672295767829178e-04 -9.999982045563450272e-01
-1.982546008589445956e-03 -3.139570971559201527e-04 -9.999979895101640537e-01
-2.092620902423698165e-03 -3.056832036816028411e-04 -9.999977677863223224e-01
-2.199687778529453661e-03 -2.970571865125458443e-04 -9.999975406033650982e-01
-2.303623699268641557e-03 -2.880910810676880207e-04 -9.999973091980994822e-01
-2.404310078221536234e-03 -2.787973043647660912e-04 -9.999970748192983372e-01
-2.501632812678819366e-03 -2.691886381415067170e-04 -9.999968387213903354e-01
-2.595482410055624956e-03 -2.592782115820498881e-04 -9.999966021581669917e-01
-2.685754108091778416e-03 -2.490794836716243225e-04 -9.999963663765372157e-01
-2.772347988710704980e-03 -2.386062252028740751e-04 -9.999961326103615766e-01
-2.855169085417900467e-03 -2.278725004575834991e-04 -9.999959020743953708e-01
-2.934127484128367085e-03 -2.168926485878629109e-04 -9.999956759583704669e-01
-3.009138417321041616e-03 -2.056812647211431839e-04 -9.999954554212442392e-01
-3.080122351426958088e-03 -1.942531808135799002e-04 -9.999952415856427912e-01
-3.147005067366676068e-03 -1.826234462766896511e-04 -9.999950355325254447e-01
-3.209717734161375308e-03 -1.708073084022308427e-04 -9.999948382960949234e-01
-3.268196975550931825e-03 -1.588201926104985690e-04 -9.999946508589770966e-01
-3.309185765329792674e-03 -7.642596229359187115e-05 -9.999945257503052298e-01
-3.307717241912408023e-03 7.602016009324114791e-05 -9.999945306399838918e-01
-3.238967026082859545e-03 2.980767701182221062e-04 -9.999947141491227764e-01
-3.078283668071571822e-03 5.892171504889820140e-04 -9.999950925271201552e-01
-2.801218773514586001e-03 9.488302286413084763e-04 -9.999956304824186848e-01
-2.409955179996458793e-03 1.235717995398361935e-03 -9.999963365981678898e-01
-1.930368966918573001e-03 1.449782700001745958e-03 -9.999970899462981011e-01
-1.388353916731285224e-03 1.591017850503453164e-03 -9.999977746138296597e-01
-8.097891467943617088e-04 1.659507931117946370e-03 -9.999982991849435399e-01
-2.205068221802390172e-04 1.655428001768290179e-03 -9.999986095153571286e-01
3.669392376823675398e-04 1.649295182925376727e-03 -9.999985766383413521e-01
9.518217353349898860e-04 1.641124491030376180e-03 -9.999982044200974585e-01
1.533419186871177228e-03 1.630933436645418165e-03 -9.999974983864953204e-01
2.111016805273482726e-03 1.618741993548295866e-03 -9.999964656836586308e-01
2.683907372077231138e-03 1.604572564829481436e-03 -9.999951150307495595e-01
3.251392096281769534e-03 1.588449946046420697e-03 -9.999934566652444179e-01
3.812781459452050953e-03 1.570401285493869346e-03 -9.999915022810272891e-01
4.367396045977095347e-03 1.550456041652719871e-03 -9.999892649596630045e-01
4.914567357477075613e-03 1.528645937883326691e-03 -9.999867590952407070e-01
5.453638610377354798e-03 1.505004914432773967e-03 -9.999840003132098865e-01
5.983965515695766416e-03 1.479569077828821102e-03 -9.999810053836575285e-01
6.504917040118587089e-03 1.452376647736425058e-03 -9.999777921294989991e-01
7.015876147471051746e-03 1.423467901355745776e-03 -9.999743793300778227e-01
7.516240519719690448e-03 1.392885115443403925e-03 -9.999707866206880569e-01
8.005423256676235180e-03 1.360672506041472234e-03 -9.999670343885512791e-01
8.482853553606216693e-03 1.326876166001233646e-03 -9.999631436657916428e-01
8.947977355979569794e-03 1.291544000391136281e-03 -9.999591360199654444e-01
9.400257990635497649e-03 1.254725659880614498e-03 -9.999550334427086407e-01
9.839176772669450816e-03 1.216472472193520738e-03 -9.999508582370720822e-01
1.026423358738624662e-02 1.176837371726831413e-03 -9.999466329041150070e-01
1.067494744669997275e-02 1.135874827432046532e-03 -9.999423800293283371e-01
1.107085701939840988e-02 1.093640769058301957e-03 -9.999381221694555455e-01
1.145152113472706901e-02 1.050192511857653624e-03 -9.999338817402719792e-01
1.181651925878557906e-02 1.005588679854278744e-03 -9.999296809058753066e-01
1.216545194326697742e-02 9.598891277804682924e-04 -9.999255414700289890e-01
1.249794124610838220e-02 9.131548617832691006e-04 -9.999214847700835795e-01
1.281363112365951212e-02 8.654479590064661273e-04 -9.999175315739881054e-01
1.311218779401349295e-02 8.168314861532819781e-04 -9.999137019808803650e-01
1.339330007118228957e-02 7.673694171357233742e-04 -9.999100153257266532e-01
1.365667966983691826e-02 7.171265499169112746e-04 -9.999064900884568896e-01
1.390206148037020917e-02 6.661684226530117329e-04 -9.999031438080140388e-01
1.412920381407736098e-02 6.145612292415341890e-04 -9.998999930017117288e-01
1.433788861828670484e-02 5.623717343827853640e-04 -9.998970530902626663e-01
1.452792166131004065e-02 5.096671882611734667e-04 -9.998943383288100284e-01
1.469913268711856534e-02 4.565152409528419370e-04 -9.998918617442621448e-01
1.485137553968669116e-02 4.029838566657850088e-04 -9.998896350791973697e-01
1.498452825698209229e-02 3.491412279181635870e-04 -9.998876687425702903e-01
1.509849313461586635e-02 2.950556897599966913e-04 -9.998859717674156711e-01
1.519319675920201111e-02 2.407956341427620385e-04 -9.998845517757113388e-01
1.526859001151024096e-02 1.864294245406964887e-04 -9.998834149505215763e-01
1.532464803953064586e-02 1.320253109267500557e-04 -9.998825660155088446e-01
1.536137020160279615e-02 7.765134520521565554e-05 -9.998820082218619065e-01
1.537877997979552117e-02 2.337529720203632952e-05 -9.998817433426526735e-01
1.537692486375689775e-02 -3.073542868731857680e-05 -9.998817716745959094e-01
1.535587620528678331e-02 -8.461387609371246669e-05 -9.998820920471506168e-01
1.531572904391671069e-02 -1.381936184165210863e-04 -9.998827018388646293e-01
1.525660190381393500e-02 -1.914088396160820444e-04 -9.998835970008294050e-01
1.517863656235803049e-02 -2.441944139618106718e-04 -9.998847720870777112e-01
1.508199779076961622e-02 -2.964859846429063043e-04 -9.998862202917223607e-01
1.496687306720148776e-02 -3.482200411501835719e-04 -9.998879334926044082e-01
1.483347226273275601e-02 -3.993339953392512119e-04 -9.998899023011856846e-01
1.468202730073642388e-02 -4.497662560870333503e-04 -9.998921161183935702e-01
1.451279179012022677e-02 -4.994563024554772319e-04 -9.998945631960979297e-01
1.432604063296947020e-02 -5.483447552782237319e-04 -9.998972307038729301e-01
1.412206960714902475e-02 -5.963734470880280346e-04 -9.999001048006750381e-01
1.390119492444956764e-02 -6.434854903048124394e-04 -9.999031707110448419e-01
1.366375276489053582e-02 -6.896253436064053981e-04 -9.999064128054210299e-01
1.341009878781911253e-02 -7.347388764062793339e-04 -9.999098146841377543e-01
1.314060762047083650e-02 -7.787734313649354902e-04 -9.999133592646608504e-01
1.285567232468304809e-02 -8.216778848640061104e-04 -9.999170288716056065e-01
1.255570384247745551e-02 -8.634027053746437703e-04 -9.999208053290680187e-01
1.224113042125240559e-02 -9.039000096543540466e-04 -9.999246700547931299e-01
1.191239701934909342e-02 -9.431236167090917017e-04 -9.999286041556985083e-01
1.156996469277883979e-02 -9.810290994601874974e-04 -9.999325885242678069e-01
1.121430996392063124e-02 -1.017573834058499264e-03 -9.999366039353271285e-01
1.084592417301940247e-02 -1.052717046791088254e-03 -9.999406311427199157e-01
1.046531281333590475e-02 -1.086419858528702483e-03 -9.999446509753995294e-01
1.007299485081845393e-02 -1.118645326665411227e-03 -9.999486444324640066e-01
9.669502029185350275e-03 -1.149358484504867063e-03 -9.999525927766674815e-01
9.255378161324202130e-03 -1.178526378050874946e-03 -9.999564776259527443e-01
8.831178407930809215e-03 -1.206118100163224667e-03 -9.999602810425622934e-01
8.397468544325527307e-03 -1.232104822043075896e-03 -9.999639856193015541e-01
7.954824216399177320e-03 -1.256459822015589846e-03 -9.999675745625432599e-01
7.503830186653487333e-03 -1.279158511580955624e-03 -9.999710317715829744e-01
7.045079571312713382e-03 -1.300178458708470437e-03 -9.999743419139752731e-01
6.579173069493524442e-03 -1.319499408351889214e-03 -9.999774904965037514e-01
6.106718185429254112e-03 -1.337103300167864599e-03 -9.999804639314614496e-01
5.628328444752364428e-03 -1.352974283422931452e-03 -9.999832495979444902e-01
5.144622605845261716e-03 -1.367098729078163261e-03 -9.999858358978882533e-01
4.656223867274491071e-03 -1.379465239044322606e-03 -9.999882123066041739e-01
4.163759072326787304e-03 -1.390064652604042087e-03 -9.999903694176036639e-01
3.667857911667405692e-03 -1.398890050001297446e-03 -9.999922989815264174e-01
3.169152125141652850e-03 -1.405936753202167945e-03 -9.999939939390198873e-01
2.668274703739496358e-03 -1.411202323834607857e-03 -9.999954484474502525e-01
2.165859092740603405e-03 -1.414686558318675649e-03 -9.999966579013540580e-01
1.662538397053104668e-03 -1.416391480202369322e-03 -9.999976189465739074e-01
1.158944589753817906e-03 -1.416321329721900724e-03 -9.999983294880522289e-01
6.557077248305913288e-04 -1.414482550608889321e-03 -9.999987886912891089e-01
1.534551551188633248e-04 -1.410883774170571328e-03 -9.999989969775032739e-01
-3.471892435855168007e-04 -1.405535800672680791e-03 -9.999989560125637222e-01
-8.456058412666631356e-04 -1.398451578058180740e-03 -9.999986686897931465e-01
-1.341180014324621760e-03 -1.389646178038467890e-03 -9.999981391067715997e-01
-1.833302897163676445e-03 -1.379136769597070307e-03 -9.999973725363002774e-01
-2.321372123805442826e-03 -1.366942589949167106e-03 -9.999963753917111564e-01
-2.804792558616248706e-03 -1.353084913003493829e-03 -9.999951551867364286e-01
-3.282977015256625247e-03 -1.337587015376352642e-03 -9.999937204901774290e-01
-3.755346962980306291e-03 -1.320474140010499372e-03 -9.999920808756361801e-01
-4.221333219430891716e-03 -1.301773457454644687e-03 -9.999902468665957667e-01
-4.680376629106241040e-03 -1.281514024862169922e-03 -9.999882298771572975e-01
-5.131928726683634284e-03 -1.259726742770409923e-03 -9.999860421487606343e-01
-5.575452384422766028e-03 -1.236444309724503594e-03 -9.999836966832327256e-01
-6.010422442888596964e-03 -1.211701174812344645e-03 -9.999812071725248108e-01
-6.436326324261984477e-03 -1.185533488179577391e-03 -9.999785879255127519e-01
-6.852664627532735475e-03 -1.157979049595882692e-03 -9.999758537922464052e-01
-7.258951704897224390e-03 -1.129077255145968187e-03 -9.999730200860448281e-01
-7.654716218710952771e-03 -1.098869042120725892e-03 -9.999701025038412183e-01
-8.039501678375290949e-03 -1.067396832185947726e-03 -9.999671170451874813e-01
-8.412866956567111726e-03 -1.034704472907782818e-03 -9.999640799303323169e-01
-8.774386784250031573e-03 -1.000837177715789865e-03 -9.999610075177877144e-01
-9.123652223936396660e-03 -9.658414643859816523e-04 -9.999579162217991923e-01
-9.460271120700077668e-03 -9.297650921276718510e-04 -9.999548224301308963e-01
-9.783868530471270461e-03 -8.926569973592211708e-04 -9.999517424225747853e-01
-1.009408712517607942e-02 -8.545672282589413492e-04 -9.999486922905832520e-01
-1.039058757431533982e-02 -8.155468781784504240e-04 -9.999456878584193076e-01
-1.067304890260909259e-02 -7.756480180066851029e-04 -9.999427446062050251e-01
-1.094116882336515842e-02 -7.349236275735658791e-04 -9.999398775952388352e-01
-1.119466404726241968e-02 -6.934275261829779807e-04 -9.999371013959376109e-01
-1.143327056627158056e-02 -6.512143023652842890e-04 -9.999344300187430479e-01
-1.165674391246837756e-02 -6.083392429400192886e-04 -9.999318768483156372e-01
-1.186485939152633409e-02 -5.648582614797353300e-04 -9.999294545813206536e-01
-1.205741229070824393e-02 -5.208278262661801159e-04 -9.999271751680895992e-01
-1.223421806120749550e-02 -4.763048878300862356e-04 -9.999250497584201147e-01
-1.239511247472219711e-02 -4.313468061658470095e-04 -9.999230886517544992e-01
-1.253995175417666960e-02 -3.860112777122427568e-04 -9.999213012519536647e-01
-1.266861267853635828e-02 -3.403562621901705539e-04 -9.999196960268580403e-01
-1.278099266169342545e-02 -2.944399093880203629e-04 -9.999182804728031781e-01
-1.287700980543127031e-02 -2.483204859849329682e-04 -9.999170610842303963e-01
-1.295660292650697466e-02 -2.020563025016756909e-04 -9.999160433285078087e-01
-1.301973155792108573e-02 -1.557056404682773045e-04 -9.999152316260491169e-01
-1.306637592447434069e-02 -1.093266798968822734e-04 -9.999146293357914494e-01
-1.309653689274074308e-02 -6.297742714751317810e-05 -9.999142387460656645e-01
-1.311023589561595773e-02 -1.671564327357432587e-05 -9.999140610708668886e-01
-1.310751483162914122e-02 2.940122706701142548e-05 -9.999140964515034202e-01
-1.308843593923518685e-02 7.531612605016356108e-05 -9.999143439635789221e-01
-1.305308164633279915e-02 1.209724523897379275e-04 -9.999148016292340735e-01
-1.300155439528195324e-02 1.663141302247734903e-04 -9.999154664345492050e-01
-1.293397644372196696e-02 2.112856771085743087e-04 -9.999163343519840152e-01
-1.285048964151874751e-02 2.558322710196498642e-04 -9.999174003677074873e-01
-1.275125518419666787e-02 2.998998163159539163e-04 -9.999186585136463634e-01
-1.263645334323700367e-02 3.434350085553555419e-04 -9.999201019040585559e-01
-1.250628317365089226e-02 3.863853981068433299e-04 -9.999217227764181093e-01
-1.236096219926037000e-02 4.286994524786081262e-04 -9.999235125363761245e-01
-1.220072607614612267e-02 4.703266172908637929e-04 -9.999254618065459566e-01
-1.202582823474523596e-02 5.112173758230572533e-04 -9.999275604788414595e-01
-1.183653950110629197e-02 5.513233070669806141e-04 -9.999297977700828399e-01
-1.164634518961803200e-02 5.203498849534951695e-04 -9.999320476776896172e-01
-1.148046133075404651e-02 4.185901989723408707e-04 -9.999340137643604187e-01
-1.136398351353940656e-02 2.464247656555466383e-04 -9.999354015368463466e-01
-1.132185582644627646e-02 4.320824830499731505e-06 -9.999359097741264968e-01
-1.137883999319581028e-02 -3.071684672044118470e-04 -9.999352157733042423e-01
-1.153308961112921305e-02 -5.469100186986694100e-04 -9.999333461939781120e-01
-1.175908755195749673e-02 -7.148615821037777353e-04 -9.999306080579954958e-01
-1.203131862088861748e-02 -8.110709583390087341e-04 -9.999272961746459298e-01
-1.232430166472913390e-02 -8.356755286370227444e-04 -9.999237077567595389e-01
-1.261262141913040147e-02 -7.889016758406303684e-04 -9.999201505690382685e-01
-1.288415719031641565e-02 -7.413104690373254878e-04 -9.999167250581452171e-01
-1.313863025568975766e-02 -6.929642692808283362e-04 -9.999134484014399193e-01
-1.337578419794200647e-02 -6.439261546156841483e-04 -9.999103369075422743e-01
-1.359538514280199221e-02 -5.942598387741658767e-04 -9.999074059412992321e-01
-1.379722196784736489e-02 -5.440295893969814348e-04 -9.999046698539936218e-01
-1.398110648224954594e-02 -4.933001458806305023e-04 -9.999021419191054250e-01
-1.414687357735757746e-02 -4.421366369540787110e-04 -9.998998342739047196e-01
-1.429438134806148945e-02 -3.906044980871312892e-04 -9.998977578671258692e-01
-1.442351118491068569e-02 -3.387693888324931624e-04 -9.998959224129387868e-01
-1.453416783699731062e-02 -2.866971102030056663e-04 -9.998943363514021243e-01
-1.462627944564877554e-02 -2.344535221849513662e-04 -9.998930068155469364e-01
-1.469979754900738872e-02 -1.821044614876223846e-04 -9.998919396052088349e-01
-1.475469705760853144e-02 -1.297156596285575325e-04 -9.998911391676890137e-01
-1.479097620110187555e-02 -7.735266145296964104e-05 -9.998906085852915515e-01
-1.480865644629282205e-02 -2.508074418491220412e-05 -9.998903495697504251e-01
-1.480778238671366480e-02 2.703516289332700206e-05 -9.998903624635234744e-01
-1.478842160396588203e-02 7.893055803826420306e-05 -9.998906462478980295e-01
-1.475066450110646896e-02 1.305414458245802382e-04 -9.998911985578193828e-01
-1.469462410838230128e-02 1.818044150140081950e-04 -9.998920157033195366e-01
-1.462043586164724421e-02 2.326567154223495391e-04 -9.998930926973929045e-01
-1.452825735382694966e-02 2.830363336946970561e-04 -9.998944232901334495e-01
-1.441826805982613161e-02 3.328820679005010876e-04 -9.998960000089194278e-01
-1.429066903530251675e-02 3.821336008617528721e-04 -9.998978142044020467e-01
-1.414568258976060290e-02 4.307315721292761992e-04 -9.998998561020274733e-01
-1.398355193444685701e-02 4.786176485239141245e-04 -9.999021148587967645e-01
-1.380454080555598879e-02 5.257345931612734946e-04 -9.999045786249437517e-01
-1.360893306328547249e-02 5.720263328806446000e-04 -9.999072346101886000e-01
-1.339703226730249060e-02 6.174380240007453944e-04 -9.999100691542044395e-01
-1.316916122921396766e-02 6.619161163270550000e-04 -9.999130678009173767e-01
-1.292566154265627383e-02 7.054084153376902720e-04 -9.999162153762409799e-01
-1.266689309164654477e-02 7.478641424770528278e-04 -9.999194960688349010e-01
-1.239323353786229986e-02 7.892339934888214538e-04 -9.999228935134641949e-01
-1.210507778754012394e-02 8.294701947222963504e-04 -9.999263908765244624e-01
-1.180283743870764318e-02 8.685265573486062847e-04 -9.999299709432929451e-01
-1.148694020948571627e-02 9.063585294258772818e-04 -9.999336162064574873e-01
-1.115782934821975790e-02 9.429232457551223320e-04 -9.999373089554739469e-01
-1.081596302622031026e-02 9.781795754713500709e-04 -9.999410313663011918e-01
-1.046181371391335761e-02 1.012088167317204326e-03 -9.999447655910628230e-01
-1.009586754122039111e-02 1.044611492549332677e-03 -9.999484938471906448e-01
-9.718623643006830959e-03 1.075713885430639241e-03 -9.999521985056085693e-01
-9.330593490455096548e-03 1.105361581264606126e-03 -9.999558621775238576e-01
-8.932300209235279065e-03 1.133522751930959860e-03 -9.999594677994042558e-01
-8.524277885361990562e-03 1.160167538885117228e-03 -9.999629987157286903e-01
-8.107070859640562802e-03 1.185268083587065610e-03 -9.999664387591158388e-01
-7.681233011619182163e-03 1.208798555328605660e-03 -9.999697723274491024e-01
-7.247327033975844296e-03 1.230735176431214419e-03 -9.999729844576348281e-01
-6.805923698280109263e-03 1.251056244790163573e-03 -9.999760608956497210e-01
-6.357601113079476389e-03 1.269742153743952601e-03 -9.999789881625544830e-01
-5.902943975268794448e-03 1.286775409251571852e-03 -9.999817536161729192e-01
-5.442542815708398263e-03 1.302140644363613273e-03 -9.999843455081598442e-01
