1.801834336804145309e+01
-1.684930451949362507e+01
-1.417220550326197781e+01
-4.013466679215530242e+00
-1.232283105990827821e+01
-2.068265814976738426e+01
-2.180983147416782231e+01
-3.718925703743498445e+01
-4.881762024082483720e+01
-1.701599524629644122e+01
-1.323661783166667494e+00
-1.992478558695377799e+01
-1.692409193680266544e+00
2.062252139193151734e+01
1.853435502101632082e+01
-2.641128837059378753e+01
5.083400667953962504e+00
-3.336309694233717948e+01
-3.632328888820651258e+01
-2.492262799440165821e+01
1.274843199509131964e+01
-2.084641995847843887e+01
-3.062715413649147322e+01
-1.078423820072698369e+01
5.310691232841575271e+01
-3.637097012800646212e+01
1.326966945446441137e+01
2.557216435501996088e+01
-2.583131600927814731e+01
-2.085338147865316216e+01
1.314999560665481226e+01
3.310454129835456882e+01
2.884155950858938766e+01
3.493675766540340533e+01
-9.422184643284051475e+00
-1.397821473539475079e+01
-2.000837306442371499e+01
-1.288955991282240277e+01
-3.110727338351188820e+01
-2.776306069610575911e+00
1.183193420770320969e+01
-1.922982844681162318e+00
1.138010970205819561e+01
-3.548769197060579472e+00
1.149348692365067315e+01
-1.145635772504066097e+01
-7.167726394110816024e+00
1.946852247852115525e+01
1.791857797607740110e+01
1.343827868557572813e+01
7.034618485412022615e+00
3.829312117353188683e+01
2.273576585563823826e+01
2.365790510418150916e+01
-1.910274298673444804e+01
8.841882976350408541e+00
2.644133950525347743e+01
5.253944259041141862e+01
2.273314652423729498e+01
4.514228974721594767e+01
4.343846225685412321e+01
-1.958382615560101669e+01
2.151238558136286283e+00
1.290690553996539514e+01
6.193517179797959926e+01
1.646921542981358400e+01
-9.760738496057580704e+00
3.338138054250912745e+01
1.199213359566470771e+01
6.951671172270032173e+01
9.631684233589259847e+00
4.843126888659153195e+00
5.860983989209334943e+00
4.314994274984131550e+01
4.401280511592913314e+01
4.132006876539063001e+01
6.056497157533073050e+01
2.333040841668063337e+01
2.472240494147494694e+00
1.955917106597603983e+00
1.963103622352622324e+01
7.368472659047266005e-01
3.111748436719123134e+01
3.075660039122106504e+00
8.872050186086721624e+01
2.544973633655197531e+01
4.155967558113831473e+01
8.936854712917799759e+01
1.228267564378795242e+02
4.548640042578261955e+01
5.571150992398555957e+01
5.019682305313459381e+01
5.359968977798463641e+01
4.318035752249338088e+01
9.817640900208749599e+01
6.858402702173765420e+01
2.167060127013937532e+01
1.078144457781575767e+02
1.652997277474522377e+02
5.868098522863043343e+01
4.930699707578713742e+01
-9.700291700072735779e+00
1.539128240467388764e+02
2.707946587063331378e+01
1.669085105593232470e+02
4.805134136465901662e+01
1.616982148090033320e+02
5.888019475046404949e+01
1.068779578431378496e+02
1.108515381393989117e+02
9.868951071514013051e+01
7.935754443880509257e+01
1.691167316193614738e+02
8.675562133832083589e+01
1.212376710779338964e+02
6.787741758174787776e+01
6.976708407010177382e+01
9.640112012110425610e+01
1.677367769477016566e+02
1.687600109145956822e+02
1.604795004645494316e+02
1.321201477221032974e+02
1.677047324306611529e+02
1.678299855862171057e+02
1.692310833624204633e+02
1.703077684283085489e+02
1.681575008979758650e+02
1.629990556184534114e+02
1.679620428945878530e+02
1.704710185328665659e+02
1.685843632453975260e+02
1.682305134960078306e+02
1.662813779251760025e+02
1.705731663908269979e+02
1.595933951682740712e+02
1.683699905256196132e+02
1.361512445386569539e+02
1.680819839281425914e+02
1.635229337138025016e+02
1.585445081242323511e+02
1.641674956006351351e+02
1.654332372449885042e+02
1.728455881172272086e+02
1.643374131435495542e+02
1.678048267811333290e+02
1.649054734075523641e+02
1.703494895799955771e+02
1.705828964620972386e+02
1.698642734541560912e+02
1.710244616183450717e+02
1.724419875488113689e+02
1.714658117970175795e+02
1.641252495301198167e+02
1.657726003377935342e+02
1.694294264903675185e+02
1.645540072688394275e+02
1.656352986818984334e+02
1.723674774865129109e+02
1.695892928064277783e+02
1.675452843925313005e+02
1.701529249278711688e+02
1.277067973125224754e+01
1.663979190757810898e+02
1.660905669745968112e+02
1.638572365903476111e+02
1.689446375936212519e+02
1.625194739588224024e+02
1.686060271287990702e+02
1.694889661184932095e+02
1.698809748041813634e+02
1.687329977434143871e+02
1.690293207780501064e+02
1.704521542276617367e+02
1.698403864393478102e+02
1.633624733973753962e+02
1.696075387894473181e+02
1.705040014195432718e+02
1.721508347826800502e+02
1.714949587003048350e+02
1.708445484137304220e+02
1.723680454359882503e+02
1.595502573510300124e+02
1.678854313382568932e+02
1.712434191122173104e+02
1.694319422698281983e+02
1.715921317599891438e+02
1.700844930708290974e+02
1.698788383351751179e+02
1.728585085167976843e+02
1.731102891939328288e+02
1.725180513158660744e+02
1.674388322575007351e+02
1.726877798466839522e+02
1.709076407369134643e+02
1.718718916811735653e+02
1.682991770836337651e+02
1.688666675838853166e+02
1.725858685587256787e+02
1.700879337500200563e+02
1.713221240498823192e+02
1.701757159311634382e+02
1.639051491549740547e+02
1.696249785713113170e+02
1.724799502469966797e+02
1.727703529425542683e+02
1.683294250839721258e+02
1.722756187249779884e+02
1.742325543391112319e+02
1.700872636583121107e+02
1.741288072904656019e+02
1.725560392958612397e+02
1.669322931429375387e+02
1.675544463317328621e+02
1.707674579157707058e+02
1.695807564855826968e+02
1.697600126159512683e+02
1.726317361532851180e+02
1.721202429535962892e+02
1.666411197507321731e+02
1.684594285594667724e+02
1.703789977006349261e+02
1.677497062025732362e+02
1.595582548530101406e+02
1.670347706398205787e+02
1.672556184389602265e+02
1.708119605913675230e+02
1.674842934446399454e+02
1.667952831770371347e+02
1.714502035817950798e+02
1.742228273976539867e+02
1.690444034542731231e+02
1.697176798442663710e+02
1.686770224035499268e+02
1.725413055363174237e+02
1.713202844827762306e+02
1.729377297613266933e+02
1.727341901430111193e+02
1.724351513730881038e+02
1.680732188964293243e+02
1.736469439586980172e+02
1.691242065823730627e+02
1.681590563254539177e+02
1.695355354933850833e+02
1.661116973047959959e+02
1.706567342380691343e+02
1.721643228904356704e+02
1.714395181783347084e+02
1.728835663793952619e+02
1.721449452095457104e+02
1.674651929706687667e+02
1.712391191397830994e+02
1.708928010364454053e+02
1.708376090102809144e+02
1.727751958039458771e+02
1.704329366875956282e+02
1.668606029676128628e+02
1.689599002731979738e+02
1.722804036492366038e+02
1.670976847688513658e+02
1.735712270863548383e+02
1.693671938214321528e+02
1.649322838024781106e+02
1.673204741523754251e+02
1.732638555343655469e+02
1.703498911107213303e+02
1.685517090609664592e+02
1.705807594083157426e+02
1.732365400257706369e+02
1.735971591858439353e+02
1.722585930708390265e+02
1.638636772377498971e+02
1.677077097951020050e+02
1.717087164942334425e+02
1.697086661875818834e+02
1.695219177848813956e+02
1.725608160247493004e+02
1.739506404992724242e+02
1.718690076616524038e+02
1.721676724384606416e+02
1.735532305130012958e+02
1.739358615810859874e+02
1.583200835852946966e+02
1.599010293986204658e+02
1.697333222979893037e+02
1.668646463523351429e+02
1.728522557005623810e+02
1.689631882608010471e+02
1.703529897138051581e+02
1.723347036634913252e+02
1.737501625969211716e+02
1.727145453912372375e+02
1.713659246212367009e+02
1.705590191492460690e+02
1.668037619029962570e+02
1.716364472908090306e+02
1.720321650901703094e+02
1.712787506734137253e+02
1.726773586445499404e+02
1.711472774779780934e+02
1.729248633208945023e+02
1.727604241743035232e+02
1.680407644871772277e+02
1.733511483179569268e+02
1.736226473198661893e+02
1.651630404259826150e+02
1.724168295235453741e+02
1.740235346750318683e+02
1.745640645620678413e+02
1.654864295656340687e+02
1.742698999707033067e+02
1.734325295497187085e+02
1.719887793786834322e+02
1.720203542969501882e+02
1.727279715913226141e+02
1.735879991133383555e+02
1.733500368904722677e+02
1.703265806188750275e+02
1.721117854093070605e+02
1.723642042311522005e+02
1.714074548765613315e+02
1.727286137413307472e+02
1.641134669900293659e+02
1.707739073642878509e+02
1.686388301076715379e+02
1.737949534660117479e+02
1.651905109283161153e+02
1.731795688949586349e+02
1.738100158179157688e+02
1.735369436252159403e+02
1.679103623991478287e+02
1.683279660029864431e+02
1.708503917171494493e+02
1.744461476670410605e+02
1.650043660167342807e+02
1.720941671772234258e+02
1.726111092041873576e+02
1.729114930751418626e+02
1.733360572771097168e+02
1.730623503741005322e+02
1.725057992461470349e+02
1.742022140506512358e+02
1.613298312997007145e+02
1.691294707375659812e+02
1.730061463344190145e+02
1.729436351406410211e+02
1.731391564394145064e+02
1.713823268574361975e+02
1.732063874878035676e+02
1.722024145361544072e+02
1.709176819004700008e+02
1.726880765604970804e+02
1.691869695384745000e+02
1.669028190292718818e+02
1.743639324249720346e+02
1.733825123858677557e+02
1.729215130513529459e+02
1.706023559246600598e+02
1.703079923342618827e+02
1.672167600909193368e+02
1.671131974544482262e+02
1.704894026563855505e+02
1.499172892553122551e+02
1.689527792889672639e+02
1.731666304742625755e+02
1.616059353274770274e+02
1.724766015120070222e+02
1.676449400481561156e+02
1.741413370454658889e+02
1.727881605707742949e+02
1.716323075828832430e+02
1.731023445114090578e+02
1.716330637469888529e+02
1.689859257488442665e+02
1.681938217418265822e+02
1.713077694144854490e+02
1.723969871967126153e+02
1.661385841051539387e+02
1.708132130612422372e+02
1.724644488712754082e+02
1.737710404864240274e+02
1.689009601011298400e+02
1.705289555365316687e+02
1.735336561304057170e+02
1.743836675912194210e+02
1.703286075146797600e+02
1.667841899102028549e+02
1.727261604412516363e+02
1.734047506248278978e+02
1.635674898466363629e+02
1.731955226305013014e+02
1.694082747787170433e+02
1.724063879954455842e+02
1.696027060615713253e+02
1.747328144728782604e+02
1.743617882150676053e+02
1.717019073201554704e+02
1.697447872382468006e+02
1.739252120372358092e+02
1.720080454175766533e+02
1.716693087197905641e+02
1.721860213015357886e+02
1.712211322867024705e+02
1.720568230185981236e+02
1.672928380680561133e+02
1.728679343172251492e+02
1.711376783962322463e+02
1.714197452398549046e+02
1.743437236167436311e+02
1.738209723390670263e+02
1.736150955256624400e+02
1.725332093920272030e+02
1.703824578628155848e+02
1.720448273538491151e+02
1.732547463623989756e+02
1.719290835454937678e+02
1.717665777372452567e+02
1.709522645696142149e+02
1.725931621219209831e+02
1.740403918361995181e+02
1.734748166971818364e+02
1.717801046549421642e+02
1.703144757547821655e+02
1.672392719054045642e+02
1.682449889350816932e+02
1.737430864187469126e+02
1.743189260983229474e+02
1.618819889070466616e+02
1.705723285942687255e+02
1.745323570853020101e+02
1.722097398134966397e+02
1.743924186044160649e+02
1.746048600788580814e+02
1.724009447470457985e+02
1.747172821290067475e+02
1.713782271691632957e+02
1.726614174366123393e+02
1.738704225166437993e+02
1.723009489878816396e+02
1.737233817330128431e+02
1.747898519667133996e+02
1.719499451231529576e+02
1.625955667948762198e+02
1.669767708520345195e+02
1.694744877513418828e+02
1.714267139530863631e+02
1.728746367258434873e+02
1.717503071719424383e+02
1.745654221141932965e+02
1.722979501409025147e+02
1.743822466893200271e+02
1.674169435895661309e+02
1.736036273726445529e+02
1.728775057293925670e+02
1.731830014320323414e+02
1.736271894605442014e+02
1.737316078163148916e+02
1.691284819485261721e+02
1.737655651978411129e+02
1.695438729017983235e+02
1.688484539408539433e+02
1.681001598487461308e+02
1.692956130703738324e+02
1.729998749814907342e+02
1.709557296753549167e+02
1.698273571119326277e+02
1.694420718515705175e+02
1.728142768464672372e+02
1.711189656003769812e+02
1.738928029404555957e+02
1.707027262600795154e+02
1.669837159490235763e+02
1.692313052992611517e+02
1.718774736746343308e+02
1.698585263110516337e+02
1.709796889681562675e+02
1.741233228622563445e+02
1.738658227698770133e+02
1.702927063032167609e+02
1.739111806733570518e+02
1.676560185763247830e+02
1.734195776817834940e+02
1.626407780537620624e+02
1.737702045257065606e+02
1.734007840582722508e+02
1.726408331318029070e+02
1.749432018855362116e+02
1.693281538308803249e+02
1.703555546867087855e+02
1.705826590388487034e+02
1.666291876695962912e+02
1.744284727772159727e+02
1.743056026090041257e+02
1.710092382608538060e+02
1.729927255178999985e+02
1.731952477919685123e+02
1.719494699725262308e+02
1.730909204957587519e+02
1.743644011752135441e+02
1.710904330020609052e+02
1.705236408425429033e+02
1.748194573812801593e+02
1.698388692912113527e+02
1.736600944035289160e+02
1.701141314966512539e+02
1.746310936649671532e+02
1.680441032856651020e+02
1.711710597599821426e+02
1.725872550497611826e+02
1.732473544569805881e+02
1.694526582840259152e+02
1.735889129981482597e+02
1.742570267147604852e+02
1.731836113290354433e+02
1.739840851371572796e+02
1.740732299671512067e+02
1.693657431909227853e+02
1.714562887128824684e+02
1.737824407568666061e+02
1.722918692460672503e+02
1.697688538853296052e+02
1.728963240234800764e+02
1.670037052786891536e+02
1.705995330007657174e+02
1.693937690803065266e+02
1.739818345492664378e+02
1.701975609653315757e+02
1.632465585541615667e+02
1.713538428426778921e+02
1.721049946357146894e+02
1.735145114934321384e+02
1.716407349539818767e+02
1.705771280335382016e+02
1.590629645813956756e+02
1.723698387688208982e+02
1.689559134721708347e+02
1.698581875987428020e+02
1.730269979489754917e+02
1.718317391645476562e+02
1.731404128839700149e+02
1.732913609623378761e+02
1.740884942643740203e+02
1.714277311718972783e+02
1.583467737868210747e+02
1.720908883369087050e+02
1.684708850385741243e+02
1.728777968167561312e+02
1.695285122987610578e+02
1.731287294957935785e+02
1.741717762957318030e+02
1.685365509617484463e+02
1.709274961548401279e+02
1.732888871242348046e+02
1.720707155110785038e+02
1.731951418859845262e+02
1.743245481137808497e+02
1.727527073482167737e+02
1.707094699296060583e+02
1.714477589498149541e+02
1.696902663985613060e+02
1.660082229958151459e+02
1.711161753958149347e+02
1.714114673619294251e+02
1.736362295795331079e+02
1.732064174665380847e+02
1.730081075839559048e+02
1.699951501753980949e+02
1.671776789087402335e+02
1.726260926071038284e+02
1.727959659931761962e+02
1.734268352715049559e+02
1.727660594956955435e+02
1.733684342430105687e+02
1.745254775303390034e+02
1.723474259913931519e+02
1.737221602430875009e+02
1.711337089356089791e+02
1.727412372220277632e+02
1.729892897044109077e+02
1.731703468477116985e+02
1.605002867443740797e+02
1.740152012102254844e+02
1.694118106500001204e+02
1.422307342595097737e+02
1.740001070033836186e+02
1.742480077575968949e+02
1.663804830828124182e+02
1.743312359760172683e+02
1.620335736721142155e+02
1.659597567372787807e+02
1.705058671124302236e+02
1.712143008798609287e+02
1.732296238453135118e+02
1.720661586100343072e+02
1.746049185231291858e+02
1.744039265792844446e+02
1.743734901345073069e+02
1.741917640201520783e+02
1.693616609652919749e+02
1.741716641855086039e+02
1.735937659551456136e+02
1.731884011871898110e+02
1.656537981688590264e+02
1.745361289363872004e+02
1.731733984493272942e+02
1.716825620452866019e+02
1.693008338885930186e+02
1.652692952775068136e+02
1.674062990226385637e+02
1.701997105701977944e+02
1.734946951378310587e+02
1.698555237285321198e+02
1.592851300828605190e+02
1.680597583281167715e+02
1.724328767244989251e+02
1.703856723757569966e+02
1.727186812551107096e+02
1.707407387449824512e+02
1.699666080280755409e+02
1.725673670235051134e+02
1.704093488559127536e+02
1.696796838072719424e+02
1.712361949357881770e+02
1.720344325664122209e+02
1.734709987551765096e+02
1.700319775215248512e+02
1.664223166634646986e+02
1.734206547481153677e+02
1.722333151697878577e+02
1.721350388425318840e+02
1.720685126399727665e+02
1.719891076209234200e+02
1.677948704229362988e+02
1.747716811330753615e+02
1.711468685358721302e+02
1.725207413067642221e+02
1.737782439500761598e+02
1.741219904278716228e+02
1.680411883177731056e+02
1.739202012286474712e+02
1.687103822024531041e+02
1.684575688203733819e+02
1.607345880138297787e+02
1.730356015104038647e+02
1.738502214893427436e+02
1.744399495207409814e+02
1.716101894776447239e+02
1.737670094613921208e+02
1.714233486447515702e+02
1.736670710693859405e+02
1.726577824412478606e+02
1.689095354779463207e+02
1.710678475726159604e+02
1.739892385436584448e+02
1.717613966735540032e+02
1.722960019219543142e+02
1.731713994702568016e+02
1.698756941947643213e+02
1.716368708424654699e+02
1.710646715981123407e+02
1.731977411716790414e+02
1.733754250664335359e+02
1.733446742772993332e+02
1.729427986930847965e+02
1.741852668830226492e+02
1.739634846973095534e+02
1.728966166351815161e+02
1.741004760441659585e+02
1.722049969248639911e+02
1.745588507105740064e+02
1.743511502664071315e+02
1.694999743101520551e+02
1.741331269835438889e+02
1.727976356125155917e+02
1.707346285629822091e+02
1.740302373985919644e+02
1.704459476635283863e+02
1.698863192805424944e+02
1.730255045321647458e+02
1.726293080929391124e+02
1.724312555397010271e+02
1.721171704826994926e+02
1.691334380551457173e+02
1.650486454223029398e+02
1.741401478619609406e+02
1.667028207855955770e+02
1.722163911212774963e+02
1.702540754716713423e+02
1.740080682668701968e+02
1.715593297866105047e+02
1.737450245587653228e+02
1.704343906994131430e+02
1.726540251658409773e+02
1.731997676211299790e+02
1.741149778007045938e+02
1.738390270833757540e+02
1.732992994032103411e+02
1.747411971662965016e+02
1.734414146977750875e+02
1.650155500848925954e+02
1.746958642828001871e+02
1.747497324754154420e+02
1.708207085327451011e+02
1.591858667888315608e+02
1.747252052237319617e+02
1.743733401611296472e+02
1.734784133532166095e+02
1.683758200034761501e+02
1.747165080199751799e+02
1.741890674307367703e+02
1.735994409531739961e+02
1.731661137003221143e+02
1.744766139520128831e+02
1.725531976497430549e+02
1.728165631213115319e+02
1.702377955653524566e+02
1.720700393342663972e+02
1.730329939268268902e+02
1.741010711605988774e+02
1.636269559331267089e+02
1.680670630584038747e+02
1.735428050565894296e+02
1.702920234964534245e+02
1.745439756219039964e+02
1.691752316587637210e+02
1.737879338008849572e+02
1.682166823313730504e+02
1.721127875314670916e+02
1.705751044188212688e+02
1.684404408010648240e+02
1.732278928556905555e+02
1.705016169016691094e+02
1.692987224876184769e+02
1.700399773068242837e+02
1.682516119519088136e+02
1.721726979341278820e+02
1.701023001901652378e+02
1.728407068327312572e+02
1.683550901382382676e+02
1.729307263520531990e+02
1.714519304564522315e+02
1.723699497685775839e+02
1.663010412056873975e+02
1.694232506041964257e+02
1.733569504984002094e+02
1.663976403080589250e+02
1.699098680025996657e+02
1.743205461093068038e+02
1.716731522066599211e+02
1.703722291751989815e+02
1.729652242150040422e+02
1.718950232739413480e+02
1.724025065648526436e+02
1.727810078055886436e+02
1.665965390040845762e+02
1.730558132802860314e+02
1.675636404325256592e+02
1.723481930046102093e+02
1.697732400634709791e+02
1.712392205069449176e+02
1.726753639964011313e+02
1.709781049749956026e+02
1.705819461104057950e+02
1.705665647839078360e+02
1.697982161272674091e+02
1.723618600265272391e+02
1.724196911274752608e+02
1.698740218191480267e+02
1.705671720383130037e+02
1.745423826580546063e+02
1.731652770709807498e+02
1.702330785212451474e+02
1.662605309154919553e+02
1.716783192783609309e+02
1.742898395196341141e+02
1.730387452472878635e+02
1.711839268195217016e+02
1.722111250722985005e+02
1.717470415641196269e+02
1.691843306955702815e+02
1.671306156087546242e+02
1.656169032821390772e+02
1.690197588026949234e+02
1.632362279295811049e+02
1.649611298051770802e+02
1.693308000715970536e+02
1.699090163340343054e+02
1.648914719952239523e+02
1.646994972526628374e+02
1.650169371340585087e+02
1.658073146199870678e+02
1.682998372602025654e+02
1.621539448464063184e+02
1.685708468055356377e+02
1.695851634899502187e+02
1.653175349078069019e+02
1.683350121304459037e+02
1.684524872398005186e+02
1.683625975562471240e+02
1.667270747375242195e+02
1.694637934975739313e+02
1.686621708133266679e+02
1.681204664666466897e+02
1.726906656338097434e+02
1.719445947830091939e+02
1.725119414858619962e+02
1.676450971428788819e+02
1.733183719279760453e+02
1.709049474416236194e+02
1.715773349919824113e+02
1.702669844730787077e+02
1.718048183011047740e+02
1.706646505464778443e+02
1.716043640960608343e+02
1.733819440999510846e+02
1.688819378094831620e+02
1.629712374576650120e+02
1.717980794031123253e+02
1.736190385294202088e+02
1.727652584277016956e+02
1.741087322338755143e+02
1.680594629622899276e+02
1.715779547555329714e+02
1.677246396161365283e+02
1.686113297655994359e+02
1.719704284620882220e+02
1.632970693141684535e+02
1.638299517146268443e+02
1.654906948742991517e+02
1.702800365211138569e+02
1.708582209861594094e+02
1.712521346848141377e+02
1.668934312928340375e+02
1.662599550141805196e+02
1.714951367208695672e+02
1.721652632460377390e+02
1.700282484613128986e+02
1.699244068792743576e+02
1.679209762815572446e+02
1.708850844365505566e+02
1.710106701665202706e+02
1.718791337133240802e+02
1.698082719525631887e+02
1.718718330283273019e+02
1.549600944899312935e+02
1.725462265326180784e+02
1.726851151817940888e+02
1.647854865682396053e+02
1.725800463069070929e+02
1.721269652605778333e+02
1.702897487226889837e+02
1.711929082961666495e+02
1.723956358700467888e+02
1.721912873194557676e+02
1.704904002664980567e+02
1.724108740676091713e+02
1.684051973462727858e+02
1.725881493974886780e+02
1.727932233466204650e+02
1.702584166841260185e+02
1.647726725100058331e+02
1.671994977331139012e+02
1.713218076112898416e+02
1.742093443837507323e+02
1.699289280504475528e+02
1.641565896387250802e+02
1.733637228888484003e+02
1.728663540419659626e+02
1.727326617151225605e+02
1.722081317769082318e+02
1.730825773683344835e+02
1.701215739080981280e+02
1.720184115166882179e+02
1.725303059151667924e+02
1.722602222654412856e+02
1.731727259753356805e+02
1.671167744380722411e+02
1.741186623075830937e+02
1.725213697494381222e+02
1.707620689498191666e+02
1.702119090035067472e+02
1.742928613183764810e+02
1.676861064000257215e+02
1.715404507782723442e+02
1.686499069481674553e+02
1.722425307237009804e+02
1.698956894711874668e+02
1.713181951466909254e+02
1.721612782160439679e+02
1.670397817587607960e+02
1.691230739090874522e+02
1.715776243489070225e+02
1.658113699797254981e+02
1.695490858213958063e+02
1.728743821606807956e+02
1.692703770877700435e+02
1.711844342742642198e+02
1.732108747103846156e+02
1.734689068466707056e+02
1.697884346293947999e+02
1.732484923984141574e+02
1.722276141731568089e+02
1.708969026263293358e+02
1.714383505619616983e+02
1.722172533977693547e+02
1.733651620826259148e+02
1.724705712330580525e+02
1.718032093179128026e+02
1.721170369351359000e+02
1.714128448008306691e+02
1.719111329870121665e+02
1.680167533552637735e+02
1.729236252144519597e+02
1.695394832570190715e+02
1.713131647175183900e+02
1.723768728332360354e+02
1.698365074626079547e+02
1.687644479958637191e+02
1.707320713188617560e+02
1.693060370329679074e+02
1.701631657877448731e+02
1.729525184741171415e+02
1.700140611719074855e+02
1.685931111065910386e+02
1.739636002263106889e+02
1.704256462611284633e+02
1.704745252017112875e+02
1.711769568619969561e+02
1.715332781312197312e+02
1.726571580757580477e+02
1.679139945649175445e+02
1.726841704424347483e+02
1.729964152361489482e+02
1.701950772206510294e+02
1.735815225041494614e+02
1.717569091726549289e+02
1.718777117157191014e+02
1.733930870537012368e+02
1.697693040261781050e+02
1.727482576290213103e+02
1.722171640739503857e+02
1.691506776711365205e+02
1.698796518662182677e+02
1.744099904904995526e+02
1.679332880020774041e+02
1.742354332694737309e+02
1.741756939135042330e+02
1.732425156858452624e+02
1.730977519084393350e+02
1.650460755123530134e+02
1.686041289891662416e+02
1.713215670563015465e+02
1.699672113809836560e+02
1.688674044178972622e+02
1.730812206753315365e+02
1.733599256139611668e+02
1.726471200623044524e+02
1.721131701358680175e+02
1.727019539612866765e+02
1.706215051813233288e+02
1.636761131685378530e+02
1.702747839576142894e+02
1.727101679761029516e+02
1.708489077233726050e+02
1.691084248268556678e+02
1.719018204392800726e+02
1.694389034535640803e+02
1.733987491984857172e+02
1.721409453119752584e+02
1.718117067773148960e+02
1.732453388783530954e+02
1.723526519237894092e+02
1.710825983201424378e+02
1.685180859578256616e+02
1.678512686990910368e+02
1.695807839882050700e+02
1.717577404643426178e+02
1.733798004322690645e+02
1.727597211967980400e+02
1.728251219563981067e+02
1.716785498580545664e+02
1.717508907573491115e+02
1.703452286491665859e+02
1.670749413500355729e+02
1.733372924919329705e+02
1.706337572496423718e+02
1.746099896151404209e+02
1.688760366448793491e+02
1.721448761109164991e+02
1.715408099732553353e+02
1.741278928784469713e+02
1.711801929515143854e+02
1.727904137595112957e+02
1.727981127840003808e+02
1.705793406907249050e+02
1.719338802202928491e+02
1.713155580830932934e+02
1.741355259252723897e+02
1.725141025613204135e+02
1.734157233330442409e+02
1.718009171453493877e+02
1.712577955908632248e+02
1.710625159605338865e+02
1.732311129129902838e+02
1.735718603198691312e+02
1.706232277724196820e+02
1.709848884074221758e+02
1.720666872015695787e+02
1.727160959739614725e+02
1.658862460371447014e+02
1.725915868804440265e+02
1.726208429374326840e+02
1.700044678366487574e+02
1.679570870990680760e+02
1.704268034350467076e+02
1.694824364429310890e+02
1.722432632245569266e+02
1.726290743600166024e+02
1.712960885883314290e+02
1.724936755413240519e+02
1.709385559458341959e+02
1.684744058865070997e+02
1.728044554372888513e+02
1.691669783277882857e+02
1.682272678980743876e+02
1.726448831626963454e+02
1.651466242749060029e+02
1.733469151496208838e+02
1.690598804527571701e+02
1.721340255828280306e+02
1.638230124961019953e+02
1.709173917049738520e+02
1.721861550511015366e+02
1.742918371680191285e+02
1.714859668068999099e+02
1.734731802671568062e+02
1.731128018138516893e+02
1.726035773687082724e+02
1.722290314699595228e+02
1.726364061169070112e+02
1.730934332355679715e+02
1.733170342718580912e+02
1.713150587674814176e+02
1.727627667662896442e+02
1.733132783657719926e+02
1.725966767259820074e+02
1.700548649362424385e+02
1.701626469366322283e+02
1.689505525869838607e+02
1.745497484075368106e+02
1.658201719810599570e+02
1.735740355793636240e+02
1.723691619979326788e+02
1.716281321294639497e+02
1.743412607991656955e+02
1.729377898486980314e+02
1.729219728399705218e+02
1.688843186440300030e+02
1.697834430915393398e+02
1.704830582817393463e+02
1.679440855395596373e+02
1.636054500638832110e+02
1.728530872900203974e+02
1.689823062721552560e+02
1.638686577167240443e+02
1.724087717780256810e+02
1.736941079281629925e+02
1.720744444536054800e+02
1.720664814386875605e+02
1.709479077448675923e+02
1.744728312648402664e+02
1.738538766254647214e+02
1.743571000851106305e+02
1.737456960209497652e+02
1.731039649163274703e+02
1.735516111599108910e+02
1.747575788803115415e+02
1.741602177564641352e+02
1.731904921011356180e+02
1.733249779527105261e+02
1.723906285867696226e+02
1.704332933310838030e+02
1.710224030320920576e+02
1.713430111167572250e+02
1.713806800738057063e+02
1.702940689249999764e+02
1.715667788913512197e+02
1.705333043145741954e+02
1.746690765666052982e+02
1.693496129189716726e+02
1.727567383910247827e+02
1.719091160925619306e+02
1.721347408242658616e+02
1.700562205986852291e+02
1.688806039233220702e+02
1.696438722984977403e+02
1.711562848806067052e+02
1.742258643946761651e+02
1.731354587746884306e+02
1.700735897233381877e+02
1.743600053589625247e+02
1.694075396934607909e+02
1.718909709535907098e+02
1.708162616338484270e+02
1.738993185779434043e+02
1.744457824550707983e+02
1.749108949825375703e+02
1.723601914704215687e+02
1.735880512655559187e+02
1.729830550318715154e+02
1.729889515713706487e+02
1.737520106164655829e+02
1.676126094198829719e+02
1.696368847648936367e+02
1.740048749425404537e+02
1.742722942581973200e+02
1.739097480628235814e+02
1.712302308193334284e+02
1.733616537116755865e+02
1.737829666272258464e+02
1.745503175907217610e+02
1.705672897377755248e+02
1.732582942460360300e+02
1.744313341847019672e+02
1.721003365770605171e+02
1.718361351132659536e+02
1.726666084436066910e+02
1.742753181173625308e+02
1.724502589697621602e+02
1.735491338972977076e+02
1.709168914608208070e+02
1.720410607061747328e+02
1.655480014256902450e+02
1.732623788813062333e+02
1.742978632355005573e+02
1.735178156468245447e+02
1.706053293653680214e+02
1.699202999784601786e+02
1.597870604438953706e+02
1.744734223110475568e+02
1.646914685524685353e+02
1.705772724546794166e+02
1.721162406252721553e+02
1.739419641156662237e+02
1.738841896337978596e+02
1.703945958842578534e+02
1.716241695259259643e+02
1.740715496061932299e+02
1.727169430261071170e+02
1.709332274685108075e+02
1.719847732247560259e+02
1.672838916018069426e+02
1.735392380498071532e+02
1.712954280794915576e+02
1.707915529540483703e+02
1.720094591354281022e+02
1.707653132663410247e+02
1.671581693489399072e+02
1.672033906216903745e+02
1.701328795929661339e+02
1.691188678639787497e+02
1.735085351157846105e+02
1.650687437173888270e+02
1.699144101057092655e+02
1.702486837420723589e+02
1.725028821751265014e+02
1.692491664441655246e+02
1.679124904548000643e+02
1.726853904018162211e+02
1.725282869132001906e+02
1.732650119307574244e+02
1.707986197277682265e+02
1.709884952632361603e+02
1.728267562613452242e+02
1.726517110369386785e+02
1.695777982551146295e+02
1.710595184282629191e+02
1.677228232553849239e+02
1.726008401607380165e+02
1.712700398519826592e+02
1.728051007949442521e+02
1.736470944777500449e+02
1.654789831885709361e+02
1.714559884934274976e+02
1.749434284293893995e+02
1.699697312450390996e+02
1.728854641420452936e+02
1.733143970130825267e+02
1.663755418979934859e+02
1.742807093609172284e+02
1.689791511336847520e+02
1.722372593205973885e+02
1.734557059229058211e+02
1.739709839704720480e+02
1.735100807346817646e+02
1.717115879226587936e+02
1.712962558559447359e+02
1.736148395948767984e+02
1.717843064183294359e+02
1.727677691096795058e+02
1.724178406504571512e+02
1.720487148487644333e+02
1.707793830411420117e+02
1.722487312033785258e+02
1.727515800531633090e+02
1.714292815148827458e+02
1.742241146299438981e+02
1.742086804171206893e+02
1.639998843216200157e+02
1.717661763298442850e+02
1.728341173339354668e+02
1.686834750006324555e+02
1.722793560082132558e+02
1.740881695617363789e+02
1.683604803945319190e+02
1.721294920740040766e+02
1.733509541270823320e+02
1.722196603991852157e+02
1.740924464950772403e+02
1.720587690427036875e+02
1.703032799547980289e+02
1.719546099385131868e+02
1.705674783619331549e+02
1.721820978487548643e+02
1.716433440995072033e+02
1.741266167781445233e+02
1.740821898901704117e+02
1.678354688784787356e+02
1.734587944970566298e+02
1.721563992487851351e+02
1.684711262639337690e+02
1.738852928665359912e+02
1.735145603518636506e+02
1.708941170119265109e+02
1.734871911285905810e+02
1.723377429037260242e+02
1.697690237736513268e+02
1.699461125649646078e+02
1.724210440225402579e+02
1.738429213363750705e+02
1.730212461657241363e+02
1.721820575842878327e+02
1.714423163688393572e+02
1.730814526317505226e+02
1.720162410958876649e+02
1.714791681892513111e+02
1.717889943351723048e+02
1.695865813492637812e+02
1.697848633947580197e+02
1.740707787305206864e+02
1.703855354737451364e+02
1.682941201380495500e+02
1.653273812880988487e+02
1.742276884827381309e+02
1.720689512677263622e+02
1.671167737517794194e+02
1.735734452460605155e+02
1.702518399128931890e+02
1.707229630577902810e+02
1.744771467419002988e+02
1.677605626479552257e+02
1.734070265640706623e+02
1.670835789948953902e+02
1.741646072708182089e+02
1.738287105406125193e+02
1.685264397968620074e+02
1.652027317456133630e+02
1.736499231513919312e+02
1.743451419444381543e+02
1.728462488073681982e+02
1.743906845241174040e+02
1.738574857514738312e+02
1.745931332530798556e+02
1.732914553245143452e+02
1.715096710902380721e+02
1.750756284017953135e+02
1.735339816373551685e+02
1.744474854627406444e+02
1.715186469097643851e+02
1.661500565582144588e+02
1.727861562790066898e+02
1.687334333462896723e+02
1.674101866271928998e+02
1.744286585353301859e+02
1.685640458676775495e+02
1.732620784029085712e+02
1.733853773235800872e+02
1.719886301452043256e+02
1.751108959161491327e+02
1.724567279419878503e+02
1.736170201288498447e+02
1.742853960694058912e+02
1.678454711706490059e+02
1.728399804520560110e+02
1.738677714900539968e+02
1.707220143069731080e+02
1.731904885979402025e+02
1.714988740305702777e+02
1.728037854223864827e+02
1.666079076603808460e+02
1.694461776176097487e+02
1.706738571819520303e+02
1.724307740550623294e+02
1.694112150679661397e+02
1.741394563213279412e+02
1.658700516645820642e+02
1.631711049353857561e+02
1.704455440438880487e+02
1.692636687953725243e+02
1.639714729508673088e+02
1.722161021669803631e+02
1.738914995558045291e+02
1.738079183351950121e+02
1.725040038600272112e+02
1.700144225762334145e+02
1.667724316209369420e+02
1.747850943135111379e+02
1.711100541023274957e+02
1.673219148968704246e+02
1.660997267872090788e+02
1.722333738448362226e+02
1.734046789943093927e+02
1.723008222621424466e+02
1.662226232613310799e+02
1.746632848826376971e+02
1.725091480956655801e+02
1.722350142172078620e+02
1.691046316790138917e+02
1.710986167561659954e+02
1.717544067825772345e+02
1.744786198482975976e+02
1.668497669726318691e+02
1.743505207578074874e+02
1.745182698720464600e+02
1.731398371683669382e+02
1.724677748947305815e+02
1.715704356829610902e+02
1.719712445337435724e+02
1.679866005796839374e+02
1.729737394869873128e+02
1.745305549080962066e+02
1.742171177864143488e+02
1.707381362388066179e+02
1.728988435589573101e+02
1.730656717704457037e+02
1.728183032257403511e+02
1.741262032354007658e+02
1.731858687074598322e+02
1.716229998547111109e+02
1.712956698399226241e+02
1.742978245603836740e+02
1.720183923530467780e+02
1.697883271090497317e+02
1.712259678890453074e+02
1.703792794990253867e+02
1.722809813389054625e+02
1.724134230127647527e+02
1.673046561537272225e+02
1.736041927204563535e+02
1.721335014703945774e+02
1.725902088566801353e+02
1.738402025513880176e+02
1.730087315825902863e+02
1.724506054684896412e+02
1.721952629903354079e+02
1.695039931014193826e+02
1.712199449946058962e+02
1.738604812876555172e+02
1.607710075860929635e+02
1.736592616341569908e+02
1.722373203696424468e+02
1.652489001423566037e+02
1.680990835324301145e+02
1.704444990837360479e+02
1.658522163581752409e+02
1.671665022449123796e+02
1.712071937708411156e+02
1.697713089414977787e+02
1.724111647955202784e+02
1.712036556113004337e+02
1.725411664868226467e+02
1.686876580877099343e+02
1.705669347691449502e+02
1.676683277350274182e+02
1.710727775579771333e+02
1.620452845512154738e+02
1.717418352741188414e+02
1.720997186538108394e+02
1.650615009119156866e+02
1.706918561530235365e+02
1.716005983184295474e+02
1.690685376743001598e+02
1.697977676988367080e+02
1.625363037986609243e+02
1.704745187500950294e+02
1.740337066995516864e+02
1.724502692625714246e+02
1.742897333651501697e+02
1.696390922991506898e+02
1.726643941234153772e+02
1.688129566095784639e+02
1.716667234578329442e+02
1.678050112104370157e+02
1.702424212074625132e+02
1.750269565030387184e+02
1.728318093211839255e+02
1.648803353220886549e+02
1.701043242138538574e+02
1.734181670315755639e+02
1.732602095424358311e+02
1.688397538692777005e+02
1.720662084633313498e+02
1.669512076279352470e+02
1.689550649623267304e+02
1.729684934824746563e+02
1.719456864471656843e+02
1.722252769805426169e+02
1.736276058953612278e+02
1.737554500388268934e+02
1.699412659627100481e+02
1.688459926757668370e+02
1.675549684717114474e+02
1.632386640883088091e+02
1.728053895210848054e+02
1.744619167870950491e+02
1.731125961548189878e+02
1.656741348535636860e+02
1.709814439405166979e+02
1.742396046930005298e+02
1.736872973788528611e+02
1.736047298323628638e+02
1.713691226605334919e+02
1.700149868482894249e+02
1.739309751614391075e+02
1.671117191182511306e+02
1.739695113057099150e+02
1.704959455830521620e+02
1.713976031782196401e+02
1.682929598765834669e+02
1.709840153739264110e+02
1.735942177092985901e+02
1.750762325492233629e+02
1.713284145103741878e+02
1.590474078555373296e+02
1.729331428062398288e+02
1.742638302899246128e+02
1.741701935877284484e+02
1.711224799004800445e+02
1.726042544441565383e+02
1.730950403531098516e+02
1.690052157165534368e+02
1.674950127088316663e+02
1.712047946467575059e+02
1.713204221437738966e+02
1.694902694577205580e+02
1.704674312520970432e+02
1.700437796071227012e+02
1.654935259464688215e+02
1.742007662483759702e+02
1.714904057638854908e+02
1.744971506749340620e+02
1.735887711542492013e+02
1.695679749130515290e+02
1.705371776337201766e+02
1.707341940508193829e+02
1.659382648015078701e+02
1.683119616738442801e+02
1.683230474909361760e+02
1.675278180957735970e+02
1.717316208253003538e+02
1.707926310465233826e+02
1.700186087018578007e+02
1.696088544001687808e+02
1.690112551998758192e+02
1.699850905271248109e+02
1.669882991824828480e+02
1.712020866257420835e+02
1.676552440701499052e+02
1.494215986343531029e+02
1.690297028879978143e+02
1.710650545463855394e+02
1.709522723657208587e+02
1.712136493405978968e+02
1.749075125369960233e+02
1.719195914928793911e+02
1.739016089431808609e+02
1.734902815654057804e+02
1.733502372595049508e+02
1.699100057551212046e+02
1.687088909162319226e+02
1.731297447238833911e+02
1.739059467688966834e+02
1.738220944655155620e+02
1.703380743916000029e+02
1.702927803031971337e+02
1.731410308440329402e+02
1.688230078216698473e+02
1.721520195513011799e+02
1.742180523660303493e+02
1.742154290757804347e+02
1.731656550504438599e+02
1.725430341832580154e+02
1.658526502706545500e+02
1.741796031477398685e+02
1.724017664009647035e+02
1.700377411635900842e+02
1.745077253752532158e+02
1.705408139934421854e+02
1.712566744721856651e+02
1.739365126782214475e+02
1.677865264695786891e+02
1.720288549213887848e+02
1.701550553765963514e+02
1.745239859464130063e+02
1.723183776651567314e+02
1.706892465021804242e+02
1.726886260070236574e+02
1.722307841532817747e+02
1.721978111571780516e+02
1.727647537081848839e+02
1.667067215144975307e+02
1.734298831302669441e+02
1.701562670526930674e+02
1.707101585697468806e+02
1.667797064160094749e+02
1.716122791248496071e+02
1.728270722597095244e+02
1.720126477393387461e+02
1.729478006777923724e+02
1.714109849254498386e+02
1.677520612178878991e+02
1.641538415252744869e+02
1.719776542743281595e+02
1.712343520355886426e+02
1.717643277908189532e+02
1.721215758370555591e+02
1.730663545236308778e+02
1.720574905696201142e+02
1.684439871406725047e+02
1.719256342921364364e+02
1.661255000306137219e+02
1.698819463395576008e+02
1.734659496843469242e+02
1.741869372472854991e+02
1.743879257989980545e+02
1.694165159622390036e+02
1.726126831903264929e+02
1.709318891693673095e+02
1.719469443113021327e+02
1.631437250607756653e+02
1.707827117229417127e+02
1.628760314178616682e+02
1.734737958989822744e+02
1.668764271986239862e+02
1.716780258948741675e+02
1.717473837722102701e+02
1.746299169635436215e+02
1.715240369551418951e+02
1.664832654722462166e+02
1.739426497741625894e+02
1.709990731494055751e+02
1.657567757663980785e+02
1.704496085872043238e+02
1.719511006988527129e+02
1.729119013109781235e+02
1.718695525971644145e+02
1.660187729780126631e+02
1.717790810400366013e+02
1.732820099865900261e+02
1.744441865021525473e+02
1.717031963452124330e+02
1.705558967494786202e+02
1.743021045705862377e+02
1.692785215307680176e+02
1.713595936259355312e+02
1.689245904958781068e+02
1.717603286941904059e+02
1.735320159919717753e+02
1.714980300719794286e+02
1.720307965496736813e+02
1.733020448639908295e+02
1.726605336111502425e+02
1.707706108777063321e+02
1.721515384511584443e+02
1.731903442147293219e+02
1.733884606122217917e+02
1.686880385442545389e+02
1.704466780007308557e+02
1.722256876503832927e+02
1.719450463432823426e+02
1.710521197888636777e+02
1.684456411748834341e+02
1.734795783004221050e+02
1.726826105591030966e+02
1.745036793524284064e+02
1.701682680582001979e+02
1.722862034940537797e+02
1.715654675878164142e+02
1.739233776195900134e+02
1.739972603583213981e+02
1.748126654831255848e+02
1.734589422184855891e+02
1.618354428875321673e+02
1.675670358895870038e+02
1.700900602866518909e+02
1.713081169513152133e+02
1.690718121180014180e+02
1.727499721011475344e+02
1.734415266440865935e+02
1.720387156152269483e+02
1.735843558120584760e+02
1.660939821844779658e+02
1.735670038279150162e+02
1.725029852382964748e+02
1.721149627156846691e+02
1.674010072802402931e+02
1.744945237110174219e+02
1.724243494388641977e+02
1.716448705883519779e+02
1.741261757477190031e+02
1.721660884079294931e+02
1.700520154126454031e+02
1.668603017894830884e+02
1.695137834825549135e+02
1.744909402037452821e+02
1.737117245497637725e+02
1.674252279782735400e+02
1.719190190564200122e+02
1.711178070544258958e+02
1.737595507956517622e+02
1.740757291072947908e+02
1.688305423590485077e+02
1.671800419467199390e+02
1.688395808555780206e+02
1.726468751349312356e+02
1.736389700678460883e+02
1.659182437142879394e+02
1.737888934776629242e+02
1.687309643901916445e+02
1.733733440679135640e+02
1.735344018342227059e+02
1.734274825178638935e+02
1.739747918530472361e+02
1.719425386831666174e+02
1.744720251694167814e+02
1.725181024688252194e+02
1.693771960469144631e+02
1.720634861856881344e+02
1.734202259621404494e+02
1.738217184232538557e+02
1.705262070638572993e+02
1.720760215941559750e+02
1.655897161767662737e+02
1.742015647085457886e+02
1.724896832605296311e+02
1.741197497432386854e+02
1.642234853848986234e+02
1.740283252055161256e+02
1.717531961662372737e+02
1.711824634263770406e+02
1.701764589998827262e+02
1.647313584911634052e+02
1.709048016931930078e+02
1.729818020126184308e+02
1.696244296922507715e+02
1.680187804404259850e+02
1.702753065397827754e+02
1.722639702066718996e+02
1.701365388480483034e+02
1.726087518785233499e+02
1.721596652958113509e+02
1.691298123838909930e+02
1.733697598338432613e+02
1.740053031087022646e+02
1.720575983612339428e+02
1.720914492934315945e+02
1.733349745758386860e+02
1.696079409996376626e+02
1.723460631266098062e+02
1.694245045052929868e+02
1.737435837284043600e+02
1.737219791568360279e+02
1.677627295003193240e+02
1.724901387768682071e+02
1.736388269236130100e+02
1.747606951431127698e+02
1.716832947365628570e+02
1.742721834183760450e+02
1.740610010167148118e+02
1.707994299857211900e+02
1.738453833614989605e+02
1.743402559416673512e+02
1.730979193512137897e+02
1.714775343249638695e+02
1.721886577764040567e+02
1.747426850769160467e+02
1.732027852595248305e+02
1.743861965414642725e+02
1.737056608520043994e+02
1.632057839223973303e+02
1.743851321483592187e+02
1.692276407624577814e+02
1.729953756644456746e+02
1.684719511456948737e+02
1.726072927177273755e+02
1.734546194025371619e+02
1.546498276267962524e+02
1.668293462423923472e+02
1.661456138771256690e+02
1.723032984747167120e+02
1.724990949528462636e+02
1.692508329667191163e+02
1.646774899388902611e+02
1.726871799140700148e+02
1.719430629974041835e+02
1.733262064419143940e+02
1.718087145075014632e+02
1.735062674709756152e+02
1.729026134641723615e+02
1.689359610335046398e+02
1.723929153666899197e+02
1.663482919223604597e+02
1.739062975514340508e+02
1.745583382483072228e+02
1.742428552044189587e+02
1.739259957909063132e+02
1.732048176791385004e+02
1.702835113104013374e+02
1.719892556508409598e+02
1.743014294259886015e+02
1.739713680621497929e+02
1.744519154105963992e+02
1.744447944154153163e+02
1.735839737596349153e+02
1.747413335109507102e+02
1.738645484910711900e+02
1.730717032859698179e+02
1.739823254433971726e+02
1.744119950794491842e+02
1.723396096308772769e+02
1.699352998038477836e+02
1.708773821278181231e+02
1.695630079141718625e+02
1.705197335334729587e+02
1.706774980559014523e+02
1.708498611986668152e+02
1.738921691433278909e+02
1.742282295253702671e+02
1.740368853722181939e+02
1.718370844174675653e+02
1.738521317237523931e+02
1.708195258387073920e+02
1.714751364957344890e+02
1.744183433211892691e+02
1.747255617536014825e+02
1.731291740823778866e+02
1.701824841268384034e+02
1.745982854437451692e+02
1.729379934338213332e+02
1.726060895805030100e+02
1.744047635023699172e+02
1.731331855398056234e+02
1.736413000081687414e+02
1.692199580150795555e+02
1.707018965136433337e+02
1.749999967097170952e+02
1.742714399955618774e+02
1.747859569880375545e+02
1.729861980074638836e+02
1.715554633580050279e+02
1.740549101471542599e+02
1.702739035155355793e+02
1.717212557131876736e+02
1.731236441531839603e+02
1.724134631054338058e+02
1.713756308519270704e+02
1.708155684799252469e+02
1.728701187286287393e+02
1.693826379868026208e+02
1.714456533486817023e+02
1.717814360040625274e+02
1.692286248366869188e+02
1.679872692312734728e+02
1.744983051351361496e+02
1.741615958751645223e+02
1.680443129581086907e+02
1.635155608863896077e+02
1.747334097912128357e+02
1.734099975770921844e+02
1.628404893761539540e+02
1.731990833238883454e+02
1.742468118781729629e+02
1.727405139948255339e+02
1.713478789162509486e+02
1.744989658288438363e+02
1.706442292432404599e+02
1.691610200850725789e+02
1.732283662608439272e+02
1.732871032151398936e+02
1.735316154743576078e+02
1.738288779615359658e+02
1.718449710398639922e+02
1.720881226380519422e+02
1.737972851515874879e+02
1.736676801928676639e+02
1.718741440987786291e+02
1.712032096079029202e+02
1.736317878614213441e+02
1.736774626269533996e+02
1.721201429798550748e+02
1.712235589989282971e+02
1.739083076028770165e+02
1.735343180291272915e+02
1.743771680981397481e+02
1.708446164353873655e+02
1.688505293458545964e+02
1.733266611788080240e+02
1.675126895184095872e+02
1.732686897216875366e+02
1.706967106630624471e+02
1.698712529102834310e+02
1.709982528131706943e+02
1.696003135166437801e+02
1.745488066780907559e+02
1.743185176403355854e+02
1.744247696560141208e+02
1.719471664083894495e+02
1.736548349348054785e+02
1.739505971721940512e+02
1.714282492805908191e+02
1.734824994961698224e+02
1.736423424852349910e+02
1.709369797454512820e+02
1.740637430307032787e+02
1.701694921992376237e+02
1.704215790640389230e+02
1.687953593655189195e+02
1.699308450833507322e+02
1.671497903168612709e+02
1.748335670973422964e+02
1.744328774511368181e+02
1.745533158647828600e+02
1.737320663577116306e+02
1.705207855662192742e+02
1.736270155101898354e+02
1.733950876035780766e+02
1.735759243578468158e+02
1.741109381403210250e+02
1.736775616642041484e+02
1.697046700858050201e+02
1.635736735303856335e+02
1.705985475267744391e+02
1.717445429484894532e+02
1.714453902808955092e+02
1.730926637481412911e+02
1.733082766714244940e+02
1.722673239524978896e+02
1.728390873399031875e+02
1.722893635322509738e+02
1.701471919287656078e+02
1.692675865478574053e+02
1.707137244676645764e+02
1.726549187131833492e+02
1.710392972926370589e+02
1.685433492819077230e+02
1.738055699476540781e+02
1.732248769036968952e+02
1.737830976718046543e+02
1.687629831219816765e+02
1.710874954452775967e+02
1.727425352217144621e+02
1.681293093859193846e+02
1.706514038946992855e+02
1.726615336536140148e+02
1.719092479039170485e+02
1.733214236138744866e+02
1.686289498506067162e+02
1.728011491172428293e+02
1.685655313283003522e+02
1.697819881040828989e+02
1.726967388558327059e+02
1.724154544345826139e+02
1.720980298232118457e+02
1.713591766049727596e+02
1.737351063784324197e+02
1.721625315930055251e+02
1.685031848171699096e+02
1.696061072941012640e+02
1.707556320194085515e+02
1.736898738996617055e+02
1.746435629725588967e+02
1.738363225847141962e+02
1.718765836179370012e+02
1.705694444891379646e+02
1.684460344558886220e+02
1.693855129662621550e+02
1.733923995330219441e+02
1.745447903579492390e+02
1.693477127647258555e+02
1.662899382463412792e+02
1.707306394039809163e+02
1.745695083801255691e+02
1.700141055907899386e+02
1.686348063287666150e+02
1.721826350672549779e+02
1.743651622486864028e+02
1.717018479387969023e+02
1.746878887194038157e+02
1.736230478592693487e+02
1.707298446449286473e+02
1.736863348673039411e+02
1.746881232706479352e+02
1.723831852150310624e+02
1.728656929892639482e+02
1.738482253587627326e+02
1.720181155342212094e+02
1.734233571979388842e+02
1.723260548803569634e+02
1.722581015394420376e+02
1.745839336746038839e+02
1.734361175552115810e+02
1.695309960642269971e+02
1.737162648795734299e+02
1.734862014003219599e+02
1.709485369787968239e+02
1.724862298874859050e+02
1.722626181394030596e+02
1.731627447164466105e+02
1.703978673167234206e+02
1.734210297749471010e+02
1.708579556246710069e+02
1.704161628547649059e+02
1.710819117661011433e+02
1.703420603398436413e+02
1.678746815789503444e+02
1.734654509509740024e+02
1.693449974503641897e+02
1.730452754014895049e+02
1.714477610856311571e+02
1.713889173917184223e+02
1.737696044103751376e+02
1.723557585914317087e+02
1.734256679031354906e+02
1.746032365265988346e+02
1.742781024773177307e+02
1.664902532197643268e+02
1.601017356989056282e+02
1.742650055856171605e+02
1.728064897588128019e+02
1.733884659850338892e+02
1.729944587499686008e+02
1.711294227458079149e+02
1.744282619563574315e+02
1.727572349464213346e+02
1.687632845030154272e+02
1.722882519044378284e+02
1.682571690235290305e+02
1.733581127006376903e+02
1.723090787163426683e+02
1.655134026056193477e+02
1.718258122686602007e+02
1.723133075871173219e+02
1.736623962141031825e+02
1.741649308703896395e+02
1.706179587411484420e+02
1.680935922994603970e+02
1.702871454161728764e+02
1.722377058377411743e+02
1.744279131263495799e+02
1.744262461901387837e+02
1.666932804590833257e+02
1.722831096249701943e+02
1.684473092855685081e+02
1.726658520726711572e+02
1.686776572673985015e+02
1.719172021789914595e+02
1.740659632139092139e+02
1.743774250613066101e+02
1.711110057451143405e+02
1.736996854332489875e+02
1.708491289315940946e+02
1.725000773155709055e+02
1.724867498760475257e+02
1.690333621646391862e+02
1.747497538778737294e+02
1.704778607425194252e+02
1.741555365631758150e+02
1.720219385540333406e+02
1.735421129494304466e+02
1.650865169639324961e+02
1.717597930089806653e+02
1.724528838271182565e+02
1.678391820720174508e+02
1.733667990086129862e+02
1.731400857440021355e+02
1.739229979380768896e+02
1.722766824119752300e+02
1.736990134350758694e+02
1.699231682482718213e+02
1.706050492631967188e+02
1.711622357501055660e+02
