0.000000000000000000e+00 0.000000000000000000e+00 1.000000000000000000e+00
7.658619184663127863e-07 -7.039168553081848331e-05 9.999999975222120252e-01
2.421445822897482871e-06 -2.111723596813361238e-04 9.999999777001853385e-01
5.090604636271958878e-06 -4.223391009955261609e-04 9.999999108018807759e-01
8.897183672646864853e-06 -7.038887530241372476e-04 9.999997522307010334e-01
1.396502008071712786e-05 -1.055817908646379186e-03 9.999994425266055531e-01
2.041794215852612396e-05 -1.478122889163187422e-03 9.999989073673191120e-01
2.837976850253063908e-05 -1.970799718163870895e-03 9.999980575696432172e-01
3.797430695423592025e-05 -2.533844090168179287e-03 9.999967890908842971e-01
4.932535330763127896e-05 -3.167251334046067117e-03 9.999949830304131204e-01
6.255668974067328351e-05 -3.871016371217682155e-03 9.999925056313742067e-01
7.779208293408223954e-05 -4.645133668636369437e-03 9.999892082825654338e-01
9.515528184073902644e-05 -5.489597186557749857e-03 9.999849275205108246e-01
1.147700150689933492e-04 -6.404400321098235871e-03 9.999794850317532680e-01
1.367599878432223658e-04 -7.389535841586632875e-03 9.999726876553935995e-01
1.612488785050093646e-04 -8.444995822712814820e-03 9.999643273859089021e-01
1.883603345183488046e-04 -9.570771571477794393e-03 9.999541813762822251e-01
2.182179679423236116e-04 -1.076685354894987498e-02 9.999420119414793584e-01
2.509453503347476794e-04 -1.203323128683195763e-02 9.999275665623127418e-01
2.866660070503184278e-04 -1.336989329884548383e-02 9.999105778897318109e-01
3.255034108968840535e-04 -1.477682698693692787e-02 9.998907637495844103e-01
3.675809751134959721e-04 -1.625401854231321372e-02 9.998678271478947943e-01
4.130220456339937394e-04 -1.780145284131293137e-02 9.998414562767078406e-01
4.619498925999534957e-04 -1.941911333612073368e-02 9.998113245205493271e-01
5.144877010869261394e-04 -2.110698194033285013e-02 9.997770904635570055e-01
5.707585610079972047e-04 -2.286503890938224731e-02 9.997383978973384266e-01
6.308854561588183750e-04 -2.469326271583257779e-02 9.996948758296141380e-01
6.949912523683920811e-04 -2.659162991955069458e-02 9.996461384937073147e-01
7.631986847200352081e-04 -2.856011503276824695e-02 9.995917853589445512e-01
8.356303438071085088e-04 -3.059869038004356043e-02 9.995314011420323164e-01
9.124086609882751508e-04 -3.270732595313578100e-02 9.994645558194799051e-01
9.936558926072463355e-04 -3.488598926080409973e-02 9.993908046411382751e-01
1.079494103142183666e-03 -3.713464517354569949e-02 9.993096881449292646e-01
1.170045147250163217e-03 -3.945325576328697487e-02 9.992207321728416858e-01
1.265430650672357688e-03 -4.184178013804355084e-02 9.991234478882716763e-01
1.365771989965872081e-03 -4.430017427156552473e-02 9.990173317947894649e-01
1.471190271028469240e-03 -4.682839082798551100e-02 9.989018657564155967e-01
1.581806306382745183e-03 -4.942637898148809217e-02 9.987765170194921049e-01
1.697740591186670898e-03 -5.209408423102039609e-02 9.986407382362372243e-01
1.819113277937796716e-03 -5.483144821006474823e-02 9.984939674900743523e-01
1.946044149838826098e-03 -5.763840849149561019e-02 9.983356283228277395e-01
2.078652592792709728e-03 -6.051489838754423034e-02 9.981651297638807208e-01
2.217057565995885285e-03 -6.346084674489585464e-02 9.979818663613940766e-01
2.361377571098799335e-03 -6.647617773494571281e-02 9.977852182156841110e-01
2.511730619903394020e-03 -6.956081063924152152e-02 9.975745510148635864e-01
2.668234200567822564e-03 -7.271465963014163425e-02 9.973492160728487654e-01
2.831005242289285576e-03 -7.593763354671970167e-02 9.971085503698406960e-01
3.000160078436541963e-03 -7.922963566594823370e-02 9.968518765953887639e-01
3.175814408104357927e-03 -8.259056346919520231e-02 9.965785031941487571e-01
3.358083256062907845e-03 -8.602030840406960088e-02 9.962877244144476840e-01
3.547080931075940937e-03 -8.951875564165363841e-02 9.959788203597721434e-01
3.742920982562375487e-03 -9.308578382916117555e-02 9.956510570432969276e-01
3.945716155576879658e-03 -9.672126483806399444e-02 9.953036864455747645e-01
4.155578344085944682e-03 -1.004250635077294229e-01 9.949359465755077681e-01
4.372618542516961901e-03 -1.041970373846149572e-01 9.945470615347262733e-01
4.596946795558868974e-03 -1.080370364570677200e-01 9.941362415854990697e-01
4.828672146194057727e-03 -1.119449028857787409e-01 9.937026832223045947e-01
5.067902581942389240e-03 -1.159204707299442555e-01 9.932455692471922060e-01
5.314744979299422523e-03 -1.199635656691888513e-01 9.927640688490650955e-01
5.569305046352241578e-03 -1.240740047213072655e-01 9.922573376870190698e-01
5.831687263557639583e-03 -1.282515959558845065e-01 9.917245179778723108e-01
6.101994822668844846e-03 -1.324961382038563340e-01 9.911647385880233418e-01
6.380329563798469404e-03 -1.368074207630748385e-01 9.905771151297761978e-01
6.666791910606931042e-03 -1.411852230999463553e-01 9.899607500622730205e-01
6.961480803607235368e-03 -1.456293145472120354e-01 9.893147327971777427e-01
7.264493631578721952e-03 -1.501394539979438725e-01 9.886381398092524142e-01
7.575926161084158353e-03 -1.547153895958322256e-01 9.879300347519740511e-01
7.895872464086435907e-03 -1.593568584218434392e-01 9.871894685783366707e-01
8.224424843663062298e-03 -1.640635861773295512e-01 9.864154796669882819e-01
8.561673757818660802e-03 -1.688352868636751325e-01 9.856070939538520426e-01
8.907707741397805079e-03 -1.736716624585691593e-01 9.847633250693821338e-01
9.262613326102682454e-03 -1.785724025889935118e-01 9.838831744816065594e-01
9.626474958622366698e-03 -1.835371842010226351e-01 9.829656316451109710e-01
9.999374916882828451e-03 -1.885656712265325607e-01 9.820096741561170628e-01
1.038139322442925040e-02 -1.936575142469205979e-01 9.810142679138114108e-01
1.077260756295475921e-02 -1.988123501539409976e-01 9.799783672880809648e-01
1.117309318299226917e-02 -2.040298018077649767e-01 9.789009152938125125e-01
1.158292281278889765e-02 -2.093094776923773992e-01 9.777808437719144319e-01
1.200216656538514483e-02 -2.146509715684261355e-01 9.766170735772192746e-01
1.243089184392397531e-02 -2.200538621236438896e-01 9.754085147734266048e-01
1.286916324521789057e-02 -2.255177126209659544e-01 9.741540668352461907e-01
1.331704246160516497e-02 -2.310420705444715117e-01 9.728526188579020850e-01
1.377458818112958956e-02 -2.366264672432799865e-01 9.715030497741579119e-01
1.424185598608132541e-02 -2.422704175735378440e-01 9.701042285790253406e-01
1.471889824993981993e-02 -2.479734195386355255e-01 9.686550145623158414e-01
1.520576403276319155e-02 -2.537349539277983790e-01 9.671542575491982596e-01
1.570249897507204270e-02 -2.595544839531994663e-01 9.656007981489223013e-01
1.620914519027926576e-02 -2.654314548857464873e-01 9.639934680118703580e-01
1.672574115572116743e-02 -2.713652936896996937e-01 9.623310900950975411e-01
1.725232160234902237e-02 -2.773554086562813881e-01 9.606124789365209082e-01
1.778891740314413744e-02 -2.834011890364429576e-01 9.588364409379183106e-01
1.833555546032340777e-02 -2.895020046729588903e-01 9.570017746568956207e-01
1.889225859140655772e-02 -2.956572056320228570e-01 9.551072711079819921e-01
1.945904541422034326e-02 -3.018661218345243813e-01 9.531517140730103588e-01
2.003593023091928063e-02 -3.081280626871905626e-01 9.511338804209407138e-01
2.062292291110686543e-02 -3.144423167137808117e-01 9.490525404372819329e-01
2.122002877414557939e-02 -3.208081511865281121e-01 9.469064581632666844e-01
2.182724847074857602e-02 -3.272248117580249804e-01 9.446943917449326378e-01
2.244457786395049129e-02 -3.336915220937568538e-01 9.424150937922625149e-01
2.307200790955947489e-02 -3.402074835054909596e-01 9.400673117485321972e-01
2.370952453619726286e-02 -3.467718745857333862e-01 9.376497882700158826e-01
2.435710852503897642e-02 -3.533838508434719583e-01 9.351612616161945057e-01
2.501473538936908533e-02 -3.600425443414278504e-01 9.326004660506117538e-01
2.568237525407499749e-02 -3.667470633350440323e-01 9.299661322525196727e-01
2.635999273520467021e-02 -3.734964919134430295e-01 9.272569877394540860e-01
2.704754681971965544e-02 -3.802898896425925268e-01 9.244717573008756073e-01
2.774499074558010522e-02 -3.871262912109218468e-01 9.216091634430119139e-01
2.845227188230334270e-02 -3.940047060776377674e-01 9.186679268450320679e-01
2.916933161214280840e-02 -4.009241181239937002e-01 9.156467668266807802e-01
2.989610521203929505e-02 -4.078834853077706879e-01 9.125444018274988522e-01
3.063252173650168539e-02 -4.148817393212351212e-01 9.093595498977494751e-01
3.137850390157956304e-02 -4.219177852528422368e-01 9.060909292011702920e-01
3.213396797009531597e-02 -4.289905012529605099e-01 9.027372585296639107e-01
3.289882363830859413e-02 -4.360987382038974403e-01 8.992972578300373332e-01
3.367297392419126706e-02 -4.432413193945122787e-01 8.957696487428963295e-01
3.445631505749609941e-02 -4.504170401997065754e-01 8.921531551537956739e-01
3.524873637180776093e-02 -4.576246677650895878e-01 8.884465037567426116e-01
3.605012019876977641e-02 -4.648629406971201417e-01 8.846484246301449250e-01
3.686034176468628437e-02 -4.721305687590325317e-01 8.807576518252908659e-01
3.767926908970243433e-02 -4.794262325728594343e-01 8.767729239674421082e-01
3.850676288977242928e-02 -4.867485833278700769e-01 8.726929848696165504e-01
3.934267648162897285e-02 -4.940962424957477950e-01 8.685165841591308000e-01
4.018685569097298071e-02 -5.014678015528362121e-01 8.642424779169669558e-01
4.103913876410698880e-02 -5.088618217097891083e-01 8.598694293300220837e-01
4.189935628324055472e-02 -5.162768336489643728e-01 8.553962093562925695e-01
4.276733108570033443e-02 -5.237113372699079283e-01 8.508215974030383100e-01
4.364287818728217888e-02 -5.311638014432793486e-01 8.461443820179650466e-01
4.452580470998664108e-02 -5.386326637735758815e-01 8.413633615934569265e-01
4.541590981438367591e-02 -5.461163303710176997e-01 8.364773450838821622e-01
4.631298463685614569e-02 -5.536131756329623066e-01 8.314851527359888861e-01
4.721681223197556759e-02 -5.611215420352217986e-01 8.263856168323996387e-01
4.812716752026724443e-02 -5.686397399336617919e-01 8.211775824482041575e-01
4.904381724162520245e-02 -5.761660473764667056e-01 8.158599082206428044e-01
4.996651991464060028e-02 -5.836987099274617563e-01 8.104314671318643137e-01
5.089502580211022892e-02 -5.912359405008867919e-01 8.048911473047312137e-01
5.182907688299435295e-02 -5.987759192080231996e-01 7.992378528116385050e-01
5.276840683109561975e-02 -6.063167932160798967e-01 7.934705044963011877e-01
5.371274100073280405e-02 -6.138566766197506297e-01 7.875880408084563467e-01
5.466179641968511860e-02 -6.213936503258596922e-01 7.815894186514155129e-01
5.561528178968414005e-02 -6.289257619515182807e-01 7.754736142423926948e-01
5.657289749473173174e-02 -6.364510257362201440e-01 7.692396239855225915e-01
5.753433561752303860e-02 -6.439674224683081816e-01 7.628864653574730648e-01
5.849927996425412918e-02 -6.514728994262521944e-01 7.564131778055440680e-01
5.946740609809383904e-02 -6.589653703351799896e-01 7.498188236581344590e-01
6.043838138159909196e-02 -6.664427153391114800e-01 7.431024890474451361e-01
6.141186502835205979e-02 -6.739027809893488596e-01 7.362632848442758338e-01
6.238750816409638356e-02 -6.813433802494823777e-01 7.293003476047599243e-01
6.336495389764788821e-02 -6.887622925174752275e-01 7.222128405288685826e-01
6.434383740185309342e-02 -6.961572636652967327e-01 7.149999544305035704e-01
6.532378600486603293e-02 -7.035260060965771167e-01 7.076609087189823510e-01
6.630441929201073836e-02 -7.108661988227623629e-01 7.001949523917078144e-01
6.728534921849299577e-02 -7.181754875582526676e-01 6.926013650377997877e-01
6.826618023322059137e-02 -7.254514848350113176e-01 6.848794578524500798e-01
6.924650941398630133e-02 -7.326917701371372660e-01 6.770285746617494826e-01
7.022592661426255156e-02 -7.398938900558967857e-01 6.690480929577200531e-01
7.120401462185037278e-02 -7.470553584657166901e-01 6.609374249432687920e-01
7.218034932961858718e-02 -7.541736567216418274e-01 6.526960185867652919e-01
7.315449991856169676e-02 -7.612462338787679972e-01 6.443233586859277162e-01
7.412602905339690795e-02 -7.682705069341617676e-01 6.358189679406871520e-01
7.509449309091195679e-02 -7.752438610917842254e-01 6.271824080346809493e-01
7.605944230126567007e-02 -7.821636500509386858e-01 6.184132807250110053e-01
7.702042110243337292e-02 -7.890271963187653892e-01 6.095112289398834093e-01
7.797696830797799794e-02 -7.958317915473100967e-01 6.004759378837294381e-01
7.892861738831599694e-02 -8.025746968956961602e-01 5.913071361493887901e-01
7.987489674563492958e-02 -8.092531434179316419e-01 5.820045968369171874e-01
8.081533000260608668e-02 -8.158643324768867222e-01 5.725681386785625993e-01
8.174943630502146119e-02 -8.224054361849781891e-01 5.629976271694335788e-01
8.267673063846953108e-02 -8.288735978720990216e-01 5.532929757033651086e-01
8.359672415914860821e-02 -8.352659325813348579e-01 5.434541467134663684e-01
8.450892453889977118e-02 -8.415795275930076924e-01 5.334811528168138528e-01
8.541283632452426056e-02 -8.478114429775903682e-01 5.233740579627347289e-01
8.630796131143164684e-02 -8.539587121780354284e-01 5.131329785841023394e-01
8.719379893164612427e-02 -8.600183426220607830e-01 5.027580847510451090e-01
8.806984665617824393e-02 -8.659873163649370875e-01 4.922496013264481829e-01
8.893560041174847219e-02 -8.718625907633185124e-01 4.816078091226061453e-01
8.979055501182710286e-02 -8.776410991806595785e-01 4.708330460583609045e-01
9.063420460193266637e-02 -8.833197517247577402e-01 4.599257083160384063e-01
9.146604311910704055e-02 -8.888954360179606162e-01 4.488862514974726325e-01
9.228556476546145859e-02 -8.943650180005725536e-01 4.377151917783844159e-01
9.309226449566192219e-02 -8.997253427679946514e-01 4.264131070603568996e-01
9.388563851819663186e-02 -9.049732354421252678e-01 4.149806381196271543e-01
9.466518481024083220e-02 -9.101055020775468130e-01 4.034184897518889312e-01
9.543040364590668623e-02 -9.151189306030169668e-01 3.917274319122765469e-01
9.618079813763680264e-02 -9.200102917987791340e-01 3.799083008496766944e-01
9.691587479047071574e-02 -9.247763403101982860e-01 3.679620002344885510e-01
9.763514406888314234e-02 -9.294138156982221233e-01 3.558895022789290707e-01
9.833812097586135115e-02 -9.339194435271591654e-01 3.436918488489534851e-01
9.902432564385746372e-02 -9.382899364902568262e-01 3.313701525668374392e-01
9.969328393721831050e-02 -9.425219955735515409e-01 3.189255979034398836e-01
1.003445280656622279e-01 -9.466123112584533539e-01 3.063594422591414124e-01
1.009775972083380852e-01 -9.505575647635149394e-01 2.936730170324260980e-01
1.015920381479665929e-01 -9.543544293258222622e-01 2.808677286750496105e-01
1.021874059145290725e-01 -9.579995715224304265e-01 2.679450597327093786e-01
1.027632644379321974e-01 -9.614896526322526116e-01 2.549065698701078464e-01
1.033191872090410274e-01 -9.648213300387946667e-01 2.417538968792726783e-01
1.038547579484354610e-01 -9.679912586741094005e-01 2.284887576699719813e-01
1.043695712822074323e-01 -9.709960925043273905e-01 2.151129492410370769e-01
1.048632334240786196e-01 -9.738324860570996000e-01 2.016283496313786283e-01
1.053353628630797761e-01 -9.764970959912665505e-01 1.880369188494565857e-01
1.057855910559944018e-01 -9.789865827090462602e-01 1.743406997799384905e-01
1.062135631237305922e-01 -9.812976120110082912e-01 1.605418190662552536e-01
1.066176634543534313e-01 -9.834063363282902204e-01 1.467809643919899265e-01
1.069978040762430693e-01 -9.853152666475781807e-01 1.330612461722263107e-01
1.073539179061027693e-01 -9.870269457063911567e-01 1.193856974618430211e-01
1.076859583291077949e-01 -9.885439460753193686e-01 1.057572742425090945e-01
1.079938987659158356e-01 -9.898688682755792945e-01 9.217885574626630274e-02
1.082777322275846194e-01 -9.910043389321001595e-01 7.865324481442634297e-02
1.085374708594222942e-01 -9.919530089623163072e-01 6.518316829052600569e-02
1.087731454747750681e-01 -9.927175518008021227e-01 5.177127744609908572e-02
1.089848050797341261e-01 -9.933006616598530902e-01 3.842014843804001517e-02
1.091725163897214468e-01 -9.937050518260781562e-01 2.513228279635075155e-02
1.093363633388901024e-01 -9.939334529930399231e-01 1.191010794107947787e-02
1.094764465832506195e-01 -9.939886116299436747e-01 -1.244022272722763653e-03
1.095928829984101627e-01 -9.938732883863500289e-01 -1.432782698318360408e-02
1.096858051727858802e-01 -9.935902565328534886e-01 -2.733909772406692765e-02
1.097553608971281042e-01 -9.931423004376439545e-01 -4.027569780262589549e-02
1.098017126511631331e-01 -9.925322140788421788e-01 -5.313556165395203618e-02
1.098250370881386634e-01 -9.917627995924738205e-01 -6.591669417290207944e-02
1.098255245180287665e-01 -9.908368658559237874e-01 -7.861717002466489523e-02
1.098033783901281452e-01 -9.897572271066908955e-01 -9.123513293501155086e-02
1.097588147757389415e-01 -9.885267015962396764e-01 -1.037687949612520200e-01
1.096920618516261381e-01 -9.871481102787285078e-01 -1.162164357449022023e-01
1.096033593848908805e-01 -9.856242755343712636e-01 -1.285764017470453491e-01
1.094929582198841400e-01 -9.839580199271743544e-01 -1.408471054673519629e-01
1.093611197677563790e-01 -9.821521649967724921e-01 -1.530270246477021812e-01
1.092081154992123465e-01 -9.802095300840709680e-01 -1.651147014613353059e-01
1.090342264410134460e-01 -9.781329311903880219e-01 -1.771087416884300492e-01
1.088397426767443027e-01 -9.759251798697745617e-01 -1.890078138790003692e-01
1.086249628523338201e-01 -9.735890821541792750e-01 -2.008106485039707900e-01
1.083901936867956300e-01 -9.711274375111107471e-01 -2.125160370952756395e-01
1.081357494886273640e-01 -9.685430378334400903e-01 -2.241228313758067692e-01
1.078619516782832327e-01 -9.658386664609749372e-01 -2.356299423800144177e-01
1.075691283171098939e-01 -9.630170972334273216e-01 -2.470363395659462280e-01
1.072576136431113158e-01 -9.600810935743876451e-01 -2.583410499194895849e-01
1.069277476138845023e-01 -9.570334076059102690e-01 -2.695431570515636754e-01
1.065798754570450174e-01 -9.538767792933072753e-01 -2.806418002889870533e-01
1.062143472284379636e-01 -9.506139356197403911e-01 -2.916361737597287784e-01
1.058315173784081520e-01 -9.472475897901954101e-01 -3.025255254732305832e-01
1.054317443263811105e-01 -9.437804404644174472e-01 -3.133091563964700010e-01
1.050153900439854682e-01 -9.402151710183800359e-01 -3.239864195264144930e-01
1.045828196469263949e-01 -9.365544488338566342e-01 -3.345567189594987889e-01
1.041344009957996530e-01 -9.328009246156603318e-01 -3.450195089587389519e-01
1.036705043060161396e-01 -9.289572317361116660e-01 -3.553742930190784133e-01
1.031915017669876866e-01 -9.250259856062948982e-01 -3.656206229315434042e-01
1.026977671707064027e-01 -9.210097830736567737e-01 -3.757580978467675581e-01
1.021896755498319653e-01 -9.169112018455036761e-01 -3.857863633384271962e-01
1.016676028253838682e-01 -9.127327999379482026e-01 -3.957051104671126529e-01
1.011319254641187548e-01 -9.084771151498570729e-01 -4.055140748451422361e-01
1.005830201456570649e-01 -9.041466645613507325e-01 -4.152130357028104846e-01
1.000212634394073569e-01 -8.997439440564046764e-01 -4.248018149565436774e-01
9.944703149132173847e-02 -8.952714278691019656e-01 -4.342802762794208959e-01
9.886069972050146037e-02 -8.907315681530881823e-01 -4.436483241745013961e-01
9.826264252565784785e-02 -8.861267945737781870e-01 -4.529059030513841733e-01
9.765323300142043916e-02 -8.814595139228674769e-01 -4.620529963064089474e-01
9.703284266447151363e-02 -8.767321097546998399e-01 -4.710896254068931976e-01
9.640184118947402181e-02 -8.719469420440461027e-01 -4.800158489797839434e-01
9.576059615474850906e-02 -8.671063468648494421e-01 -4.888317619050888130e-01
9.510947279764329909e-02 -8.622126360894947217e-01 -4.975374944144354550e-01
9.444883377953208758e-02 -8.572680971081617640e-01 -5.061332111950942458e-01
9.377903896036281217e-02 -8.522749925678243521e-01 -5.146191104997858146e-01
9.310044518267254765e-02 -8.472355601304597528e-01 -5.229954232625791954e-01
9.241340606497407129e-02 -8.421520122500355532e-01 -5.312624122211746513e-01
9.171827180441145810e-02 -8.370265359678440431e-01 -5.394203710458510548e-01
9.101538898857419735e-02 -8.318612927257574841e-01 -5.474696234753442248e-01
9.030510041635197993e-02 -8.266584181969797163e-01 -5.554105224599099611e-01
8.958774492770515963e-02 -8.214200221338741059e-01 -5.632434493118135821e-01
8.886365724221985396e-02 -8.161481882324513881e-01 -5.709688128634742288e-01
8.813316780631028080e-02 -8.108449740131022931e-01 -5.785870486334810936e-01
8.739660264892566699e-02 -8.055124107171672820e-01 -5.860986180006865220e-01
8.665428324561384732e-02 -8.001525032189356068e-01 -5.935040073865691657e-01
8.590652639078902308e-02 -7.947672299526724604e-01 -6.008037274460492627e-01
8.515364407804690283e-02 -7.893585428542758686e-01 -6.079983122669266882e-01
8.439594338836656218e-02 -7.839283673171695277e-01 -6.150883185781028661e-01
8.363372638603494558e-02 -7.784786021620414553e-01 -6.220743249667346486e-01
8.286729002212672723e-02 -7.730111196200424306e-01 -6.289569311044608257e-01
8.209692604536972249e-02 -7.675277653290635271e-01 -6.357367569828293874e-01
8.132292092022332108e-02 -7.620303583427151528e-01 -6.424144421580448849e-01
8.054555575199576212e-02 -7.565206911516348942e-01 -6.489906450051468045e-01
7.976510621882401675e-02 -7.510005297167564597e-01 -6.554660419817174288e-01
7.898184251033890657e-02 -7.454716135141755684e-01 -6.618413269012122235e-01
7.819602927283673954e-02 -7.399356555912536271e-01 -6.681172102159943504e-01
7.740792556077821795e-02 -7.343943426336044800e-01 -6.742944183101466926e-01
7.661778479443452639e-02 -7.288493350426148432e-01 -6.803736928021278940e-01
7.582585472350046596e-02 -7.233022670231524787e-01 -6.863557898573288130e-01
7.503237739649450122e-02 -7.177547466811213805e-01 -6.922414795105785723e-01
7.423758913576564145e-02 -7.122083561305281307e-01 -6.980315449986428389e-01
7.344172051792771660e-02 -7.066646516097282449e-01 -7.037267821027469727e-01
7.264499635954216328e-02 -7.011251636065257697e-01 -7.093279985011522459e-01
7.184763570787151832e-02 -6.955913969918039452e-01 -7.148360131318042265e-01
7.104985183652667846e-02 -6.900648311613699626e-01 -7.202516555650659846e-01
7.025185224583251065e-02 -6.845469201857017350e-01 -7.255757653865436696e-01
6.945383866773763293e-02 -6.790390929672887044e-01 -7.308091915900031266e-01
6.865600707509605938e-02 -6.735427534052631504e-01 -7.359527919803724449e-01
6.785854769514995666e-02 -6.680592805670251266e-01 -7.410074325868170053e-01
6.706164502704495267e-02 -6.625900288665661497e-01 -7.459739870858703714e-01
6.626547786321125566e-02 -6.571363282492037605e-01 -7.508533362345964912e-01
6.547021931444629850e-02 -6.516994843824428507e-01 -7.556463673137548964e-01
6.467603683853678787e-02 -6.462807788526835351e-01 -7.603539735809339284e-01
6.388309227226056375e-02 -6.408814693675026763e-01 -7.649770537336137988e-01
6.309154186661124208e-02 -6.355027899632368360e-01 -7.695165113821149649e-01
6.230153632509118772e-02 -6.301459512176034172e-01 -7.739732545323834145e-01
6.151393513838854243e-02 -6.247573244373098023e-01 -7.783921385404454218e-01
6.072890736312162169e-02 -6.193371652122993121e-01 -7.827729399979966862e-01
5.994662159220709441e-02 -6.138857311305947473e-01 -7.871154373214628297e-01
5.916724592098127067e-02 -6.084032817698802331e-01 -7.914194107662362310e-01
5.839094791338347856e-02 -6.028900786887783081e-01 -7.956846424408445806e-01
5.761789456820885780e-02 -5.973463854178199250e-01 -7.999109163210488260e-01
5.684825228543787662e-02 -5.917724674501064763e-01 -8.040980182638681750e-01
5.608218683264996202e-02 -5.861685922316620667e-01 -8.082457360215292708e-01
5.531986331152850128e-02 -5.805350291514748129e-01 -8.123538592553385396e-01
5.456144612446469505e-02 -5.748720495312263923e-01 -8.164221795494746026e-01
5.380709894126754073e-02 -5.691799266147085090e-01 -8.204504904246980868e-01
5.305698466598739171e-02 -5.634589355569257219e-01 -8.244385873519778363e-01
5.231126540386039914e-02 -5.577093534128834129e-01 -8.283862677660303042e-01
5.157010242838128838e-02 -5.519314591260603420e-01 -8.322933310787696826e-01
5.083365614851180492e-02 -5.461255335165656755e-01 -8.361595786926673268e-01
5.010208607603223313e-02 -5.402918592689797128e-01 -8.399848140140174779e-01
4.937555079304334349e-02 -5.344307209198777553e-01 -8.437688424661075048e-01
4.865420791962613012e-02 -5.285424048450373391e-01 -8.475114715022900036e-01
4.793821408166671488e-02 -5.226271992463284999e-01 -8.512125106189546431e-01
4.722772487885375930e-02 -5.166853941382875126e-01 -8.548717713683975372e-01
4.652289485285567017e-02 -5.107172813343734408e-01 -8.584890673715858123e-01
4.582387745568496790e-02 -5.047231544329087161e-01 -8.620642143308152594e-01
4.513082501825709664e-02 -4.987033088027037486e-01 -8.655970300422582975e-01
4.444388871915091327e-02 -4.926580415683657344e-01 -8.690873344084012464e-01
4.376321855357814122e-02 -4.865876515952929915e-01 -8.725349494503666925e-01
4.308896330256902635e-02 -4.804924394743549376e-01 -8.759396993201209458e-01
4.242127050238132802e-02 -4.743727075062592058e-01 -8.793014103125627035e-01
4.176028641413988274e-02 -4.682287596856063439e-01 -8.826199108774913649e-01
4.110615599371382489e-02 -4.620609016846336514e-01 -8.858950316314530005e-01
4.045902286183857693e-02 -4.558694408366490425e-01 -8.891266053694611982e-01
3.981902927448967983e-02 -4.496546861191567657e-01 -8.923144670765915665e-01
3.918631609351545114e-02 -4.434169481366759813e-01 -8.954584539394462306e-01
3.856102275753551384e-02 -4.371565391032540271e-01 -8.985584053574880992e-01
3.794328725311203743e-02 -4.308737728246764265e-01 -9.016141629542412383e-01
3.733324608620066515e-02 -4.245689646803746387e-01 -9.046255705883557985e-01
3.673103425388790644e-02 -4.182424316050346591e-01 -9.075924743645356063e-01
3.613678521642181563e-02 -4.118944920699074141e-01 -9.105147226443260911e-01
3.555063086954265983e-02 -4.055254660638242248e-01 -9.133921660567605461e-01
3.497270151712029290e-02 -3.991356750739187276e-01 -9.162246575088628386e-01
3.440312584410479269e-02 -3.927254420660584722e-01 -9.190120521960043476e-01
3.384203088979697432e-02 -3.862950914649881384e-01 -9.217542076121132411e-01
3.328954202144524671e-02 -3.798449491341875928e-01 -9.244509835597340963e-01
3.274578290817523052e-02 -3.733753423554471151e-01 -9.271022421599360852e-01
3.221087549525853549e-02 -3.668865998081631274e-01 -9.297078478620678377e-01
3.168493997872692119e-02 -3.603790515483570323e-01 -9.322676674533564301e-01
3.116809478033814862e-02 -3.538530289874206591e-01 -9.347815700683498319e-01
3.066045652289955958e-02 -3.473088648705912607e-01 -9.372494271981997027e-01
3.016214000595553862e-02 -3.407468932551597773e-01 -9.396711126997837615e-01
2.967325818184480407e-02 -3.341674494884154245e-01 -9.420465028046651756e-01
2.919392213213342982e-02 -3.275708701853305427e-01 -9.443754761278877474e-01
2.872348876429705808e-02 -3.210241353577779067e-01 -9.466353393499488122e-01
2.826196551699164394e-02 -3.145280476337566911e-01 -9.488273649890144323e-01
2.780935486049786881e-02 -3.080833868180377633e-01 -9.509528203565842386e-01
2.736565441974533885e-02 -3.016909102680349064e-01 -9.530129671809218772e-01
2.693085709677807069e-02 -2.953513532705890343e-01 -9.550090612409999347e-01
2.650495119255614346e-02 -2.890654294194491269e-01 -9.569423520108050196e-01
2.608792052799325384e-02 -2.828338309932384997e-01 -9.588140823138477931e-01
2.567974456413469816e-02 -2.766572293337000166e-01 -9.606254879877201835e-01
2.528039852138498633e-02 -2.705362752240190183e-01 -9.623777975585419142e-01
2.488985349769884045e-02 -2.644715992670280680e-01 -9.640722319251353589e-01
2.450807658565393871e-02 -2.584638122631018886e-01 -9.657100040527677454e-01
2.413503098832810514e-02 -2.525135055875568080e-01 -9.672923186762982795e-01
2.377067613390803497e-02 -2.466212515673728845e-01 -9.688203720125661000e-01
2.341496778896086720e-02 -2.407876038570622990e-01 -9.702953514818555281e-01
2.306785817030407304e-02 -2.350130978135125948e-01 -9.717184354382736311e-01
2.272929605541319092e-02 -2.292982508696371491e-01 -9.730907929088734587e-01
2.239922689131088399e-02 -2.236435629066709230e-01 -9.744135833413581915e-01
2.207759290188466422e-02 -2.180495166249536154e-01 -9.756879563601993377e-01
2.176433319358441615e-02 -2.125165779130468724e-01 -9.769150515310025540e-01
2.145938385945447835e-02 -2.070451962150367808e-01 -9.780959981329542252e-01
2.116267808145864959e-02 -2.016358048958774574e-01 -9.792319149391826016e-01
2.087414623105993822e-02 -1.962888216046355938e-01 -9.803239100048669608e-01
2.059371596802024584e-02 -1.910046486355001516e-01 -9.813730804629280380e-01
2.032131233738845855e-02 -1.857836732864258378e-01 -9.823805123271351913e-01
2.005685786464859663e-02 -1.806262682152829091e-01 -9.833472803024628783e-01
1.980027264900275155e-02 -1.755327917933900417e-01 -9.842744476025339084e-01
1.955147445476650148e-02 -1.705035884563109727e-01 -9.851630657739827157e-01
1.931037880085742509e-02 -1.655389890517994789e-01 -9.860141745275775582e-01
1.907689904836009157e-02 -1.606393111847814748e-01 -9.868288015759368870e-01
1.885094648615360385e-02 -1.558048595592661512e-01 -9.876079624776794574e-01
1.863243041459039864e-02 -1.510359263170825417e-01 -9.883526604878464239e-01
1.842125822721749073e-02 -1.463327913733409869e-01 -9.890638864144360998e-01
1.821733549053379531e-02 -1.416957227485229898e-01 -9.897426184808925109e-01
1.802056602177946887e-02 -1.371249768971058158e-01 -9.903898221943902014e-01
1.783085196475548209e-02 -1.326207990326326025e-01 -9.910064502197594161e-01
1.764809386367375069e-02 -1.281834234491409652e-01 -9.915934422588963404e-01
1.747219073504027720e-02 -1.238130738388674018e-01 -9.921517249355051860e-01
1.730304013757570647e-02 -1.195099636061472265e-01 -9.926822116850197997e-01
1.714053824017960220e-02 -1.152742961774332886e-01 -9.931858026495550273e-01
1.698457988794660131e-02 -1.111062653073598416e-01 -9.936633845777382845e-01
1.683505866624433744e-02 -1.070060553807805209e-01 -9.941158307292738971e-01
1.669186696286469387e-02 -1.029738417107127768e-01 -9.945440007840956609e-01
1.655489602826153150e-02 -9.900979083212363419e-02 -9.949487407559628460e-01
1.642403603388960590e-02 -9.511406079149441195e-02 -9.953308829103577615e-01
1.629917612866076809e-02 -9.128680143210493592e-02 -9.956912456865454342e-01
1.618020449353499077e-02 -8.752815467498019364e-02 -9.960306336236560698e-01
1.606700839426502755e-02 -8.383825479544496084e-02 -9.963498372906546274e-01
1.595947423231481449e-02 -8.021722869523441324e-02 -9.966496332200626140e-01
1.585748759397283617e-02 -7.666519617011126331e-02 -9.969307838453007609e-01
1.576093329768289350e-02 -7.318227017294196002e-02 -9.971940374415205754e-01
1.566969543961568498e-02 -6.976855707218705682e-02 -9.974401280697977601e-01
1.558365743750569389e-02 -6.642415690576292109e-02 -9.976697755245613752e-01
1.550270207277875886e-02 -6.314916363023405366e-02 -9.978836852841337368e-01
1.542671153099666077e-02 -5.994366536529727174e-02 -9.980825484642600331e-01
1.535556744064587795e-02 -5.680774463352114556e-02 -9.982670417745080904e-01
1.528915091029843694e-02 -5.374147859530586935e-02 -9.984378274774204920e-01
1.522734256417357206e-02 -5.074493927903058615e-02 -9.985955533503038106e-01
1.517002257612957462e-02 -4.781819380635699696e-02 -9.987408526495429317e-01
1.511707070211588087e-02 -4.496130461265981926e-02 -9.988743440773285576e-01
1.506836631111607358e-02 -4.217432966255620780e-02 -9.989966317506914217e-01
1.502378841461301205e-02 -3.945732266050798465e-02 -9.991083051727355224e-01
1.498321569460786019e-02 -3.681033325647188603e-02 -9.992099392059682339e-01
1.494652653022528720e-02 -3.423340724657461531e-02 -9.993020940476257108e-01
1.491359902293754210e-02 -3.172658676879083067e-02 -9.993853152068944423e-01
1.488431102044055626e-02 -2.928991049360358048e-02 -9.994601334839333662e-01
1.485854013921561294e-02 -2.692341380962795516e-02 -9.995270649506021732e-01
1.483616378581048556e-02 -2.462712900417995260e-02 -9.995866109328047644e-01
1.481705917687426571e-02 -2.240108543877376845e-02 -9.996392579943587098e-01
1.480110335798044165e-02 -2.024530971953180172e-02 -9.996854779223037779e-01
1.478817322127302415e-02 -1.815982586249277261e-02 -9.997257277135663811e-01
1.477814552197080980e-02 -1.614465545380433173e-02 -9.997604495628978905e-01
1.477089689376507101e-02 -1.419981780478754910e-02 -9.997900708520078839e-01
1.476630386314620701e-02 -1.232533010186156845e-02 -9.998150041398157217e-01
1.476424286269503727e-02 -1.052120755131759344e-02 -9.998356471537468426e-01
1.476459024337462705e-02 -8.787463518932203330e-03 -9.998523827820019472e-01
1.476722228585867179e-02 -7.124109664410790271e-03 -9.998655790667302368e-01
1.477201521093258856e-02 -5.531156070652637133e-03 -9.998755891980403154e-01
1.477884518900361883e-02 -4.008611367829863388e-03 -9.998827515087853612e-01
1.478758834875630937e-02 -2.556482852273150169e-03 -9.998873894700602838e-01
1.479812078498986966e-02 -1.174776600157741852e-03 -9.998898116873532471e-01
1.481031856567396540e-02 1.365024240161545870e-04 -9.998903118972949366e-01
1.482405773825957139e-02 1.377350264153919500e-03 -9.998891689649512804e-01
1.483921433528159403e-02 2.547763874512833440e-03 -9.998866468816101083e-01
1.485566437928998590e-02 3.647741026868491290e-03 -9.998829947630117898e-01
1.487328388714616138e-02 4.677280222905187169e-03 -9.998784468479791077e-01
1.489194887372151214e-02 5.636380611833719835e-03 -9.998732224974020699e-01
1.491153535503488177e-02 6.525041913239655426e-03 -9.998675261935374703e-01
1.493191935086587638e-02 7.343264345164726183e-03 -9.998615475395854491e-01
1.495297688688088794e-02 8.091048557423676652e-03 -9.998554612595064173e-01
1.497458399630873481e-02 8.768395570158541916e-03 -9.998494271980462589e-01
1.499661672120283958e-02 9.375306717632045719e-03 -9.998435903209391684e-01
1.501895111332684184e-02 9.911783597261501072e-03 -9.998380807152600358e-01
1.504146323470057292e-02 1.037782802389434177e-02 -9.998330135899013982e-01
1.506402915784331789e-02 1.077344198932613482e-02 -9.998284892761520881e-01
1.508652496575126067e-02 1.109862762706171312e-02 -9.998245932283581494e-01
1.510882675164604803e-02 1.135338718231981153e-02 -9.998213960246477017e-01
1.513081061853135435e-02 1.153772298728138884e-02 -9.998189533677050989e-01
1.515235267859437775e-02 1.165163744158160403e-02 -9.998173060855827243e-01
1.517332905248914079e-02 1.169513299804521983e-02 -9.998164801325397644e-01
1.519361586853849172e-02 1.166821215366500505e-02 -9.998164865899015208e-01
1.521385493004019131e-02 1.164125613033332313e-02 -9.998164930470361256e-01
1.523404617601133160e-02 1.161426501274569895e-02 -9.998164995039435787e-01
1.525418954561918831e-02 1.158723888570333156e-02 -9.998165059606238803e-01
1.527428497818140649e-02 1.156017783411283743e-02 -9.998165124170771412e-01
1.529433241316617911e-02 1.153308194298597461e-02 -9.998165188733032505e-01
1.531433179019243453e-02 1.150595129743937906e-02 -9.998165253293022081e-01
1.533428304903001506e-02 1.147878598269430096e-02 -9.998165317850741252e-01
1.535418612959985919e-02 1.145158608407633415e-02 -9.998165382406188906e-01
1.537404097197418197e-02 1.142435168701514542e-02 -9.998165446959366154e-01
1.539384751637665541e-02 1.139708287704421091e-02 -9.998165511510272996e-01
1.541360570318258717e-02 1.136977973980054547e-02 -9.998165576058908321e-01
1.543331547291910098e-02 1.134244236102443550e-02 -9.998165640605273241e-01
1.545297676626531530e-02 1.131507082655916832e-02 -9.998165705149367755e-01
1.547258952405252200e-02 1.128766522235076161e-02 -9.998165769691191862e-01
1.549215368726436330e-02 1.126022563444769795e-02 -9.998165834230745563e-01
1.551166919703700874e-02 1.123275214900065072e-02 -9.998165898768028859e-01
1.553113599465933553e-02 1.120524485226221702e-02 -9.998165963303041748e-01
1.555055402157309863e-02 1.117770383058664177e-02 -9.998166027835785341e-01
1.556992321937311283e-02 1.115012917042955236e-02 -9.998166092366258528e-01
1.558924352980742452e-02 1.112252095834768452e-02 -9.998166156894461309e-01
1.560851489477748863e-02 1.109487928099861347e-02 -9.998166221420394795e-01
1.562773725633834210e-02 1.106720422514047807e-02 -9.998166285944057874e-01
1.564691055669877734e-02 1.103949587763171196e-02 -9.998166350465451657e-01
1.566603473822151746e-02 1.101175432543076947e-02 -9.998166414984576145e-01
1.568510974342338798e-02 1.098397965559585326e-02 -9.998166479501431336e-01
1.570413551497549035e-02 1.095617195528464198e-02 -9.998166544016016122e-01
1.572311199570337534e-02 1.092833131175401443e-02 -9.998166608528331611e-01
1.574203912858720966e-02 1.090045781235978069e-02 -9.998166673038377805e-01
1.576091685676194940e-02 1.087255154455640284e-02 -9.998166737546154703e-01
1.577974512351751346e-02 1.084461259589672433e-02 -9.998166802051662305e-01
1.579852387229895364e-02 1.081664105403169415e-02 -9.998166866554901722e-01
1.581725304670661761e-02 1.078863700671009278e-02 -9.998166931055871842e-01
1.583593259049632940e-02 1.076060054177825458e-02 -9.998166995554572667e-01
1.585456244757954200e-02 1.073253174717979548e-02 -9.998167060051005306e-01
1.587314256202352475e-02 1.070443071095533542e-02 -9.998167124545168649e-01
1.589167287805151249e-02 1.067629752124222425e-02 -9.998167189037063807e-01
1.591015334004288947e-02 1.064813226627426244e-02 -9.998167253526689668e-01
1.592858389253334200e-02 1.061993503438142875e-02 -9.998167318014047344e-01
1.594696448021503538e-02 1.059170591398959742e-02 -9.998167382499136835e-01
1.596529504793677348e-02 1.056344499362026762e-02 -9.998167446981958140e-01
1.598357554070416534e-02 1.053515236189028065e-02 -9.998167511462511259e-01
1.600180590367978814e-02 1.050682810751154411e-02 -9.998167575940795082e-01
1.601998608218335729e-02 1.047847231929075786e-02 -9.998167640416811830e-01
1.603811602169188250e-02 1.045008508612912772e-02 -9.998167704890560392e-01
1.605619566783983779e-02 1.042166649702209492e-02 -9.998167769362040769e-01
1.607422496641932458e-02 1.039321664105904985e-02 -9.998167833831252960e-01
1.609220386338022432e-02 1.036473560742305969e-02 -9.998167898298198075e-01
1.611013230483036851e-02 1.033622348539058565e-02 -9.998167962762875005e-01
1.612801023703570175e-02 1.030768036433120198e-02 -9.998168027225283749e-01
1.614583760642043439e-02 1.027910633370732012e-02 -9.998168091685425418e-01
1.616361435956721257e-02 1.025050148307390420e-02 -9.998168156143300012e-01
1.618134044321727083e-02 1.022186590207819178e-02 -9.998168220598906419e-01
1.619901580427059520e-02 1.019319968045941452e-02 -9.998168285052245752e-01
1.621664038978607586e-02 1.016450290804851719e-02 -9.998168349503318009e-01
1.623421414698167364e-02 1.013577567476787317e-02 -9.998168413952123190e-01
1.625173702323457620e-02 1.010701807063100512e-02 -9.998168478398661296e-01
1.626920896608135061e-02 1.007823018574230574e-02 -9.998168542842932327e-01
1.628662992321810304e-02 1.004941211029674979e-02 -9.998168607284936282e-01
1.630399984250063480e-02 1.002056393457961478e-02 -9.998168671724673162e-01
1.632131867194459851e-02 9.991685748966199973e-03 -9.998168736162144077e-01
1.633858635972565768e-02 9.962777643921540138e-03 -9.998168800597347916e-01
1.635580285417963242e-02 9.933839710000124529e-03 -9.998168865030284680e-01
1.637296810380265907e-02 9.904872037845612390e-03 -9.998168929460955479e-01
1.639008205725134629e-02 9.875874718190548462e-03 -9.998168993889359202e-01
1.640714466334292423e-02 9.846847841856080225e-03 -9.998169058315496960e-01
1.642415587105539726e-02 9.817791499751675130e-03 -9.998169122739368753e-01
1.644111562952770000e-02 9.788705782874830910e-03 -9.998169187160973470e-01
1.645802388805984312e-02 9.759590782310796284e-03 -9.998169251580312222e-01
1.647488059611307634e-02 9.730446589232282992e-03 -9.998169315997385009e-01
1.649168570331002379e-02 9.701273294899181304e-03 -9.998169380412191831e-01
1.650843915943484355e-02 9.672070990658272055e-03 -9.998169444824732688e-01
1.652514091443338037e-02 9.642839767942945617e-03 -9.998169509235007579e-01
1.654179091841330440e-02 9.613579718272912203e-03 -9.998169573643017616e-01
1.655838912164427079e-02 9.584290933253913902e-03 -9.998169638048761687e-01
1.657493547455805849e-02 9.554973504577443655e-03 -9.998169702452239793e-01
1.659142992774872635e-02 9.525627524020453818e-03 -9.998169766853453044e-01
1.660787243197275539e-02 9.496253083445068202e-03 -9.998169831252400330e-01
1.662426293814919798e-02 9.466850274798301046e-03 -9.998169895649082761e-01
1.664060139735982352e-02 9.437419190111760378e-03 -9.998169960043499227e-01
1.665688776084925729e-02 9.407959921501368727e-03 -9.998170024435650838e-01
1.667312198002513998e-02 9.378472561167068219e-03 -9.998170088825537594e-01
1.668930400645826304e-02 9.348957201392536082e-03 -9.998170153213159494e-01
1.670543379188271088e-02 9.319413934544893210e-03 -9.998170217598516540e-01
1.672151128819601013e-02 9.289842853074419676e-03 -9.998170281981608731e-01
1.673753644745926833e-02 9.260244049514261555e-03 -9.998170346362436067e-01
1.675350922189732319e-02 9.230617616480142965e-03 -9.998170410740998548e-01
1.676942956389888134e-02 9.200963646670076365e-03 -9.998170475117296174e-01
1.678529742601665362e-02 9.171282232864071127e-03 -9.998170539491328945e-01
1.680111276096750428e-02 9.141573467923845564e-03 -9.998170603863097972e-01
1.681687552163258978e-02 9.111837444792535504e-03 -9.998170668232602143e-01
1.683258566105749754e-02 9.082074256494404585e-03 -9.998170732599842569e-01
1.684824313245238472e-02 9.052283996134551092e-03 -9.998170796964818141e-01
1.686384788919212396e-02 9.022466756898621723e-03 -9.998170861327529968e-01
1.687939988481643172e-02 8.992622632052514955e-03 -9.998170925687978050e-01
1.689489907303001054e-02 8.962751714942089609e-03 -9.998170990046161277e-01
1.691034540770269476e-02 8.932854098992878619e-03 -9.998171054402080760e-01
1.692573884286957195e-02 8.902929877709792397e-03 -9.998171118755736497e-01
1.694107933273113556e-02 8.872979144676823929e-03 -9.998171183107128490e-01
1.695636683165340636e-02 8.843001993556764279e-03 -9.998171247456256738e-01
1.697160129416807467e-02 8.812998518090904218e-03 -9.998171311803122352e-01
1.698678267497264263e-02 8.782968812098739322e-03 -9.998171376147724221e-01
1.700191092893054215e-02 8.752912969477683741e-03 -9.998171440490062345e-01
1.701698601107128409e-02 8.722831084202770091e-03 -9.998171504830136724e-01
1.703200787659058316e-02 8.692723250326359757e-03 -9.998171569167948469e-01
1.704697648085049325e-02 8.662589561977847991e-03 -9.998171633503496469e-01
1.706189177937953924e-02 8.632430113363367269e-03 -9.998171697836781835e-01
1.707675372787285234e-02 8.602244998765497599e-03 -9.998171762167804566e-01
1.709156228219229495e-02 8.572034312542968146e-03 -9.998171826496563552e-01
1.710631739836659254e-02 8.541798149130364060e-03 -9.998171890823059904e-01
1.712101903259147240e-02 8.511536603037831578e-03 -9.998171955147293621e-01
1.713566714122978507e-02 8.481249768850781384e-03 -9.998172019469264704e-01
1.715026168081163274e-02 8.450937741229593708e-03 -9.998172083788973152e-01
1.716480260803450453e-02 8.420600614909321685e-03 -9.998172148106418966e-01
1.717928987976340138e-02 8.390238484699399923e-03 -9.998172212421602145e-01
1.719372345303096100e-02 8.359851445483344398e-03 -9.998172276734522690e-01
1.720810328503758618e-02 8.329439592218454078e-03 -9.998172341045181710e-01
1.722242933315157667e-02 8.299003019935519490e-03 -9.998172405353578096e-01
1.723670155490925060e-02 8.268541823738520882e-03 -9.998172469659711847e-01
1.725091990801506589e-02 8.238056098804336785e-03 -9.998172533963584074e-01
1.726508435034175906e-02 8.207545940382442173e-03 -9.998172598265194777e-01
1.727919483993044930e-02 8.177011443794611825e-03 -9.998172662564542845e-01
1.729325133499078418e-02 8.146452704434625422e-03 -9.998172726861629389e-01
1.730725379390105068e-02 8.115869817767965705e-03 -9.998172791156454409e-01
1.732120217520829661e-02 8.085262879331523572e-03 -9.998172855449017904e-01
1.733509643762845553e-02 8.054631984733296238e-03 -9.998172919739318765e-01
1.734893654004647859e-02 8.023977229652094062e-03 -9.998172984027359211e-01
1.736272244151643857e-02 7.993298709837236976e-03 -9.998173048313138134e-01
1.737645410126166176e-02 7.962596521108257844e-03 -9.998173112596655532e-01
1.739013147867484940e-02 7.931870759354602354e-03 -9.998173176877911406e-01
1.740375453331819214e-02 7.901121520535330650e-03 -9.998173241156905755e-01
1.741732322492348453e-02 7.870348900678815485e-03 -9.998173305433639690e-01
1.743083751339226037e-02 7.839552995882447320e-03 -9.998173369708112102e-01
1.744429735879589327e-02 7.808733902312330749e-03 -9.998173433980324099e-01
1.745770272137572854e-02 7.777891716202982655e-03 -9.998173498250274571e-01
1.747105356154318723e-02 7.747026533857036441e-03 -9.998173562517964630e-01
1.748434983987989105e-02 7.716138451644937585e-03 -9.998173626783394274e-01
1.749759151713777688e-02 7.685227566004644399e-03 -9.998173691046562395e-01
1.751077855423921123e-02 7.654293973441328794e-03 -9.998173755307470101e-01
1.752391091227710473e-02 7.623337770527071830e-03 -9.998173819566117393e-01
1.753698855251503361e-02 7.592359053900565348e-03 -9.998173883822504271e-01
1.755001143638734024e-02 7.561357920266807524e-03 -9.998173948076630735e-01
1.756297952549926156e-02 7.530334466396803629e-03 -9.998174012328496785e-01
1.757589278162702620e-02 7.499288789127263322e-03 -9.998174076578103531e-01
1.758875116671797939e-02 7.468220985360297069e-03 -9.998174140825449863e-01
1.760155464289069396e-02 7.437131152063116910e-03 -9.998174205070535780e-01
1.761430317243507099e-02 7.406019386267730271e-03 -9.998174269313362394e-01
1.762699671781246119e-02 7.374885785070640735e-03 -9.998174333553928594e-01
1.763963524165577251e-02 7.343730445632543589e-03 -9.998174397792235490e-01
1.765221870676957766e-02 7.312553465178020518e-03 -9.998174462028283083e-01
1.766474707613022166e-02 7.281354940995241228e-03 -9.998174526262070261e-01
1.767722031288593981e-02 7.250134970435655538e-03 -9.998174590493598135e-01
1.768963838035695138e-02 7.218893650913692402e-03 -9.998174654722866705e-01
1.770200124203558101e-02 7.187631079906455465e-03 -9.998174718949875972e-01
1.771430886158635934e-02 7.156347354953417755e-03 -9.998174783174625935e-01
1.772656120284612363e-02 7.125042573656118969e-03 -9.998174847397116594e-01
1.773875822982413572e-02 7.093716833677860163e-03 -9.998174911617347949e-01
1.775089990670217915e-02 7.062370232743401047e-03 -9.998174975835320000e-01
1.776298619783466676e-02 7.031002868638653799e-03 -9.998175040051033857e-01
1.777501706774874471e-02 6.999614839210376895e-03 -9.998175104264488411e-01
1.778699248114439663e-02 6.968206242365872390e-03 -9.998175168475683661e-01
1.779891240289454418e-02 6.936777176072679747e-03 -9.998175232684620717e-01
1.781077679804515118e-02 6.905327738358269657e-03 -9.998175296891299579e-01
1.782258563181532765e-02 6.873858027309740458e-03 -9.998175361095719138e-01
1.783433886959743392e-02 6.842368141073509359e-03 -9.998175425297880503e-01
1.784603647695717082e-02 6.810858177855009729e-03 -9.998175489497783675e-01
1.785767841963369074e-02 6.779328235918382316e-03 -9.998175553695428652e-01
1.786926466353969817e-02 6.747778413586170802e-03 -9.998175617890815436e-01
1.788079517476153651e-02 6.716208809239013894e-03 -9.998175682083944027e-01
1.789226991955930254e-02 6.684619521315339138e-03 -9.998175746274814424e-01
1.790368886436693313e-02 6.653010648311056749e-03 -9.998175810463426627e-01
1.791505197579231282e-02 6.621382288779252556e-03 -9.998175874649780637e-01
1.792635922061736053e-02 6.589734541329880096e-03 -9.998175938833876453e-01
1.793761056579813717e-02 6.558067504629454432e-03 -9.998176003015715185e-01
1.794880597846492884e-02 6.526381277400742503e-03 -9.998176067195295724e-01
1.795994542592235788e-02 6.494675958422457818e-03 -9.998176131372619180e-01
1.797102887564946613e-02 6.462951646528951669e-03 -9.998176195547684442e-01
1.798205629529981558e-02 6.431208440609906089e-03 -9.998176259720492620e-01
1.799302765270157853e-02 6.399446439610024205e-03 -9.998176323891043715e-01
1.800394291585763473e-02 6.367665742528722320e-03 -9.998176388059336617e-01
1.801480205294565817e-02 6.335866448419822002e-03 -9.998176452225372435e-01
1.802560503231821765e-02 6.304048656391243038e-03 -9.998176516389151169e-01
1.803635182250286351e-02 6.272212465604690319e-03 -9.998176580550672821e-01
1.804704239220222134e-02 6.240357975275349391e-03 -9.998176644709937388e-01
1.805767671029407870e-02 6.208485284671575941e-03 -9.998176708866945983e-01
1.806825474583148225e-02 6.176594493114585284e-03 -9.998176773021697494e-01
1.807877646804281757e-02 6.144685699978143581e-03 -9.998176837174191922e-01
1.808924184633190976e-02 6.112759004688259924e-03 -9.998176901324429267e-01
1.809965085027810325e-02 6.080814506722874956e-03 -9.998176965472410638e-01
1.811000344963635197e-02 6.048852305611551218e-03 -9.998177029618134926e-01
1.812029961433730615e-02 6.016872500935163508e-03 -9.998177093761603240e-01
1.813053931448740594e-02 5.984875192325590093e-03 -9.998177157902815582e-01
1.814072252036896121e-02 5.952860479465399597e-03 -9.998177222041770840e-01
1.815084920244023486e-02 5.920828462087542217e-03 -9.998177286178470125e-01
1.816091933133553646e-02 5.888779239975040075e-03 -9.998177350312913436e-01
1.817093287786530204e-02 5.856712912960674970e-03 -9.998177414445100775e-01
1.818088981301617391e-02 5.824629580926677860e-03 -9.998177478575032140e-01
1.819079010795109433e-02 5.792529343804418349e-03 -9.998177542702707532e-01
1.820063373400937837e-02 5.760412301574093299e-03 -9.998177606828126951e-01
1.821042066270680757e-02 5.728278554264416324e-03 -9.998177670951291507e-01
1.822015086573570281e-02 5.696128201952303793e-03 -9.998177735072200090e-01
1.822982431496500758e-02 5.663961344762566928e-03 -9.998177799190852699e-01
1.823944098244037471e-02 5.631778082867597811e-03 -9.998177863307250446e-01
1.824900084038423576e-02 5.599578516487058004e-03 -9.998177927421392219e-01
1.825850386119588775e-02 5.567362745887566300e-03 -9.998177991533279130e-01
1.826795001745157646e-02 5.535130871382387338e-03 -9.998178055642910067e-01
1.827733928190456922e-02 5.502882993331119355e-03 -9.998178119750286141e-01
1.828667162748523131e-02 5.470619212139381064e-03 -9.998178183855407353e-01
1.829594702730110919e-02 5.438339628258500279e-03 -9.998178247958273701e-01
1.830516545463700337e-02 5.406044342185199920e-03 -9.998178312058885187e-01
1.831432688295504471e-02 5.373733454461286640e-03 -9.998178376157241809e-01
1.832343128589477427e-02 5.341407065673336833e-03 -9.998178440253343569e-01
1.833247863727321958e-02 5.309065276452384387e-03 -9.998178504347190465e-01
1.834146891108496061e-02 5.276708187473607564e-03 -9.998178568438782499e-01
1.835040208150221300e-02 5.244335899456015020e-03 -9.998178632528120779e-01
1.835927812287489400e-02 5.211948513162132680e-03 -9.998178696615204197e-01
1.836809700973070919e-02 5.179546129397691497e-03 -9.998178760700032752e-01
1.837685871677520802e-02 5.147128849011312589e-03 -9.998178824782607554e-01
1.838556321889186357e-02 5.114696772894192396e-03 -9.998178888862928604e-01
1.839421049114215237e-02 5.082250001979791293e-03 -9.998178952940994790e-01
1.840280050876560991e-02 5.049788637243518737e-03 -9.998179017016807224e-01
1.841133324717991043e-02 5.017312779702417548e-03 -9.998179081090365905e-01
1.841980868198093632e-02 4.984822530414851662e-03 -9.998179145161670833e-01
1.842822678894284749e-02 4.952317990480191272e-03 -9.998179209230722009e-01
1.843658754401814384e-02 4.919799261038498850e-03 -9.998179273297519432e-01
1.844489092333773811e-02 4.887266443270212556e-03 -9.998179337362063102e-01
1.845313690321102873e-02 4.854719638395833120e-03 -9.998179401424353019e-01
1.846132546012596229e-02 4.822158947675609861e-03 -9.998179465484389183e-01
1.846945657074909250e-02 4.789584472409224095e-03 -9.998179529542171595e-01
1.847753021192565653e-02 4.756996313935474285e-03 -9.998179593597701365e-01
1.848554636067964094e-02 4.724394573631962926e-03 -9.998179657650977381e-01
1.849350499421383714e-02 4.691779352914779086e-03 -9.998179721702000755e-01
1.850140608990991434e-02 4.659150753238182688e-03 -9.998179785750770376e-01
1.850924962532847842e-02 4.626508876094291393e-03 -9.998179849797287355e-01
1.851703557820913795e-02 4.593853823012764015e-03 -9.998179913841551691e-01
1.852476392647056658e-02 4.561185695560483928e-03 -9.998179977883562275e-01
1.853243464821056549e-02 4.528504595341243354e-03 -9.998180041923320216e-01
1.854004772170611895e-02 4.495810623995430237e-03 -9.998180105960825514e-01
1.854760312541346365e-02 4.463103883199708195e-03 -9.998180169996078170e-01
1.855510083796814425e-02 4.430384474666702529e-03 -9.998180234029078184e-01
1.856254083818507233e-02 4.397652500144685374e-03 -9.998180298059826665e-01
1.856992310505859237e-02 4.364908061417256506e-03 -9.998180362088322504e-01
1.857724761776253716e-02 4.332151260303029362e-03 -9.998180426114565700e-01
1.858451435565027648e-02 4.299382198655313583e-03 -9.998180490138556253e-01
1.859172329825478989e-02 4.266600978361797560e-03 -9.998180554160295275e-01
1.859887442528871532e-02 4.233807701344233579e-03 -9.998180618179781654e-01
1.860596771664440804e-02 4.201002469558120372e-03 -9.998180682197016500e-01
1.861300315239399275e-02 4.168185384992385660e-03 -9.998180746211999814e-01
1.861998071278942249e-02 4.135356549669069563e-03 -9.998180810224730486e-01
1.862690037826253420e-02 4.102516065643007151e-03 -9.998180874235209625e-01
1.863376212942510421e-02 4.069664035001513587e-03 -9.998180938243437232e-01
1.864056594706889336e-02 4.036800559864063206e-03 -9.998181002249413307e-01
1.864731181216571290e-02 4.003925742381975530e-03 -9.998181066253137850e-01
1.865399970586746267e-02 3.971039684738095210e-03 -9.998181130254610860e-01
1.866062960950619701e-02 3.938142489146477174e-03 -9.998181194253832338e-01
1.866720150459416985e-02 3.905234257852066571e-03 -9.998181258250802284e-01
1.867371537282388333e-02 3.872315093130383485e-03 -9.998181322245521807e-01
1.868017119606813978e-02 3.839385097287202880e-03 -9.998181386237989798e-01
1.868656895638009380e-02 3.806444372658238009e-03 -9.998181450228207368e-01
1.869290863599330083e-02 3.773493021608823397e-03 -9.998181514216173404e-01
1.869919021732176223e-02 3.740531146533594784e-03 -9.998181578201889019e-01
1.870541368295998083e-02 3.707558849856172536e-03 -9.998181642185353102e-01
1.871157901568300252e-02 3.674576234028843324e-03 -9.998181706166566762e-01
1.871768619844646139e-02 3.641583401532241804e-03 -9.998181770145530001e-01
1.872373521438663174e-02 3.608580454875031859e-03 -9.998181834122242817e-01
1.872972604682046974e-02 3.575567496593588714e-03 -9.998181898096705211e-01
1.873565867924566197e-02 3.542544629251681045e-03 -9.998181962068917183e-01
1.874153309534066711e-02 3.509511955440150922e-03 -9.998182026038878734e-01
1.874734927896476791e-02 3.476469577776596358e-03 -9.998182090006589862e-01
1.875310721415809900e-02 3.443417598905052987e-03 -9.998182153972050568e-01
1.875880688514170586e-02 3.410356121495674436e-03 -9.998182217935260852e-01
1.876444827631757947e-02 3.377285248244413576e-03 -9.998182281896221824e-01
1.877003137226870150e-02 3.344205081872704630e-03 -9.998182345854932374e-01
1.877555615775907891e-02 3.311115725127143118e-03 -9.998182409811393612e-01
1.878102261773379605e-02 3.278017280779167101e-03 -9.998182473765604428e-01
1.878643073731904589e-02 3.244909851624738859e-03 -9.998182537717565932e-01
1.879178050182217161e-02 3.211793540484025270e-03 -9.998182601667278124e-01
1.879707189673170825e-02 3.178668450201078185e-03 -9.998182665614741005e-01
1.880230490771741744e-02 3.145534683643515673e-03 -9.998182729559953463e-01
1.880747952063032899e-02 3.112392343702202399e-03 -9.998182793502916610e-01
1.881259572150277906e-02 3.079241533290930869e-03 -9.998182857443630445e-01
1.881765349654844141e-02 3.046082355346101372e-03 -9.998182921382094968e-01
1.882265283216236901e-02 3.012914912826402791e-03 -9.998182985318311289e-01
1.882759371492102526e-02 2.979739308712492547e-03 -9.998183049252278298e-01
1.883247613158232567e-02 2.946555646006677846e-03 -9.998183113183995996e-01
1.883730006908566901e-02 2.913364027732595184e-03 -9.998183177113464382e-01
1.884206551455196860e-02 2.880164556934891595e-03 -9.998183241040684566e-01
1.884677245528368697e-02 2.846957336678903293e-03 -9.998183304965655438e-01
1.885142087876487405e-02 2.813742470050337348e-03 -9.998183368888378109e-01
1.885601077266119488e-02 2.780520060154951633e-03 -9.998183432808852578e-01
1.886054212481996090e-02 2.747290210118233898e-03 -9.998183496727077735e-01
1.886501492327016111e-02 2.714053023085082582e-03 -9.998183560643054690e-01
1.886942915622249681e-02 2.680808602219486754e-03 -9.998183624556783444e-01
1.887378481206940586e-02 2.647557050704206060e-03 -9.998183688468263997e-01
1.887808187938510088e-02 2.614298471740450231e-03 -9.998183752377496347e-01
1.888232034692558653e-02 2.581032968547558593e-03 -9.998183816284480496e-01
1.888650020362869428e-02 2.547760644362681310e-03 -9.998183880189216444e-01
1.889062143861411705e-02 2.514481602440457597e-03 -9.998183944091704189e-01
1.889468404118342312e-02 2.481195946052696527e-03 -9.998184007991944844e-01
1.889868800082009082e-02 2.447903778488055675e-03 -9.998184071889937297e-01
1.890263330718953277e-02 2.414605203051721494e-03 -9.998184135785682658e-01
1.890651995013912373e-02 2.381300323065088393e-03 -9.998184199679179818e-01
1.891034791969822132e-02 2.347989241865438680e-03 -9.998184263570429886e-01
1.891411720607819383e-02 2.314672062805621638e-03 -9.998184327459431753e-01
1.891782779967244796e-02 2.281348889253733466e-03 -9.998184391346186528e-01
1.892147969105643923e-02 2.248019824592796794e-03 -9.998184455230694212e-01
1.892507287098771016e-02 2.214684972220439321e-03 -9.998184519112954804e-01
1.892860733040590063e-02 2.181344435548573761e-03 -9.998184582992968306e-01
1.893208306043277570e-02 2.147998318003076484e-03 -9.998184646870734715e-01
1.893550005237224637e-02 2.114646723023468327e-03 -9.998184710746254034e-01
1.893885829771038698e-02 2.081289754062591937e-03 -9.998184774619526261e-01
1.894215778811545944e-02 2.047927514586292581e-03 -9.998184838490551396e-01
1.894539851543793063e-02 2.014560108073095920e-03 -9.998184902359329440e-01
1.894858047171048970e-02 1.981187638013888822e-03 -9.998184966225861503e-01
1.895170364914806546e-02 1.947810207911597133e-03 -9.998185030090146475e-01
1.895476804014784716e-02 1.914427921280865410e-03 -9.998185093952185465e-01
1.895777363728930534e-02 1.881040881647735993e-03 -9.998185157811977364e-01
1.896072043333419527e-02 1.847649192549327864e-03 -9.998185221669523282e-01
1.896360842122659165e-02 1.814252957533515724e-03 -9.998185285524822108e-01
1.896643759409288518e-02 1.780852280158609505e-03 -9.998185349377874953e-01
1.896920794524181025e-02 1.747447263993032575e-03 -9.998185413228681817e-01
1.897191946816445540e-02 1.714038012615001251e-03 -9.998185477077242700e-01
1.897457215653427370e-02 1.680624629612203656e-03 -9.998185540923557602e-01
1.897716600420710012e-02 1.647207218581478796e-03 -9.998185604767626522e-01
1.897970100522116538e-02 1.613785883128495205e-03 -9.998185668609449461e-01
1.898217715379710291e-02 1.580360726867430015e-03 -9.998185732449026419e-01
1.898459444433796620e-02 1.546931853420647823e-03 -9.998185796286358507e-01
1.898695287142923224e-02 1.513499366418379760e-03 -9.998185860121444613e-01
1.898925242983881892e-02 1.480063369498402139e-03 -9.998185923954285848e-01
1.899149311451709191e-02 1.446623966305715311e-03 -9.998185987784881101e-01
1.899367492059687509e-02 1.413181260492222526e-03 -9.998186051613231484e-01
1.899579784339345406e-02 1.379735355716409009e-03 -9.998186115439335886e-01
1.899786187840459342e-02 1.346286355643020599e-03 -9.998186179263195417e-01
1.899986702131053681e-02 1.312834363942742399e-03 -9.998186243084810076e-01
1.900181326797401385e-02 1.279379484291877844e-03 -9.998186306904179865e-01
1.900370061444025399e-02 1.245921820372027783e-03 -9.998186370721304783e-01
1.900552905693698308e-02 1.212461475869768468e-03 -9.998186434536184830e-01
1.900729859187443721e-02 1.178998554476331064e-03 -9.998186498348820006e-01
1.900900921584535927e-02 1.145533159887280076e-03 -9.998186562159210311e-01
1.901066092562500934e-02 1.112065395802192425e-03 -9.998186625967355745e-01
1.901225371817116122e-02 1.078595365924336089e-03 -9.998186689773256308e-01
1.901378759062411633e-02 1.045123173960348963e-03 -9.998186753576913111e-01
1.901526254030669674e-02 1.011648923619917284e-03 -9.998186817378325042e-01
1.901667856472424867e-02 9.781727186154549284e-04 -9.998186881177492102e-01
1.901803566156464939e-02 9.446946626617822636e-04 -9.998186944974415402e-01
1.901933382869830033e-02 9.112148594758042548e-04 -9.998187008769094941e-01
1.902057306417813398e-02 8.777334127761900803e-04 -9.998187072561529609e-01
1.902175336623960697e-02 8.442504262830513410e-04 -9.998187136351720516e-01
1.902287473330070353e-02 8.107660037176212453e-04 -9.998187200139667663e-01
1.902393716396193549e-02 7.772802488019333591e-04 -9.998187263925371049e-01
1.902494065700633188e-02 7.437932652585003577e-04 -9.998187327708830674e-01
1.902588521139944935e-02 7.103051568099927760e-04 -9.998187391490046538e-01
1.902677082628935479e-02 6.768160271789181934e-04 -9.998187455269018642e-01
1.902759750100663574e-02 6.433259800872998761e-04 -9.998187519045746985e-01
1.902836523506437963e-02 6.098351192563556365e-04 -9.998187582820232677e-01
1.902907402815818758e-02 5.763435484061769096e-04 -9.998187646592474609e-01
1.902972388016615016e-02 5.428513712554072865e-04 -9.998187710362472780e-01
1.903031479114885779e-02 5.093586915209220248e-04 -9.998187774130228300e-01
1.903084676134938341e-02 4.758656129175064739e-04 -9.998187837895740060e-01
1.903131979119327896e-02 4.423722391575352054e-04 -9.998187901659009169e-01
1.903173388128856849e-02 4.088786739506510893e-04 -9.998187965420035628e-01
1.903208903242573774e-02 3.753850210034442077e-04 -9.998188029178818326e-01
1.903238524557772718e-02 3.418913840191308224e-04 -9.998188092935358373e-01
1.903262252189992162e-02 3.083978666972325591e-04 -9.998188156689655770e-01
1.903280086273013982e-02 2.749045727332553759e-04 -9.998188220441710516e-01
1.903292026958862404e-02 2.414116058183686118e-04 -9.998188284191522612e-01
1.903298074417802965e-02 2.079190696390841714e-04 -9.998188347939092058e-01
1.903298228838341474e-02 1.744270678769356824e-04 -9.998188411684419963e-01
1.903292490427222622e-02 1.409357042081575717e-04 -9.998188475427505217e-01
1.903280859409428594e-02 1.074450823033643450e-04 -9.998188539168347821e-01
1.903263336028178029e-02 7.395530582722975761e-05 -9.998188602906948885e-01
1.903239920544923941e-02 4.046647843816606708e-05 -9.998188666643307299e-01
1.903210613239353366e-02 6.978703788003346169e-06 -9.998188730377424172e-01
1.903175414409384938e-02 -2.650791447833122390e-05 -9.998188794109298394e-01
1.903134324371167849e-02 -5.999327272313400634e-05 -9.998188857838931076e-01
1.903087343459079761e-02 -9.347726731624554121e-05 -9.998188921566322218e-01
1.903034472025725773e-02 -1.269597946353711237e-04 -9.998188985291471820e-01
1.902975710441935642e-02 -1.604407510664013214e-04 -9.998189049014378771e-01
1.902911059096763433e-02 -1.939200330037325188e-04 -9.998189112735044182e-01
1.902840518397484748e-02 -2.273975368505874273e-04 -9.998189176453469162e-01
1.902764088769594644e-02 -2.608731590193354676e-04 -9.998189240169652603e-01
1.902681770656806243e-02 -2.943467959318131510e-04 -9.998189303883594503e-01
1.902593564521048303e-02 -3.278183440196445427e-04 -9.998189367595294863e-01
1.902499470842463833e-02 -3.612876997245613995e-04 -9.998189431304753683e-01
1.902399490119406969e-02 -3.947547594987236598e-04 -9.998189495011972072e-01
1.902293622868441239e-02 -4.282194198050395546e-04 -9.998189558716948921e-01
1.902181869624337829e-02 -4.616815771174857179e-04 -9.998189622419685341e-01
1.902064230940072806e-02 -4.951411279214275145e-04 -9.998189686120180220e-01
1.901940707386824345e-02 -5.285979687139389337e-04 -9.998189749818434668e-01
1.901811299553970991e-02 -5.620519960041227541e-04 -9.998189813514448687e-01
1.901676008049088887e-02 -5.955031063134305462e-04 -9.998189877208222276e-01
1.901534833497949689e-02 -6.289511961759825659e-04 -9.998189940899755435e-01
1.901387776544517447e-02 -6.623961621388877027e-04 -9.998190004589048163e-01
1.901234837850945825e-02 -6.958379007625633194e-04 -9.998190068276100462e-01
1.901076018097576370e-02 -7.292763086210549833e-04 -9.998190131960912330e-01
1.900911317982934695e-02 -7.627112823023561973e-04 -9.998190195643483769e-01
1.900740738223728396e-02 -7.961427184087282397e-04 -9.998190259323814777e-01
1.900564279554843583e-02 -8.295705135570195701e-04 -9.998190323001906465e-01
1.900381942729342799e-02 -8.629945643789856688e-04 -9.998190386677757724e-01
1.900193728518461203e-02 -8.964147675216083350e-04 -9.998190450351368552e-01
1.899999637711604142e-02 -9.298310196474152004e-04 -9.998190514022740061e-01
1.899799671116343680e-02 -9.632432174347991356e-04 -9.998190577691872249e-01
1.899593829558415478e-02 -9.966512575783376560e-04 -9.998190641358764008e-01
1.899382113881716017e-02 -1.030055036789112111e-03 -9.998190705023416447e-01
1.899164524948298780e-02 -1.063454451795026873e-03 -9.998190768685829566e-01
1.898941063638371479e-02 -1.096849399341128743e-03 -9.998190832346003365e-01
1.898711730850292587e-02 -1.130239776189925598e-03 -9.998190896003937844e-01
1.898476527500567168e-02 -1.163625479121705580e-03 -9.998190959659633004e-01
1.898235454523844457e-02 -1.197006404934856504e-03 -9.998191023313088843e-01
1.897988512872914035e-02 -1.230382450446184175e-03 -9.998191086964305363e-01
1.897735703518701675e-02 -1.263753512491231148e-03 -9.998191150613282563e-01
1.897477027450266210e-02 -1.297119487924596132e-03 -9.998191214260021553e-01
1.897212485674795723e-02 -1.330480273620252094e-03 -9.998191277904521224e-01
1.896942079217604077e-02 -1.363835766471865017e-03 -9.998191341546781574e-01
1.896665809122126747e-02 -1.397185863393112437e-03 -9.998191405186803715e-01
1.896383676449916664e-02 -1.430530461318001980e-03 -9.998191468824587647e-01
1.896095682280641084e-02 -1.463869457201189689e-03 -9.998191532460132258e-01
1.895801827712076740e-02 -1.497202748018298555e-03 -9.998191596093438660e-01
1.895502113860106710e-02 -1.530530230766236196e-03 -9.998191659724506852e-01
1.895196541858715569e-02 -1.563851802463513607e-03 -9.998191723353336835e-01
1.894885112859985565e-02 -1.597167360150563049e-03 -9.998191786979928608e-01
1.894567828034092807e-02 -1.630476800890055941e-03 -9.998191850604282171e-01
1.894244688569301713e-02 -1.663780021767220741e-03 -9.998191914226397525e-01
1.893915695671962579e-02 -1.697076919890161059e-03 -9.998191977846274670e-01
1.893580850566505686e-02 -1.730367392390173321e-03 -9.998192041463913604e-01
1.893240154495437130e-02 -1.763651336422064446e-03 -9.998192105079314329e-01
1.892893608719335360e-02 -1.796928649164469078e-03 -9.998192168692477955e-01
1.892541214516845274e-02 -1.830199227820167697e-03 -9.998192232303403371e-01
1.892182973184674058e-02 -1.863462969616403635e-03 -9.998192295912091687e-01
1.891818886037587369e-02 -1.896719771805200532e-03 -9.998192359518541794e-01
1.891448954408403785e-02 -1.929969531663679573e-03 -9.998192423122754802e-01
1.891073179647989599e-02 -1.963212146494376729e-03 -9.998192486724730710e-01
1.890691563125255353e-02 -1.996447513625559771e-03 -9.998192550324469519e-01
1.890304106227150283e-02 -2.029675530411545296e-03 -9.998192613921971228e-01
1.889910810358656768e-02 -2.062896094233015315e-03 -9.998192677517234728e-01
1.889511676942786517e-02 -2.096109102497334918e-03 -9.998192741110261128e-01
1.889106707420574321e-02 -2.129314452638867133e-03 -9.998192804701051539e-01
1.888695903251074240e-02 -2.162512042119292110e-03 -9.998192868289604851e-01
1.888279265911353352e-02 -2.195701768427921544e-03 -9.998192931875921063e-01
1.887856796896487249e-02 -2.228883529082015692e-03 -9.998192995460000176e-01
1.887428497719554135e-02 -2.262057221627099962e-03 -9.998193059041843300e-01
1.886994369911630318e-02 -2.295222743637281501e-03 -9.998193122621449325e-01
1.886554415021784309e-02 -2.328379992715564045e-03 -9.998193186198819360e-01
1.886108634617071275e-02 -2.361528866494165373e-03 -9.998193249773952296e-01
1.885657030282528179e-02 -2.394669262634831729e-03 -9.998193313346849243e-01
1.885199603621167189e-02 -2.427801078829154840e-03 -9.998193376917510200e-01
1.884736356253971512e-02 -2.460924212798887636e-03 -9.998193440485934058e-01
1.884267289819888461e-02 -2.494038562296259105e-03 -9.998193504052121927e-01
1.883792405975824244e-02 -2.527144025104289572e-03 -9.998193567616073807e-01
1.883311706396638419e-02 -2.560240499037107730e-03 -9.998193631177789698e-01
1.882825192775137643e-02 -2.593327881940264180e-03 -9.998193694737269599e-01
1.882332866822070475e-02 -2.626406071691047596e-03 -9.998193758294513511e-01
1.881834730266120428e-02 -2.659474966198799133e-03 -9.998193821849522545e-01
1.881330784853900775e-02 -2.692534463405227719e-03 -9.998193885402295589e-01
1.880821032349948296e-02 -2.725584461284725341e-03 -9.998193948952832644e-01
1.880305474536717383e-02 -2.758624857844681026e-03 -9.998194012501134820e-01
1.879784113214573449e-02 -2.791655551125796133e-03 -9.998194076047201007e-01
1.879256950201786680e-02 -2.824676439202397898e-03 -9.998194139591032314e-01
1.878723987334526835e-02 -2.857687420182755157e-03 -9.998194203132628743e-01
1.878185226466855609e-02 -2.890688392209391465e-03 -9.998194266671989183e-01
1.877640669470721085e-02 -2.923679253459399944e-03 -9.998194330209114744e-01
1.877090318235950794e-02 -2.956659902144756838e-03 -9.998194393744005426e-01
1.876534174670245469e-02 -2.989630236512635496e-03 -9.998194457276661229e-01
1.875972240699172802e-02 -3.022590154845721227e-03 -9.998194520807082153e-01
1.875404518266160503e-02 -3.055539555462523111e-03 -9.998194584335268198e-01
1.874831009332489362e-02 -3.088478336717689291e-03 -9.998194647861219364e-01
1.874251715877287353e-02 -3.121406397002319654e-03 -9.998194711384935651e-01
1.873666639897522343e-02 -3.154323634744278515e-03 -9.998194774906418170e-01
1.873075783407995160e-02 -3.187229948408509036e-03 -9.998194838425665809e-01
1.872479148441332994e-02 -3.220125236497345042e-03 -9.998194901942678570e-01
1.871876737047982811e-02 -3.253009397550825875e-03 -9.998194965457457561e-01
1.871268551296203717e-02 -3.285882330147006473e-03 -9.998195028970001674e-01
1.870654593272060018e-02 -3.318743932902272660e-03 -9.998195092480312018e-01
1.870034865079414632e-02 -3.351594104471652090e-03 -9.998195155988388594e-01
1.869409368839921454e-02 -3.384432743549126935e-03 -9.998195219494231401e-01
1.868778106693018415e-02 -3.417259748867947002e-03 -9.998195282997839328e-01
1.868141080795920547e-02 -3.450075019200940681e-03 -9.998195346499213487e-01
1.867498293323611655e-02 -3.482878453360827627e-03 -9.998195409998353878e-01
1.866849746468837723e-02 -3.515669950200530584e-03 -9.998195473495260499e-01
1.866195442442099978e-02 -3.548449408613487625e-03 -9.998195536989933352e-01
1.865535383471646214e-02 -3.581216727533962241e-03 -9.998195600482373546e-01
1.864869571803464202e-02 -3.613971805937356892e-03 -9.998195663972579972e-01
1.864198009701273709e-02 -3.646714542840522651e-03 -9.998195727460552629e-01
1.863520699446518519e-02 -3.679444837302071024e-03 -9.998195790946292627e-01
1.862837643338360188e-02 -3.712162588422685330e-03 -9.998195854429798857e-01
1.862148843693668329e-02 -3.744867695345431222e-03 -9.998195917911072428e-01
1.861454302847014367e-02 -3.777560057256067194e-03 -9.998195981390112230e-01
1.860754023150662517e-02 -3.810239573383356407e-03 -9.998196044866919374e-01
1.860048006974563198e-02 -3.842906142999375461e-03 -9.998196108341493860e-01
1.859336256706344004e-02 -3.875559665419825786e-03 -9.998196171813835686e-01
1.858618774751302077e-02 -3.908200040004344150e-03 -9.998196235283944855e-01
1.857895563532395433e-02 -3.940827166156812313e-03 -9.998196298751821365e-01
1.857166625490236367e-02 -3.973440943325665803e-03 -9.998196362217465216e-01
1.856431963083081740e-02 -4.006041271004205304e-03 -9.998196425680876409e-01
1.855691578786825349e-02 -4.038628048730906299e-03 -9.998196489142054943e-01
1.854945475094989596e-02 -4.071201176089726988e-03 -9.998196552601000819e-01
1.854193654518717510e-02 -4.103760552710418799e-03 -9.998196616057715147e-01
1.853436119586763381e-02 -4.136306078268836041e-03 -9.998196679512196816e-01
1.852672872845485472e-02 -4.168837652487242945e-03 -9.998196742964445827e-01
1.851903916858836999e-02 -4.201355175134623317e-03 -9.998196806414463289e-01
1.851129254208357111e-02 -4.233858546026991049e-03 -9.998196869862249203e-01
1.850348887493162911e-02 -4.266347665027696301e-03 -9.998196933307802459e-01
1.849562819329940780e-02 -4.298822432047735148e-03 -9.998196996751124166e-01
1.848771052352937358e-02 -4.331282747046057494e-03 -9.998197060192214325e-01
1.847973589213950871e-02 -4.363728510029874115e-03 -9.998197123631072936e-01
1.847170432582322108e-02 -4.396159621054965445e-03 -9.998197187067699998e-01
1.846361585144926099e-02 -4.428575980225990354e-03 -9.998197250502095512e-01
1.845547049606163087e-02 -4.460977487696792324e-03 -9.998197313934259478e-01
1.844726828687948475e-02 -4.493364043670706499e-03 -9.998197377364191896e-01
1.843900925129705187e-02 -4.525735548400868467e-03 -9.998197440791892765e-01
1.843069341688353957e-02 -4.558091902190520434e-03 -9.998197504217363196e-01
1.842232081138304306e-02 -4.590433005393317403e-03 -9.998197567640602079e-01
1.841389146271444829e-02 -4.622758758413635961e-03 -9.998197631061610524e-01
1.840540539897134523e-02 -4.655069061706878716e-03 -9.998197694480387421e-01
1.839686264842193414e-02 -4.687363815779782214e-03 -9.998197757896933879e-01
1.838826323950892849e-02 -4.719642921190721381e-03 -9.998197821311248790e-01
1.837960720084946473e-02 -4.751906278550018306e-03 -9.998197884723333262e-01
1.837089456123500511e-02 -4.784153788520246683e-03 -9.998197948133187296e-01
1.836212534963124407e-02 -4.816385351816535390e-03 -9.998198011540810892e-01
1.835329959517801451e-02 -4.848600869206878133e-03 -9.998198074946204050e-01
1.834441732718918028e-02 -4.880800241512437028e-03 -9.998198138349366770e-01
1.833547857515255286e-02 -4.912983369607845305e-03 -9.998198201750299052e-01
1.832648336872979081e-02 -4.945150154421516960e-03 -9.998198265149000896e-01
1.831743173775629563e-02 -4.977300496935948594e-03 -9.998198328545472302e-01
1.830832371224111813e-02 -5.009434298188023861e-03 -9.998198391939714380e-01
1.829915932236685777e-02 -5.041551459269319642e-03 -9.998198455331726020e-01
1.828993859848956557e-02 -5.073651881326409624e-03 -9.998198518721508332e-01
1.828066157113863999e-02 -5.105735465561168744e-03 -9.998198582109060206e-01
1.827132827101673324e-02 -5.137802113231075031e-03 -9.998198645494382752e-01
1.826193872899964030e-02 -5.169851725649517518e-03 -9.998198708877474861e-01
1.825249297613620522e-02 -5.201884204186095484e-03 -9.998198772258337641e-01
1.824299104364821358e-02 -5.233899450266924630e-03 -9.998198835636971094e-01
1.823343296293029880e-02 -5.265897365374938924e-03 -9.998198899013375218e-01
1.822381876554982419e-02 -5.297877851050194174e-03 -9.998198962387550015e-01
1.821414848324679273e-02 -5.329840808890171609e-03 -9.998199025759495484e-01
1.820442214793373606e-02 -5.361786140550079717e-03 -9.998199089129211625e-01
1.819463979169561041e-02 -5.393713747743155221e-03 -9.998199152496698439e-01
1.818480144678969249e-02 -5.425623532240968390e-03 -9.998199215861955924e-01
1.817490714564547194e-02 -5.457515395873723148e-03 -9.998199279224985192e-01
1.816495692086454727e-02 -5.489389240530559780e-03 -9.998199342585785132e-01
1.815495080522051483e-02 -5.521244968159855042e-03 -9.998199405944355744e-01
1.814488883165886468e-02 -5.553082480769525736e-03 -9.998199469300698139e-01
1.813477103329687312e-02 -5.584901680427328818e-03 -9.998199532654812316e-01
1.812459744342348814e-02 -5.616702469261163240e-03 -9.998199596006697165e-01
1.811436809549923227e-02 -5.648484749459370922e-03 -9.998199659356353797e-01
1.810408302315608120e-02 -5.680248423271035130e-03 -9.998199722703782211e-01
1.809374226019735618e-02 -5.711993393006284045e-03 -9.998199786048982407e-01
1.808334584059761649e-02 -5.743719561036590877e-03 -9.998199849391953276e-01
1.807289379850255187e-02 -5.775426829795070501e-03 -9.998199912732697037e-01
1.806238616822885765e-02 -5.807115101776783896e-03 -9.998199976071212580e-01
1.805182298426413409e-02 -5.838784279539035657e-03 -9.998200039407499906e-01
