-2.013787994824855154e+00
-3.108983661115860109e+00
1.733290842602442039e+00
-3.861645106737829014e+00
-5.961573421688412644e+00
-4.447263133327672868e+00
-2.876084209530504143e+00
5.030325024056184091e+00
-7.425743829265584850e+00
1.991228448087815517e+00
-2.024564688710550175e+00
4.040222934425894863e+00
3.509809174110238850e+00
2.232466380747075263e+00
-4.766669211127704031e+00
-1.440165207236371980e+00
1.285521385216947587e+00
2.054162480890484588e+00
-3.710666937669695464e+00
-2.999224017083961247e+00
-1.830182536431597118e+00
-2.534786772285822387e+00
-3.287268645787292165e+00
-2.296296843228271989e+00
-3.738942071245643817e+00
-1.649154581928855112e+00
-1.735983850138564488e+00
-1.555340785705366491e+00
-5.809781133332307945e-01
-2.648367017409896551e+00
-2.163551273040764222e+00
-2.688017062005557900e+00
-2.212922226658823099e+00
-2.322815467066588369e+00
-5.809781133332307945e-01
-1.782070848111950712e+00
-1.764866511525205794e+00
-1.307683442123588335e+00
-3.308248738265915811e+00
-4.897510211448032891e-01
-3.104764688825850438e+00
-1.212792016688336361e+00
-5.809781133332307945e-01
-2.585829978386992689e+00
5.647395836071601449e-01
-1.532763235081811892e+00
-1.882483716233400717e+00
-6.641538308192144191e-01
-2.188432717761243484e+00
-1.884768035636959382e+00
-1.488850171893980612e+00
-8.167888975862198642e-01
-1.781696176053062297e+00
-2.261908383937607514e+00
-1.488850171893980612e+00
-1.663743201528734339e+00
1.223374443270870859e+00
7.547358232650972498e-01
1.422101136185989212e-01
-2.134873083927339099e+00
-1.716557106862041993e+00
-2.139977794687271562e+00
-1.676782621424888653e+00
-1.185249393294631304e+00
5.498759958165935657e+00
1.743175406175460906e-01
-6.290191311528009477e-01
-2.011626166002589589e+00
-1.256721426574078926e+00
3.597274966696649479e+00
-1.295400349282869623e+00
-1.561630477259344785e-01
-3.100333718889370926e-01
-1.838038852894399611e+00
5.094225876932743091e-01
1.521901839466001660e-01
2.765058020012567397e-01
-2.258487617444632001e+00
1.774188200341089150e+00
2.038629919324626005e+00
-3.566689843669725857e-01
1.455288964777701199e+00
8.322901995497772987e+00
-1.617242357616932358e+00
1.216791185274327253e-01
1.658313870681146440e+00
1.347002104959001301e+00
-1.440984001963538486e+00
4.739953582053693992e+00
-1.984290936673340333e+00
4.641920081726085279e+00
2.139521569805247658e+00
8.251905978603969460e-01
9.732639028749674459e-01
-1.131716835804506660e+00
-5.402972387891216144e-01
-2.463365246298976352e-02
7.544423989433242994e+00
5.770271666057056326e-01
7.647334876689640737e+00
5.315531632434026932e+00
4.011318211465010108e+00
-2.312513293258776415e+00
-1.289487778631158932e+00
5.995584276037904559e+00
-1.011003657840048864e-01
5.074639148141381284e+00
6.552440795025757936e+00
7.952130465212529309e+00
-2.130846142662227161e-01
4.059333182686422958e+00
7.005005411629819712e+00
6.663648736106507542e+00
-2.182704260298707233e+00
5.228263800097519010e+00
7.522131355545981002e+00
7.254300362510058164e+00
2.029801110790160568e+00
8.431445342972248014e+00
2.101857986402707379e+00
-2.077241352173379685e+00
5.483394343597273846e+00
3.394570195062390994e+00
2.295515422127303751e+00
1.968089071236020393e+00
1.762917951639948022e+00
3.165762816943401337e+00
3.135109224396203320e+00
4.017965670186519844e+00
5.358668979050756676e+00
9.514880507620837591e+00
5.981576798812849205e+00
1.032775238387302075e+01
3.946493318020825924e+00
1.038325991654413860e+00
5.549537438766118491e+00
9.428206475924296726e+00
8.636705704719151555e+00
3.921751010083537103e+00
7.441610257056568756e+00
7.022603323955530108e+00
6.269022631879833440e+00
4.400757769952138077e+00
3.569274609866204706e+00
6.452422748635910921e+00
9.354608705745546260e+00
8.261965210606737386e+00
5.024848642182572434e+00
9.223797187668649755e+00
5.663289484276003094e+00
5.589991345230916231e+00
1.112637402395734831e+01
1.087637887467217723e+01
7.439439650236364443e+00
5.960865058429813956e+00
8.016534818170280019e+00
1.269925236154968573e+01
7.496158312390669209e+00
4.601854046365003725e+00
1.043470853221175076e+01
7.346838235268418948e+00
1.101677651947481351e+01
1.226240577234635332e+01
4.272723777398047318e+00
1.250125902175079773e+01
1.121639319194637352e+01
1.218127436150970766e+01
1.228579051562464564e+01
1.199127885366395319e+01
1.228579051562464564e+01
9.788112308023215746e+00
4.719928044050096361e+00
1.068823184413644434e+01
1.228058857855899255e+01
9.774719770522457551e+00
1.156678502771429606e+01
1.214116779237695276e+01
1.228579051562464564e+01
1.293267079033671685e+01
1.293267079033671685e+01
1.228579051562464564e+01
1.098111057993529727e+01
1.236371849813804680e+01
1.228579051562464564e+01
9.920283206092371131e+00
1.073491210903292981e+01
1.202204194763815615e+01
1.195419375948755203e+01
1.136933103404134826e+01
1.100737597735113660e+01
1.170227775223742661e+01
1.269925236154968573e+01
1.238921907560655278e+01
5.503404671883036947e+00
1.216580529380609832e+01
1.228579051562464564e+01
1.269925236154968573e+01
8.647527318879324909e+00
1.240366606334902499e+01
1.269925236154968573e+01
1.228579051562464564e+01
1.271513815974378048e+01
1.092330063861876432e+01
1.073491210903292981e+01
1.269925236154968573e+01
1.073491210903292981e+01
1.269925236154968573e+01
1.200418359761176035e+01
1.228579051562464564e+01
7.036643343021579788e+00
1.138362339520049638e+01
8.111844143096616833e+00
-9.906236410521609415e-01
1.211311643955681738e+01
1.067433406032900400e+01
1.226357440700004453e+01
1.269925236154968573e+01
1.259461438398066946e+01
1.209154590026782294e+01
1.269925236154968573e+01
1.182456572979046072e+01
1.213021417342320341e+01
1.248305140466478313e+01
1.101569903064270939e+01
1.269925236154968573e+01
1.269925236154968573e+01
8.761752217105762242e+00
1.040203357194708467e+01
1.206207301881206639e+01
1.236972832367796293e+01
1.269925236154968573e+01
1.269925236154968573e+01
1.251637098892729050e+01
1.228128810733553422e+01
1.078175029991141187e+01
1.263223736596761881e+01
7.107454288109040341e+00
1.269925236154968573e+01
1.293267079033671685e+01
9.839659912724656010e+00
1.228777153347042805e+01
1.229087747212441428e+01
1.022748335295658073e+01
1.156010766058290784e+01
1.240848259213652582e+01
1.057982946672251856e+01
1.244233695991791144e+01
1.195263590356273298e+01
1.053059275776922732e+01
9.477599666371224529e+00
1.269925236154968573e+01
1.269925236154968573e+01
1.263223736596761881e+01
1.269925236154968573e+01
1.194827241671702467e+01
1.202385108699151495e+01
1.269925236154968573e+01
1.233188464756783098e+01
1.088468020113500501e+01
1.248293978042293340e+01
1.270469721623049431e+01
1.034565768620940496e+01
1.211930217885822891e+01
1.216947502475775522e+01
1.233770964919418844e+01
1.269925236154968573e+01
9.318710370635400864e+00
8.861844903415605046e+00
1.269925236154968573e+01
4.718818397157774847e+00
1.269925236154968573e+01
1.132424824896169824e+01
1.126970891690907095e+01
1.250465284442939939e+01
4.465893236298054680e-01
1.242132807201396716e+01
7.804695119337261566e+00
1.224196300951476779e+01
1.203594647851137900e+01
1.230840197841507155e+01
1.081324307478382529e+01
1.181793796467247937e+01
1.269925236154968573e+01
1.224893766384365890e+01
1.253955235531493706e+01
1.242326335817843663e+01
1.256395938405778523e+01
1.264908133112089317e+01
1.213815501572488742e+01
1.269925236154968573e+01
1.182755271847618594e+01
1.240736557117363503e+01
1.269925236154968573e+01
1.109493029914824547e+01
1.012407704540405362e+01
1.125316658374099177e+01
8.857887133802121227e+00
1.211311643955681738e+01
1.151699650885393567e+01
1.251269025467970053e+01
1.250860263625677682e+01
1.172506381456136282e+01
1.293267079033671685e+01
1.234825569498020847e+01
1.281560568978557946e+01
1.293267079033671685e+01
1.274149536482421752e+01
1.076111564040958690e+01
1.263685834325262292e+01
1.102490783558123155e+01
1.269925236154968573e+01
4.992070128836173737e+00
1.262233211838879221e+01
1.250471156054574529e+01
1.269925236154968573e+01
1.221278410438377549e+01
1.293267079033671685e+01
1.293267079033671685e+01
1.219203460098352565e+01
1.059707359751707578e+01
1.273936844253426059e+01
1.041699356845602686e+01
1.293267079033671685e+01
8.435457500219937899e+00
1.039157757464001008e+01
1.142938978281418905e+01
2.072001497711428275e+00
7.608695212378218109e+00
7.255028878722060703e+00
1.228579051562464564e+01
1.276745138487344988e+01
1.228579051562464564e+01
1.269925236154968573e+01
1.262759984620752896e+01
1.269925236154968573e+01
1.146786158741186235e+01
1.273253991626092052e+01
1.119990752379753651e+01
1.188726468094013278e+01
9.025484371478938783e+00
7.417319177635235405e+00
1.229787925782736124e+01
1.242576355892377293e+01
1.293267079033671685e+01
1.276745138487344988e+01
8.121222423604908869e+00
9.170770821746415891e+00
1.108717311007791295e+01
1.274781738082109328e+01
1.248116579437913920e+01
1.272748790098764893e+01
1.293267079033671685e+01
1.274781738082109328e+01
6.887438002349422383e+00
1.195402480903788067e+01
1.021544611556457482e+01
1.293267079033671685e+01
1.126970891690907095e+01
1.293267079033671685e+01
1.128776047339455069e+01
1.272881237724904402e+01
1.293267079033671685e+01
4.536451259142588732e+00
1.264908133112089317e+01
1.293267079033671685e+01
1.126970891690907095e+01
7.946792910296919921e+00
1.117010752698165099e+01
6.661395021316774745e+00
1.109898590229237492e+01
1.293267079033671685e+01
1.236428658017015003e+01
1.269925236154968573e+01
1.167704368577299512e+01
9.074364001709140481e+00
1.256395938405778523e+01
1.293267079033671685e+01
8.597411499405691604e-01
1.174799396972683674e+01
1.085038280775054353e+01
1.269925236154968573e+01
1.293267079033671685e+01
1.198453609539611975e+01
1.075636637768040771e+01
1.086875910249178112e+01
-7.284962519341098286e-02
1.126970891690907095e+01
6.906718969080220205e+00
1.238019841130851617e+01
1.293267079033671685e+01
8.009076547932934886e+00
1.203116697902013144e+01
1.274475216034753089e+01
1.261700551454758035e+01
1.265228077859648259e+01
1.269925236154968573e+01
1.250817846755790264e+01
6.015902039379676935e+00
1.247461664220367439e+01
1.203802800777528503e+01
6.950536434998613622e+00
1.253035781805575510e+01
1.228579051562464564e+01
1.228579051562464564e+01
1.228861766545915479e+01
1.269925236154968573e+01
1.293267079033671685e+01
1.293267079033671685e+01
1.293267079033671685e+01
1.190528739636186728e+01
1.126970891690907095e+01
1.160405132342266121e+01
1.160034197381291321e+01
5.236764304959264038e+00
1.181665517344619154e+01
8.572739452788518122e+00
1.192158121719890929e+01
1.135816058723725952e+01
1.097461713968224650e+01
1.169243874040252251e+01
1.265083875190974361e+01
1.115354120262506754e+01
1.151904607379453793e+01
6.517252922973061580e+00
1.293267079033671685e+01
1.253135685804855726e+01
1.181120213779605699e+01
1.260139018332278660e+01
1.293267079033671685e+01
6.956706283520134981e+00
1.234825569498020847e+01
1.277374674425946388e+01
1.192742619843621910e+01
1.191738899842072286e+01
9.924847569241771694e+00
1.173588490199291279e+01
1.264908133112089317e+01
1.170935006921401111e+01
1.264908133112089317e+01
1.293267079033671685e+01
8.559914346729163626e+00
1.256865923622141423e+01
1.269925236154968573e+01
1.293267079033671685e+01
1.293267079033671685e+01
1.264908133112089317e+01
1.152875446081734800e+01
8.300642793246467477e+00
1.293267079033671685e+01
6.989462614536236629e+00
1.261706465614633288e+01
1.030783707636254576e+01
1.254757051272274282e+01
1.081324307478382529e+01
1.264829135112942637e+01
1.160510238426840779e+01
1.246669935466554158e+01
1.293267079033671685e+01
1.222877235492590486e+01
1.180180565013482941e+01
1.234825569498020847e+01
8.891136435413875105e+00
1.148749754147740099e+01
8.290563831950708007e+00
1.187106974011517124e+01
1.281560568978557946e+01
1.271771779286627790e+01
1.234825569498020847e+01
1.203879276947456134e+01
9.855962536700612731e+00
8.664022523798747599e+00
6.501642525547580931e+00
1.069129393891768309e+01
6.845222298364852520e+00
1.181120213779605699e+01
1.216608118169171426e+01
1.167444499612618891e+01
1.236651722220433669e+01
8.579782455172717093e+00
6.304323389247367793e+00
1.192487932073034962e+01
1.293267079033671685e+01
1.267506516019114571e+01
1.259461438398066946e+01
1.038264475724652414e+00
1.281560568978557946e+01
1.086563904754968490e+01
1.149519251768934680e+01
1.170229414126141165e+01
1.242759181611829078e+01
1.111335803054060634e+01
1.293267079033671685e+01
6.661395021316774745e+00
1.132649867765888985e+01
1.231191106438798144e+01
1.264908133112089317e+01
1.205013760238144904e+01
1.213580038712711584e+01
1.293267079033671685e+01
1.259461438398066946e+01
