-4.399334448743037613e-06 -5.444634836172070359e-08 9.999999999903214087e-01
-2.891348362121336354e-04 -8.166195546703317282e-06 9.999999581671790150e-01
-1.003549607444767728e-03 -4.437110801851533519e-05 9.999994954595676777e-01
-2.128011371427825527e-03 -1.284653737782700243e-04 9.999977275295431900e-01
-3.632832789771451264e-03 -2.789699312109931409e-04 9.999933623288200790e-01
-5.479049989573798497e-03 -5.126775242412953508e-04 9.999848584718509237e-01
-7.619427767735492164e-03 -8.442442392808420645e-04 9.999706153543495013e-01
-9.999666398591308333e-03 -1.285835574919399560e-03 9.999491753578232389e-01
-1.255977978776802104e-02 -1.846835818172380553e-03 9.999194173177872180e-01
-1.523561012461364765e-02 -2.533627952883733825e-03 9.998807213430643825e-01
-1.796044040869033964e-02 -3.349449528681559471e-03 9.998330879542748351e-01
-2.066666348263747691e-02 -4.294327916465163000e-03 9.997771990639920947e-01
-2.328746467825083474e-02 -5.365096235851792711e-03 9.997144140859625105e-01
-2.575847499116678055e-02 -6.555489046615969179e-03 9.996467008546017219e-01
-2.801935286857468524e-02 -7.856314744442481277e-03 9.995765074187482613e-01
-3.001525515327610819e-02 -9.255699583993024990e-03 9.995065865132130023e-01
-3.169816131743393578e-02 -1.073939644928655936e-02 9.994397890483445179e-01
-3.302801961716508861e-02 -1.229114996120159176e-02 9.993788458601671199e-01
-3.397368894981216830e-02 -1.389310828686039431e-02 9.993261579690944085e-01
-3.451365574854808188e-02 -1.552627110198752207e-02 9.992836146322718882e-01
-3.463651098859989869e-02 -1.717096253977681841e-02 9.992524556647308653e-01
-3.385935544358287946e-02 -1.879448753323042023e-02 9.992498742993711769e-01
-3.181167821371297388e-02 -2.033809997949299550e-02 9.992869351785060861e-01
-2.854966092804561706e-02 -2.174329693066195945e-02 9.993558654951093523e-01
-2.415912634096546371e-02 -2.295521636184510300e-02 9.994445430619063320e-01
-1.875339019588081677e-02 -2.392396840263468979e-02 9.995378702640692614e-01
-1.247044568296783694e-02 -2.460585493797414619e-02 9.996194475335301588e-01
-5.469523406163199000e-03 -2.496444604383603327e-02 9.996733770324356394e-01
2.072908658101177762e-03 -2.497148140387201939e-02 9.996860147897398408e-01
9.967615230311860711e-03 -2.460756668148155260e-02 9.996474950244400581e-01
1.801741778827063017e-02 -2.386263936991493001e-02 9.995528735882587279e-01
2.602223400539006512e-02 -2.273618596405765219e-02 9.994027762544880344e-01
3.378417870041380833e-02 -2.123720188211136381e-02 9.992034880472339120e-01
4.111256729643309599e-02 -1.938389642610999219e-02 9.989664765995103224e-01
4.782866889253317016e-02 -1.720315593634390641e-02 9.987073995209010402e-01
5.377007259578694964e-02 -1.472978787275549921e-02 9.984446968371706310e-01
5.879455519455328849e-02 -1.200557579469345611e-02 9.981979094494811688e-01
6.278336683919208405e-02 -9.078179506548865810e-03 9.979858894319021401e-01
6.564388001284773844e-02 -5.999915940054298923e-03 9.978250758652909003e-01
6.731157207154539468e-02 -2.826455135160020615e-03 9.977280007179453181e-01
6.775133053753465417e-02 3.845371600373846655e-04 9.977021646471296856e-01
6.647696667243170598e-02 3.561997424622455159e-03 9.977816018931103814e-01
6.313390128455521888e-02 6.609434618777380865e-03 9.979831791581530442e-01
5.781245739198638545e-02 9.431899442296080502e-03 9.982829053145266807e-01
5.065082187041117928e-02 1.194013997083411341e-02 9.986450457000881631e-01
4.183197613115489932e-02 1.405273799850666715e-02 9.990258286589545067e-01
3.157954364292167582e-02 1.569812744473645175e-02 9.993779571403589301e-01
2.015252389062402449e-02 1.681643694976815359e-02 9.996554822683445529e-01
7.838937981950920564e-03 1.736108506509441776e-02 9.998185554272748243e-01
-5.051508681135345735e-03 1.730005046139181102e-02 9.998375820672492642e-01
-1.819555029307719923e-02 1.661674435868007102e-02 9.996963567786253391e-01
-3.126499041910450055e-02 1.531042872857455231e-02 9.993938618714082178e-01
-4.393549640977453125e-02 1.339614999136682846e-02 9.989445506736812641e-01
-5.589519317431888151e-02 1.090418996682861533e-02 9.983770961020594914e-01
-6.685270892963812717e-02 7.879068409973627451e-03 9.977317453052038099e-01
-7.654438211337348530e-02 4.378159101480016621e-03 9.970565627334152525e-01
-8.474042281511313945e-02 4.699998038477539559e-04 9.964029505382393515e-01
-9.124991767870123394e-02 -3.767616870492228320e-03 9.958208963396765201e-01
-9.592465683434146795e-02 -8.249689346250770397e-03 9.953544106683376302e-01
-9.866183019407584465e-02 -1.288612111781751654e-02 9.950375827803198403e-01
-9.940567909926784074e-02 -1.758385301147989688e-02 9.948916117226508371e-01
-9.766842495936006729e-02 -2.223628083269516692e-02 9.949705656855871716e-01
-9.311081128757157932e-02 -2.671212801521551106e-02 9.952973621176131047e-01
-8.585385859414967902e-02 -3.088277571514441711e-02 9.958289858849430631e-01
-7.608270203091549444e-02 -3.462695043752032215e-02 9.965000736352622734e-01
-6.404319441593905871e-02 -3.783353164681989289e-02 9.972297093108200006e-01
-5.003709345475212261e-02 -4.040431869116872104e-02 9.979297471814910780e-01
-3.441560182023096354e-02 -4.225667187120638046e-02 9.985138657193166623e-01
-1.757113529862763465e-02 -4.332589840521144930e-02 9.989064629542210305e-01
7.262999801441140033e-05 -4.356722743734323111e-02 9.990504949292211556e-01
1.807216830050996370e-02 -4.295721761843283165e-02 9.989134467947748952e-01
3.597650508439645400e-02 -4.149446919539533096e-02 9.984908112286877691e-01
5.333998801022640096e-02 -3.919956640425768801e-02 9.978067145859494946e-01
6.973474166299772903e-02 -3.611424560925462213e-02 9.969116445649984781e-01
8.476215565588497702e-02 -3.229985651852718825e-02 9.958775508251360709e-01
9.806288552714544082e-02 -2.783524384941925972e-02 9.947908673092829002e-01
1.093250411310308784e-01 -2.281421388064283975e-02 9.937442060342938088e-01
1.182904561704472279e-01 -1.734275882149639153e-02 9.928275765184353396e-01
1.247591309958682310e-01 -1.153619277455742928e-02 9.921199904696239580e-01
1.285920825101093956e-01 -5.516312970454832591e-03 9.916822306600781012e-01
1.297128987118682797e-01 5.913506272059073634e-04 9.915514178358193487e-01
1.276300307633745912e-01 6.647578292862070873e-03 9.917995689403193982e-01
1.220147272649731995e-01 1.248903754462492473e-02 9.924497117092060394e-01
1.130115288342600915e-01 1.795566751804396344e-02 9.934314210626461472e-01
1.008439154406948479e-01 2.289569688277949891e-02 9.946387745221209054e-01
8.581147597991441167e-02 2.716903954535917695e-02 9.959408787073442682e-01
6.828535915814956669e-02 3.065084113909228095e-02 9.971948834917555571e-01
4.870140698439938409e-02 3.323505803967444910e-02 9.982602886396253483e-01
2.755055073002225796e-02 3.483785407544524176e-02 9.990131586109968209e-01
5.366374727943531986e-03 3.540053516319126292e-02 9.993587964952683755e-01
-1.728983525633617097e-02 3.489172749292358822e-02 9.992415268339294165e-01
-3.984583218939458799e-02 3.330854890155277720e-02 9.986505145581430209e-01
-6.173589390777445285e-02 3.067662028295142090e-02 9.976209823231776408e-01
-8.241786657077061762e-02 2.704889540335866580e-02 9.962307225374155140e-01
-1.013886357669935845e-01 2.250342540878064179e-02 9.945923488456066552e-01
-1.181971452583436416e-01 1.714028906791542281e-02 9.928422056618508851e-01
-1.324544638667313479e-01 1.107798814119374635e-02 9.911271831508627894e-01
-1.438408251737589849e-01 4.449618042629883800e-03 9.895908335835831293e-01
-1.521099420758149079e-01 -2.600920049212230266e-03 9.883601574004460266e-01
-1.570911573711881448e-01 -9.922483714941924410e-03 9.875342589463681486e-01
-1.586900937966537473e-01 -1.735995153256055315e-02 9.871758132235827210e-01
-1.564122746075670145e-01 -2.474472686646043626e-02 9.873818404469655308e-01
-1.499375424928187928e-01 -3.188485089570285147e-02 9.881812028340850595e-01
-1.394285798945638088e-01 -3.859207728293286011e-02 9.894798242913395159e-01
-1.251390576513099206e-01 -4.468690183570560998e-02 9.911323307482790002e-01
-1.074120424845406568e-01 -5.000230922639972708e-02 9.929564049853225605e-01
-8.667660335063308297e-02 -5.438795940487803349e-02 9.947507810016644747e-01
-6.344149649892190379e-02 -5.771467841986623742e-02 9.963153077298984028e-01
-3.828505095325118734e-02 -5.987894754878853726e-02 9.974711858063933789e-01
-1.184087701062143394e-02 -6.080695984673465532e-02 9.980793091061831435e-01
1.522031072509350685e-02 -6.045776872472849450e-02 9.980547080908545032e-01
4.221176995492701561e-02 -5.882510736335962859e-02 9.973754424593712642e-01
6.845316430588981038e-02 -5.593760560992089986e-02 9.960849103240184688e-01
9.329253047332267124e-02 -5.185734266977910095e-02 9.942873426576365192e-01
1.161260222192410513e-01 -4.667690165065193492e-02 9.921370942646511315e-01
1.364140709287659514e-01 -4.051528361454116711e-02 9.898230715872156082e-01
1.536932267035582556e-01 -3.351315262089483993e-02 9.875501307108078830e-01
1.675836440770059610e-01 -2.582789942877555811e-02 9.855194781682631300e-01
1.777927956270249354e-01 -1.762893527154522910e-02 9.839100276267116474e-01
1.841164144101653244e-01 -9.093484146191261122e-03 9.828623782050595059e-01
1.864378208228275324e-01 -4.029691575929505000e-04 9.824666796297834015e-01
1.842527264187901470e-01 8.247736596889349014e-03 9.828442947122140172e-01
1.772398491250470609e-01 1.664071845986316717e-02 9.840269927046458864e-01
1.655679137567638848e-01 2.456146991549891176e-02 9.858924891335275609e-01
1.495072589965129040e-01 3.180370042352879956e-02 9.882490091807839550e-01
1.294305713303574856e-01 3.817331104048810736e-02 9.908534329200187063e-01
1.058118702936702155e-01 4.349323013071498822e-02 9.934345408922711229e-01
7.922191000257357285e-02 4.760897126824854136e-02 9.957194759722296507e-01
5.031844787374170624e-02 5.039450266886363883e-02 9.974610006934747641e-01
1.983053604896898442e-02 5.175780244867417279e-02 9.984627583068842460e-01
-1.146300194830416827e-02 5.164537487346108208e-02 9.985996969960557745e-01
-4.275964938147324562e-02 5.004505688648978878e-02 9.978312004873909347e-01
-7.326164503562267172e-02 4.698665230729127257e-02 9.962052930353958446e-01
-1.022041072371144554e-01 4.254025129135837607e-02 9.938534336027861071e-01
-1.288801781313352324e-01 3.681244943831173122e-02 9.909766613050507988e-01
-1.526611119349176593e-01 2.994098761857216448e-02 9.878249451007702353e-01
-1.730101894609654134e-01 2.208851933773792880e-02 9.846723168934271575e-01
-1.894904314354120545e-01 1.343624291650544547e-02 9.817906313317692479e-01
-2.017670486952224396e-01 4.178019250096592571e-03 9.794246281445501134e-01
-2.096062157183839481e-01 -5.484625174418113550e-03 9.777705013033680670e-01
-2.128719937234925808e-01 -1.534647680299290780e-02 9.769595692443192592e-01
-2.110518360898689105e-01 -2.518953947584642167e-02 9.771502492371454407e-01
-2.038223038758230909e-01 -3.477360414456481114e-02 9.783901394115104289e-01
-1.913532147661147209e-01 -4.386172120818391390e-02 9.805407164475405946e-01
-1.739227463468102919e-01 -5.222437551922383403e-02 9.833735266443464074e-01
-1.519208066481333441e-01 -5.964328855152017939e-02 9.865914791028105313e-01
-1.258511893098518408e-01 -6.591655701861223737e-02 9.898568005829134764e-01
-9.632986269888159370e-02 -7.086504155417411299e-02 9.928236013703932716e-01
-6.407699765674292058e-02 -7.433952895349493772e-02 9.951722327348230257e-01
-2.990119879639103334e-02 -7.622785953474091325e-02 9.966419777138820768e-01
5.324249985425300903e-03 -7.646102458760725695e-02 9.970583554041656527e-01
4.069175615542890839e-02 -7.501726320942622706e-02 9.963516403367408403e-01
7.529364024209078687e-02 -7.192343958187447095e-02 9.945641691605283663e-01
1.082565853444124454e-01 -6.725341295863511426e-02 9.918454971290403543e-01
1.387726130582492556e-01 -6.112361889593755093e-02 9.884361714740227400e-01
1.661236064344379926e-01 -5.368653247188207023e-02 9.846424242416833561e-01
1.896977127037693112e-01 -4.512297160372439470e-02 9.808051260208563438e-01
2.089975006509784128e-01 -3.563426347135558586e-02 9.772667210074639232e-01
2.236411374362563542e-01 -2.543514726429535813e-02 9.743396199118889989e-01
2.333587988962030069e-01 -1.474798254366558800e-02 9.722788529988694028e-01
2.379869012475588630e-01 -3.798460285808952057e-03 9.712609363781836702e-01
2.369940453055032203e-01 7.175334090102996470e-03 9.714846046493033072e-01
2.300414976233552400e-01 1.791346811917118517e-02 9.730159387344755606e-01
2.172846819863189505e-01 2.815838693387833630e-02 9.757020406966322446e-01
1.989923411729088432e-01 3.765818225693522148e-02 9.792772383057907204e-01
1.755534446559505468e-01 4.616999077813958158e-02 9.833866584518865528e-01
1.474837933725925421e-01 5.346530264419071393e-02 9.876183433420977487e-01
1.154287120218192991e-01 5.933720363326458469e-02 9.915418844941282783e-01
8.015833936346969391e-02 6.360904521715923798e-02 9.947504863015934617e-01
4.255297973794960886e-02 6.614354770716357468e-02 9.969023397566800782e-01
3.577679815374040263e-03 6.685101763421284760e-02 9.977565543000094239e-01
-3.575267337036178161e-02 6.569531102299096259e-02 9.971990134655623894e-01
-7.441438522674087563e-02 6.269644890002529225e-02 9.952545677196794616e-01
-1.114173622810770425e-01 5.792934671355671333e-02 9.920838483575405986e-01
-1.458437962626637496e-01 5.151881948691672958e-02 9.879652819459877611e-01
-1.768788423037421509e-01 4.363168281461300008e-02 9.832650463635447258e-01
-2.038307399350002547e-01 3.446721471398056513e-02 9.783992235113769809e-01
-2.261399596655719046e-01 2.424737741712628541e-02 9.737929879245907916e-01
-2.433789325176164142e-01 1.320802274825418759e-02 9.698413495731794676e-01
-2.552453020081331680e-01 1.591903417015151125e-03 9.668750186278203262e-01
-2.615522260676279576e-01 -1.035619135837780556e-02 9.651337639622178388e-01
-2.617537239029985030e-01 -2.238052246495917524e-02 9.648751733967299016e-01
-2.554985349036603681e-01 -3.420494703766871480e-02 9.662041814546733498e-01
-2.429266806587476457e-01 -4.555566552981693551e-02 9.689743593937464317e-01
-2.242915153760692837e-01 -5.616314088601629534e-02 9.729023680392543394e-01
-1.999695439832289701e-01 -6.576452058747761509e-02 9.775925579254918230e-01
-1.704716058246576460e-01 -7.410848105563155874e-02 9.825718114435507688e-01
-1.364509314626351499e-01 -8.096272159760037335e-02 9.873328623188661890e-01
-9.870342366874626516e-02 -8.612367880346137594e-02 9.913830471143377787e-01
-5.815638947198750047e-02 -8.942737525084930306e-02 9.942940103005836194e-01
-1.584385991120321191e-02 -9.075981515386614962e-02 9.957467690415316985e-01
2.713072308263718424e-02 -9.006515417542518276e-02 9.955662669399152342e-01
6.964090551093744808e-02 -8.735010201427324816e-02 9.937404610651766612e-01
1.105870299076221475e-01 -8.268364869413685758e-02 9.904210837089246766e-01
1.489429365684167006e-01 -7.619208841481764360e-02 9.859060641408480263e-01
1.837937528417507849e-01 -6.805020634033633053e-02 9.806064581847917516e-01
2.143609988784509757e-01 -5.847014851249352635e-02 9.750028737870995998e-01
2.400139597974068062e-01 -4.768975529323151580e-02 9.695973320625356218e-01
2.602689166024567125e-01 -3.596198136766035058e-02 9.648662223059960574e-01
2.747797681550081528e-01 -2.354654866103245842e-02 9.612188299545443293e-01
2.833245022283448211e-01 -1.070434446379218973e-02 9.589643598419138604e-01
2.853296449776249188e-01 2.293915100760489899e-03 9.584266960236469401e-01
2.804170437084300693e-01 1.515823107599077388e-02 9.597585684060461197e-01
2.686951291484936943e-01 2.760048505425601734e-02 9.628297569129221634e-01
2.503835493760510622e-01 3.933476921861280701e-02 9.673473285912995712e-01
2.258260409783918732e-01 5.007849928062382133e-02 9.728796138917619185e-01
1.955069527093603599e-01 5.955644322702066673e-02 9.788922624644699200e-01
1.600660913343910086e-01 6.750819732076863977e-02 9.847951511354017251e-01
1.203059443511617921e-01 7.369886570731441766e-02 9.899974530005652973e-01
7.718593196463012507e-02 7.793185086741569179e-02 9.939662763532350898e-01
3.180030973184794912e-02 8.006192368790605862e-02 9.962825044517977791e-01
-1.466052420679618898e-02 8.000633623704392350e-02 9.966865380812132136e-01
-6.096192979315155636e-02 7.775184746574585748e-02 9.951071768065870016e-01
-1.058836030357877267e-01 7.335619674128752987e-02 9.916690632505590353e-01
-1.482766275656250410e-01 6.694363899737877655e-02 9.866775516428812898e-01
-1.871111481808629962e-01 5.869534787063387937e-02 9.805836396581522063e-01
-2.215090685068694110e-01 4.883645352399650780e-02 9.739346658666935275e-01
-2.507595826579016030e-01 3.762195528236601111e-02 9.673180553398251780e-01
-2.743188756328083233e-01 2.532366128676897046e-02 9.613052931566756776e-01
-2.917980601410228303e-01 1.221976389777278647e-02 9.564018870060209121e-01
-3.029448612900380589e-01 -1.412127769972605423e-03 9.530070392780846111e-01
-3.071657286270569887e-01 -1.528703679332818303e-02 9.515332477972323622e-01
-3.040641633916342235e-01 -2.910349213558287990e-02 9.522068952107628492e-01
-2.937235593973877013e-01 -4.256320487682369730e-02 9.549423250888005033e-01
-2.763316524262474094e-01 -5.536953025340009271e-02 9.594660145035678323e-01
-2.521943071029619787e-01 -6.722669423399578459e-02 9.653385950264766757e-01
-2.217560085936078340e-01 -7.784217770668462599e-02 9.719901583982129001e-01
-1.856212541543533490e-01 -8.693318103172247013e-02 9.787682933372674476e-01
-1.445698598597489892e-01 -9.423725699156597357e-02 9.849969010181315321e-01
-9.955928080633101585e-02 -9.952620402861152293e-02 9.900416578697466274e-01
-5.170873677826037101e-02 -1.026213383171089427e-01 9.933755923432529000e-01
-2.263227145217774905e-03 -1.034075780939866657e-01 9.946364916873621231e-01
4.746017006441939634e-02 -1.018436417749670198e-01 9.936676531355943531e-01
9.613710441158038189e-02 -9.796622319566286596e-02 9.905353483186137842e-01
1.425024401421553788e-01 -9.188717731924327115e-02 9.855200663600854893e-01
1.854085429161885235e-01 -8.378420982072733170e-02 9.790831825738685046e-01
2.238675430988338322e-01 -7.388687637339942660e-02 9.718148242578129592e-01
2.570736053606489935e-01 -6.246048497872825483e-02 9.643712196263817260e-01
2.844056246900198426e-01 -4.979058780188553440e-02 9.574102245179970661e-01
3.054144538668170372e-01 -3.617022331287393644e-02 9.515323043992316432e-01
3.198009663263775559e-01 -2.189116971998123981e-02 9.472318188414010631e-01
3.269359895764299417e-01 -7.250753938751896936e-03 9.450186692799162902e-01
3.263900026249573205e-01 7.439680679752177020e-03 9.452059126658317600e-01
3.182068353120144355e-01 2.187322908452396172e-02 9.477689443164476479e-01
3.025265837452068562e-01 3.574403464824729010e-02 9.524704877921971180e-01
2.795992087074471999e-01 4.874439005178128614e-02 9.588786507839450746e-01
2.498084295514226838e-01 6.056503367986307979e-02 9.663993094063153544e-01
2.136999690838012333e-01 7.090004520402029553e-02 9.743231018528972776e-01
1.720063176883585843e-01 7.945690256717363731e-02 9.818861580195188399e-01
1.256594981373734543e-01 8.597115239434284517e-02 9.883413638437241744e-01
7.578440019871432454e-02 9.022392509258767013e-02 9.930339208849017218e-01
2.366840441294246547e-02 9.205948656907152194e-02 9.954721781977794448e-01
-2.929212433476618971e-02 9.139951971268071851e-02 9.953833930947962871e-01
-8.166245364875857060e-02 8.825114799360661566e-02 9.927451730139770225e-01
-1.320468186317430848e-01 8.270688154029974537e-02 9.877870263552787078e-01
-1.791602823121555832e-01 7.493639155210884972e-02 9.809618394533392571e-01
-2.218843562248231649e-01 6.517177522735920214e-02 9.728925799784481354e-01
-2.592997437776806691e-01 5.368921908848853231e-02 9.643034328629217500e-01
-2.906949481336599250e-01 4.079037809136139975e-02 9.559459148850709687e-01
-3.155544352699393151e-01 2.678636028749032880e-02 9.485293296913619443e-01
-3.335333398365883939e-01 1.198620778028579824e-02 9.426621038533513630e-01
-3.439740029700478208e-01 -3.298323044571948703e-03 9.389733789339208547e-01
-3.464265300458195806e-01 -1.874571311784788488e-02 9.378897896452688121e-01
-3.409101824938426395e-01 -3.404257241126013023e-02 9.394792976624711800e-01
-3.275306248889141569e-01 -4.887858510791333322e-02 9.435754202386038569e-01
-3.064896669870029178e-01 -6.294125895939443882e-02 9.497907569309865794e-01
-2.781091476297352649e-01 -7.591348492112343083e-02 9.575450092880911646e-01
-2.428634330452883183e-01 -8.747579219448189947e-02 9.661083472727831634e-01
-2.014125040414525281e-01 -9.731441519205606683e-02 9.746604064043704607e-01
-1.546260813223778730e-01 -1.051351771052304734e-01 9.823631556154275302e-01
-1.035893965057487209e-01 -1.106818337330745111e-01 9.884425975310024981e-01
-4.958366316672985913e-02 -1.137561723410107917e-01 9.922706251835138325e-01
5.960923856030727122e-03 -1.142362280146093229e-01 9.934357309844372708e-01
6.153561418705982833e-02 -1.120888734817006016e-01 9.917910327428085537e-01
1.156369869877582612e-01 -1.073739611584637738e-01 9.874709715765676021e-01
1.668507083687968406e-01 -1.002389814194223766e-01 9.808735839656795852e-01
2.139215888867275484e-01 -9.090531987394923075e-02 9.726118324530365067e-01
2.558000129468319672e-01 -7.964896921884627445e-02 9.634429900516403578e-01
2.916607304468047390e-01 -6.677945106024997524e-02 9.541878867561688349e-01
3.208961762472979373e-01 -5.262056910997248149e-02 9.456514790224173073e-01
3.430911588883737706e-01 -3.749566190938823096e-02 9.385534252409352129e-01
3.575377204727087088e-01 -2.172964892539231904e-02 9.336458647676014744e-01
3.637476781630112344e-01 -5.653946504247719940e-03 9.314803591707289110e-01
3.617016971499600886e-01 1.041168103493759697e-02 9.322357422764644408e-01
3.514591294944277577e-01 2.615295891747991541e-02 9.358378615100834130e-01
3.331618088238442188e-01 4.125371030483560020e-02 9.419667406698589707e-01
3.070557761347501025e-01 5.539054020204612488e-02 9.500782275156628431e-01
2.735263321433706873e-01 6.823197123551383303e-02 9.594413706560749322e-01
2.331387229734515065e-01 7.944377430680686636e-02 9.691929748894712038e-01
1.866743205124591631e-01 8.870120557969957131e-02 9.784093183278850248e-01
1.351511271714213591e-01 9.570743926619162956e-02 9.861917962010906535e-01
7.981872894032808474e-02 1.002158608085121916e-01 9.917589181619219652e-01
2.212198354646282422e-02 1.020524630689714218e-01 9.945330123361869612e-01
-3.636564361240929993e-02 1.011338979418169304e-01 9.942079634828575596e-01
-9.403070731006149541e-02 9.747719774870299003e-02 9.907857598910214669e-01
-1.493160742725060108e-01 9.119884313907311579e-02 9.845747716526954685e-01
-2.008084177302915385e-01 8.250327417481062575e-02 9.761501877888064671e-01
-2.473028903764741548e-01 7.166333114113083991e-02 9.662844546934606926e-01
-2.878370314008167341e-01 5.899669487339596202e-02 9.558604675105200066e-01
-3.216934355255490208e-01 4.484275897810653666e-02 9.457814020734685023e-01
-3.483771599414978715e-01 2.954359124423023772e-02 9.368887504119945975e-01
-3.671290788554638085e-01 1.344206752836131849e-02 9.300728736396749463e-01
-3.774320680681635953e-01 -3.116511453136857224e-03 9.260320304132109159e-01
-3.792460634074015791e-01 -1.980414414342908727e-02 9.250838985009944837e-01
-3.726061358895875197e-01 -3.630372169716752917e-02 9.272791959757473723e-01
-3.576162015483539403e-01 -5.229996209504732263e-02 9.324030064065907952e-01
-3.344638621182554616e-01 -6.747124745093545373e-02 9.399901891538140486e-01
-3.034531046942536281e-01 -8.148513025728457149e-02 9.493557746174214884e-01
-2.650481888460453628e-01 -9.399979749257468542e-02 9.596423790464162495e-01
-2.199189725821383834e-01 -1.046729245859840257e-01 9.698861914462557632e-01
-1.689758040644879777e-01 -1.131780392860941564e-01 9.791005612628446153e-01
-1.133819494652699850e-01 -1.192268172814777011e-01 9.863718870575649555e-01
-5.453431383229383200e-02 -1.225939616257405163e-01 9.909574810196861705e-01
5.990806738125621818e-03 -1.231400231493570002e-01 9.923712233506947200e-01
6.652208161456420188e-02 -1.208272905320174340e-01 9.904421126555187360e-01
1.253948457765392266e-01 -1.157250418251534047e-01 9.853343835208595580e-01
1.810525034357169383e-01 -1.080028034835604084e-01 9.775251328945739893e-01
2.321300632361918137e-01 -9.791307762701322026e-02 9.677441102754303914e-01
2.775072204957450550e-01 -8.576732113039205185e-02 9.568875112572368113e-01
3.163263497330116580e-01 -7.191006868957533493e-02 9.459210233877257679e-01
3.479788335282531508e-01 -5.669580176995976661e-02 9.357864700235924982e-01
3.716215905824138410e-01 -4.048265647418058250e-02 9.275012387803218683e-01
3.866806767483625951e-01 -2.362990311932821469e-02 9.219108860997589083e-01
3.930748221975656209e-01 -6.475352552990769686e-03 9.194836887976377549e-01
3.908013115145289595e-01 1.065920131107560807e-02 9.204133399441685182e-01
3.799179263350509483e-01 2.745815699244633784e-02 9.246125777130113077e-01
3.605482896961256234e-01 4.360166942778650329e-02 9.317208944858740294e-01
3.329091155834788540e-01 5.875769205901158060e-02 9.411264816094470076e-01
2.973542307285190200e-01 7.257928736372996903e-02 9.520045737888460646e-01
2.544266601444424292e-01 8.470936049864263850e-02 9.633750042703638217e-01
2.049069392574214277e-01 9.479386312320843555e-02 9.741803065960705776e-01
1.498440938979278547e-01 1.025028761056665655e-01 9.833818728832006695e-01
9.055669965073748218e-02 1.075569826958807651e-01 9.900661491148147197e-01
2.859604142529344195e-02 1.097544715892477402e-01 9.935472924739425782e-01
-3.432859042020685453e-02 1.089938622879007002e-01 9.934494883307767310e-01
-9.645291142493597758e-02 1.052866386655024605e-01 9.897532821857917273e-01
-1.560715363895473495e-01 9.875705989962070552e-02 9.827963770030806456e-01
-2.116421460361846418e-01 8.962896628352258477e-02 9.732287759954253437e-01
-2.618621371528181974e-01 7.820257822812287651e-02 9.619316908625343832e-01
-3.057076281030179921e-01 6.482634691953978456e-02 9.499159914782600023e-01
-3.424342073119321372e-01 4.986938498372132239e-02 9.382173831822945287e-01
-3.710993355872813648e-01 3.370986115044770359e-02 9.279811034656570978e-01
-3.910683903456043109e-01 1.672714334382103055e-02 9.202096047909401610e-01
-4.022281954079393596e-01 -7.254023090009136063e-04 9.155391595184823039e-01
-4.045579094147922494e-01 -1.831738199249226956e-02 9.143289186328523721e-01
-3.980963839348701794e-01 -3.573197433305685955e-02 9.166474213729564058e-01
-3.829339472333885830e-01 -5.265411387848544650e-02 9.222738944312461884e-01
-3.592290040553394737e-01 -6.875956214343476036e-02 9.307129768412517601e-01
-3.272461115363364259e-01 -8.370799154214500493e-02 9.412241787362802814e-01
-2.874084983716427844e-01 -9.714276852236794491e-02 9.528691607923051032e-01
-2.403543826011812767e-01 -1.086992869320630301e-01 9.645798234393779813e-01
-1.869835665832174643e-01 -1.180223204792514163e-01 9.752475981503372360e-01
-1.284798975293647283e-01 -1.247909372416158569e-01 9.838293235692403549e-01
-6.629766444525278524e-02 -1.287473600071131763e-01 9.894588101491783583e-01
-2.106513489428318148e-03 -1.297244075022833676e-01 9.915478509384426653e-01
6.230093661902087743e-02 -1.276655913404707854e-01 9.898586212614628455e-01
1.251246479700621750e-01 -1.226330875931729569e-01 9.845328579074016373e-01
1.846750646099323268e-01 -1.148015216189299248e-01 9.760715809544380228e-01
2.394718291734950488e-01 -1.044389510663867038e-01 9.652697801827573310e-01
2.883073583189951772e-01 -9.187939339821038498e-02 9.531196379308982669e-01
3.302688884200759567e-01 -7.749274496206914886e-02 9.407004495702376845e-01
3.642743512952456020e-01 -6.166859761637923792e-02 9.292476424818623126e-01
3.895877421218766901e-01 -4.480291601325309125e-02 9.198989563570191264e-01
4.060292878801685656e-01 -2.726510058393808930e-02 9.134532454785619926e-01
4.135345116578638680e-01 -9.397078048647897891e-03 9.104399500206963314e-01
4.121077557194253171e-01 8.479211446885459580e-03 9.110956594402075392e-01
4.017994030033283925e-01 2.604992549997197163e-02 9.153571112572760349e-01
3.827094835153002639e-01 4.299644354763725029e-02 9.228676812367848648e-01
3.550164513736125960e-01 5.898488062955537653e-02 9.329973757266744050e-01
3.190261446492516084e-01 7.366111274211363524e-02 9.448790184470664544e-01
2.752320479973324185e-01 8.665387309621089273e-02 9.574645821304791360e-01
2.243742410209501048e-01 9.758741521690955656e-02 9.696045051252811797e-01
1.674818482063552549e-01 1.061035338867664241e-01 9.801489022693573583e-01
1.058839750313509964e-01 1.118904944661562317e-01 9.880633082355612107e-01
4.117842068719377441e-02 1.147141349499830459e-01 9.925447117959617094e-01
-2.484392154874758701e-02 1.144448904608279527e-01 9.931188985268851743e-01
-9.030997154748862665e-02 1.110745659582978162e-01 9.897002323118115896e-01
-1.533917336297747624e-01 1.047186872150723813e-01 9.826011258917887181e-01
-2.124260946686809537e-01 9.560371287656460604e-02 9.724891178773429345e-01
-2.660055448781479259e-01 8.404210702177195014e-02 9.603009811216796088e-01
-3.130266293166319436e-01 7.040092764034473760e-02 9.471314791135908573e-01
-3.522434727878490102e-01 5.508144495644613781e-02 9.342861287109668345e-01
-3.828004150288339957e-01 3.849998441949194217e-02 9.230284900561388506e-01
-4.044443335349319768e-01 2.104786277876417172e-02 9.143203861589208614e-01
-4.170723231193654290e-01 3.085029290850539382e-03 9.088680651689545753e-01
-4.206714471143947476e-01 -1.505586884795867553e-02 9.070881183202568199e-01
-4.152798632265827794e-01 -3.305895527920307830e-02 9.090928119153893761e-01
-4.009743917180699224e-01 -5.061157649070285869e-02 9.146901144722852095e-01
-3.778853817794229353e-01 -6.739125662575846942e-02 9.233964786426773763e-01
-3.462359290252720045e-01 -8.305651920986699410e-02 9.344636408499948921e-01
-3.063986857237807060e-01 -9.724456800965160241e-02 9.469230905312447932e-01
-2.589595627059861904e-01 -1.095780733202815771e-01 9.596523280503403974e-01
-2.047741105784708637e-01 -1.196819789947276697e-01 9.714647639223024100e-01
-1.450006193747047367e-01 -1.272092515244886701e-01 9.812199685643691049e-01
-8.109567868111036693e-02 -1.318720866143603121e-01 9.879439476373007567e-01
-1.476420331355464757e-02 -1.334729328380695745e-01 9.909424778977281578e-01
5.213381770309678809e-02 -1.319286914561296209e-01 9.898873094571744025e-01
1.177060964558948597e-01 -1.272823223379001001e-01 9.848575964470177579e-01
1.801579859647725046e-01 -1.196988642791757540e-01 9.763274460883609729e-01
2.379050415389311890e-01 -1.094467282021407001e-01 9.651023805266732980e-01
2.896488568111794115e-01 -9.686866600886745449e-02 9.522184630092498381e-01
