0.000000000000000000e+00 0.000000000000000000e+00 1.000000000000000000e+00
-2.066365383651330777e-06 7.037649870149006168e-05 9.999999975214393100e-01
-8.922950939827023451e-06 2.110901880950091184e-04 9.999999776806568486e-01
-2.329180794070129831e-05 4.220921866628530314e-04 9.999999106478359989e-01
-4.789281223581717372e-05 7.033240395866462071e-04 9.999997515207587062e-01
-8.544329075973355241e-05 1.054717714957945432e-03 9.999994401348414330e-01
-1.386576456713228421e-04 1.476195595926502180e-03 9.999989008097150966e-01
-2.102469753253096438e-04 1.967670468697700365e-03 9.999980420326664010e-01
-3.029186912539242747e-04 2.529045506268029833e-03 9.999967560793089350e-01
-4.193761303086804087e-04 3.160214247765363513e-03 9.999949185719092526e-01
-5.623181610793804306e-04 3.861060573239377333e-03 9.999923879758462197e-01
-7.344387836696227023e-04 4.631458673726770309e-03 9.999890050347378656e-01
-9.384267218654732297e-04 5.471273016396113222e-03 9.999845921448263786e-01
-1.176965006686718756e-03 6.380358304558282276e-03 9.999789526692678399e-01
-1.452730550258409317e-03 7.358559432310593333e-03 9.999718701930321307e-01
-1.768393708884414758e-03 8.405711433566036977e-03 9.999631077191775130e-01
-2.126617834144656476e-03 9.521639425203544393e-03 9.999524068073235572e-01
-2.530058810773757987e-03 1.070615854406102921e-02 9.999394866552092642e-01
-2.981364580011320459e-03 1.195907387748017942e-02 9.999240431242865101e-01
-3.483174647043114740e-03 1.328018038710067524e-02 9.999057477103627800e-01
-4.038119571078481115e-03 1.466926282559178306e-02 9.998842464603761027e-01
-4.648820436532409735e-03 1.612609564600120393e-02 9.998591588364529326e-01
-5.317888303701448320e-03 1.765044290339465305e-02 9.998300765284729996e-01
-6.047923637241095149e-03 1.924205814845515380e-02 9.997965622164374233e-01
-6.841515710668993541e-03 2.090068431270825783e-02 9.997581482840152134e-01
-7.701241985033448201e-03 2.262605358503872940e-02 9.997143354847227714e-01
-8.629667459800894128e-03 2.441788727916542265e-02 9.996645915622738299e-01
-9.629343993929376580e-03 2.627589569174447123e-02 9.996083498267248624e-01
-1.070280959500827592e-02 2.819977795077632798e-02 9.995450076881310375e-01
-1.185258767425789728e-02 3.018922185399984179e-02 9.994739251495226018e-01
-1.308118626509655567e-02 3.224390369696650271e-02 9.993944232611103873e-01
-1.439109720289799207e-02 3.436348809050008418e-02 9.993057825377318348e-01
-1.578479526347882633e-02 3.654762776726146190e-02 9.992072413416577259e-01
-1.726473725777482107e-02 3.879596337715530280e-02 9.990979942329920593e-01
-1.883336108008661774e-02 4.110812327133450683e-02 9.989771902900165257e-01
-2.049308470720085165e-02 4.348372327458010361e-02 9.988439314019529336e-01
-2.224630514562174477e-02 4.592236644585834943e-02 9.986972705367486158e-01
-2.409539732408223431e-02 4.842364282688354366e-02 9.985362099866234020e-01
-2.604271292844281480e-02 5.098712917854406057e-02 9.983596995942576324e-01
-2.809057917603150281e-02 5.361238870508069909e-02 9.981666349626503454e-01
-3.024129752643027122e-02 5.629897076594052308e-02 9.979558556518285384e-01
-3.249714232567272459e-02 5.904641057526580777e-02 9.977261433657502732e-01
-3.486035938078550084e-02 6.185422888901664917e-02 9.974762201329108180e-01
-3.733316446158262136e-02 6.472193167976693362e-02 9.972047464843358799e-01
-3.991774172660880055e-02 6.764900979925717039e-02 9.969103196328261696e-01
-4.261624207012510573e-02 7.063493862883335472e-02 9.965914716575053900e-01
-4.543078138703959823e-02 7.367917771794919857e-02 9.962466676979175872e-01
-4.836343875270714826e-02 7.678117041095919304e-02 9.958743041621220815e-01
-5.141625451455804352e-02 7.994034346248203582e-02 9.954727069534398121e-01
-5.459122829256449899e-02 8.315610664166812882e-02 9.950401297207213114e-01
-5.789031688561931122e-02 8.642785232576050136e-02 9.945747521372236832e-01
-6.131543208098250153e-02 8.975495508339585704e-02 9.940746782134124437e-01
-6.486843836405055408e-02 9.313677124815133990e-02 9.935379346492323460e-01
-6.855115052582028135e-02 9.657263848290247032e-02 9.929624692316300072e-01
-7.236533116555590728e-02 1.000618753356187357e-01 9.923461492833490771e-01
-7.631268808632538092e-02 1.036037807872852573e-01 9.916867601692634926e-01
-8.039487158125011024e-02 1.071976337927010164e-01 9.909820038667610520e-01
-8.461347160851362403e-02 1.108426928149669477e-01 9.902294976069393462e-01
-8.897001485339875448e-02 1.145381953545396153e-01 9.894267725936237712e-01
-9.346596167587171988e-02 1.182833574737882781e-01 9.885712728074701472e-01
-9.810270294250525436e-02 1.220773733180548493e-01 9.876603539026628242e-01
-1.028815567418330801e-01 1.259194146342763887e-01 9.866912822039648479e-01
-1.078037649825545896e-01 1.298086302882887344e-01 9.856612338121226724e-01
-1.128704898743635721e-01 1.337441457819870116e-01 9.845672938258640539e-01
-1.180828102915573163e-01 1.377250627715732589e-01 9.834064556889616782e-01
-1.234417180199945535e-01 1.417504585881736168e-01 9.821756206710565706e-01
-1.289481138884118749e-01 1.458193857621558620e-01 9.808715974911501601e-01
-1.346028037855795667e-01 1.499308715525230484e-01 9.794911020928749323e-01
-1.404064945652792051e-01 1.540839174827999536e-01 9.780307575808413478e-01
-1.463597898416169607e-01 1.582774988848642816e-01 9.764870943275292259e-01
-1.524631856777486638e-01 1.625105644522055470e-01 9.748565502603451227e-01
-1.587170661716850728e-01 1.667820358041187390e-01 9.731354713385994559e-01
-1.651216989434679538e-01 1.710908070623583244e-01 9.713201122302665969e-01
-1.716772305286589917e-01 1.754357444417886935e-01 9.694066371984730868e-01
-1.783836816837643946e-01 1.798156858565712612e-01 9.673911212077163091e-01
-1.852409426099259626e-01 1.842294405434231896e-01 9.652695512598392646e-01
-1.922487681019444672e-01 1.886757887034697101e-01 9.630378279697773269e-01
-1.994067726304618871e-01 1.931534811641894001e-01 9.606917673910504440e-01
-2.067144253659130015e-01 1.976612390629192695e-01 9.582271031008859907e-01
-2.141710451536637250e-01 2.021977535533446835e-01 9.556394885547363494e-01
-2.217757954505791829e-01 2.067616855363453854e-01 9.529244997197812150e-01
-2.295276792341089667e-01 2.113516654165055741e-01 9.500776379967907914e-01
-2.374255338958358164e-01 2.159662928855203279e-01 9.470943334394572588e-01
-2.454680261323044788e-01 2.206041367336440961e-01 9.439699482799849273e-01
-2.536536468468278405e-01 2.252637346902283122e-01 9.406997807693562308e-01
-2.619807060768521434e-01 2.299435932942845706e-01 9.372790693402599516e-01
-2.704473279623507698e-01 2.346421877958881907e-01 9.337029971001808981e-01
-2.790514457715994046e-01 2.393579620891022608e-01 9.299666966616009223e-01
-2.877907970015652350e-01 2.440893286769570403e-01 9.260652553156486499e-01
-2.966629185710079608e-01 2.488346686688626963e-01 9.219937205548600634e-01
-3.056651421252428724e-01 2.535923318106655389e-01 9.177471059499726636e-01
-3.147945894723458427e-01 2.583606365473803401e-01 9.133203973848673662e-01
-3.240481681713844320e-01 2.631378701184429736e-01 9.087085596529006493e-01
-3.334225672940326346e-01 2.679222886851331253e-01 9.039065434169285540e-01
-3.429142533816624816e-01 2.727121174896109945e-01 8.989092925343171725e-01
-3.525194666206993288e-01 2.775055510448037888e-01 8.937117517471623307e-01
-3.622342172596731413e-01 2.823007533541609937e-01 8.883088747368009797e-01
-3.720542822919892245e-01 2.870958581600796533e-01 8.826956325404956560e-01
-3.819752024289733150e-01 2.918889692195794083e-01 8.768670223269074970e-01
-3.919922793882116285e-01 2.966781606055868825e-01 8.708180765256493538e-01
-4.021005735226006461e-01 3.014614770319702375e-01 8.645438723048266549e-01
-4.122949018158388879e-01 3.062369342002499439e-01 8.580395413890372636e-01
-4.225698362703263489e-01 3.110025191657040944e-01 8.513002802088137644e-01
-4.329197027135852638e-01 3.157561907203874640e-01 8.443213603709551762e-01
-4.433385800493667150e-01 3.204958797903962320e-01 8.370981394376190154e-01
-4.538202999795648007e-01 3.252194898445371907e-01 8.296260720004273725e-01
-4.643584472229096427e-01 3.299248973114041750e-01 8.219007210341927605e-01
-4.749463602561571629e-01 3.346099520017283835e-01 8.139177695131938339e-01
-4.855771326031260715e-01 3.392724775327570774e-01 8.056730322712345460e-01
-4.962436146964513961e-01 3.439102717513268237e-01 7.971624680850076805e-01
-5.069384163363247486e-01 3.485211071522402726e-01 7.883821919585636273e-01
-5.176539097697714364e-01 3.531027312885288150e-01 7.793284875849629811e-01
-5.283822334131710319e-01 3.576528671701915130e-01 7.699978199594752493e-01
-5.391152962397602888e-01 3.621692136480466617e-01 7.603868481169803184e-01
-5.498447828527619485e-01 3.666494457794182704e-01 7.504924379645454557e-01
-5.605621592635617878e-01 3.710912151725078711e-01 7.403116751784933891e-01
-5.712586793930048978e-01 3.754921503064750365e-01 7.298418781336529770e-01
-5.819253923124056982e-01 3.798498568244695894e-01 7.190806108309044653e-01
-5.925531502392591410e-01 3.841619177971268284e-01 7.080256957876012169e-01
-6.031326173009085023e-01 3.884258939543535072e-01 6.966752268539745385e-01
-6.136542790775673106e-01 3.926393238836017874e-01 6.850275819172219061e-01
-6.241084529341092146e-01 3.967997241932453290e-01 6.730814354536425181e-01
-6.344852991479362769e-01 4.009045896401430831e-01 6.608357708879276649e-01
-6.447748328380092930e-01 4.049513932209943823e-01 6.482898927175447801e-01
-6.549669366977836082e-01 4.089375862276600770e-01 6.354434383590811253e-01
-6.650513745323330950e-01 4.128605982672391428e-01 6.222963896724388322e-01
-6.750178055973780067e-01 4.167178372483528737e-01 6.088490841179123869e-01
-6.848557997352527904e-01 4.205066893357923830e-01 5.951022255004306816e-01
-6.945548533000660552e-01 4.242245188764273145e-01 5.810568942546248117e-01
-7.041044058614200907e-01 4.278686683000505475e-01 5.667145572238901918e-01
-7.134938576730741611e-01 4.314364579996386451e-01 5.520770768862580669e-01
-7.227125878898575939e-01 4.349251861963379095e-01 5.371467199796866598e-01
-7.317499735129758820e-01 4.383321287953310108e-01 5.219261654793273530e-01
-7.405954090405992840e-01 4.416545392395964664e-01 5.064185118794328755e-01
-7.492383267972960725e-01 4.448896483694300130e-01 4.906272837328539693e-01
-7.576682179124706318e-01 4.480346642964509463e-01 4.745564374015320275e-01
-7.658746539144947185e-01 4.510867723016521169e-01 4.582103659720426769e-01
-7.738473089036930208e-01 4.540431347678657303e-01 4.415939032910929929e-01
-7.815759822637609044e-01 4.569008911577951415e-01 4.247123270769288528e-01
-7.890506218675679140e-01 4.596571580494957510e-01 4.075713610638811990e-01
-7.962613477296430764e-01 4.623090292418671199e-01 3.901771761387816118e-01
-8.031984760539562229e-01 4.648535759433286008e-01 3.725363904297163686e-01
-8.098525436219218276e-01 4.672878470573868515e-01 3.546560683095787425e-01
-8.162143324618658102e-01 4.696088695792487999e-01 3.365437182791293225e-01
-8.222748947375319029e-01 4.718136491179812375e-01 3.182072896967959030e-01
-8.280255777895801916e-01 4.738991705589559733e-01 2.996551683252487441e-01
-8.334580492604620749e-01 4.758623988814369987e-01 2.808961706678806403e-01
-8.385643222295720012e-01 4.777002801461548986e-01 2.619395370717185201e-01
-8.433367802821936099e-01 4.794097426675637541e-01 2.427949235769962522e-01
-8.477682024325098320e-01 4.809876983851791299e-01 2.234723924976380338e-01
-8.518517878178561986e-01 4.824310444479466553e-01 2.039824017212404639e-01
-8.555813357895857285e-01 4.837101684630629173e-01 1.844045879200763294e-01
-8.589521348758696329e-01 4.848280160789989468e-01 1.647514069519481761e-01
-8.619600837059754328e-01 4.857875713834068354e-01 1.450353435036898508e-01
-8.646016873384100299e-01 4.865918509532641822e-01 1.252688872688298982e-01
-8.668740521510334140e-01 4.872438980929738594e-01 1.054645094792029530e-01
-8.687748793507629186e-01 4.877467772777526744e-01 8.563463987194493143e-02
-8.703024571646172936e-01 4.881035688177072784e-01 6.579164416762478540e-02
-8.714556517774024735e-01 4.883173637560211389e-01 4.594780212941972086e-02
-8.722338970843149797e-01 4.883912590126844866e-01 2.611528626729104144e-02
-8.726371833291545199e-01 4.883283527832085191e-01 6.306141245118149219e-03
-8.726660447007013044e-01 4.881317401997941618e-01 -1.346773595725054076e-02
-8.723215459611564082e-01 4.878045092604904043e-01 -3.319461508102099223e-02
-8.716052681813818426e-01 4.873497370299947895e-01 -5.286295078440143153e-02
-8.705192936580445906e-01 4.867704861139319217e-01 -7.246139996305384079e-02
-8.690661900876941459e-01 4.860698014067073580e-01 -9.197883816619278896e-02
-8.672489940723200341e-01 4.852507071113847936e-01 -1.114043750848464354e-01
-8.650711940300762626e-01 4.843162040284849090e-01 -1.307273690939466659e-01
-8.625367125836621573e-01 4.832692671091599612e-01 -1.499374408348275733e-01
-8.596498884973465815e-01 4.821128432668657093e-01 -1.690244858293684371e-01
-8.564154582318497244e-01 4.808498494404399026e-01 -1.879786861214046700e-01
-8.528385371842913676e-01 4.794831709004002129e-01 -2.067905209451411930e-01
-8.489246006782038556e-01 4.780156597893046033e-01 -2.254507764241315548e-01
-8.446794647662344557e-01 4.764501338861663604e-01 -2.439505543079295846e-01
-8.401092669056425821e-01 4.747893755841898766e-01 -2.622812797567827814e-01
-8.352204465640751252e-01 4.730361310704859212e-01 -2.804347081877173187e-01
-8.300197258103925169e-01 4.711931096959354193e-01 -2.984029311980738175e-01
-8.245140899425543735e-01 4.692629835229964463e-01 -3.161783815849943946e-01
-8.187107682017705779e-01 4.672483870389816385e-01 -3.337538374815484099e-01
-8.126172146193069157e-01 4.651519170221733446e-01 -3.511224256321243131e-01
-8.062410890395228513e-01 4.629761325480801215e-01 -3.682776238314206529e-01
-7.995902383599222674e-01 4.607235551231690929e-01 -3.852132625528557064e-01
-7.926726780262394190e-01 4.583966689335251532e-01 -4.019235257934896666e-01
-7.854965738178648627e-01 4.559979211960838996e-01 -4.184029511636350729e-01
-7.780702239562570233e-01 4.535297226003546234e-01 -4.346464292502296711e-01
-7.704020415663876964e-01 4.509944478288839265e-01 -4.506492022837750855e-01
-7.625005375187428047e-01 4.483944361451037142e-01 -4.664068621392184477e-01
-7.543743036769503529e-01 4.457319920376529576e-01 -4.819153477015833409e-01
-7.460319965737350900e-01 4.430093859107508969e-01 -4.971709416274543436e-01
-7.374823215356112183e-01 4.402288548107283206e-01 -5.121702665335966520e-01
-7.287340172745180311e-01 4.373926031793810010e-01 -5.269102806440595366e-01
-7.197958409624851672e-01 4.345028036253938963e-01 -5.413882729270802496e-01
-7.106765538033766871e-01 4.315615977056865837e-01 -5.556018577529817648e-01
-7.013849071138129609e-01 4.285710967091466705e-01 -5.695489691040537261e-01
-6.919296289235010722e-01 4.255333824358405459e-01 -5.832278543671249871e-01
-6.823194111034178722e-01 4.224505079654160555e-01 -5.966370677391930055e-01
-6.725628970285839614e-01 4.193244984090361283e-01 -6.097754632760657989e-01
-6.626686697805380666e-01 4.161573516397974459e-01 -6.226421876135135314e-01
-6.526452408930693005e-01 4.129510389971951523e-01 -6.352366723899143253e-01
-6.425010396432863091e-01 4.097075059617854009e-01 -6.475586263988246660e-01
-6.322444028886964329e-01 4.064286727967716950e-01 -6.596080274993079140e-01
-6.218835654496304155e-01 4.031164351537935842e-01 -6.713851143112222752e-01
-6.114266510350800932e-01 3.997726646407278595e-01 -6.828903777220038940e-01
-6.008816637088132406e-01 3.963992093498157065e-01 -6.941245522307826210e-01
-5.902564798914916588e-01 3.929978943449090045e-01 -7.050886071549454792e-01
-5.795588408934422286e-01 3.895705221070773216e-01 -7.157837377235130027e-01
-5.687963459717167991e-01 3.861188729382380447e-01 -7.262113560809220214e-01
-5.579764459041217650e-01 3.826447053228615447e-01 -7.363730822240140972e-01
-5.471064370720032377e-01 3.791497562481616068e-01 -7.462707348942207997e-01
-5.361934560427358276e-01 3.756357414835092556e-01 -7.559063224461057828e-01
-5.252444746420813493e-01 3.721043558201037049e-01 -7.652820337125838535e-01
-5.142662955058615593e-01 3.685572732722005029e-01 -7.744002288862803507e-01
-5.032655480997173525e-01 3.649961472414297026e-01 -7.832634304356289601e-01
-4.922486851951135001e-01 3.614226106459432208e-01 -7.918743140734300079e-01
-4.812219797891878481e-01 3.578382760163048570e-01 -8.002356997947098760e-01
-4.701915224555359707e-01 3.542447355601837100e-01 -8.083505429998348868e-01
-4.591632191125682438e-01 3.506435611980324163e-01 -8.162219257179401666e-01
-4.481427891956737408e-01 3.470363045720250006e-01 -8.238530479448449295e-01
-4.371357642190740744e-01 3.434244970305988520e-01 -8.312472191087322271e-01
-4.261474867129496080e-01 3.398096495909923020e-01 -8.384078496759823640e-01
-4.151831095211691580e-01 3.361932528821922617e-01 -8.453384429086666652e-01
-4.042475954447512509e-01 3.325767770707127591e-01 -8.520425867843294254e-01
-3.933457172160307880e-01 3.289616717716085104e-01 -8.585239460878181239e-01
-3.824820577883950579e-01 3.253493659470980681e-01 -8.647862546840634490e-01
-3.716610109263903117e-01 3.217412677951222988e-01 -8.708333079798654675e-01
-3.608867820809795179e-01 3.181387646301034322e-01 -8.766689555819114910e-01
-3.501633895347547876e-01 3.145432227580962081e-01 -8.822970941574366233e-01
-3.394946658019709629e-01 3.109559873484371018e-01 -8.877216605031406083e-01
-3.288842592683683397e-01 3.073783823039040741e-01 -8.929466248271988871e-01
-3.183356360558928233e-01 3.038117101312957091e-01 -8.979759842484492660e-01
-3.078520820975957362e-01 3.002572518142303526e-01 -9.028137565161038491e-01
-2.974367054082042716e-01 2.967162666898502943e-01 -9.074639739526260129e-01
-2.870924385360928421e-01 2.931899923309974065e-01 -9.119306776217301902e-01
-2.768220411826550764e-01 2.896796444353040290e-01 -9.162179117228042013e-01
-2.666281029753722054e-01 2.861864167225195432e-01 -9.203297182124259290e-01
-2.565130463811958195e-01 2.827114808412675151e-01 -9.242701316530437250e-01
-2.464791297472064824e-01 2.792559862863032705e-01 -9.280431742883192836e-01
-2.365284504558763656e-01 2.758210603272178152e-01 -9.316528513440880399e-01
-2.266629481826471226e-01 2.724078079494115512e-01 -9.351031465533806708e-01
-2.168844082439352061e-01 2.690173118080407821e-01 -9.383980179034663305e-01
-2.071944650240916952e-01 2.656506321955230954e-01 -9.415413936024278341e-01
-1.975946054702708288e-01 2.623088070230745195e-01 -9.445371682623562304e-01
-1.880861726445984261e-01 2.589928518166407789e-01 -9.473891992958628494e-01
-1.786703693234774903e-01 2.557037597274815499e-01 -9.501013035222454217e-01
-1.693482616343191804e-01 2.524425015575649800e-01 -9.526772539793141314e-01
-1.601207827204441658e-01 2.492100257998359492e-01 -9.551207769365825939e-01
-1.509887364253570952e-01 2.460072586933309269e-01 -9.574355491052558564e-01
-1.419528009880570429e-01 2.428351042930291248e-01 -9.596251950402032715e-01
-1.330135327415048474e-01 2.396944445542504853e-01 -9.616932847288865993e-01
-1.241713698068244165e-01 2.365861394313389376e-01 -9.636433313620251795e-01
-1.154266357762679385e-01 2.335110269903021285e-01 -9.654787892806139249e-01
-1.067795433784214376e-01 2.304699235350179121e-01 -9.672030520937714426e-01
-9.823019811956851255e-02 2.274636237465625932e-01 -9.688194509617799044e-01
-8.977860189556302606e-02 2.244929008351656541e-01 -9.703312530385865831e-01
-8.142465656898625892e-02 2.215585067042520895e-01 -9.717416600679638083e-01
-7.316816750677913872e-02 2.186611721259942021e-01 -9.730538071274780210e-01
-6.500884707394484485e-02 2.158016069277609028e-01 -9.742707615143844091e-01
-5.694631807931067186e-02 2.129805001888243898e-01 -9.753955217675552847e-01
-4.898011716971972795e-02 2.101985204466597368e-01 -9.764310168195537987e-01
-4.110969816939252786e-02 2.074563159121538825e-01 -9.773801052729879091e-01
-3.333443536155496212e-02 2.047545146930257465e-01 -9.782455747953171521e-01
-2.565362670977254164e-02 2.020937250247483441e-01 -9.790301416263346157e-01
-1.806649701676055902e-02 1.994745355082569171e-01 -9.797364501926135727e-01
-1.057220101875571208e-02 1.968975153537239065e-01 -9.803670728232819487e-01
-3.169826413836965284e-03 1.943632146296820629e-01 -9.809245095615772847e-01
4.141603177128617107e-03 1.918721645167801026e-01 -9.814111880667313326e-01
1.136312531796530856e-02 1.894248775654616690e-01 -9.818294636008397802e-01
1.849583593388361841e-02 1.870218479568674375e-01 -9.821816190954868464e-01
2.554088655793476659e-02 1.846635517662714998e-01 -9.824698652930161646e-01
3.249948164753647950e-02 1.823504472283768441e-01 -9.826963409574672736e-01
3.937287597116318622e-02 1.800829750038102361e-01 -9.828631131503288154e-01
4.616237206508815027e-02 1.778615584461742116e-01 -9.829721775663989858e-01
5.286931775987294829e-02 1.756866038690326204e-01 -9.830254589251840036e-01
5.949510377612000911e-02 1.735585008122267625e-01 -9.830248114134112480e-01
6.604116138883696363e-02 1.714776223069399974e-01 -9.829720191743801516e-01
7.250896015960664465e-02 1.694443251389514127e-01 -9.828687968400232622e-01
7.890000573561314900e-02 1.674589501095423427e-01 -9.827167901017017648e-01
8.521583771444279920e-02 1.655218222935430639e-01 -9.825175763159095244e-01
9.145802757345759815e-02 1.636332512940313066e-01 -9.822726651412125864e-01
9.762817666242858128e-02 1.617935314932192614e-01 -9.819834992029026211e-01
1.037279142580158908e-01 1.600029422990898453e-01 -9.816514547819940040e-01
1.097588956785920111e-01 1.582617483873687281e-01 -9.812778425253442238e-01
1.157228004578229191e-01 1.565701999384430387e-01 -9.808639081738274035e-01
1.216213305753493096e-01 1.549285328688625452e-01 -9.804108333056372748e-01
1.274562087428458557e-01 1.533369690570837718e-01 -9.799197360919429389e-01
1.332291767436799834e-01 1.517957165631420302e-01 -9.793916720622639627e-01
1.389419938243430241e-01 1.503049698419595959e-01 -9.788276348770733604e-01
1.445964351357843514e-01 1.488649099500226891e-01 -9.782285571052768969e-01
1.501942902227447751e-01 1.474757047451820680e-01 -9.775953110043529293e-01
1.557373615591560734e-01 1.461375090793550491e-01 -9.769287093010732281e-01
1.612274631276511272e-01 1.448504649839283398e-01 -9.762295059708543388e-01
1.666664190412113500e-01 1.436147018476824910e-01 -9.754983970139204930e-01
1.720560622049664978e-01 1.424303365870793203e-01 -9.747360212265835377e-01
1.773982330161542054e-01 1.412974738087734161e-01 -9.739429609660686937e-01
1.826947781002438986e-01 1.402162059642283187e-01 -9.731197429074357474e-01
1.879475490812312910e-01 1.391866134963362089e-01 -9.722668387912629662e-01
1.931584013841144698e-01 1.382087649779578375e-01 -9.713846661608743771e-01
1.983291930675717685e-01 1.372827172423164710e-01 -9.704735890880050730e-01
2.034617836848738592e-01 1.364085155051959486e-01 -9.695339188859058988e-01
2.085580331710771007e-01 1.355861934789084899e-01 -9.685659148089970083e-01
2.136198007545639932e-01 1.348157734780128236e-01 -9.675697847382825900e-01
2.186451034655816084e-01 1.339611808524120706e-01 -9.665654251760581461e-01
2.236308248633986362e-01 1.330227599024531582e-01 -9.655538306633416612e-01
2.285738774839349285e-01 1.320008659193268041e-01 -9.645360305957652036e-01
2.334712033412971455e-01 1.308958646390592229e-01 -9.635130877257249704e-01
2.383197743577681327e-01 1.297081316833369746e-01 -9.624860965812990221e-01
2.431165927205614918e-01 1.284380519886478278e-01 -9.614561818051359232e-01
2.478586911638938628e-01 1.270860192252721843e-01 -9.604244964165264964e-01
2.525431331751741837e-01 1.256524352077063034e-01 -9.593922199998728972e-01
2.571670131243596891e-01 1.241377092981402197e-01 -9.583605568227544502e-01
2.617274563157834799e-01 1.225422578046505701e-01 -9.573307338867600436e-01
2.662216189620155715e-01 1.208665033758003771e-01 -9.563039989142160247e-01
2.706466880795792562e-01 1.191108743933658176e-01 -9.552816182738823603e-01
2.749998813066041325e-01 1.172758043649326648e-01 -9.542648748486212140e-01
2.792784466427592482e-01 1.153617313181236337e-01 -9.532550658479613803e-01
2.834796621120690419e-01 1.133690971982321133e-01 -9.522535005683888665e-01
2.876008353494756142e-01 1.112983472710472876e-01 -9.512614981040887763e-01
2.916393031122673229e-01 1.091499295326618657e-01 -9.502803850107482964e-01
2.955924307177512089e-01 1.069242941280552361e-01 -9.493114929249059086e-01
2.994576114087987295e-01 1.046218927802432530e-01 -9.483561561411955054e-01
3.032322656491453494e-01 1.022431782317803628e-01 -9.474157091496905325e-01
3.069138403505713431e-01 9.978860370039126237e-02 -9.464914841354032937e-01
3.104998080343347455e-01 9.725862235049750892e-02 -9.455848084418332355e-01
3.139876659294673633e-01 9.465368678238951505e-02 -9.446970020002962709e-01
3.173749350107797351e-01 9.197424854077719536e-02 -9.438293747265955602e-01
3.206591589796542463e-01 8.922075764443250512e-02 -9.429832238864213068e-01
3.238379031909325856e-01 8.639366213861450483e-02 -9.421598314306897093e-01
3.269087535294276647e-01 8.349340767194354807e-02 -9.413604613018521361e-01
3.298693152398115558e-01 8.052043709936436422e-02 -9.405863567120261726e-01
3.327172117138463281e-01 7.747519011280992740e-02 -9.398387373936181177e-01
3.354500832391392739e-01 7.435810290114783228e-02 -9.391187968229302019e-01
3.380655857138130660e-01 7.116960784095988091e-02 -9.384276994170653863e-01
3.405613893316903340e-01 6.791013321967268035e-02 -9.377665777042727413e-01
3.429351772427954304e-01 6.458010299252320285e-02 -9.371365294677026503e-01
3.451846441941811561e-01 6.117993657480840647e-02 -9.365386148623821017e-01
3.473074951562881707e-01 5.771004867083155687e-02 -9.359738535050585728e-01
3.493014439402457594e-01 5.417084914092119147e-02 -9.354432215364147929e-01
3.511642118117223044e-01 5.056274290786035713e-02 -9.349476486550153398e-01
3.528935261071329266e-01 4.688612990402488134e-02 -9.344880151222152431e-01
3.544871188582114363e-01 4.314140506048948220e-02 -9.340651487371420814e-01
3.559427254311543498e-01 3.932895833931957658e-02 -9.336798217807582567e-01
3.572580831867454565e-01 3.544917481022461653e-02 -9.333327479279142080e-01
3.584309301680728699e-01 3.150243477270575632e-02 -9.330245791262300470e-01
3.594590038226559425e-01 2.748911392478618765e-02 -9.327559024405771559e-01
3.603400397660050380e-01 2.340958357936676754e-02 -9.325272368618914287e-01
3.610717705938489841e-01 1.926421092920219819e-02 -9.323390300790219687e-01
3.616519247504763612e-01 1.505335936144398465e-02 -9.321916552123151734e-01
3.620782254608525541e-01 1.077738882264529276e-02 -9.320854075076497880e-01
3.623483897343941496e-01 6.436656235069599004e-03 -9.320205009896789239e-01
3.624601274485034219e-01 2.031515965089228382e-03 -9.319970650730956541e-01
3.624111405201909109e-01 -2.437679655598668123e-03 -9.320151411308295053e-01
3.622027123713916774e-01 -6.839387138025387718e-03 -9.320742557796664052e-01
3.618372614668187714e-01 -1.117329552344547769e-02 -9.321743152622814499e-01
3.613171974110766516e-01 -1.543909246387562342e-02 -9.323151385839711924e-01
3.606449218028360271e-01 -1.963646371294599374e-02 -9.324964611328420139e-01
3.598228291739860585e-01 -2.376509267140212295e-02 -9.327179382486677772e-01
3.588533080050314572e-01 -2.782465998632409690e-02 -9.329791487415686202e-01
3.577387418082677573e-01 -3.181484320307260971e-02 -9.332795983617429014e-01
3.564815102705299887e-01 -3.573531646891765778e-02 -9.336187232215388265e-01
3.550839904475685538e-01 -3.958575028725454248e-02 -9.339958931711823675e-01
3.535485580023594587e-01 -4.336581132126345745e-02 -9.344104151294843064e-01
3.518775884799063558e-01 -4.707516224582284498e-02 -9.348615363708353554e-01
3.500734586113380953e-01 -5.071346164644270627e-02 -9.353484477697630028e-01
3.481385476403476842e-01 -5.428036396394197993e-02 -9.358702870042708843e-01
3.460752386652591328e-01 -5.777551948355370837e-02 -9.364261417191120929e-01
3.438859199902438157e-01 -6.119857436710297166e-02 -9.370150526500600208e-01
3.415729864794440074e-01 -6.454917072686520985e-02 -9.376360167101420728e-01
3.391388409079920119e-01 -6.782694673967658294e-02 -9.382879900386873473e-01
3.365858953041447332e-01 -7.103153679983346958e-02 -9.389698910139144816e-01
3.339165722769831257e-01 -7.416257170928476639e-02 -9.396806032296515232e-01
3.311333063243542818e-01 -7.721967890358849562e-02 -9.404189784366349114e-01
3.282385451159632872e-01 -8.020248271207361390e-02 -9.411838394486823356e-01
3.252347507467497900e-01 -8.311060465061814728e-02 -9.419739830138768033e-01
3.221244009559148802e-01 -8.594366374542679321e-02 -9.427881826507339413e-01
3.189099903071930253e-01 -8.870127688616444295e-02 -9.436251914491582404e-01
3.155940313261961228e-01 -9.138305920677676497e-02 -9.444837448358205378e-01
3.121790555908902087e-01 -9.398862449230568905e-02 -9.453625633034195008e-01
3.086676147714996210e-01 -9.651758560998574543e-02 -9.462603551031123494e-01
3.050622816163719442e-01 -9.896955496288740994e-02 -9.471758188992309702e-01
3.013656508805755418e-01 -1.013441449643559394e-01 -9.481076463852239344e-01
2.975803401942438420e-01 -1.036409685314785972e-01 -9.490545248595996242e-01
2.937089908679248462e-01 -1.058596395958000258e-01 -9.500151397604766901e-01
2.897542686324414141e-01 -1.079997736294949495e-01 -9.509881771571886411e-01
2.857188643110162851e-01 -1.100609881851997013e-01 -9.519723261972338202e-01
2.816054944216677680e-01 -1.120429034476989189e-01 -9.529662815067118098e-01
2.774169017081350441e-01 -1.139451427956622021e-01 -9.539687455422458662e-01
2.731558555978478298e-01 -1.157673333716267433e-01 -9.549784308922568687e-01
2.688251525857107138e-01 -1.175091066584271204e-01 -9.559940625253290358e-01
2.644276165427312253e-01 -1.191700990602816840e-01 -9.570143799832924181e-01
2.599660989487782015e-01 -1.207499524867573781e-01 -9.580381395165413760e-01
2.554434790490160978e-01 -1.222483149378510436e-01 -9.590641161590151009e-01
2.508626639338182862e-01 -1.236648410884452071e-01 -9.600911057401815274e-01
2.462265885422200151e-01 -1.249991928704211330e-01 -9.611179268312971535e-01
2.415382155892261684e-01 -1.262510400507399488e-01 -9.621434226231547759e-01
2.368005354175423405e-01 -1.274200608038361660e-01 -9.631664627324880712e-01
2.320165657745472398e-01 -1.285059422767047821e-01 -9.641859449341657617e-01
2.271893515155697096e-01 -1.295083811451052946e-01 -9.652007968162934493e-01
2.223219642347751823e-01 -1.304270841593518637e-01 -9.662099773553309845e-01
2.174175018252010316e-01 -1.312617686782099613e-01 -9.672124784083443449e-01
2.124790879697091295e-01 -1.320121631894746184e-01 -9.682073261195309755e-01
2.075098715648457659e-01 -1.326780078158654175e-01 -9.691935822381935184e-01
2.025130260798110593e-01 -1.332590548049368828e-01 -9.701703453453836001e-01
1.974917488529451814e-01 -1.337550690017713650e-01 -9.711367519865017339e-01
1.924492603283314840e-01 -1.341658283032938770e-01 -9.720919777072107859e-01
1.873888032353001332e-01 -1.344911240931244423e-01 -9.730352379901104909e-01
1.823136417137866672e-01 -1.347307616559637045e-01 -9.739657890897176484e-01
1.772270603886585971e-01 -1.348845605705916162e-01 -9.748829287634088736e-01
1.721323633962681399e-01 -1.349523550806459027e-01 -9.757859968961030139e-01
1.670328733666198440e-01 -1.349339944424374216e-01 -9.766743760165949029e-01
1.619319303646583330e-01 -1.348293432491534105e-01 -9.775474917035925637e-01
1.568328907942811157e-01 -1.346382817308947877e-01 -9.784048128796616339e-01
1.517391262687662057e-01 -1.343607060300930633e-01 -9.792458519914399862e-01
1.466540224513708801e-01 -1.339965284519521183e-01 -9.800701650746526106e-01
1.415809778699089472e-01 -1.335456776896628561e-01 -9.808773517026302402e-01
1.365234027091452029e-01 -1.330080990242422101e-01 -9.816670548172131694e-01
1.314847175848609384e-01 -1.323837544989526771e-01 -9.824389604411071231e-01
1.264683523034394741e-01 -1.316726230683642196e-01 -9.831927972709435526e-01
1.214777446107985354e-01 -1.308747007222259562e-01 -9.839283361504894687e-01
1.165163389344544276e-01 -1.299900005844207285e-01 -9.846453894236421034e-01
1.115875851224428505e-01 -1.290185529873815740e-01 -9.853438101670388694e-01
1.066949371827419640e-01 -1.279604055224527748e-01 -9.860234913023044889e-01
1.018418520267456023e-01 -1.268156230667825124e-01 -9.866843645881522296e-01
9.703178822021810146e-02 -1.255842877874354946e-01 -9.873263994927448106e-01
9.226820474502739344e-02 -1.242664991235140348e-01 -9.879496019469102830e-01
8.755455977480065821e-02 -1.228623737471739308e-01 -9.885540129789917030e-01
8.289430946747615436e-02 -1.213720455045165514e-01 -9.891397072322924977e-01
7.829090677753777761e-02 -1.197956653374306624e-01 -9.897067913662520589e-01
7.374780029051462849e-02 -1.181334011875463941e-01 -9.902554023426602958e-01
6.926843308210789418e-02 -1.163854378835492559e-01 -9.907857055983807504e-01
6.485624160407189864e-02 -1.145519770131830789e-01 -9.912978931062121912e-01
6.051465459872607672e-02 -1.126332367813482754e-01 -9.917921813256683761e-01
5.624709204371042270e-02 -1.106294518557742190e-01 -9.922688090455985543e-01
5.205696412832001851e-02 -1.085408732018126737e-01 -9.927280351207089515e-01
4.794767026246448544e-02 -1.063677679079620408e-01 -9.931701361041708198e-01
4.392259811899754812e-02 -1.041104190037900057e-01 -9.935954037786226545e-01
3.998512270985028760e-02 -1.017691252719745837e-01 -9.940041425879858616e-01
3.613860549608080563e-02 -9.934420105623024966e-02 -9.943966669726169716e-01
3.238639353162333506e-02 -9.683597606692705140e-02 -9.947732986104163011e-01
2.873181864018258674e-02 -9.424479518624565011e-02 -9.951343635666022314e-01
2.517819662437523198e-02 -9.157101827474045663e-02 -9.954801893549432013e-01
2.172882650587079287e-02 -8.881501998120606978e-02 -9.958111019133135677e-01
1.838698979493008992e-02 -8.597718955775900118e-02 -9.961274224965108726e-01
1.515594978738144839e-02 -8.305793068205732932e-02 -9.964294644893362252e-01
1.203895088671443764e-02 -8.005766128858490815e-02 -9.967175301429976875e-01
9.039217948608877645e-03 -7.697681341092475760e-02 -9.969919072379547220e-01
6.159955644854142251e-03 -7.381583303693745046e-02 -9.972528656763737231e-01
3.404347843251587322e-03 -7.057517997874535043e-02 -9.975006540074158323e-01
7.755569997321435857e-04 -6.725532775940183672e-02 -9.977354958886287539e-01
-1.723276441437208116e-03 -6.385676351809681239e-02 -9.979575864867655799e-01
-4.089034643839245010e-03 -6.037998793571505707e-02 -9.981670888214042581e-01
-6.318622976316130672e-03 -5.682551518252337147e-02 -9.983641300547972941e-01
-8.413086950247771270e-03 -5.333442189944933437e-02 -9.985412659271606373e-01
-1.037480234210979083e-02 -4.990724400055925741e-02 -9.986999703725860655e-01
-1.220617692069575662e-02 -4.654450051268266969e-02 -9.988416386322084284e-01
-1.390964864904549805e-02 -4.324669404069902967e-02 -9.989675898028372858e-01
-1.548768398939162974e-02 -4.001431121338447361e-02 -9.990790693880839957e-01
-1.694277630623639355e-02 -3.684782310974129421e-02 -9.991772518472011866e-01
-1.827744436271375172e-02 -3.374768566580450130e-02 -9.992632431371120116e-01
-1.949423090544912321e-02 -3.071434006198793878e-02 -9.993380832433507166e-01
-2.059570133320035024e-02 -2.774821309109664486e-02 -9.994027486958723117e-01
-2.158444244464672104e-02 -2.484971750719284361e-02 -9.994581550659101810e-01
-2.246306126078740847e-02 -2.201925235555974095e-02 -9.995051594402714068e-01
-2.323418391751515960e-02 -1.925720328406040419e-02 -9.995445628696589813e-01
-2.390045462404446000e-02 -1.656394283623837532e-02 -9.995771127877967066e-01
-2.446453468299477491e-02 -1.393983072655220583e-02 -9.996035053983133301e-01
-2.492910156805774879e-02 -1.138521409817806924e-02 -9.996243880265072157e-01
-2.529684805531163053e-02 -8.900427763852703997e-03 -9.996403614332718401e-01
-2.557048140438563863e-02 -6.485794430263595173e-03 -9.996519820886126118e-01
-2.575272258582095297e-02 -4.141624906524204661e-03 -9.996597644023234031e-01
-2.584630555112229014e-02 -1.868218297299504074e-03 -9.996641829095249676e-01
-2.585397654214437180e-02 3.341378188290063111e-04 -9.996656744088924240e-01
-2.577849343660980341e-02 2.465167225149111473e-03 -9.996646400515141195e-01
-2.562262512670865008e-02 4.524604916127674369e-03 -9.996614473784368737e-01
-2.538915092788449068e-02 6.512196959603696461e-03 -9.996564323050571854e-01
-2.508086001506644111e-02 8.427700371213268232e-03 -9.996499010506154637e-01
-2.470055088376084396e-02 1.027088300038750748e-02 -9.996421320111453790e-01
-2.425103083356972000e-02 1.204152342726009552e-02 -9.996333775743186933e-01
-2.373511547185486875e-02 1.373941086981950686e-02 -9.996238658747111927e-01
-2.315562823541645471e-02 1.536434510064240387e-02 -9.996138024880951711e-01
-2.251539992820229125e-02 1.691613637254879912e-02 -9.996033720634417419e-01
-2.181726827320871684e-02 1.839460535252643997e-02 -9.995927398913899697e-01
-2.106407747687518220e-02 1.979958306328131676e-02 -9.995820534080115394e-01
-2.025867780441228602e-02 2.113091083178315205e-02 -9.995714436327677310e-01
-1.940392516463657416e-02 2.238844024418906731e-02 -9.995610265396225325e-01
-1.850268070301446660e-02 2.357203310654525791e-02 -9.995509043603404420e-01
-1.755781040174211882e-02 2.468156141068540699e-02 -9.995411668190610222e-01
-1.657218468580723414e-02 2.571690730476546005e-02 -9.995318922973025488e-01
-1.554867803409285681e-02 2.667796306789729441e-02 -9.995231489286099391e-01
-1.449016859469136505e-02 2.756463108836867959e-02 -9.995149956221203169e-01
-1.339953780369935836e-02 2.837682384496335170e-02 -9.995074830143780842e-01
-1.227967000686030694e-02 2.911446389092333872e-02 -9.995006543487907624e-01
-1.113345208351174814e-02 2.977748384012528227e-02 -9.994945462821746007e-01
-9.963773072377116874e-03 3.036582635507369468e-02 -9.994891896178943469e-01
-8.773523798818863573e-03 3.087944413634646779e-02 -9.994846099651604199e-01
-7.565596503239179448e-03 3.131829991316150558e-02 -9.994808283241036762e-01
-6.342884470377210294e-03 3.168236643476799591e-02 -9.994778615963022528e-01
-5.108281659307063911e-03 3.197162646240138406e-02 -9.994757230204941445e-01
-3.864682333988978761e-03 3.218607276157733205e-02 -9.994744225332631293e-01
-2.614980694266726829e-03 3.232570809453711586e-02 -9.994739670545434995e-01
-1.362070507237533173e-03 3.239054521269422310e-02 -9.994743606978447881e-01
-1.088447389464804790e-04 3.238060684897002550e-02 -9.994756049051526370e-01
1.143868327319715961e-03 3.236626542291316799e-02 -9.994754207960421244e-01
2.395896614548235874e-03 3.234752474724814780e-02 -9.994738103971190224e-01
3.647068217515238298e-03 3.232438925699120114e-02 -9.994707765113352016e-01
4.897211429258748611e-03 3.229686400847755351e-02 -9.994663227157883911e-01
6.146154767496219383e-03 3.226495467827055624e-02 -9.994604533590915052e-01
7.393727000979196870e-03 3.222866756195304910e-02 -9.994531735583137566e-01
8.639757175777590045e-03 3.218800957280146258e-02 -9.994444891954948895e-01
9.884074641486079171e-03 3.214298824034324265e-02 -9.994344069137356401e-01
1.112650907734525491e-02 3.209361170879813235e-02 -9.994229341128672006e-01
1.236689051827014919e-02 3.203988873540401100e-02 -9.994100789447016853e-01
1.360504938077888165e-02 3.198182868862798484e-02 -9.993958503078680389e-01
1.484081648881421453e-02 3.191944154626352032e-02 -9.993802578422357197e-01
1.607402309945088828e-02 3.185273789341439704e-02 -9.993633119229308193e-01
1.730450092848172250e-02 3.178172892036641023e-02 -9.993450236539473952e-01
1.853208217587548612e-02 3.170642642034769698e-02 -9.993254048613593454e-01
1.975659955109973498e-02 3.162684278717872721e-02 -9.993044680861361551e-01
2.097788629830181842e-02 3.154299101281292372e-02 -9.992822265765682888e-01
2.219577622134143863e-02 3.145488468476904248e-02 -9.992586942803058925e-01
2.341010370866819165e-02 3.136253798345640942e-02 -9.992338858360165776e-01
2.462070375803769237e-02 3.126596567939422117e-02 -9.992078165646677279e-01
2.582741200105996560e-02 3.116518313032609622e-02 -9.991805024604381025e-01
2.703006472757391379e-02 3.106020627823116720e-02 -9.991519601812653972e-01
2.822849890984183846e-02 3.095105164623300834e-02 -9.991222070390346488e-01
2.942255222655805469e-02 3.083773633540777201e-02 -9.990912609894149199e-01
3.061206308666583609e-02 3.072027802149290138e-02 -9.990591406213491510e-01
3.179687065297705922e-02 3.059869495149786928e-02 -9.990258651462049500e-01
3.297681486558901726e-02 3.047300594021840753e-02 -9.989914543865924257e-01
3.415173646509306327e-02 3.034323036665572543e-02 -9.989559287648560604e-01
3.532147701556989650e-02 3.020938817034228216e-02 -9.989193092912473926e-01
3.648587892736640526e-02 3.007149984757565356e-02 -9.988816175517867268e-01
3.764478547964922317e-02 2.992958644756213080e-02 -9.988428756958203092e-01
3.879804084273022480e-02 2.978366956847166430e-02 -9.988031064232809619e-01
3.994549010015940177e-02 2.963377135340583904e-02 -9.987623329716597276e-01
4.108697927058072019e-02 2.947991448628054650e-02 -9.987205791026969592e-01
4.222235532934671964e-02 2.932212218762509509e-02 -9.986778690888004073e-01
4.335146622988777371e-02 2.916041821029948661e-02 -9.986342276991984068e-01
4.447416092483209155e-02 2.899482683513161796e-02 -9.985896801858367144e-01
4.559028938687278293e-02 2.882537286647619823e-02 -9.985442522690277656e-01
4.669970262937837846e-02 2.865208162769717487e-02 -9.984979701228600124e-01
4.780225272674343273e-02 2.847497895657549738e-02 -9.984508603603772237e-01
4.889779283447601849e-02 2.829409120064402608e-02 -9.984029500185354067e-01
4.998617720901905870e-02 2.810944521245145253e-02 -9.983542665429468999e-01
5.106726122730265160e-02 2.792106834475708774e-02 -9.983048377724205169e-01
5.214090140602471724e-02 2.772898844565836740e-02 -9.982546919233070692e-01
5.320695542065741884e-02 2.753323385365295112e-02 -9.982038575736584818e-01
5.426528212417708330e-02 2.733383339263731338e-02 -9.981523636472111605e-01
5.531574156551546245e-02 2.713081636684369635e-02 -9.981002393972019382e-01
5.635819500773028845e-02 2.692421255571729455e-02 -9.980475143900261470e-01
5.739250494589345775e-02 2.671405220873559333e-02 -9.979942184887478085e-01
5.841853512469507431e-02 2.650036604017172448e-02 -9.979403818364708245e-01
5.943615055576199901e-02 2.628318522380372613e-02 -9.978860348395806046e-01
6.044521753468958675e-02 2.606254138757159444e-02 -9.978312081508668996e-01
6.144560365778549416e-02 2.583846660818398672e-02 -9.977759326525360573e-01
6.243717783852464898e-02 2.561099340567646668e-02 -9.977202394391231355e-01
6.341981032371456217e-02 2.538015473792312390e-02 -9.976641598003135325e-01
6.439337270937042779e-02 2.514598399510343391e-02 -9.976077252036836818e-01
6.535773795629949701e-02 2.490851499412618381e-02 -9.975509672773703596e-01
6.631278040539452523e-02 2.466778197301228853e-02 -9.974939177926789302e-01
6.725837579263609090e-02 2.442381958523830512e-02 -9.974366086466396331e-01
6.819440126380384160e-02 2.417666289404243538e-02 -9.973790718445219028e-01
6.912073538889690338e-02 2.392634736669478623e-02 -9.973213394823168265e-01
7.003725817626368921e-02 2.367290886873364003e-02 -9.972634437291961751e-01
7.094385108644164772e-02 2.341638365816947273e-02 -9.972054168099595550e-01
7.184039704570753526e-02 2.315680837965843064e-02 -9.971472909874774526e-01
7.272678045933907154e-02 2.289422005864693785e-02 -9.970890985451414945e-01
7.360288722458874222e-02 2.262865609548911708e-02 -9.970308717693296963e-01
7.446860474337087255e-02 2.236015425953864419e-02 -9.969726429318979122e-01
7.532382193466310993e-02 2.208875268321665655e-02 -9.969144442727062572e-01
7.616842924662362013e-02 2.181448985605729043e-02 -9.968563079821893824e-01
7.700231866842535688e-02 2.153740461873240170e-02 -9.967982661839810410e-01
7.782538374180901497e-02 2.125753615705699984e-02 -9.967403509176013809e-01
7.863751957235620704e-02 2.097492399597688031e-02 -9.966825941212167361e-01
7.943862284048475164e-02 2.068960799353990535e-02 -9.966250276144810183e-01
8.022859181216776547e-02 2.040162833485238691e-02 -9.965676830814673703e-01
8.100732634937864163e-02 2.011102552602193200e-02 -9.965105920536995177e-01
8.177472792026393988e-02 1.981784038808814472e-02 -9.964537858932916992e-01
8.253069960904628466e-02 1.952211405094247260e-02 -9.963972957762058380e-01
8.327514612565954655e-02 1.922388794723852920e-02 -9.963411526756347225e-01
8.400797381511859729e-02 1.892320380629408660e-02 -9.962853873455198572e-01
8.472909066662609456e-02 1.862010364798602144e-02 -9.962300303042126437e-01
8.543840632241864186e-02 1.831462977663933164e-02 -9.961751118182869957e-01
8.613583208635496036e-02 1.800682477491140007e-02 -9.961206618865121598e-01
8.682128093224858456e-02 1.769673149767259090e-02 -9.960667102239935122e-01
8.749466751194785730e-02 1.738439306588425437e-02 -9.960132862464894377e-01
8.815590816316576372e-02 1.706985286047514941e-02 -9.959604190549125047e-01
8.880492091706247704e-02 1.675315451621727306e-02 -9.959081374200229320e-01
8.944162550558343305e-02 1.643434191560204372e-02 -9.958564697673211175e-01
9.006594336855565375e-02 1.611345918271775424e-02 -9.958054441621480013e-01
9.067779766054526180e-02 1.579055067712913790e-02 -9.957550882950000348e-01
9.127711325747914217e-02 1.546566098775989731e-02 -9.957054294670657502e-01
9.186381676303355392e-02 1.513883492677895772e-02 -9.956564945759921459e-01
9.243783651479271779e-02 1.481011752349122371e-02 -9.956083101018868842e-01
9.299910259018036307e-02 1.447955401823351751e-02 -9.955609020935635156e-01
9.354754681216703727e-02 1.414718985627637718e-02 -9.955142961550366154e-01
9.408310275475639806e-02 1.381307068173235307e-02 -9.954685174322733809e-01
9.460570574825324930e-02 1.347724233147138198e-02 -9.954235906002079082e-01
9.511529288431638807e-02 1.313975082904379060e-02 -9.953795398500244751e-01
9.561180302079921867e-02 1.280064237861144871e-02 -9.953363888767159384e-01
9.609517678638103411e-02 1.245996335888753526e-02 -9.952941608669235718e-01
9.656535658499194874e-02 1.211776031708537878e-02 -9.952528784870636747e-01
9.702228660003436866e-02 1.177407996287674168e-02 -9.952125638717463918e-01
9.746591279840381705e-02 1.142896916235994036e-02 -9.951732386124931828e-01
9.789618293431205653e-02 1.108247493203811697e-02 -9.951349237467570497e-01
9.831304655291529804e-02 1.073464443280796113e-02 -9.950976397472516277e-01
9.871645499375016064e-02 1.038552496395913662e-02 -9.950614065115931384e-01
9.910636139398032451e-02 1.003516395718464550e-02 -9.950262433522615302e-01
9.948272069145633334e-02 9.683608970602322272e-03 -9.949921689868832519e-01
9.984548962759133561e-02 9.330907682787607099e-03 -9.949592015288423186e-01
1.001946267500552629e-01 8.977107886817744034e-03 -9.949273584782224455e-01
1.005300924152900122e-01 8.622257484327494267e-03 -9.948966567130850258e-01
1.008518487908480477e-01 8.266404479576425213e-03 -9.948671124810865019e-01
1.011598598575568358e-01 7.909596973527839581e-03 -9.948387413914395738e-01
1.014540914115114739e-01 7.551883157939324499e-03 -9.948115584072206863e-01
1.017345110658976759e-01 7.193311309464938894e-03 -9.947855778380284564e-01
1.020010882526473789e-01 6.833929783768974073e-03 -9.947608133329952640e-01
1.022537942239290787e-01 6.473787009651237219e-03 -9.947372778741554455e-01
1.024926020534748100e-01 6.112931483183761498e-03 -9.947149837701734221e-01
1.027174866377458529e-01 5.751411761858835243e-03 -9.946939426504330939e-01
1.029284246969389416e-01 5.389276458748219235e-03 -9.946741654594927207e-01
1.031253947758347250e-01 5.026574236673393356e-03 -9.946556624519062861e-01
1.033083772444902682e-01 4.663353802386668683e-03 -9.946384431874140120e-01
1.034773542987770245e-01 4.299663900762966395e-03 -9.946225165265036861e-01
1.036323099607659309e-01 3.935553309002062274e-03 -9.946078906263455810e-01
1.037732300789609569e-01 3.571070830841075166e-03 -9.945945729371006294e-01
1.039001023283823572e-01 3.206265290776959612e-03 -9.945825701986054090e-01
1.040129162105009886e-01 2.841185528298754547e-03 -9.945718884374334934e-01
1.041116630530246057e-01 2.475880392129327021e-03 -9.945625329643352774e-01
1.041963360095373436e-01 2.110398734476336829e-03 -9.945545083720563895e-01
1.042669300589931652e-01 1.744789405292145610e-03 -9.945478185335361321e-01
1.043234420050640487e-01 1.379101246542375906e-03 -9.945424666004855085e-01
1.043658704753438055e-01 1.013383086482827489e-03 -9.945384550023460557e-01
1.043942159204079290e-01 6.476837339444497296e-04 -9.945357854456291502e-01
1.044084806127300313e-01 2.820519726260629825e-04 -9.945344589136356772e-01
1.044086686454553936e-01 -8.346344460547741768e-05 -9.945344756665561725e-01
1.043947859310316584e-01 -4.488138014079839748e-04 -9.945358352419505499e-01
1.043668401996971223e-01 -8.139504236498178343e-04 -9.945385364556075247e-01
1.043248409978265318e-01 -1.178824685089253964e-03 -9.945425774027820687e-01
1.042687996861344085e-01 -1.543388013047638629e-03 -9.945479554598105620e-01
1.041987294377358653e-01 -1.907591894076640128e-03 -9.945546672861026449e-01
1.041146452360645208e-01 -2.271387879619891394e-03 -9.945627088265076576e-01
1.040165638726473635e-01 -2.634727591669314573e-03 -9.945720753140552262e-01
1.039045039447360069e-01 -2.997562728416410145e-03 -9.945827612730675504e-01
1.037784858527939086e-01 -3.359845069898790074e-03 -9.945947605226419519e-01
1.036385317978388704e-01 -3.721526483642211957e-03 -9.946080661805012380e-01
1.034846657786401142e-01 -4.082558930298375681e-03 -9.946226706672102180e-01
1.033169135887691548e-01 -4.442894469278718499e-03 -9.946385657107561507e-01
1.031353028135035127e-01 -4.802485264384437520e-03 -9.946557423514893470e-01
1.029398628265823373e-01 -5.161283589432953851e-03 -9.946741909474229315e-01
1.027306247868127881e-01 -5.519241833881011368e-03 -9.946939011798876518e-01
1.025076216345260638e-01 -5.876312508444594442e-03 -9.947148620595391844e-01
1.022708880878817894e-01 -6.232448250715824645e-03 -9.947370619327146057e-01
1.020204606390194002e-01 -6.587601830776974345e-03 -9.947604884881348086e-01
1.017563775500551909e-01 -6.941726156811728159e-03 -9.947851287639489781e-01
1.014786788489234759e-01 -7.294774280713783345e-03 -9.948109691551175748e-01
1.011874063250602779e-01 -7.646699403692874993e-03 -9.948379954211304943e-01
1.008826035249279218e-01 -7.997454881878278063e-03 -9.948661926940549627e-01
1.005643157473788962e-01 -8.346994231919816626e-03 -9.948955454869109483e-01
1.002325900388571084e-01 -8.695271136586387242e-03 -9.949260377023676494e-01
9.988747518843471562e-02 -9.042239450361979139e-03 -9.949576526417581723e-01
9.952902172268271452e-02 -9.387853205039134799e-03 -9.949903730144068481e-01
9.915728190037327583e-02 -9.732066615309793722e-03 -9.950241809472646359e-01
9.877230970701185442e-02 -1.007483408435339532e-02 -9.950590579948473957e-01
9.837416084919696491e-02 -1.041611020942212473e-02 -9.950949851494724774e-01
9.796289274880563835e-02 -1.075584978742313152e-02 -9.951319428517876320e-01
9.753856453700233964e-02 -1.109400782049753745e-02 -9.951699110015874705e-01
9.710123704806919442e-02 -1.143053952159600074e-02 -9.952088689689109202e-01
9.665097281305534693e-02 -1.176540032005058377e-02 -9.952487956054154594e-01
9.618783605324322805e-02 -1.209854586714264289e-02 -9.952896692560205816e-01
9.571189267342940232e-02 -1.242993204166641455e-02 -9.953314677708158253e-01
9.522321025501780112e-02 -1.275951495548794702e-02 -9.953741685172267095e-01
9.472185804892298278e-02 -1.308725095909899112e-02 -9.954177483924319114e-01
9.420790696828119926e-02 -1.341309664716543171e-02 -9.954621838360261377e-01
9.368142958096684070e-02 -1.373700886406980202e-02 -9.955074508429213598e-01
9.314250010191205131e-02 -1.405894470944739350e-02 -9.955535249764800865e-01
9.259119438522710188e-02 -1.437886154371543872e-02 -9.956003813818743442e-01
9.202758991611929840e-02 -1.469671699359480742e-02 -9.956479947996621505e-01
9.145176580260802601e-02 -1.501246895762362379e-02 -9.956963395795761507e-01
9.086380276703376335e-02 -1.532607561166217380e-02 -9.957453896945156480e-01
9.026378313735865244e-02 -1.563749541438844148e-02 -9.957951187547362526e-01
8.965179083825652873e-02 -1.594668711278358561e-02 -9.958455000222284914e-01
8.902791138199002419e-02 -1.625360974760658994e-02 -9.958965064252783828e-01
8.839223185907273128e-02 -1.655822265885736888e-02 -9.959481105732030937e-01
8.774484092871411012e-02 -1.686048549122747681e-02 -9.960002847712529084e-01
8.708582880904518209e-02 -1.716035819953761268e-02 -9.960530010356719588e-01
8.641528726712280339e-02 -1.745780105416104566e-02 -9.961062311089105004e-01
8.573330960871058948e-02 -1.775277464643204225e-02 -9.961599464749804067e-01
8.503999066783453353e-02 -1.804523989403836182e-02 -9.962141183749450013e-01
8.433542679611130688e-02 -1.833515804639685581e-02 -9.962687178225366758e-01
8.361971585184758970e-02 -1.862249069001115087e-02 -9.963237156198927469e-01
8.289295718890840603e-02 -1.890719975381038864e-02 -9.963790823734017810e-01
8.215525164535303349e-02 -1.918924751446795043e-02 -9.964347885096519475e-01
8.140670153183664215e-02 -1.946859660169905290e-02 -9.964908042914732977e-01
8.064741061977621917e-02 -1.974521000353610806e-02 -9.965470998340646425e-01
7.987748412927926644e-02 -2.001905107158066105e-02 -9.966036451211972569e-01
7.909702871683398084e-02 -2.029008352623073302e-02 -9.966604100214864204e-01
7.830615246275945962e-02 -2.055827146188233395e-02 -9.967173643047223530e-01
7.750496485841498751e-02 -2.082357935210391378e-02 -9.967744776582514454e-01
7.669357679316703147e-02 -2.108597205478246472e-02 -9.968317197033994548e-01
7.587210054111317992e-02 -2.134541481723999101e-02 -9.968890600119273415e-01
7.504064974756206874e-02 -2.160187328131899648e-02 -9.969464681225116420e-01
7.419933941526843379e-02 -2.185531348843566812e-02 -9.970039135572398292e-01
7.334828589042277636e-02 -2.210570188459937829e-02 -9.970613658381121125e-01
7.248760684839500312e-02 -2.235300532539707952e-02 -9.971187945035407951e-01
7.161742127923163836e-02 -2.259719108094123546e-02 -9.971761691248377524e-01
7.073784947290630287e-02 -2.283822684077979961e-02 -9.972334593226820365e-01
6.984901300432329319e-02 -2.307608071876681571e-02 -9.972906347835578389e-01
6.895103471807421947e-02 -2.331072125789216895e-02 -9.973476652761541494e-01
6.804403871294774364e-02 -2.354211743506898560e-02 -9.974045206677173425e-01
6.712815032619269540e-02 -2.377023866587720663e-02 -9.974611709403472526e-01
6.620349611753485741e-02 -2.399505480926178089e-02 -9.975175862072286348e-01
6.527020385294791949e-02 -2.421653617218398960e-02 -9.975737367287882407e-01
6.432840248817930928e-02 -2.443465351422434081e-02 -9.976295929287694042e-01
6.337822215203151033e-02 -2.464937805213547259e-02 -9.976851254102145905e-01
6.241979412939999139e-02 -2.486068146434354878e-02 -9.977403049713476912e-01
6.145325084406856597e-02 -2.506853589539654453e-02 -9.977951026213468522e-01
6.047872584126361833e-02 -2.527291396035785676e-02 -9.978494895959996169e-01
5.949635376996838254e-02 -2.547378874914369221e-02 -9.979034373732311725e-01
5.850627036499887745e-02 -2.567113383080261990e-02 -9.979569176884971471e-01
5.750861242884310054e-02 -2.586492325773573700e-02 -9.980099025500333010e-01
5.650351781326528461e-02 -2.605513156985585915e-02 -9.980623642539522278e-01
5.549112540067720201e-02 -2.624173379868414979e-02 -9.981142753991794070e-01
5.447157508527863262e-02 -2.642470547138264098e-02 -9.981656089022207246e-01
5.344500775396918840e-02 -2.660402261472104984e-02 -9.982163380117520246e-01
5.241156526703396462e-02 -2.677966175897634679e-02 -9.982664363230239202e-01
5.137139043860559917e-02 -2.695159994176350715e-02 -9.983158777920720928e-01
5.032462701690539053e-02 -2.711981471179591638e-02 -9.983646367497273078e-01
4.927141966426640263e-02 -2.728428413257388135e-02 -9.984126879154148204e-01
4.821191393694154032e-02 -2.744498678599972818e-02 -9.984600064107378437e-01
4.714625626469978042e-02 -2.760190177591798424e-02 -9.985065677728349742e-01
4.607459393021389599e-02 -2.775500873157914911e-02 -9.985523479675065817e-01
4.499707504824309451e-02 -2.790428781102556946e-02 -9.985973234021005007e-01
4.391384854461424792e-02 -2.804971970439796430e-02 -9.986414709381512544e-01
4.282506413500540565e-02 -2.819128563716117447e-02 -9.986847679037649250e-01
4.173087230353556693e-02 -2.832896737324770015e-02 -9.987271921057432333e-01
4.063142428116469501e-02 -2.846274721811764205e-02 -9.987687218414391666e-01
3.952687202390821330e-02 -2.859260802173367241e-02 -9.988093359103381585e-01
3.841736819087027827e-02 -2.871853318144969650e-02 -9.988490136253581619e-01
3.730306612210029099e-02 -2.884050664481187937e-02 -9.988877348238620613e-01
3.618411981627727564e-02 -2.895851291227074381e-02 -9.989254798783757661e-01
3.506068390822680153e-02 -2.907253703980310078e-02 -9.989622297070068768e-01
3.393291364627534085e-02 -2.918256464144255644e-02 -9.989979657835573734e-01
3.280096486944701628e-02 -2.928858189171741622e-02 -9.990326701473245530e-01
3.166499398450787345e-02 -2.939057552799480624e-02 -9.990663254125849990e-01
3.052515794286284403e-02 -2.948853285272991578e-02 -9.990989147777562529e-01
2.938161421731079817e-02 -2.958244173561921583e-02 -9.991304220342303033e-01
2.823452077866308446e-02 -2.967229061565664766e-02 -9.991608315748748970e-01
2.708403607223112963e-02 -2.975806850309173704e-02 -9.991901284021973417e-01
2.593031899418877032e-02 -2.983976498128865923e-02 -9.992182981361662497e-01
2.477352886781506239e-02 -2.991737020848532491e-02 -9.992453270216866690e-01
2.361382541962342430e-02 -2.999087491945157113e-02 -9.992712019357248288e-01
2.245136875538307139e-02 -3.006027042704563501e-02 -9.992959103940782795e-01
2.128631933603878507e-02 -3.012554862366806016e-02 -9.993194405577876527e-01
2.011883795353511944e-02 -3.018670198261230037e-02 -9.993417812391861554e-01
1.894908570655126981e-02 -3.024372355931128145e-02 -9.993629219075842451e-01
1.777722397615285471e-02 -3.029660699247925179e-02 -9.993828526945858215e-01
1.660341440136697475e-02 -3.034534650514828999e-02 -9.994015643990327158e-01
1.542781885468696469e-02 -3.038993690559888688e-02 -9.994190484915755901e-01
1.425059941751328878e-02 -3.043037358818405716e-02 -9.994352971188682488e-01
1.307191835553712066e-02 -3.046665253404652260e-02 -9.994503031073830313e-01
1.189193809407319488e-02 -3.049877031172849862e-02 -9.994640599668458414e-01
1.071082119334853394e-02 -3.052672407767371282e-02 -9.994765618932882623e-01
9.528730323753733036e-03 -3.055051157662131214e-02 -9.994878037717158659e-01
8.345828241063495134e-03 -3.057013114189137751e-02 -9.994977811783911648e-01
7.162277761633142718e-03 -3.058558169556179623e-02 -9.995064903827298730e-01
5.978241737577875969e-03 -3.059686274853632912e-02 -9.995139283488099213e-01
4.793883031941539342e-03 -3.060397440050370912e-02 -9.995200927364926713e-01
3.609364493861690146e-03 -3.060691733978771964e-02 -9.995249819021554405e-01
2.424848933737773146e-03 -3.060569284308817944e-02 -9.995285948990360048e-01
1.240499098409202170e-03 -3.060030277511291072e-02 -9.995309314771880782e-01
5.647764635014775568e-05 -3.059074958810070050e-02 -9.995319920830491034e-01
-1.127052877112168401e-03 -3.057703632123543250e-02 -9.995317778586201296e-01
-2.309930064548890508e-03 -3.055916659995151427e-02 -9.995302906402592225e-01
-3.491991671143890742e-03 -3.053714463513087715e-02 -9.995275329570889600e-01
-4.673075639364331069e-03 -3.051097522219178154e-02 -9.995235080290190144e-01
-5.853020123580706877e-03 -3.048066374006977441e-02 -9.995182197643861510e-01
-7.031663514629692656e-03 -3.044621615009118071e-02 -9.995116727572124216e-01
-8.208844464313134678e-03 -3.040763899473955187e-02 -9.995038722840844381e-01
-9.384401909826596555e-03 -3.036493939631553993e-02 -9.994948243006545052e-01
-1.055817509811089391e-02 -3.031812505549075221e-02 -9.994845354377673852e-01
-1.173000361012012382e-02 -3.026720424975612445e-02 -9.994730129972149157e-01
-1.289972738499974014e-02 -3.021218583176546110e-02 -9.994602649471202582e-01
-1.406718674416827970e-02 -3.015307922757482287e-02 -9.994462999169565487e-01
-1.523222241529645707e-02 -3.008989443477844833e-02 -9.994311271922018403e-01
-1.639467555617734468e-02 -3.002264202054199735e-02 -9.994147567086344441e-01
-1.755438777848151305e-02 -2.995133311953393149e-02 -9.993971990462721111e-01
-1.871120117139099884e-02 -2.987597943175585719e-02 -9.993784654229590503e-01
-1.986495832510615234e-02 -2.979659322027276847e-02 -9.993585676876047819e-01
-2.101550235421942303e-02 -2.971318730884408427e-02 -9.993375183130792649e-01
-2.216267692095025624e-02 -2.962577507945651431e-02 -9.993153303887687411e-01
-2.330632625823542831e-02 -2.953437046975973188e-02 -9.992920176127967347e-01
-2.444629519266915824e-02 -2.943898797040593943e-02 -9.992675942839156500e-01
-2.558242916728751051e-02 -2.933964262229443384e-02 -9.992420752930731842e-01
-2.671457426419166642e-02 -2.923635001372229883e-02 -9.992154761146597730e-01
-2.784257722700481455e-02 -2.912912627744239369e-02 -9.991878127974417323e-01
-2.896628548315744595e-02 -2.901798808762987708e-02 -9.991591019551862018e-01
-3.008554716599601969e-02 -2.890295265675848352e-02 -9.991293607569834423e-01
-3.120021113671007235e-02 -2.878403773238785018e-02 -9.990986069172720363e-01
-3.231012700607295562e-02 -2.866126159386319164e-02 -9.990668586855743216e-01
-3.341514515599155327e-02 -2.853464304892867551e-02 -9.990341348359467188e-01
-3.451511676086037317e-02 -2.840420143025585223e-02 -9.990004546561527254e-01
-3.560989380871567439e-02 -2.826995659188855786e-02 -9.989658379365643492e-01
-3.669932912218530630e-02 -2.813192890560569162e-02 -9.989303049587990868e-01
-3.778327637923015181e-02 -2.799013925720333917e-02 -9.988938764840992190e-01
-3.886159013367312259e-02 -2.784460904269768153e-02 -9.988565737414600854e-01
-3.993412583551193135e-02 -2.769536016445023341e-02 -9.988184184155149969e-01
-4.100073985101185953e-02 -2.754241502721687870e-02 -9.987794326341838946e-01
-4.206128948257498168e-02 -2.738579653412225381e-02 -9.987396389560926346e-01
-4.311563298838244629e-02 -2.722552808256105752e-02 -9.986990603577713399e-01
-4.416362960180646863e-02 -2.706163356002780351e-02 -9.986577202206381454e-01
-4.520513955058901717e-02 -2.689413733987665311e-02 -9.986156423177772190e-01
-4.624002407578411966e-02 -2.672306427701289303e-02 -9.985728508005182746e-01
-4.726814545046101323e-02 -2.654843970351767127e-02 -9.985293701848255710e-01
-4.828936699816546024e-02 -2.637028942420762204e-02 -9.984852253375040565e-01
-4.930355311113669009e-02 -2.618863971213100661e-02 -9.984404414622315427e-01
-5.031056926827762177e-02 -2.600351730400198708e-02 -9.983950440854242325e-01
-5.131028205287611194e-02 -2.581494939557471210e-02 -9.983490590419442645e-01
-5.230255917007516769e-02 -2.562296363695881415e-02 -9.983025124606569323e-01
-5.328726946409024362e-02 -2.542758812787802164e-02 -9.982554307498473500e-01
-5.426428293517177731e-02 -2.522885141287349586e-02 -9.982078405825031142e-01
-5.523347075631140912e-02 -2.502678247645356152e-02 -9.981597688814727309e-01
-5.619470528969040118e-02 -2.482141073819148225e-02 -9.981112428045080254e-01
-5.714786010286887485e-02 -2.461276604777292917e-02 -9.980622897291985263e-01
-5.809280998471477026e-02 -2.440087867999478702e-02 -9.980129372378071517e-01
-5.902943096107145932e-02 -2.418577932971693531e-02 -9.979632131020154118e-01
-5.995760031016307556e-02 -2.396749910676863188e-02 -9.979131452675863434e-01
-6.087719657773690840e-02 -2.374606953081114316e-02 -9.978627618389550591e-01
-6.178809959194217494e-02 -2.352152252615821032e-02 -9.978120910637542362e-01
-6.269019047794473221e-02 -2.329389041655597486e-02 -9.977611613172838734e-01
-6.358335167227738283e-02 -2.306320591992394586e-02 -9.977100010869337510e-01
-6.446746693692560759e-02 -2.282950214305860120e-02 -9.976586389565678115e-01
-6.534242137314862087e-02 -2.259281257630116682e-02 -9.976071035908781193e-01
-6.620810143503584599e-02 -2.235317108817114901e-02 -9.975554237197179486e-01
-6.706439494279892166e-02 -2.211061191996713596e-02 -9.975036281224224366e-01
-6.791119109579968338e-02 -2.186516968033637431e-02 -9.974517456121249070e-01
-6.874838048531446699e-02 -2.161687933981465762e-02 -9.973998050200780785e-01
-6.957585510703526155e-02 -2.136577622533795615e-02 -9.973478351799883734e-01
-7.039350837330847488e-02 -2.111189601472726607e-02 -9.972958649123719876e-01
-7.120123512511201957e-02 -2.085527473114811778e-02 -9.972439230089411577e-01
-7.199893164377163535e-02 -2.059594873754613809e-02 -9.971920382170288422e-01
-7.278649566241746083e-02 -2.033395473106006102e-02 -9.971402392240606982e-01
-7.356382637718189565e-02 -2.006932973741355070e-02 -9.970885546420821255e-01
-7.433082445814004346e-02 -1.980211110528717552e-02 -9.970370129923490365e-01
-7.508739205999391542e-02 -1.953233650067183122e-02 -9.969856426899902369e-01
-7.583343283250192080e-02 -1.926004390120490684e-02 -9.969344720287501849e-01
-7.656885193065500472e-02 -1.898527159049044621e-02 -9.968835291658193487e-01
-7.729355602460097341e-02 -1.870805815240454348e-02 -9.968328421067607081e-01
-7.800745330931879717e-02 -1.842844246538714870e-02 -9.967824386905401735e-01
-7.871045351404445944e-02 -1.814646369672145987e-02 -9.967323465746686928e-01
-7.940246791145019745e-02 -1.786216129680206002e-02 -9.966825932204641525e-01
-8.008340932657895261e-02 -1.757557499339288190e-02 -9.966332058784401760e-01
-8.075319214553608460e-02 -1.728674478587607227e-02 -9.965842115738295925e-01
-8.141173232394009751e-02 -1.699571093949284531e-02 -9.965356370922504592e-01
-8.205894739513469593e-02 -1.670251397957727910e-02 -9.964875089655212959e-01
-8.269475647816400266e-02 -1.640719468578407877e-02 -9.964398534576334177e-01
-8.331908028551326950e-02 -1.610979408631123266e-02 -9.963926965508870248e-01
-8.393184113061717688e-02 -1.581035345211850157e-02 -9.963460639321984891e-01
-8.453296293513797022e-02 -1.550891429114258785e-02 -9.962999809795859418e-01
-8.512237123601568145e-02 -1.520551834250986889e-02 -9.962544727488388263e-01
-8.569999319229276713e-02 -1.490020757074749652e-02 -9.962095639603797403e-01
-8.626575759171539737e-02 -1.459302415999364118e-02 -9.961652789863242319e-01
-8.681959485711389368e-02 -1.428401050820764413e-02 -9.961216418377446535e-01
-8.736143705256452230e-02 -1.397320922138079076e-02 -9.960786761521456256e-01
-8.789121788933511314e-02 -1.366066310774837964e-02 -9.960364051811559927e-01
-8.840887273161684989e-02 -1.334641517200375535e-02 -9.959948517784442679e-01
-8.891433860204474293e-02 -1.303050860951491044e-02 -9.959540383878628944e-01
-8.940755418700897794e-02 -1.271298680054424972e-02 -9.959139870318278742e-01
-8.988845984175979076e-02 -1.239389330447207213e-02 -9.958747192999384268e-01
-9.035699759530806119e-02 -1.207327185402428185e-02 -9.958362563378430066e-01
-9.081311115512416543e-02 -1.175116634950483172e-02 -9.957986188363570079e-01
-9.125674591163737692e-02 -1.142762085303334479e-02 -9.957618270208368205e-01
-9.168784894253820261e-02 -1.110267958278835995e-02 -9.957259006408156754e-01
-9.210636901688601386e-02 -1.077638690725657607e-02 -9.956908589599067216e-01
-9.251225659902431731e-02 -1.044878733948847831e-02 -9.956567207459772195e-01
-9.290546385230590010e-02 -1.011992553136068299e-02 -9.956235042615991793e-01
-9.328594464263012531e-02 -9.789846267845297642e-03 -9.955912272547807751e-01
-9.365365454179472304e-02 -9.458594461286596450e-03 -9.955599069499824205e-01
-9.400855083066407547e-02 -9.126215145685241670e-03 -9.955295600394227229e-01
-9.435059250215636906e-02 -8.792753470990297485e-03 -9.955002026746773147e-01
-9.467974026405154286e-02 -8.458254697399214886e-03 -9.954718504585748917e-01
-9.499595654162222569e-02 -8.122764189665985374e-03 -9.954445184373945654e-01
-9.529920548008961878e-02 -7.786327411417582299e-03 -9.954182210933668618e-01
-9.558945294690635031e-02 -7.448989919478842502e-03 -9.953929723374838057e-01
-9.586666653386814729e-02 -7.110797358205871513e-03 -9.953687855026188691e-01
-9.613081555905624020e-02 -6.771795453828055589e-03 -9.953456733369622222e-01
-9.638187106861224873e-02 -6.432030008798736084e-03 -9.953236479977722873e-01
-9.661980583834735292e-02 -6.091546896154586069e-03 -9.953027210454477025e-01
-9.684459437518737335e-02 -5.750392053883696987e-03 -9.952829034379218065e-01
-9.705621291845532850e-02 -5.408611479302383174e-03 -9.952642055253816400e-01
-9.725463944099313474e-02 -5.066251223440669527e-03 -9.952466370453145750e-01
-9.743985365012380884e-02 -4.723357385436433714e-03 -9.952302071178841247e-01
-9.761183698845557477e-02 -4.379976106938146541e-03 -9.952149242416369335e-01
-9.777057263452927638e-02 -4.036153566516136743e-03 -9.952007962895430548e-01
-9.791604550331023393e-02 -3.691935974082299985e-03 -9.951878305053706297e-01
-9.804824224652583520e-02 -3.347369565318152312e-03 -9.951760335003966285e-01
-9.816715125284981858e-02 -3.002500596111120929e-03 -9.951654112504552119e-01
-9.827276264793440019e-02 -2.657375336998950895e-03 -9.951559690933242663e-01
-9.836506829429106369e-02 -2.312040067622099342e-03 -9.951477117264520000e-01
-9.844406179102094256e-02 -1.966541071183972381e-03 -9.951406432050228235e-01
-9.850973847339548894e-02 -1.620924628918866354e-03 -9.951347669403647345e-01
-9.856209541228820592e-02 -1.275237014567452525e-03 -9.951300856986979859e-01
-9.860113141345798471e-02 -9.295244888596484404e-04 -9.951266016002248138e-01
-9.862684701668454623e-02 -5.838332940047122506e-04 -9.951243161185615582e-01
-9.863924449475648670e-02 -2.382096481883919808e-04 -9.951232300805118447e-01
-9.863832785231221867e-02 1.073002599230394780e-04 -9.951233436661811593e-01
-9.862410282453409893e-02 4.526502766720360009e-04 -9.951246564094332614e-01
-9.859657687569595153e-02 7.977942888924868629e-04 -9.951271671986861023e-01
-9.855575919756402736e-02 1.142686229386052649e-03 -9.951308742780480276e-01
-9.850166070765141446e-02 1.487280082392297741e-03 -9.951357752487931529e-01
-9.843429404732588484e-02 1.831529889052784226e-03 -9.951418670711741354e-01
-9.835367357977101155e-02 2.175389752869287541e-03 -9.951491460665717881e-01
-9.825981538780020896e-02 2.518813845156292561e-03 -9.951576079199805358e-01
-9.815273727152359906e-02 2.861756410487915816e-03 -9.951672476828268277e-01
-9.803245874586703767e-02 3.204171772139399743e-03 -9.951780597761203939e-01
-9.789900103794310637e-02 3.546014337523311494e-03 -9.951900379939356833e-01
-9.775238708427323731e-02 3.887238603620570086e-03 -9.952031755072214825e-01
-9.759264152786059632e-02 4.227799162406419009e-03 -9.952174648679364966e-01
-9.741979071511282229e-02 4.567650706271441860e-03 -9.952328980135094483e-01
-9.723386269261391490e-02 4.906748033437719446e-03 -9.952494662716199203e-01
-9.703488720374452148e-02 5.245046053370194285e-03 -9.952671603652981647e-01
-9.682289568514947098e-02 5.582499792183320125e-03 -9.952859704183411038e-01
-9.659792126305180582e-02 5.919064398043026413e-03 -9.953058859610407483e-01
-9.635999874941213184e-02 6.254695146564046709e-03 -9.953268959362235879e-01
-9.610916463793212072e-02 6.589347446202610190e-03 -9.953489887055957386e-01
-9.584545709990116569e-02 6.922976843644507508e-03 -9.953721520563919567e-01
-9.556891597988471931e-02 7.255539029188494589e-03 -9.953963732083243032e-01
-9.527958279125321728e-02 7.586989842125004858e-03 -9.954216388208272370e-01
-9.497750071155011686e-02 7.917285276110103132e-03 -9.954479350005942528e-01
-9.466271457769770414e-02 8.246381484534591813e-03 -9.954752473094037324e-01
-9.433527088103919878e-02 8.574234785888180943e-03 -9.955035607722286795e-01
-9.399521776221562985e-02 8.900801669118585044e-03 -9.955328598856261202e-01
-9.364260500587598401e-02 9.226038798985385439e-03 -9.955631286264025048e-01
-9.327748403521908538e-02 9.549903021408514062e-03 -9.955943504605498928e-01
-9.289990790636545870e-02 9.872351368811132372e-03 -9.956265083524488135e-01
-9.250993130255766306e-02 1.019334106545669374e-02 -9.956595847743321404e-01
-9.210761052818727812e-02 1.051282953277994647e-02 -9.956935617160060925e-01
-9.169300350264703026e-02 1.083077439471159115e-02 -9.957284206948228134e-01
-9.126616975400606013e-02 1.114713348299629925e-02 -9.957641427658988631e-01
-9.082717041250681911e-02 1.146186484250376510e-02 -9.958007085325754071e-01
-9.037606820388165152e-02 1.177492673653243900e-02 -9.958380981571131052e-01
-8.991292744248741142e-02 1.208627765210554435e-02 -9.958762913716181497e-01
-8.943781402425618476e-02 1.239587630525898834e-02 -9.959152674891916801e-01
-8.895079541946042390e-02 1.270368164632071882e-02 -9.959550054152982446e-01
-8.845194066529057930e-02 1.300965286518105529e-02 -9.959954836593467586e-01
-8.794132035824357707e-02 1.331374939655350850e-02 -9.960366803464778540e-01
-8.741900664632015761e-02 1.361593092522555594e-02 -9.960785732295521777e-01
-8.688507322102942410e-02 1.391615739129882165e-02 -9.961211397013320923e-01
-8.633959530919872727e-02 1.421438899541808791e-02 -9.961643568068516696e-01
-8.578264966458719332e-02 1.451058620398850731e-02 -9.962082012559680955e-01
-8.521431455930107701e-02 1.480470975438039592e-02 -9.962526494360876006e-01
-8.463466977500926081e-02 1.509672066012092244e-02 -9.962976774250593692e-01
-8.404379659395719293e-02 1.538658021607200097e-02 -9.963432610042313176e-01
-8.344177778977754367e-02 1.567425000359366077e-02 -9.963893756716598604e-01
-8.282869761809609488e-02 1.595969189569213659e-02 -9.964359966554674486e-01
-8.220464180693104472e-02 1.624286806215189186e-02 -9.964830989273407713e-01
-8.156969754688435381e-02 1.652374097465075450e-02 -9.965306572161621856e-01
-8.092395348112359221e-02 1.680227341185734635e-02 -9.965786460217672671e-01
-8.026749969515273309e-02 1.707842846450992325e-02 -9.966270396288219313e-01
-7.960042770637058840e-02 1.735216954047570995e-02 -9.966758121208105781e-01
-7.892283045341549896e-02 1.762346036978985203e-02 -9.967249373941285961e-01
-7.823480228529496039e-02 1.789226500967299599e-02 -9.967743891722721239e-01
-7.753643895029904698e-02 1.815854784952652956e-02 -9.968241410201165165e-01
-7.682783758469634294e-02 1.842227361590450391e-02 -9.968741663582765256e-01
-7.610909670121139559e-02 1.868340737746117600e-02 -9.969244384775410861e-01
-7.538031617728264966e-02 1.894191454987314768e-02 -9.969749305533736061e-01
-7.464159724309989141e-02 1.919776090073500863e-02 -9.970256156604713205e-01
-7.389304246942038357e-02 1.945091255442740752e-02 -9.970764667873753817e-01
-7.313475575516290017e-02 1.970133599695640322e-02 -9.971274568511240277e-01
-7.236684231477898133e-02 1.994899808076296827e-02 -9.971785587119406102e-01
-7.158940866540079717e-02 2.019386602950149281e-02 -9.972297451879488239e-01
-7.080256261376512150e-02 2.043590744278608526e-02 -9.972809890699076973e-01
-7.000641324291299872e-02 2.067509030090347588e-02 -9.973322631359573531e-01
-6.920107089866485428e-02 2.091138296949130240e-02 -9.973835401663688760e-01
-6.838664717587071562e-02 2.114475420418054571e-02 -9.974347929582886296e-01
-6.756325490443557125e-02 2.137517315520084601e-02 -9.974859943404712492e-01
-6.673100813511977092e-02 2.160260937194744685e-02 -9.975371171879908738e-01
-6.589002212511463341e-02 2.182703280750845562e-02 -9.975881344369249559e-01
-6.504041332339344228e-02 2.204841382315115422e-02 -9.976390190990005458e-01
-6.418229935583820434e-02 2.226672319276602405e-02 -9.976897442761969437e-01
-6.331579901014257328e-02 2.248193210726716004e-02 -9.977402831752952839e-01
-6.244103222049154217e-02 2.269401217894776931e-02 -9.977906091223679441e-01
-6.155812005201856396e-02 2.290293544578936996e-02 -9.978406955771996767e-01
-6.066718468504092576e-02 2.310867437572337521e-02 -9.978905161476321339e-01
-5.976834939907425814e-02 2.331120187084367162e-02 -9.979400446038247940e-01
-5.886173855662730353e-02 2.351049127156886256e-02 -9.979892548924234053e-01
-5.794747758677804006e-02 2.370651636075277527e-02 -9.980381211506289540e-01
-5.702569296853253478e-02 2.389925136774187497e-02 -9.980866177201589418e-01
-5.609651221396787235e-02 2.408867097237821220e-02 -9.981347191610935310e-01
-5.516006385116078298e-02 2.427475030894652233e-02 -9.981824002655987904e-01
-5.421647740690363482e-02 2.445746497006408976e-02 -9.982296360715192662e-01
-5.326588338920958121e-02 2.463679101051203732e-02 -9.982764018758327751e-01
-5.230841326960883331e-02 2.481270495100662207e-02 -9.983226732479594245e-01
-5.134419946523810507e-02 2.498518378190920514e-02 -9.983684260429180890e-01
-5.037337532072545115e-02 2.515420496687352861e-02 -9.984136364143223474e-01
-4.939607508987284290e-02 2.531974644642891181e-02 -9.984582808272089993e-01
-4.841243391713890426e-02 2.548178664149806927e-02 -9.985023360706922757e-01
-4.742258781892443043e-02 2.564030445684815571e-02 -9.985457792704359736e-01
-4.642667366466342316e-02 2.579527928447376481e-02 -9.985885879009372967e-01
-4.542482915772243224e-02 2.594669100691051472e-02 -9.986307397976148525e-01
-4.441719281611127002e-02 2.609452000047793666e-02 -9.986722131686949222e-01
-4.340390395300813137e-02 2.623874713845039675e-02 -9.987129866068881201e-01
