-2.226890398555932624e-06 2.172444050194203125e-06 9.999999999951607599e-01
-1.491911158568791731e-04 1.410020151155836872e-04 9.999999789302211894e-01
-5.297233259087109989e-04 4.850007168614092344e-04 9.999997420837178908e-01
-1.153189114955688191e-03 1.022750762481500902e-03 9.999988120671658987e-01
-2.028396124357072401e-03 1.742407364260334856e-03 9.999964248064787675e-01
-3.163573670700872698e-03 2.631725273487956363e-03 9.999915328760113908e-01
-4.566353245895896085e-03 3.678086109718726408e-03 9.999828099025520611e-01
-6.243749912020926489e-03 4.868526501088384084e-03 9.999686560271499047e-01
-8.202144624048108082e-03 6.189767058470064393e-03 9.999472044099769752e-01
-1.044726752397857200e-02 7.628242205706357686e-03 9.999163287606286366e-01
-1.298418226038366811e-02 9.170130885966869608e-03 9.998736518733571943e-01
-1.581727139762436479e-02 1.080138816043805031e-02 9.998165551436631882e-01
-1.895022298891204868e-02 1.250777771006649462e-02 9.997421890394674326e-01
-2.238601839666337981e-02 1.427490524398559134e-02 9.996474844967198070e-01
-2.612692145207992644e-02 1.608825280961938969e-02 9.995291652057836096e-01
-3.017446905334554910e-02 1.793321398936412181e-02 9.993837607512744414e-01
-3.452946330808363135e-02 1.979512995730783528e-02 9.992076205642296260e-01
-3.919196533056660409e-02 2.165932635679851739e-02 9.989969286415737448e-01
-4.416129080745005708e-02 2.351115094597145891e-02 9.987477189838364078e-01
-4.943600744735744679e-02 2.533601194377962246e-02 9.984558916980009746e-01
-5.501393442933508182e-02 2.711941699384212007e-02 9.981172297082739897e-01
-6.089214396291821318e-02 2.884701264775898708e-02 9.977274160134620429e-01
-6.706696506821267778e-02 3.050462425367694852e-02 9.972820514256145463e-01
-7.353398967794541607e-02 3.207829612008684939e-02 9.967766727206637256e-01
-8.028808115484580010e-02 3.355433180935551291e-02 9.962067711280133686e-01
-8.732338530699605694e-02 3.491933440061779220e-02 9.955678110824723870e-01
-9.463334397097540596e-02 3.616024654765592761e-02 9.948552491586328816e-01
-1.022107112177984556e-01 3.726439014454944326e-02 9.940645531048316608e-01
-1.100475722199276696e-01 3.821950540046091527e-02 9.931912208912472284e-01
-1.181353647991775918e-01 3.901378911518915693e-02 9.922307996845509681e-01
-1.264649036553083805e-01 3.963593193931698455e-02 9.911789046598794561e-01
-1.350264072537537274e-01 4.007515439712633354e-02 9.900312375598020465e-01
-1.438095273284950570e-01 4.032124144714624436e-02 9.887836049094460567e-01
-1.528033809328620263e-01 4.036457535440395039e-02 9.874319357970702260e-01
-1.619965849473160857e-01 4.019616665029622504e-02 9.859722991301698158e-01
-1.713772929293868319e-01 3.980768296057718425e-02 9.844009202786788704e-01
-1.809332341672186817e-01 3.919147548932015029e-02 9.827141970190343967e-01
-1.906517547750042618e-01 3.834060295685622760e-02 9.809087146957773395e-01
-2.005198606462758049e-01 3.724885280258019571e-02 9.789812605210050922e-01
-2.105242620599563907e-01 3.591075947905402604e-02 9.769288369363221536e-01
-2.206514197145684475e-01 3.432161968189301887e-02 9.747486739669686262e-01
-2.308875919483855399e-01 3.247750438030679726e-02 9.724382405034831534e-01
-2.412188828878905900e-01 3.037526753566141893e-02 9.699952544525477505e-01
-2.516312912539369617e-01 2.801255141976410207e-02 9.674176917055214986e-01
-2.621107595447314531e-01 2.538778847044642628e-02 9.647037938805218538e-01
-2.726432233073588507e-01 2.250019964910450476e-02 9.618520748016988753e-01
-2.832146602051989204e-01 1.934978929278839688e-02 9.588613256874988222e-01
-2.938111385873359294e-01 1.593733648184363430e-02 9.557306190281276148e-01
-3.044188652679882257e-01 1.226438297261001585e-02 9.524593111410387669e-01
-3.150242322290763286e-01 8.333217772887382968e-03 9.490470434019810941e-01
-3.256138619672492851e-01 4.146858465399492176e-03 9.454937421578488710e-01
-3.361746512178995783e-01 -2.909705890484825044e-04 9.417996173362208623e-01
-3.466938128027491905e-01 -4.975863011972549328e-03 9.379651597749200098e-01
-3.571589153642978909e-01 -9.902757951119917079e-03 9.339911373031186681e-01
-3.675579207695298112e-01 -1.506597020657223993e-02 9.298785896133584528e-01
-3.778792189865199935e-01 -2.045922271877525719e-02 9.256288219712563992e-01
-3.881116602606341504e-01 -2.607568118180751682e-02 9.212433978165890380e-01
-3.982445844415698488e-01 -3.190799053149154241e-02 9.167241303157778187e-01
-4.082678473381698425e-01 -3.794831304708582570e-02 9.120730729315239538e-01
-4.181718440044080443e-01 -4.418836779735888648e-02 9.072925090803817261e-01
-4.279475288868352378e-01 -5.061947115687473464e-02 9.023849409533972743e-01
-4.375811675999854433e-01 -5.745008277384154594e-02 8.973417463548262196e-01
-4.470488122895310834e-01 -6.484492683632772647e-02 8.921560933458497766e-01
-4.563268122552392447e-01 -7.278814734244153095e-02 8.868301562438238861e-01
-4.653927138846687961e-01 -8.126280349331399533e-02 8.813659731527468955e-01
-4.742253053405992569e-01 -9.025095643725751515e-02 8.757654506982990306e-01
-4.828046548129565352e-01 -9.973375694406021175e-02 8.700303690198318840e-01
-4.911121424315871842e-01 -1.096915335638417172e-01 8.641623869509071909e-01
-4.991304859623862389e-01 -1.201038808440072214e-01 8.581630473221170119e-01
-5.068437604332696189e-01 -1.309497471978043615e-01 8.520337823224591878e-01
-5.142374118583533660e-01 -1.422075220386470329e-01 8.457759188584602628e-01
-5.212982652485551593e-01 -1.538551218155780886e-01 8.393906838534628267e-01
-5.280145271147236308e-01 -1.658700746068776932e-01 8.328792094330051965e-01
-5.343757826854342863e-01 -1.782296029507746959e-01 8.262425379459492625e-01
-5.403729880758020299e-01 -1.909107046143936892e-01 8.194816267749328587e-01
-5.459984576561341951e-01 -2.038902310243835003e-01 8.125973528937762147e-01
-5.512458468800421896e-01 -2.171449631050518247e-01 8.055905171336349424e-01
-5.561101308407816468e-01 -2.306516842922034238e-01 7.984618481239075249e-01
-5.605875788321637021e-01 -2.443872505131821360e-01 7.912120058781515475e-01
-5.646757251964055202e-01 -2.583286569457850512e-01 7.838415849995007401e-01
-5.683733367458007057e-01 -2.724531013906928978e-01 7.763511174842649964e-01
-5.716803770481388991e-01 -2.867380441137747926e-01 7.687410751065243408e-01
-5.745979678674032476e-01 -3.011612640360192827e-01 7.610118713705512627e-01
-5.771283480514762809e-01 -3.157009111698550474e-01 7.531638630218053798e-01
-5.792748301574022207e-01 -3.303355552211766355e-01 7.451973511110072668e-01
-5.810417551022450944e-01 -3.450442302964292773e-01 7.371125816094039607e-01
-5.824344451237636333e-01 -3.598064756735516179e-01 7.289097455767654665e-01
-5.834591553300585431e-01 -3.746023726143661303e-01 7.205889788868941048e-01
-5.841230241110597632e-01 -3.894125772140659136e-01 7.121503615184681113e-01
-5.844340226772901659e-01 -4.042183493007157069e-01 7.035939164218809605e-01
-5.844009039827958718e-01 -4.190015774140883331e-01 6.949196079753636734e-01
-5.840331512795547964e-01 -4.337447999086432304e-01 6.861273400460883298e-01
-5.833409265401285904e-01 -4.484312222399548520e-01 6.772169536741691198e-01
-5.823350189738671911e-01 -4.630447305073654429e-01 6.681882243994614612e-01
-5.810267938497067908e-01 -4.775699013380237945e-01 6.590408592528684828e-01
-5.794281418255922134e-01 -4.919920082087366753e-01 6.497744934354647839e-01
-5.775514289708794102e-01 -5.062970243121711622e-01 6.403886867101695746e-01
-5.754094476538338387e-01 -5.204716220828807804e-01 6.308829195319562988e-01
-5.730153684516184898e-01 -5.345031695063716670e-01 6.212565889436822975e-01
-5.703826932250345427e-01 -5.483797233409707372e-01 6.115090042655770830e-01
-5.675252094848487472e-01 -5.620900193876089412e-01 6.016393826072703455e-01
-5.644569461608766048e-01 -5.756234599468093016e-01 5.916468442319652299e-01
-5.611921308691800725e-01 -5.889700986051825682e-01 5.815304078030254509e-01
-5.577451487568616528e-01 -6.021206224956334729e-01 5.712889855438314513e-01
-5.541305029880622124e-01 -6.150663321762902536e-01 5.609213783423180333e-01
-5.503627769189555208e-01 -6.277991192729600600e-01 5.504262708321572273e-01
-5.464565979938577067e-01 -6.403114420287265851e-01 5.398022264831040529e-01
-5.424266033790609010e-01 -6.525962989022245919e-01 5.290476827336247911e-01
-5.382874073357238887e-01 -6.646472003532166717e-01 5.181609461995962951e-01
-5.340535703181300553e-01 -6.764581389504443765e-01 5.071401879936207058e-01
-5.297395697688820349e-01 -6.880235579324296413e-01 4.959834391903887862e-01
-5.253597725681705688e-01 -6.993383183470353037e-01 4.846885864745597572e-01
-5.209284090801332701e-01 -7.103976648902872171e-01 4.732533680088446548e-01
-5.164595487255079220e-01 -7.211971905593020926e-01 4.616753695614063124e-01
-5.119670769962868517e-01 -7.317328002282700306e-01 4.499520209333653376e-01
-5.074646738148603786e-01 -7.420006732504416114e-01 4.380805927291412938e-01
-5.029657931272022431e-01 -7.519972251830712162e-01 4.260581935146097177e-01
-4.984836436069464138e-01 -7.617190687264153715e-01 4.138817674106370914e-01
-4.940311703347050054e-01 -7.711629739623058200e-01 4.015480921725085306e-01
-4.896210373046622766e-01 -7.803258279726579261e-01 3.890537778091100463e-01
-4.852656105982748880e-01 -7.892045939136744792e-01 3.763952657995098261e-01
-4.809769420528067774e-01 -7.977962696176388313e-01 3.635688289688195907e-01
-4.767667532403627173e-01 -8.060978457912006956e-01 3.505705720899532918e-01
-4.726464195610342589e-01 -8.141062638771372484e-01 3.373964332831518309e-01
-4.686269542416952039e-01 -8.218183736458957167e-01 3.240421862909458883e-01
-4.647189920198600555e-01 -8.292308905839834710e-01 3.105034437126074631e-01
-4.609327722798318150e-01 -8.363403531486958142e-01 2.967756612891175316e-01
-4.572781213961192859e-01 -8.431430799629580086e-01 2.828541433372730451e-01
-4.537644340268140453e-01 -8.496351270304620673e-01 2.687340494397863488e-01
-4.504006530873340131e-01 -8.558122450600524900e-01 2.544104025071018960e-01
-4.471952481227228215e-01 -8.616698369997217721e-01 2.398780983361749608e-01
-4.441561917846679752e-01 -8.672029158949036143e-01 2.251319168016130412e-01
-4.412909341076888814e-01 -8.724060632033199258e-01 2.101665348253591303e-01
-4.386063742677681621e-01 -8.772733877197360641e-01 1.949765412824608357e-01
-4.361088294962875977e-01 -8.817984852889745317e-01 1.795564540123786301e-01
-4.338040008128167813e-01 -8.859743995147537632e-01 1.639007391176652839e-01
-4.316969352324726006e-01 -8.897935837057083797e-01 1.480038327446114854e-01
-4.297919840977070804e-01 -8.932478643386829731e-01 1.318601655534772932e-01
-4.280927571810625998e-01 -8.963284063633901733e-01 1.154641900990673181e-01
-4.266020722053529557e-01 -8.990256807221445046e-01 9.881041135546557441e-02
-4.253218994316955714e-01 -9.013294345138965769e-01 8.189342063149636364e-02
-4.242450982030457340e-01 -9.032288230211914515e-01 6.475947741060408824e-02
-4.233695876938158298e-01 -9.047138277416240104e-01 4.744556996307346813e-02
-4.227010288655670411e-01 -9.057742760153562056e-01 2.994663762264408377e-02
-4.222441459310499745e-01 -9.063992650379422145e-01 1.225779611880651113e-02
-4.220026672082259900e-01 -9.065771347662463508e-01 -5.625618918890734968e-03
-4.219792602553417149e-01 -9.062954454191590736e-01 -2.370800554447616282e-02
-4.221754610474376390e-01 -9.055409601912114415e-01 -4.199344598168241322e-02
-4.225915970000523325e-01 -9.042996338744551110e-01 -6.048565383234452697e-02
-4.232267037016843592e-01 -9.025566081652494077e-01 -7.918791783537341977e-02
-4.240784352844054750e-01 -9.002962145170901875e-01 -9.810304201696661008e-02
-4.251429684435579781e-01 -8.975019854872626768e-01 -1.172332820895008315e-01
-4.264149002145050660e-01 -8.941566756125309823e-01 -1.365802779783983345e-01
-4.278871397287411504e-01 -8.902422929355565673e-01 -1.561449823838592932e-01
-4.295507943051218303e-01 -8.857401423870998602e-01 -1.759275853184361638e-01
-4.313950503863037689e-01 -8.806308823066788527e-01 -1.959274346027524427e-01
-4.334070500072992882e-01 -8.748945954530839009e-01 -2.161429523510139117e-01
-4.355717636837512230e-01 -8.685108759122452948e-01 -2.365715475361075404e-01
-4.378718608331723106e-01 -8.614589333490830780e-01 -2.572095247917807193e-01
-4.402875790935398825e-01 -8.537177160671515219e-01 -2.780519896873519525e-01
-4.427965941802543548e-01 -8.452660543295079654e-01 -2.990927507992329204e-01
-4.454142204928392412e-01 -8.361594750962718647e-01 -3.200679683903775996e-01
-4.481510675761975482e-01 -8.264616301232785567e-01 -3.407664809871246425e-01
-4.509853687634778341e-01 -8.161827909275281012e-01 -3.611894917561725982e-01
-4.538940459430185204e-01 -8.053332139248570165e-01 -3.813379204944086220e-01
-4.568527924614815272e-01 -7.939232671317653089e-01 -4.012123775845320428e-01
-4.598361574613159530e-01 -7.819635587447257841e-01 -4.208131427208036124e-01
-4.628176325926985912e-01 -7.694650667222893148e-01 -4.401401481976132124e-01
-4.657697419881944301e-01 -7.564392684825609336e-01 -4.591929665683958661e-01
-4.686641363258092219e-01 -7.428982698081822988e-01 -4.779708024953602252e-01
-4.714716917329960233e-01 -7.288549320246214824e-01 -4.964724886213516264e-01
-4.741626142006487576e-01 -7.143229964871592452e-01 -5.146964853037956367e-01
-4.767065500822966206e-01 -6.993172053794396437e-01 -5.326408840569731851e-01
-4.790727031498134281e-01 -6.838534177938434544e-01 -5.503034145528076237e-01
-4.812299585632739962e-01 -6.679487200332926422e-01 -5.676814550319096986e-01
-4.831470139895970850e-01 -6.516215290475231292e-01 -5.847720459758449785e-01
-4.847925179729295486e-01 -6.348916878964527832e-01 -6.015719068885549969e-01
-4.861352155202083858e-01 -6.177805521210988360e-01 -6.180774560296987685e-01
-4.871441007190489003e-01 -6.003110659005566063e-01 -6.342848329355206261e-01
-4.877885760533878234e-01 -5.825078268837510231e-01 -6.501899235539214672e-01
-4.880386179267302005e-01 -5.643971386087279773e-01 -6.657883878099141173e-01
-4.878649477452583483e-01 -5.460070494617452752e-01 -6.810756894058647148e-01
-4.872392077555433576e-01 -5.273673771846330016e-01 -6.960471276481436931e-01
-4.861341406764821405e-01 -5.085097180128411720e-01 -7.106978710783647957e-01
-4.845237720148775074e-01 -4.894674396189519494e-01 -7.250229926736287966e-01
-4.823835938114767186e-01 -4.702756571474890901e-01 -7.390175063664627952e-01
-4.796907484320674375e-01 -4.509711917564894756e-01 -7.526764046218660242e-01
-4.764242108992596814e-01 -4.315925112289348275e-01 -7.659946967963976450e-01
-4.725649681576757910e-01 -4.121796523817133351e-01 -7.789674479929903361e-01
-4.680961935811839836e-01 -3.927741251797888244e-01 -7.915898181155105462e-01
-4.630034149681197531e-01 -3.734187986566683271e-01 -8.038571008193931000e-01
-4.572746742314743873e-01 -3.541577689466298140e-01 -8.157647620492910479e-01
-4.509006769778055035e-01 -3.350362099465882260e-01 -8.273084778519290694e-01
-4.438749301827388249e-01 -3.161002073426703030e-01 -8.384841711524937402e-01
-4.361938662135159683e-01 -2.973965769549132276e-01 -8.492880471861724567e-01
-4.278569515207014118e-01 -2.789726685691595875e-01 -8.597166272830322198e-01
-4.188667784218942369e-01 -2.608761566341554206e-01 -8.697667807144366936e-01
-4.092291385294956618e-01 -2.431548193999932272e-01 -8.794357543226593021e-01
-3.989530765310134730e-01 -2.258563082573180614e-01 -8.887211996722692575e-01
-3.880509232121594487e-01 -2.090279092012373718e-01 -8.976211974821305395e-01
-3.765383068176064163e-01 -1.927162984859864814e-01 -9.061342791203167435e-01
-3.644341420686574851e-01 -1.769672946528186575e-01 -9.142594449706556992e-01
-3.517605963976300210e-01 -1.618256092014817571e-01 -9.219961795087125989e-01
-3.385430332114458540e-01 -1.473345982327285142e-01 -9.293444629563922810e-01
-3.248099322573617664e-01 -1.335360174139336442e-01 -9.363047794176349026e-01
-3.105927874273416989e-01 -1.204697826110724956e-01 -9.428781214323880278e-01
-2.959259825995180226e-01 -1.081737384877942548e-01 -9.490659909217059598e-01
-2.808466463707510186e-01 -9.668343729656876662e-02 -9.548703965329221610e-01
-2.653944867788390338e-01 -8.603192997909310524e-02 -9.602938474298311489e-01
-2.496116073420532877e-01 -7.624957155521275287e-02 -9.653393436081860735e-01
-2.335423059533215384e-01 -6.736384261407880880e-02 -9.700103628510330367e-01
-2.172328583529641588e-01 -5.939918853125845249e-02 -9.743108444709793758e-01
-2.007312880643463138e-01 -5.237687782465019759e-02 -9.782451700169518816e-01
-1.840871248086954626e-01 -4.631488083434291692e-02 -9.818181411509439016e-01
-1.673511535168734909e-01 -4.122776967129198472e-02 -9.850349549252710446e-01
-1.505751561259893456e-01 -3.712664013132658397e-02 -9.879011767126923971e-01
-1.338116483870092632e-01 -3.401905601906390908e-02 -9.904227110601078188e-01
-1.171136139162613915e-01 -3.190901607523142364e-02 -9.926057707512661032e-01
-1.005342376999029258e-01 -3.079694345495800553e-02 -9.944568443748901254e-01
-8.412664120757887276e-02 -3.067969746778095863e-02 -9.959826627017916989e-01
-6.794362119175637038e-02 -3.155060706605614801e-02 -9.971901641779512548e-01
-5.203093332835454637e-02 -3.315822386563056084e-02 -9.980948422706096279e-01
-3.641992760194398548e-02 -3.529199571689914383e-02 -9.987132040340335193e-01
-2.113986067682958186e-02 -3.793678211254564170e-02 -9.990565083385664069e-01
-6.218791009339886058e-03 -4.107566816604379945e-02 -9.991366854055727664e-01
8.316534907122020287e-03 -4.469007546211860998e-02 -9.989662819146944983e-01
2.244078381151988141e-02 -4.875988072549506530e-02 -9.985584035266544811e-01
3.613012394992876075e-02 -5.326354080219105475e-02 -9.979266553032430931e-01
4.936230004030276591e-02 -5.817822242867762284e-02 -9.970850805071315159e-01
6.211669480236991364e-02 -6.347993527109577205e-02 -9.960480982587888166e-01
7.437437711110364558e-02 -6.914366674794995837e-02 -9.948304405164367648e-01
8.611813700538317740e-02 -7.514351720338778573e-02 -9.934470888281724532e-01
9.733250794371650638e-02 -8.145283407202275061e-02 -9.919132112837126813e-01
1.080037768440158807e-01 -8.804434376766157033e-02 -9.902441000672993487e-01
1.181199825726311631e-01 -9.489028013444887610e-02 -9.884551099838542187e-01
1.276709036579148082e-01 -1.019625084169104023e-01 -9.865615982981749132e-01
1.366480360947501527e-01 -1.092326438321995219e-01 -9.845788661925577445e-01
1.450445621784353101e-01 -1.166721639606193295e-01 -9.825221021123949905e-01
1.528553113592197310e-01 -1.242525143064075049e-01 -9.804063272327240286e-01
1.600767141431666540e-01 -1.319452065172169175e-01 -9.782463432420300808e-01
1.667067500817305536e-01 -1.397219088853138835e-01 -9.760566826034131616e-01
1.727448908926360049e-01 -1.475545288841197122e-01 -9.738515614180763835e-01
1.781920397396867251e-01 -1.554152876185019017e-01 -9.716448349824216013e-01
1.830504676705486389e-01 -1.632767861846410318e-01 -9.694499560982802189e-01
1.873237481709669749e-01 -1.711120640441250451e-01 -9.672799361663038109e-01
1.910166907429836636e-01 -1.788946496162155952e-01 -9.651473090655333653e-01
1.941352743552045290e-01 -1.865986033813410994e-01 -9.630640977979150197e-01
1.966865815466840028e-01 -1.941985538674039502e-01 -9.610417838551237324e-01
1.986787338941319869e-01 -2.016697269582949925e-01 -9.590912792466321779e-01
2.001208294763903717e-01 -2.089879690211373098e-01 -9.572229011125108489e-01
2.010228828918375066e-01 -2.161297643954702974e-01 -9.554463488319808739e-01
2.013957683047957192e-01 -2.230722478242040951e-01 -9.537706835291847041e-01
2.012511659172159517e-01 -2.297932124332225934e-01 -9.522043098709077613e-01
2.006015121828423620e-01 -2.362711138845561276e-01 -9.507549600469400453e-01
1.994599540035053575e-01 -2.424850713377190159e-01 -9.494296798222664480e-01
1.978403070718088019e-01 -2.484148658557659706e-01 -9.482348165511245153e-01
1.957570184517851142e-01 -2.540409368875305440e-01 -9.471760090460081827e-01
1.932251334194969028e-01 -2.593443774460226225e-01 -9.462581791996851344e-01
1.902602665193563747e-01 -2.643069285856983752e-01 -9.454855252650508080e-01
1.868785767293301980e-01 -2.689109737588549209e-01 -9.448615167059326581e-01
1.830967465693228158e-01 -2.731395336042773958e-01 -9.443888905415597224e-01
1.789319649319728311e-01 -2.769762616899383856e-01 -9.440696491181153061e-01
1.744019133638869956e-01 -2.804054416964360530e-01 -9.439050592523557937e-01
1.695247554779895638e-01 -2.834119864893054896e-01 -9.438956527045057054e-01
1.643191291341913052e-01 -2.859814394866357912e-01 -9.440412279502861104e-01
1.588041409859825559e-01 -2.880999786838119858e-01 -9.443408532348067652e-01
1.529993629548648815e-01 -2.897544236498711956e-01 -9.447928709039289386e-01
1.469248301628011677e-01 -2.909322457600668765e-01 -9.453949030213710802e-01
1.406010398251786031e-01 -2.916215818769038459e-01 -9.461438582920901341e-01
1.340489505832712092e-01 -2.918112516372571297e-01 -9.470359403241109808e-01
1.272899817360347574e-01 -2.914907784463287577e-01 -9.480666572718109419e-01
1.203460118164937781e-01 -2.906504142202542273e-01 -9.492308329134758749e-01
1.132393759482556300e-01 -2.892811678583008805e-01 -9.505226192245713746e-01
1.059928614131263880e-01 -2.873748373629871344e-01 -9.519355105153958219e-01
9.862970086175718021e-02 -2.849240454623493402e-01 -9.534623592074532583e-01
9.117356260609713048e-02 -2.819222785232932127e-01 -9.550953933268130358e-01
8.364853744556444148e-02 -2.783639284788932966e-01 -9.568262357947593388e-01
7.607912149867010476e-02 -2.742443374261099298e-01 -9.586459255960240178e-01
6.849019453872029484e-02 -2.695598444842677299e-01 -9.605449409027246865e-01
6.090699336653628698e-02 -2.643078344394502177e-01 -9.625132242276623895e-01
5.335507979516323357e-02 -2.584867876364901340e-01 -9.645402096737978326e-01
4.597106242717623886e-02 -2.523331291017919531e-01 -9.665478019100604001e-01
3.885880286072075640e-02 -2.460493589280810800e-01 -9.684780361017313322e-01
3.202560246339259536e-02 -2.396482475963740144e-01 -9.703314269933744907e-01
2.547811918155194755e-02 -2.331429781210541674e-01 -9.721086447491203986e-01
1.922234229837950156e-02 -2.265471104879383524e-01 -9.738105094351184876e-01
1.326356951319344543e-02 -2.198745445485355277e-01 -9.754379848988342649e-01
7.606386438426353952e-03 -2.131394815481563731e-01 -9.769921720724727976e-01
2.254648594385159303e-03 -2.063563844711334139e-01 -9.784743017309518454e-01
-2.788534034622456442e-03 -1.995399373903252449e-01 -9.798857267377453217e-01
-7.520809835822448407e-03 -1.927050040103059081e-01 -9.812279138146032809e-01
-1.194059576468874291e-02 -1.858665855942054079e-01 -9.825024348735699187e-01
-1.604708488854736728e-02 -1.790397784631211076e-01 -9.837109579518841240e-01
-1.984025127849617723e-02 -1.722397312544289849e-01 -9.848552377922177303e-01
-2.332085226614567450e-02 -1.654816021212760779e-01 -9.859371061123088920e-01
-2.649042809598260717e-02 -1.587805160501438995e-01 -9.869584616093525220e-01
-2.935129901753956438e-02 -1.521515224667489841e-01 -9.879212597455282463e-01
-3.190655987390750986e-02 -1.456095532928372016e-01 -9.888275023617775217e-01
-3.416007225435950534e-02 -1.391693816077704815e-01 -9.896792271673916508e-01
-3.611645428888923121e-02 -1.328455810593554831e-01 -9.904784971531481741e-01
-3.778106817125247152e-02 -1.266524861582821182e-01 -9.912273899756420814e-01
-3.916000550460128904e-02 -1.206041535799851905e-01 -9.919279873601174469e-01
-4.026007057000605127e-02 -1.147143245868778721e-01 -9.925823645685193375e-01
-4.108876162307638358e-02 -1.089963886728862880e-01 -9.931925799786814890e-01
-4.165425032754538348e-02 -1.034633485211966936e-01 -9.937606648195481673e-01
-4.196535943711572625e-02 -9.812778635525323812e-02 -9.942886131061192678e-01
-4.203153883814132741e-02 -9.300183175245226030e-02 -9.947783718164285860e-01
-4.186284006591064338e-02 -8.809713097979363083e-02 -9.952318313513205394e-01
-4.146988940649445204e-02 -8.342481790108194351e-02 -9.956508163161132963e-01
-4.086385969442289656e-02 -7.899548649622031848e-02 -9.960370766614354832e-01
-4.005644091397165402e-02 -7.481916502478783149e-02 -9.963922792186103994e-01
-3.905980970868230817e-02 -7.090529185850794058e-02 -9.967179996629635941e-01
-3.788659790003692102e-02 -6.726269300045027710e-02 -9.970157149363525484e-01
-3.654986011207821128e-02 -6.389956130289514702e-02 -9.972867961580778040e-01
-3.506304059433704851e-02 -6.082343739075121020e-02 -9.975325020511419671e-01
-3.343993933082475140e-02 -5.804119229324998519e-02 -9.977539729085959097e-01
-3.169467751818923207e-02 -5.555901178333751828e-02 -9.979522251224431928e-01
-2.984166249153918232e-02 -5.338238242171222669e-02 -9.981281462952952266e-01
-2.789555217201917375e-02 -5.151607930077863745e-02 -9.982824909526626378e-01
-2.587121910607472972e-02 -4.996415548284388608e-02 -9.984158768714621601e-01
-2.378371416257364993e-02 -4.872993312660966331e-02 -9.985287820379882273e-01
-2.176254732252032656e-02 -4.757127880943858023e-02 -9.986307450537605934e-01
-1.990157232381247268e-02 -4.628328865741377501e-02 -9.987300859642977979e-01
-1.819443512492246659e-02 -4.485855008288636148e-02 -9.988276493044759841e-01
-1.663443636382022639e-02 -4.328996124718389321e-02 -9.989240585661325333e-01
-1.521454732676864353e-02 -4.157074709732644369e-02 -9.990197147882370343e-01
-1.392742646664202506e-02 -3.969447475126560571e-02 -9.991147959400843437e-01
-1.276543645888414923e-02 -3.765506823005835418e-02 -9.992092570972123111e-01
-1.172066178647805483e-02 -3.544682253256225407e-02 -9.993028314078726826e-01
-1.078492684798991463e-02 -3.306441704491019928e-02 -9.993950318460277371e-01
-9.949814584813306689e-03 -3.050292827326836140e-02 -9.994851537449881418e-01
-9.206685625126203448e-03 -2.775784188428791904e-02 -9.995722781039326765e-01
-8.546697942739135689e-03 -2.482506403331873751e-02 -9.996552756576516652e-01
-7.960827028927511609e-03 -2.170093195595798261e-02 -9.997328116979140589e-01
-7.439886574483416289e-03 -1.838222379395698658e-02 -9.998033516328629355e-01
-6.974549657582306342e-03 -1.486616762200614582e-02 -9.998651672688005920e-01
-6.555370430639807268e-03 -1.115044963756344626e-02 -9.999163437965976620e-01
-6.172806296146779274e-03 -7.233221471788714614e-03 -9.999547874627777722e-01
-5.817240557541997377e-03 -3.113106575895380895e-03 -9.999782339030692802e-01
-5.479005526548603663e-03 1.210794366067675151e-03 -9.999842571138817249e-01
-5.148406063111669005e-03 5.738899049743476262e-03 -9.999702790347646530e-01
-4.701267751009286303e-03 1.022609112102467604e-02 -9.999366605650964468e-01
-4.049277469116653073e-03 1.446490716086486217e-02 -9.998871785421417080e-01
-3.204583252252168370e-03 1.844598499686778137e-02 -9.998247227808652049e-01
-2.179761184576248061e-03 2.216057737244426021e-02 -9.997520479858279518e-01
-9.877826383654011045e-04 2.560056824284316981e-02 -9.996717637261053335e-01
3.580187537897044697e-04 2.875848735829912572e-02 -9.995863250503148612e-01
1.843980308399876438e-03 3.162752319096177878e-02 -9.994980237667238088e-01
3.456143607885333278e-03 3.420153426472934133e-02 -9.994089804106520702e-01
5.180287861071615485e-03 3.647505894815088190e-02 -9.993211369187406934e-01
7.001963253803385363e-03 3.844332377025620751e-02 -9.992362500271128045e-01
8.906524245710006893e-03 4.010225031760370623e-02 -9.991558854080196950e-01
1.087916277809615473e-02 4.144846076810274754e-02 -9.990814125572360371e-01
1.290494136608467783e-02 4.247928211337911875e-02 -9.990140004422506381e-01
1.496882605540171378e-02 4.319274911673001011e-02 -9.989546139191818330e-01
1.705571923047484797e-02 4.358760604819034851e-02 -9.989040109243121357e-01
1.915049226573889776e-02 4.366330723203935837e-02 -9.988627404442013136e-01
2.123801801615179258e-02 4.342001643536077399e-02 -9.988311412664594435e-01
2.330320314587182307e-02 4.285860511917573279e-02 -9.988093415114519535e-01
2.533102029581107278e-02 4.198064956634550704e-02 -9.987972589434356285e-01
2.730654009134710417e-02 4.078842689303926322e-02 -9.987946020578953865e-01
2.910061077554391279e-02 3.952967843175032164e-02 -9.987945529365542807e-01
3.062000228274539687e-02 3.841480332890164634e-02 -9.987926303019888374e-01
3.187197444635638671e-02 3.745659749585311671e-02 -9.987898580527754255e-01
3.286438426443681615e-02 3.666749059058851262e-02 -9.987869779792223346e-01
3.360566641242308805e-02 3.605951901177125579e-02 -9.987844463515517246e-01
3.410481292014687360e-02 3.564429969175495622e-02 -9.987824315812353637e-01
3.437135202501944570e-02 3.543300466869388904e-02 -9.987808129616224662e-01
3.441532620431195233e-02 3.543633642233976616e-02 -9.987791804915500116e-01
3.424726938139873583e-02 3.566450396387526450e-02 -9.987768357831929844e-01
3.387818329379942844e-02 3.612719967709809160e-02 -9.987727940529625981e-01
3.331951300500266694e-02 3.683357691628989100e-02 -9.987657871917818841e-01
3.258312153750900914e-02 3.779222837502718702e-02 -9.987542679085181785e-01
3.168126360140419845e-02 3.901116524984590134e-02 -9.987364149377082612e-01
3.062655839116111903e-02 4.049779723287641464e-02 -9.987101392999653271e-01
2.943196142334222193e-02 4.225891337812690690e-02 -9.986730916005664982e-01
2.811073538948604886e-02 4.430066389681133060e-02 -9.986226703486771328e-01
2.667642000174288638e-02 4.662854294778138314e-02 -9.985560312764709678e-01
2.514280081378057405e-02 4.924737249952051976e-02 -9.984700976340209477e-01
2.352387700609566076e-02 5.216128735007239531e-02 -9.983615714322865431e-01
2.183382813309352882e-02 5.537372140049289654e-02 -9.982269456027895727e-01
2.032194269834660533e-02 5.863959935833887305e-02 -9.980723500990389407e-01
1.917940288171774560e-02 6.174462147720748140e-02 -9.979076872255753239e-01
1.839788540296102837e-02 6.467157997402432634e-02 -9.977369916749214696e-01
1.796825954523187385e-02 6.740371226697625118e-02 -9.975639734982940654e-01
1.788061583514324870e-02 6.992473481240378541e-02 -9.973920067049517613e-01
1.812429535023226887e-02 7.221887520803046967e-02 -9.972241192339383886e-01
1.868791954785412393e-02 7.427090266894691151e-02 -9.970629843093526956e-01
1.955942053207060036e-02 7.606615698643795498e-02 -9.969109131862906592e-01
2.072607169733271804e-02 7.759057608036445952e-02 -9.967698492910356256e-01
2.217451870932662591e-02 7.883072225349994910e-02 -9.966413637558703131e-01
2.389081080393428216e-02 7.977380725112960536e-02 -9.965266523460123427e-01
2.586043240455598163e-02 8.040771622152262377e-02 -9.964265337735885852e-01
2.806833507577398065e-02 8.072103066279254224e-02 -9.963414493912068348e-01
3.049896984725564836e-02 8.070305042939236728e-02 -9.962714642555047240e-01
3.313631995567740268e-02 8.034381485729957806e-02 -9.962162695490026643e-01
3.596393406410165056e-02 7.963412305109501821e-02 -9.961751863465965195e-01
3.896496002749057913e-02 7.856555335891410308e-02 -9.961471707110470808e-01
4.212217927975472204e-02 7.713048204293976307e-02 -9.961308200998040263e-01
4.541804192180296657e-02 7.532210113402405816e-02 -9.961243810633818585e-01
4.883470259140524489e-02 7.313443543948384973e-02 -9.961257582132475585e-01
5.223679689956121225e-02 7.068601052528659945e-02 -9.961299136989378855e-01
5.551770338269264998e-02 6.808057984606818991e-02 -9.961339364056897017e-01
5.867018830562708426e-02 6.532412345431082290e-02 -9.961378257546836812e-01
6.168731221574375034e-02 6.242295412109329783e-02 -9.961415814584559936e-01
6.456244522106295569e-02 5.938370288878332126e-02 -9.961452035212812195e-01
6.728928156045328735e-02 5.621330392325699088e-02 -9.961486922388999021e-01
6.986185343388040536e-02 5.291897870028509920e-02 -9.961520481975943975e-01
7.227454406231614836e-02 4.950821956219356168e-02 -9.961552722726143561e-01
7.452209994868852494e-02 4.598877268229045051e-02 -9.961583656259554997e-01
7.659964231307812843e-02 4.236862047585097241e-02 -9.961613297034984660e-01
7.850267767725085943e-02 3.865596349766148299e-02 -9.961641662315151580e-01
8.022710757555540084e-02 3.485920186724169451e-02 -9.961668772125482629e-01
8.176923737120228575e-02 3.098691626388808476e-02 -9.961694649206770391e-01
8.312578415897585449e-02 2.704784853460902999e-02 -9.961719318961790304e-01
8.429388373750500152e-02 2.305088195885115002e-02 -9.961742809395995879e-01
8.527109663632938263e-02 1.900502121464526378e-02 -9.961765151052447420e-01
8.605541318514005333e-02 1.491937209142728780e-02 -9.961786376941104137e-01
8.664525761474074772e-02 1.080312099531366594e-02 -9.961806522462666180e-01
8.703949118146613040e-02 6.665514293030661355e-03 -9.961825625327128675e-01
8.723741430899796534e-02 2.515837541012035886e-03 -9.961843725467235400e-01
8.723876774373666432e-02 -1.636605353610885326e-03 -9.961860864947034155e-01
8.704373272210876034e-02 -5.782512993298946635e-03 -9.961877087865748104e-01
8.665293015041312941e-02 -9.912607324849019574e-03 -9.961892440257184012e-01
8.606741880002914680e-02 -1.401765440187406446e-02 -9.961906969984870575e-01
8.528869252301914117e-02 -1.808848502851463994e-02 -9.961920726633236578e-01
8.431867649535436382e-02 -2.211601523819477916e-02 -9.961933761395008746e-01
8.315972249716928333e-02 -2.609126656165660502e-02 -9.961946126955132375e-01
8.181460324160332032e-02 -3.000538603903217527e-02 -9.961957877371442338e-01
8.028650576591148114e-02 -3.384966593133637708e-02 -9.961969067952374246e-01
7.857902390061671793e-02 -3.761556308748952721e-02 -9.961979755132005510e-01
7.669614983452811841e-02 -4.129471792380116912e-02 -9.961989996342675013e-01
7.464226479545844894e-02 -4.487897297376525901e-02 -9.961999849885497804e-01
7.242212886843586717e-02 -4.836039096702882123e-02 -9.962009374799053463e-01
7.004086997511502211e-02 -5.173127239749941014e-02 -9.962018630726542368e-01
6.750397203994656925e-02 -5.498417254174850499e-02 -9.962027677781727375e-01
6.481726237045834504e-02 -5.811191789014483189e-02 -9.962036576413935141e-01
6.198689828073163793e-02 -6.110762195451160256e-02 -9.962045387272442376e-01
5.901935298881845482e-02 -6.396470041754054314e-02 -9.962054171070534592e-01
5.592140082043720040e-02 -6.667688559071063836e-02 -9.962062988449561507e-01
5.270010175280027964e-02 -6.923824014904683688e-02 -9.962071899843275569e-01
4.936278533386621176e-02 -7.164317011270998625e-02 -9.962080965342766659e-01
4.591703401366603599e-02 -7.388643704713034055e-02 -9.962090244562288310e-01
4.237066592562750006e-02 -7.596316945517872510e-02 -9.962099796506284077e-01
3.873171715700767653e-02 -7.786887333670763911e-02 -9.962109679437903820e-01
3.500842354864218409e-02 -7.959944189268640391e-02 -9.962119950749307451e-01
3.120920206522626028e-02 -8.115116435309323306e-02 -9.962130666834037029e-01
2.734263177825554253e-02 -8.252073390971066680e-02 -9.962141882961736972e-01
2.341743450457248535e-02 -8.370525473699318153e-02 -9.962153653155534361e-01
1.944245514418514384e-02 -8.470224808623318113e-02 -9.962166030072310274e-01
1.542664176164752592e-02 -8.550965744033907356e-02 -9.962179064886136359e-01
1.137902545581367074e-02 -8.612585271865176584e-02 -9.962192807175153098e-01
7.308700063199984748e-03 -8.654963352336000892e-02 -9.962207304812126241e-01
3.224801740511490898e-03 -8.678023142122393008e-02 -9.962222603858920111e-01
-8.635115278930910769e-04 -8.681731125647736136e-02 -9.962238748465126470e-01
-4.947080451705411323e-03 -8.666097149294645086e-02 -9.962255780771069880e-01
-9.016764939633740636e-03 -8.631174358559033644e-02 -9.962273740815403844e-01
-1.306346454181164622e-02 -8.577059038383567924e-02 -9.962292666447497558e-01
-1.707813878401820765e-02 -8.503890357123392030e-02 -9.962312593244797565e-01
-2.105182734836896080e-02 -8.411850014811467213e-02 -9.962333554435369720e-01
-2.497567005552710218e-02 -8.301161796603619136e-02 -9.962355580825755785e-01
-2.884092660397424845e-02 -8.172091032493886131e-02 -9.962378700734326742e-01
-3.263899602246786436e-02 -8.024943964598599266e-02 -9.962402939930270485e-01
-3.636143579249693364e-02 -7.860067023512336271e-02 -9.962428321578328250e-01
-3.999998059832698960e-02 -7.677846015440088767e-02 -9.962454866189434100e-01
-4.354656066309837287e-02 -7.478705222007057951e-02 -9.962482591577314084e-01
-4.699331963040542098e-02 -7.263106414840247993e-02 -9.962511512821192738e-01
-5.033263195183697997e-02 -7.031547787203892841e-02 -9.962541642234628014e-01
-5.355711974209809156e-02 -6.784562805153347698e-02 -9.962572989340587881e-01
-5.665966906455561364e-02 -6.522718980849007142e-02 -9.962605560852770825e-01
-5.963344561135518196e-02 -6.246616570842777189e-02 -9.962639360663259058e-01
-6.247190974363891341e-02 -5.956887202314112284e-02 -9.962674389836478905e-01
-6.516883085885122329e-02 -5.654192430390441587e-02 -9.962710646609512777e-01
-6.771830105364903818e-02 -5.339222229837423117e-02 -9.962748126398720538e-01
-7.011474805253067877e-02 -5.012693424547767784e-02 -9.962786821812678051e-01
-7.235294737395986386e-02 -4.675348058392905792e-02 -9.962826722671397350e-01
-7.442803370748518610e-02 -4.327951711129260359e-02 -9.962867816031760748e-01
-7.633551147713610319e-02 -3.971291763170155253e-02 -9.962910086219114447e-01
-7.807126456821053551e-02 -3.606175613145047587e-02 -9.962953514864960614e-01
-7.963156519645313292e-02 -3.233428852269710357e-02 -9.962998080950624669e-01
-8.101308190055135638e-02 -2.853893399643877074e-02 -9.963043760856848952e-01
