0.000000000000000000e+00 0.000000000000000000e+00 1.000000000000000000e+00
1.800497092345683035e-06 -1.758151634104171047e-05 9.999999998438247051e-01
8.646261389194307806e-06 -5.270949840223136435e-05 9.999999985734776553e-01
2.377534150044961124e-05 -1.053464981326928540e-04 9.999999941684303284e-01
5.041862245293299841e-05 -1.754526795652876551e-04 9.999999833371731039e-01
9.179938524643684950e-05 -2.629858285242933657e-04 9.999999612056876819e-01
1.511328679898928812e-04 -3.679013624878334915e-04 9.999999209037609971e-01
2.316258285204922634e-04 -4.901523405536794328e-04 9.999998530501350569e-01
3.364761083571394455e-04 -6.296894734451579777e-04 9.999997451375643998e-01
4.688721977773890903e-04 -7.864611334823395656e-04 9.999995808189273694e-01
6.319928017343092071e-04 -9.604133644324852961e-04 9.999993390956105621e-01
8.290064062468650028e-04 -1.151489891142938203e-03 9.999989934094594135e-01
1.063070844804780979e-03 -1.359632128849290120e-03 9.999985106396600543e-01
1.337332864226793965e-03 -1.584779192041773678e-03 9.999978500059901743e-01
1.654927689300158232e-03 -1.826867902763457552e-03 9.999969618799451343e-01
2.018978585409629892e-03 -2.085832798204992258e-03 9.999957865053195061e-01
2.432596418236387774e-03 -2.361606137452393252e-03 9.999942526298919443e-01
2.898879209471918583e-03 -2.654117907236695599e-03 9.999922760499332375e-01
3.420911687349272121e-03 -2.963295826527293560e-03 9.999897580693267729e-01
4.001764830644830365e-03 -3.289065349804410569e-03 9.999865838751622604e-01
4.644495404648301198e-03 -3.631349668840483727e-03 9.999826208317348364e-01
5.352145487437673550e-03 -3.990069712815273555e-03 9.999777166949544993e-01
6.127741984629837650e-03 -4.365144146585297341e-03 9.999716977492446590e-01
6.974296130607170532e-03 -4.756489366924718937e-03 9.999643668690842979e-01
7.894802974046138261e-03 -5.164019496552147218e-03 9.999555015074274023e-01
8.892240845396573098e-03 -5.587646375755921969e-03 9.999448516133125908e-01
9.969570803780357024e-03 -6.027279551429421192e-03 9.999321374810609120e-01
1.112973606059652378e-02 -6.482826263327695279e-03 9.999170475335472652e-01
1.237566137693687195e-02 -6.954191427357399660e-03 9.998992360421229408e-01
1.371025243173295931e-02 -7.441277615713516244e-03 9.998783207858634725e-01
1.513639515737238463e-02 -7.943985033678767002e-03 9.998538806529179146e-01
1.665695503934051802e-02 -8.462211492904932880e-03 9.998254531868455697e-01
1.827477637626400905e-02 -8.995852380999555184e-03 9.997925320809388783e-01
1.999268149655536453e-02 -9.544800627246625285e-03 9.997545646236563055e-01
2.181346992768458740e-02 -1.010894666429600075e-02 9.997109490984167346e-01
2.373991751393502575e-02 -1.068817838566333937e-02 9.996610321411488753e-01
2.577477547833748051e-02 -1.128238109889032406e-02 9.996041060591358551e-01
2.792076942431984815e-02 -1.189143747422397555e-02 9.995394061148535902e-01
3.018059827246052929e-02 -1.251522748868374481e-02 9.994661077786726189e-01
3.255693312759330715e-02 -1.315362836539602301e-02 9.993833239544720470e-01
3.505241607138078613e-02 -1.380651450808759173e-02 9.992901021824064367e-01
3.766965887535366625e-02 -1.447375743064239009e-02 9.991854218232736340e-01
4.041124162930558039e-02 -1.515522568163981190e-02 9.990681912291469180e-01
4.327971127983912258e-02 -1.585078476380755857e-02 9.989372449051686642e-01
4.627758007377928695e-02 -1.656029704833781452e-02 9.987913406676470762e-01
4.940732390110741390e-02 -1.728362168403223612e-02 9.986291568038576649e-01
5.267138053202311682e-02 -1.802061450125886158e-02 9.984492892392269336e-01
5.607214774271530172e-02 -1.877112791072263476e-02 9.982502487178638306e-01
5.961198132441745956e-02 -1.953501079707067184e-02 9.980304580027103967e-01
6.329319297033909886e-02 -2.031210840737372389e-02 9.977882491019031130e-01
6.711804803510543205e-02 -2.110226223454644834e-02 9.975218605282696327e-01
7.108876316140372298e-02 -2.190530989579106066e-02 9.972294345992380737e-01
7.520750376862822550e-02 -2.272108500617168667e-02 9.969090147847974315e-01
7.947638139843832272e-02 -2.354941704745013367e-02 9.965585431115285830e-01
8.389745091229873497e-02 -2.439013123233791519e-02 9.961758576311158242e-01
8.847270753625717521e-02 -2.524304836434406590e-02 9.957586899621526655e-01
9.320408374843708321e-02 -2.610798469342349298e-02 9.953046629144737256e-01
9.809344600498152988e-02 -2.698475176765626621e-02 9.948112882056689976e-01
1.031425913004819644e-01 -2.787315628121431882e-02 9.942759642798736364e-01
1.083532435592636234e-01 -2.877299991889827740e-02 9.936959742393688400e-01
1.137270498542803515e-01 -2.968407919755367691e-02 9.930684838999785935e-01
1.192655764507968286e-01 -3.060618530470226792e-02 9.923905399816987938e-01
1.249703046725080813e-01 -3.153910393475060914e-02 9.916590684464502425e-01
1.308426265882657591e-01 -3.248261512316433230e-02 9.908708729952967476e-01
1.368838405181505014e-01 -3.343649307902235579e-02 9.900226337379218755e-01
1.430951463582504912e-01 -3.440050601639070560e-02 9.891109060475945514e-01
1.494776407241801552e-01 -3.537441598498022866e-02 9.881321196152875741e-01
1.560323119141007187e-01 -3.635797870057639464e-02 9.870825777170286752e-01
1.627600346927873254e-01 -3.735094337575203122e-02 9.859584567089607621e-01
1.696615648991260661e-01 -3.835305255139550423e-02 9.847558057649659080e-01
1.767375338803202633e-01 -3.936404192960692161e-02 9.834705468720558175e-01
1.839884427570374348e-01 -4.038364020853325853e-02 9.820984750990494616e-01
1.914146565247380749e-01 -4.141156891972997550e-02 9.806352591543405772e-01
1.990163979974934882e-01 -4.244754226865108532e-02 9.790764422487965302e-01
2.067937416017220087e-01 -4.349126697888170551e-02 9.774174432800242229e-01
2.147466070284502482e-01 -4.454244214073659752e-02 9.756535583543769485e-01
2.228747527539361450e-01 -4.560075906485502872e-02 9.737799626631602479e-01
2.311777694397725846e-01 -4.666590114142571410e-02 9.717917127295083723e-01
2.396550732249211335e-01 -4.773754370567620531e-02 9.696837490423541039e-01
2.483058989235012726e-01 -4.881535391025775689e-02 9.674508990937807917e-01
2.571292931435798512e-01 -4.989899060514992740e-02 9.650878808358352989e-01
2.661241073436613758e-01 -5.098810422569836909e-02 9.625893065725777964e-01
2.752889908450690815e-01 -5.208233668938441752e-02 9.599496873027481003e-01
2.846223838199251066e-01 -5.318132130190582341e-02 9.571634375279309825e-01
2.941225102759748578e-01 -5.428468267312450829e-02 9.542248805404978107e-01
3.037873710610556888e-01 -5.539203664340907468e-02 9.511282542048861144e-01
3.136147369115696582e-01 -5.650299022086708450e-02 9.478677172449444521e-01
3.236021415708796867e-01 -5.761714152992479521e-02 9.444373560491127195e-01
3.337468750050991972e-01 -5.873407977166998639e-02 9.408311920041266818e-01
3.440459767452756501e-01 -5.985338519632691506e-02 9.370431893667197087e-01
3.544962293864705738e-01 -6.097462908818132576e-02 9.330672636814494325e-01
3.650941522757005231e-01 -6.209737376321779884e-02 9.288972907512903499e-01
3.758359954221153210e-01 -6.322117257967219128e-02 9.245271161660144621e-01
3.867177336641384189e-01 -6.434556996163821874e-02 9.199505653916173475e-01
3.977350611295678573e-01 -6.547010143580000996e-02 9.151614544221486902e-01
4.088833860258248021e-01 -6.659429368129231308e-02 9.101536009932649218e-01
4.201578257986225973e-01 -6.771766459261670257e-02 9.049208363546471512e-01
4.315532026983043279e-01 -6.883972335546707788e-02 8.994570175961164038e-01
4.430640397939455966e-01 -6.995997053524080633e-02 8.937560405198395896e-01
4.546845574760283171e-01 -7.107789817793425113e-02 8.878118530484552240e-01
4.664086704890486601e-01 -7.219298992304344631e-02 8.816184691562655162e-01
4.782299855358148055e-01 -7.330472112801357520e-02 8.751699833078511181e-01
4.901417994954045398e-01 -7.441255900370533083e-02 8.684605853855681401e-01
5.021370982967777730e-01 -7.551596276027278121e-02 8.614845760844047629e-01
5.142085564898623007e-01 -7.661438376277815432e-02 8.542363827496084472e-01
5.263485375555425616e-01 -7.770726569580335696e-02 8.467105756293626939e-01
5.385490949953689599e-01 -7.879404473625870042e-02 8.389018845116053003e-01
5.508019742409621111e-01 -7.987414973353630654e-02 8.308052157108574143e-01
5.630986154220022355e-01 -8.094700239611067605e-02 8.224156693676811791e-01
5.754301570303628210e-01 -8.201201748365240241e-02 8.137285570201318041e-01
5.877874405163623361e-01 -8.306860300369529881e-02 8.047394194033252734e-01
6.001610158512640236e-01 -8.411616041188153814e-02 7.954440444300308055e-01
6.125411480880489368e-01 -8.515408481480678249e-02 7.858384853020314864e-01
6.249178249501182725e-01 -8.618176517449717411e-02 7.759190786989010880e-01
6.372807654749478301e-01 -8.719858451357399842e-02 7.656824629878383748e-01
6.496194297368190762e-01 -8.820392012020060457e-02 7.551255963953030781e-01
6.619230296695963744e-01 -8.919714375196037548e-02 7.442457750784272630e-01
6.741805410071031179e-01 -9.017762183788427532e-02 7.330406510315622404e-01
6.863807163549845436e-01 -9.114471567793312745e-02 7.215082497608712453e-01
6.985120994040364684e-01 -9.209778163934226325e-02 7.096469876576277924e-01
7.105630402908321708e-01 -9.303617134935561472e-02 6.974556889988343666e-01
7.225217121071108028e-01 -9.395923188401153481e-02 6.849336025019679974e-01
7.343761285548060513e-01 -9.486630595279418876e-02 6.720804173590998465e-01
7.461141627388083730e-01 -9.575673207913040774e-02 6.588962786743480793e-01
7.577235670845831050e-01 -9.662984477689268159e-02 6.453818022276222033e-01
7.691919943626237544e-01 -9.748497472326229929e-02 6.315380884869246092e-01
7.805070197964232293e-01 -9.832144892851182871e-02 6.173667357911031273e-01
7.916561642252114561e-01 -9.913859090348091374e-02 6.028698526249168799e-01
8.026269182871582641e-01 -9.993572082574203597e-02 5.880500689086005650e-01
8.134067675830920496e-01 -1.007121557056809696e-01 5.729105462248017533e-01
8.239832187750614212e-01 -1.014672095539482233e-01 5.574549869068414765e-01
8.343438265682906474e-01 -1.022001935519689514e-01 5.416876419137153231e-01
8.444762215192724852e-01 -1.029104162274281503e-01 5.256133174191290891e-01
8.543681386069320594e-01 -1.035971836368707183e-01 5.092373800441554188e-01
8.640074464980027624e-01 -1.042597995577704273e-01 4.925657606658219168e-01
8.733821774320157383e-01 -1.048975656926229572e-01 4.756049567370975728e-01
8.824805576456364875e-01 -1.055097818878036192e-01 4.583620330573505153e-01
8.912910382505258022e-01 -1.060957463700961528e-01 4.408446209364049184e-01
8.998023264734796856e-01 -1.066547560039409898e-01 4.230609156998378362e-01
9.080034171623551087e-01 -1.071861065725668305e-01 4.050196724881311439e-01
9.158836244562456042e-01 -1.076890930862540313e-01 3.867302003077309203e-01
9.234321418689871441e-01 -1.081497750411609809e-01 3.682074248167722108e-01
9.306383594424763039e-01 -1.085687935075377170e-01 3.494639655217079977e-01
9.374923429810420039e-01 -1.089468141906365928e-01 3.305127845247042839e-01
9.439848467775331375e-01 -1.092845256664766868e-01 3.113671526089149544e-01
9.501073240044844992e-01 -1.095826375930470387e-01 2.920406147157307286e-01
9.558519347702070235e-01 -1.098418789069355722e-01 2.725469549956994753e-01
9.612115518538613124e-01 -1.100629960151322390e-01 2.529001616111760109e-01
9.661797641471372433e-01 -1.102467509914370897e-01 2.331143914638968140e-01
9.707508778429734253e-01 -1.103939197865141664e-01 2.132039350146930634e-01
9.749199154237119247e-01 -1.105052904601782626e-01 1.931831813555619226e-01
9.786826125121234066e-01 -1.105816614439905365e-01 1.730665836864346829e-01
9.820354126587930166e-01 -1.106238398416806434e-01 1.528686253403298556e-01
9.849754601483804439e-01 -1.106326397743145201e-01 1.326037864912845976e-01
9.875005909152344552e-01 -1.106088807764974702e-01 1.122865116696447479e-01
9.896093216657311231e-01 -1.105533862492499714e-01 9.193117819908377952e-02
9.913008373105224313e-01 -1.104669819745261877e-01 7.155206565923354078e-02
9.925749768146310270e-01 -1.103504946956715971e-01 5.116332646716019450e-02
9.934322175770405883e-01 -1.102047507674421140e-01 3.077895766021458007e-02
9.938736584541347785e-01 -1.100305748785408572e-01 1.041277395212900081e-02
9.939010015430823630e-01 -1.098287888489761638e-01 -9.921617876284805765e-03
9.935165328420949571e-01 -1.096002105039107360e-01 -3.021084320077479027e-02
9.927231019044615579e-01 -1.093456526250629890e-01 -5.044178235055682413e-02
9.915241006024477777e-01 -1.090659219801414920e-01 -7.060159194705234453e-02
9.899234411156077051e-01 -1.087618184302460295e-01 -9.067772476222299427e-02
9.879255332558560809e-01 -1.084341341146567717e-01 -1.106579480830084256e-01
9.855352612388647016e-01 -1.080836527119599655e-01 -1.305303605766066632e-01
9.827579600080447175e-01 -1.077111487760248204e-01 -1.502834076590343071e-01
9.795993912136257142e-01 -1.073173871449544792e-01 -1.699058953765471836e-01
9.760657189452148774e-01 -1.069031224207839942e-01 -1.893870028160768437e-01
9.721634853117754327e-01 -1.064690985173903925e-01 -2.087162930668403638e-01
9.678995859582704142e-01 -1.060160482738144172e-01 -2.278837227607099503e-01
9.632812456033299497e-01 -1.055446931299689473e-01 -2.468796502237932122e-01
9.583159936772772669e-01 -1.050557428615248312e-01 -2.656948422759851103e-01
9.530116401347389354e-01 -1.045498953706192058e-01 -2.843204797190259647e-01
9.473762515109164228e-01 -1.040278365289230567e-01 -3.027481615568562989e-01
9.414181272854481586e-01 -1.034902400695307950e-01 -3.209699079948217237e-01
9.351457766126883842e-01 -1.029377675240946144e-01 -3.389781622665756777e-01
9.285678954721955369e-01 -1.023710682016157336e-01 -3.567657913393803559e-01
9.216933442882940808e-01 -1.017907792053234228e-01 -3.743260855499474515e-01
9.145311260627740912e-01 -1.011975254841162158e-01 -3.916527572240186550e-01
9.070903650601371826e-01 -1.005919199151071725e-01 -4.087399383335894032e-01
8.993802860803122856e-01 -9.997456341390263679e-02 -4.255821772460609553e-01
8.914101943494531222e-01 -9.934604506935039436e-02 -4.421744346196915254e-01
8.831894560553114060e-01 -9.870694229961457511e-02 -4.585120784995360688e-01
8.747274795497559374e-01 -9.805782102657023547e-02 -4.745908786676462654e-01
8.660336972372851827e-01 -9.739923586565685243e-02 -4.904070003006679723e-01
8.571175481648647398e-01 -9.673173032848514374e-02 -5.059569969871544615e-01
8.479884613251058578e-01 -9.605583703565397091e-02 -5.212378031559278257e-01
8.386558396816933270e-01 -9.537207793740125339e-02 -5.362467259656923391e-01
8.291290449230586113e-01 -9.468096453988271433e-02 -5.509814367048552208e-01
8.194173829475832616e-01 -9.398299813504452926e-02 -5.654399617491530083e-01
8.095300900810938893e-01 -9.327867003222699294e-02 -5.796206731232433906e-01
7.994763200250749602e-01 -9.256846178980690509e-02 -5.935222787109092346e-01
7.892651315318671701e-01 -9.185284544535356199e-02 -6.071438121569541213e-01
7.789054768011342000e-01 -9.113228374293699807e-02 -6.204846225022547790e-01
7.684061905900611000e-01 -9.040723035638596750e-02 -6.335443635917926697e-01
7.577759800280833291e-01 -8.967813010744625501e-02 -6.463229832938185426e-01
7.470234151254340205e-01 -8.894541917793688524e-02 -6.588207125666237785e-01
7.361569199634259153e-01 -8.820952531514170136e-02 -6.710380544077071407e-01
7.251847645531490638e-01 -8.747086802980634512e-02 -6.829757727184402327e-01
7.141150573481600539e-01 -8.672985878623538925e-02 -6.946348811156615177e-01
7.029557383957497629e-01 -8.598690118410093342e-02 -7.060166317199632058e-01
6.917145731105079909e-01 -8.524239113168284587e-02 -7.171225039487921782e-01
6.803991466531371657e-01 -8.449671701036036431e-02 -7.279541933408637533e-01
6.690168588968065100e-01 -8.375025983026712639e-02 -7.385136004367871543e-01
6.575749199627711761e-01 -8.300339337710488374e-02 -7.488028197392342378e-01
6.460803463065047936e-01 -8.225648435018659277e-02 -7.588241287744449393e-01
6.345399573352024092e-01 -8.150989249184686924e-02 -7.685799772753549863e-01
6.229603725372003797e-01 -8.076397070841753734e-02 -7.780729765051637159e-01
6.113480091036213038e-01 -8.001906518301782345e-02 -7.873058887387244242e-01
5.997090800223887630e-01 -7.927551548045384811e-02 -7.962816169177437953e-01
5.880495926246551708e-01 -7.853365464455984435e-02 -8.050031944944201490e-01
5.763753475636493873e-01 -7.779380928834522813e-02 -8.134737754768329721e-01
5.646919382059721881e-01 -7.705629967733673702e-02 -8.216966246881204361e-01
5.530047504154415039e-01 -7.632143980652468518e-02 -8.296751082502467067e-01
5.413189627097172441e-01 -7.558953747133619061e-02 -8.374126843019688016e-01
5.296395467701098259e-01 -7.486089433306798713e-02 -8.449128939594640064e-01
5.179712682851932426e-01 -7.413580597921565207e-02 -8.521793525269705238e-01
5.063186881091046310e-01 -7.341456197913683035e-02 -8.592157409637338761e-01
4.946861637157099478e-01 -7.269744593548281564e-02 -8.660257976125298462e-01
4.830805634424087391e-01 -7.195415339121298548e-02 -8.726143308300459145e-01
4.715108688431213224e-01 -7.118456078530123465e-02 -8.789825141563207822e-01
4.599860642128401622e-01 -7.038856779774885220e-02 -8.851317820329541730e-01
4.485151242828705476e-01 -6.956609709776688522e-02 -8.910638264023036381e-01
4.371070021051566279e-01 -6.871709403850601028e-02 -8.967805924432936671e-01
4.257706171767990377e-01 -6.784152629996870187e-02 -9.022842734582289248e-01
4.145148438539684177e-01 -6.693938348201777799e-02 -9.075773049287896299e-01
4.033485001021875904e-01 -6.601067664966205062e-02 -9.126623577629978668e-01
3.922803366274169590e-01 -6.505543783305238470e-02 -9.175423307583415733e-01
3.813190264295523435e-01 -6.407371948485796054e-02 -9.222203423094119668e-01
3.704700844027156714e-01 -6.309811079249097454e-02 -9.266987353925156823e-01
3.597363670006052949e-01 -6.212894695537122397e-02 -9.309832121981709285e-01
3.491204875227420512e-01 -6.116655491885814727e-02 -9.350794292066646474e-01
3.386248225104170340e-01 -6.021125341108114759e-02 -9.389929902315180543e-01
3.282515182402063747e-01 -5.926335298564341936e-02 -9.427294399322899698e-01
3.180024972918669146e-01 -5.832315607019595421e-02 -9.462942577863369120e-01
3.078794651687113415e-01 -5.739095702083593653e-02 -9.496928525083322414e-01
2.978839169498447292e-01 -5.646704218224413152e-02 -9.529305569056254477e-01
2.880171439549206736e-01 -5.555168995343928023e-02 -9.560126231568938371e-01
2.782802404033394850e-01 -5.464517085899426446e-02 -9.589442185009984243e-01
2.686741100510589009e-01 -5.374774762552847474e-02 -9.617304213224981968e-01
2.591994727894138539e-01 -5.285967526326389165e-02 -9.643762176199022207e-01
2.498568711915435947e-01 -5.198120115240845163e-02 -9.668864978424398515e-01
2.406466769931963623e-01 -5.111256513410945140e-02 -9.692660540809004965e-01
2.315690974958237169e-01 -5.025399960570198915e-02 -9.715195775979370563e-01
2.226241818809813755e-01 -4.940572961996259060e-02 -9.736516566831294739e-01
2.138118274261236740e-01 -4.856797298806597718e-02 -9.756667748180700706e-01
2.051317856129083739e-01 -4.774094038593366257e-02 -9.775693091367485543e-01
1.965836681201182379e-01 -4.692483546365606994e-02 -9.793635291665860887e-01
1.881669526942532367e-01 -4.611985495766550425e-02 -9.810535958355809383e-01
1.798809888917520250e-01 -4.532618880533493405e-02 -9.826435607311876375e-01
1.717250036876621921e-01 -4.454402026167750966e-02 -9.841373655967479150e-01
1.636981069463957772e-01 -4.377352601782340952e-02 -9.855388420515199810e-01
1.557992967509792270e-01 -4.301487632095414571e-02 -9.868517115206183465e-01
1.480274645879356976e-01 -4.226823509537964985e-02 -9.880795853614607882e-01
1.403814003856221626e-01 -4.153376006444991358e-02 -9.892259651736348136e-01
1.328597974044856411e-01 -4.081160287300093087e-02 -9.902942432794271665e-01
1.254612569783014331e-01 -4.010190921004360559e-02 -9.912877033626107393e-01
1.181842931060134577e-01 -3.940481893141430797e-02 -9.922095212534486341e-01
1.110273368943133082e-01 -3.872046618211661545e-02 -9.930627658482520381e-01
1.039887408515709349e-01 -3.804897951809532719e-02 -9.938504001522141529e-01
9.706678303416824138e-02 -3.739048202719599812e-02 -9.945752824346354437e-01
9.025967104668806973e-02 -3.674509144907583957e-02 -9.952401674860544833e-01
8.356554589777592801e-02 -3.611292029384489261e-02 -9.958477079671979038e-01
7.698248571382307337e-02 -3.549407595922951519e-02 -9.964004558400652023e-01
7.050850931291743895e-02 -3.488866084606370016e-02 -9.969008638718650506e-01
6.414157964177576166e-02 -3.429677247192713940e-02 -9.973512872029175469e-01
5.787960707860705795e-02 -3.371850358276241855e-02 -9.977539849700328700e-01
5.172045260506652475e-02 -3.315394226231703489e-02 -9.981111219772658139e-01
4.566193085064082502e-02 -3.260317203926910851e-02 -9.984247704063310414e-01
3.970360698481617545e-02 -3.204871529793174717e-02 -9.986974037986759978e-01
3.384644721117204685e-02 -3.149067265756214790e-02 -9.989308066417751375e-01
2.809137699818168438e-02 -3.092914497080809233e-02 -9.991267504366895258e-01
2.243928168650962882e-02 -3.036423325078866850e-02 -9.992869922510919656e-01
1.689100712870167040e-02 -2.979603860089655165e-02 -9.994132733083832543e-01
1.144736035889766523e-02 -2.922466214738219867e-02 -9.995073176138901117e-01
6.109110290189751630e-03 -2.865020497477195963e-02 -9.995708306190147496e-01
8.769884372474504725e-04 -2.807276806416395334e-02 -9.996054979240960314e-01
-4.248310338163592548e-03 -2.749245223443744918e-02 -9.996129840206279260e-01
-9.266127061131002041e-03 -2.690935808640364593e-02 -9.995949310733752702e-01
-1.417583785935770842e-02 -2.632358594991804704e-02 -9.995529577428209356e-01
-1.897685316305827707e-02 -2.573523583396714748e-02 -9.994886580482784666e-01
-2.366861689128321386e-02 -2.514440737973491768e-02 -9.994036002719083323e-01
-2.825060562693201133e-02 -2.455119981664750928e-02 -9.992993259037817877e-01
-3.272232778267820941e-02 -2.395571192138786637e-02 -9.991773486280489669e-01
-3.708332275998813682e-02 -2.335804197986539668e-02 -9.990391533501847832e-01
-4.133316010336933466e-02 -2.275828775211960822e-02 -9.988861952652062781e-01
-4.547143865193557094e-02 -2.215654644013058047e-02 -9.987198989666801197e-01
-4.949778569032282222e-02 -2.155291465850352889e-02 -9.985416575962713370e-01
-5.341185610093533015e-02 -2.094748840798915310e-02 -9.983528320335169903e-01
-5.721512501983024024e-02 -2.035791382297591143e-02 -9.981542895186034103e-01
-6.091052944585279016e-02 -1.978424383844057735e-02 -9.979471388644045593e-01
-6.450102084034338434e-02 -1.922652804317877273e-02 -9.977324089143142505e-01
-6.798956363944584635e-02 -1.868481277667148610e-02 -9.975110515049011584e-01
-7.137913386400980553e-02 -1.815914122056540292e-02 -9.972839443732233189e-01
-7.467271782095520616e-02 -1.764955348486203779e-02 -9.970518940053254564e-01
-7.787331089015313290e-02 -1.715608668892100452e-02 -9.968156384227280231e-01
-8.098391639106840290e-02 -1.667877503739177703e-02 -9.965758499039858442e-01
-8.400754452360535696e-02 -1.621764989119647490e-02 -9.963331376386433957e-01
-8.694721137779665154e-02 -1.577273983369321952e-02 -9.960880503111488871e-01
-8.980415248907919201e-02 -1.532656030592379447e-02 -9.958415092799702828e-01
-9.257817842634490091e-02 -1.487917784443084333e-02 -9.955942405444475618e-01
-9.526911435055426813e-02 -1.443065865753571930e-02 -9.953469509674464089e-01
-9.787679965416057337e-02 -1.398106861693532849e-02 -9.951003279407203417e-01
-1.004010876048581358e-01 -1.353047325037874324e-02 -9.948550390678453370e-01
-1.028418449942849339e-01 -1.307893773539722110e-02 -9.946117318645438798e-01
-1.051989517922852641e-01 -1.262652689405989979e-02 -9.943710334762076997e-01
-1.074723008073134450e-01 -1.217330518872626784e-02 -9.941335504124128031e-01
-1.096617973535341517e-01 -1.171933671876530109e-02 -9.938998682982160826e-01
-1.117673589251494820e-01 -1.126468521821013744e-02 -9.936705516420119011e-01
-1.137889148784572008e-01 -1.080941405431613822e-02 -9.934461436197217221e-01
-1.157264061221187912e-01 -1.035358622698928123e-02 -9.932271658750844168e-01
-1.175797848160900771e-01 -9.897264369051002666e-03 -9.930141183358106582e-01
-1.193490140796409776e-01 -9.440510747304824840e-03 -9.928074790453619292e-01
-1.210340677088652395e-01 -8.983387264369440198e-03 -9.926077040101118909e-01
-1.226349299040549318e-01 -8.525955461242268330e-03 -9.924152270616490856e-01
-1.241515950072885066e-01 -8.068276520556989101e-03 -9.922304597339772769e-01
-1.255840672505556255e-01 -7.610411270498030310e-03 -9.920537911553731769e-01
-1.269323605147161249e-01 -7.152420189334594489e-03 -9.918855879546616405e-01
-1.281964980995652370e-01 -6.694363410536442564e-03 -9.917261941816716275e-01
-1.293782829244458643e-01 -6.253735371309246220e-03 -9.915755904387374420e-01
-1.304809452660815883e-01 -5.830555950996211753e-03 -9.914336732188724355e-01
-1.315077152069169253e-01 -5.424843017711622473e-03 -9.913003040309158465e-01
-1.324618224377717701e-01 -5.036612441537824739e-03 -9.911753119322974648e-01
-1.333464960732428373e-01 -4.665878103802837892e-03 -9.910584959622912304e-01
-1.341649644763854565e-01 -4.312651902704771854e-03 -9.909496274751671274e-01
-1.349204550894708143e-01 -3.976943755545041606e-03 -9.908484523727139059e-01
-1.356161942678662802e-01 -3.658761597827444624e-03 -9.907546932356622316e-01
-1.362554071143297907e-01 -3.358111379474490888e-03 -9.906680513535938148e-01
-1.368413173112440206e-01 -3.074997058406041608e-03 -9.905882086529723685e-01
-1.373753803648843086e-01 -2.792005230663259074e-03 -9.905151237760763117e-01
-1.378576337818996911e-01 -2.509172821411605886e-03 -9.904488768798787035e-01
-1.382881207742062968e-01 -2.226536619900636345e-03 -9.903895390402219778e-01
-1.386668902142988991e-01 -1.944133279512051974e-03 -9.903371722585523340e-01
-1.389939965934527955e-01 -1.661999317878479557e-03 -9.902918294736827720e-01
-1.392694999828275049e-01 -1.380171117063378871e-03 -9.902535545785385862e-01
-1.394934659974770008e-01 -1.098684923792530915e-03 -9.902223824418411313e-01
-1.396659657632662310e-01 -8.175768497275975096e-04 -9.901983389346838971e-01
-1.397870758866876506e-01 -5.368828717723061724e-04 -9.901814409619557056e-01
-1.398568784275659171e-01 -2.566388324018814776e-04 -9.901716964985667335e-01
-1.398754608746336781e-01 2.311955999357141831e-05 -9.901691046304318400e-01
-1.398429161239554686e-01 3.023567307609357482e-04 -9.901736556001674572e-01
-1.397593424601717704e-01 5.810372386403010563e-04 -9.901853308574569690e-01
-1.396248435405298693e-01 8.591257754345157233e-04 -9.902041031140409455e-01
-1.394395283816629028e-01 1.136587165700931592e-03 -9.902299364032877138e-01
-1.392035113490734111e-01 1.413386366474062234e-03 -9.902627861443006330e-01
-1.389169121492727921e-01 1.689488467027732950e-03 -9.903025992105189967e-01
-1.385798558245229795e-01 1.964858688685139614e-03 -9.903493140027679331e-01
-1.381924727501219474e-01 2.239462384685072648e-03 -9.904028605267143348e-01
-1.377548986341700088e-01 2.513265040112382803e-03 -9.904631604746857443e-01
-1.372690409839893433e-01 2.768817755677432761e-03 -9.905299313459633437e-01
-1.367382305266598708e-01 3.006118362399240289e-03 -9.906026551659184998e-01
-1.361657983313917797e-01 3.225166743125563052e-03 -9.906808136435479861e-01
-1.355550756366785681e-01 3.425964865911830613e-03 -9.907638896787107630e-01
-1.349093936526617188e-01 3.608516817740193682e-03 -9.908513687573278217e-01
-1.342320833384542944e-01 3.772828838355638589e-03 -9.909427402342585456e-01
-1.335264751543428496e-01 3.918909354009896852e-03 -9.910374985036133344e-01
-1.327958987889452658e-01 4.046769010918096696e-03 -9.911351440563063164e-01
-1.320436828615474401e-01 4.156420708247665456e-03 -9.912351844247048183e-01
-1.312731545999734628e-01 4.247879630473922613e-03 -9.913371350142872185e-01
-1.304858698430124975e-01 4.338593509510354877e-03 -9.914406766095923418e-01
-1.296819614826989764e-01 4.428551184037341111e-03 -9.915457516720654896e-01
-1.288615644577318364e-01 4.517741601712016615e-03 -9.916523020065723948e-01
-1.280248157398904130e-01 4.606153820511861563e-03 -9.917602687950626272e-01
-1.271718543201640350e-01 4.693777010080385850e-03 -9.918695926304802457e-01
-1.263028211945875778e-01 4.780600453074605044e-03 -9.919802135509049323e-01
-1.254178593497745908e-01 4.866613546513981307e-03 -9.920920710739052906e-01
-1.245171137481403539e-01 4.951805803130466740e-03 -9.922051042310867652e-01
-1.236007313128070079e-01 5.036166852719278775e-03 -9.923192516028153110e-01
-1.226688609121833334e-01 5.119686443490010369e-03 -9.924344513530998224e-01
-1.217216533442117138e-01 5.202354443417650867e-03 -9.925506412646143417e-01
-1.207592613202752435e-01 5.284160841593079500e-03 -9.926677587738418351e-01
-1.197818394487580734e-01 5.365095749572573562e-03 -9.927857410063213317e-01
-1.187895442182522604e-01 5.445149402725841213e-03 -9.929045248119794387e-01
-1.177825339804046550e-01 5.524312161582087093e-03 -9.930240468005279153e-01
-1.167609689323977906e-01 5.602574513173584278e-03 -9.931442433769088751e-01
-1.157250110990586112e-01 5.679927072376219147e-03 -9.932650507767682990e-01
-1.146748243145896684e-01 5.756360583246442758e-03 -9.933864051019393182e-01
-1.136105742039171390e-01 5.831865920354067576e-03 -9.935082423559169484e-01
-1.125324281636508605e-01 5.906434090110309308e-03 -9.936304984793046247e-01
-1.114405553426513901e-01 5.980056232090471928e-03 -9.937531093852138842e-01
-1.103351266221998250e-01 6.052723620350646157e-03 -9.938760109945986576e-01
-1.092163145957661397e-01 6.124427664737798656e-03 -9.939991392715050722e-01
-1.080842935483722761e-01 6.195159912192584918e-03 -9.941224302582173378e-01
-1.069392394355465764e-01 6.264912048044233607e-03 -9.942458201102817306e-01
-1.057813298618664188e-01 6.333675897296817126e-03 -9.943692451313893566e-01
-1.046107440590862553e-01 6.401443425906231006e-03 -9.944926418080987096e-01
-1.034276628638487877e-01 6.468206742047169153e-03 -9.946159468443794838e-01
-1.022322686949771187e-01 6.533958097369399302e-03 -9.947390971959590988e-01
-1.010247455303463771e-01 6.598689888242609269e-03 -9.948620301044528436e-01
-9.980527888333341757e-02 6.662394656989104047e-03 -9.949846831312596507e-01
-9.857405577884383041e-02 6.725065093103618254e-03 -9.951069941912042971e-01
-9.733126472891567849e-02 6.786694034459499723e-03 -9.952289015859085985e-01
-9.607709570789998987e-02 6.847274468500518310e-03 -9.953503440368722810e-01
-9.481174012721813038e-02 6.906799533417555710e-03 -9.954712607182465423e-01
-9.353539080969697217e-02 6.965262519309404349e-03 -9.955915912892815411e-01
-9.224824196348280214e-02 7.022656869326933740e-03 -9.957112759264299395e-01
-9.095048915553560764e-02 7.078976180799852365e-03 -9.958302553550897329e-01
-8.964232928470554362e-02 7.134214206345306994e-03 -9.959484708809678288e-01
-8.832396055439409310e-02 7.188364854957551842e-03 -9.960658644210478307e-01
-8.699558244480244673e-02 7.241422193077933812e-03 -9.961823785341442639e-01
-8.565739568477045984e-02 7.293380445644425357e-03 -9.962979564510271446e-01
-8.430960222320968422e-02 7.344233997119949467e-03 -9.964125421040999075e-01
-8.295240520013436036e-02 7.393977392498740468e-03 -9.965260801566135918e-01
-8.158600891729490823e-02 7.442605338289995549e-03 -9.966385160314025216e-01
-8.021061880841866276e-02 7.490112703478060685e-03 -9.967497959391243834e-01
-7.882644140906291952e-02 7.536494520458423239e-03 -9.968598669059896000e-01
-7.743368432608616070e-02 7.581745985948769653e-03 -9.969686768009644595e-01
-7.603255620674313764e-02 7.625862461874390041e-03 -9.970761743624333429e-01
-7.462326670741048495e-02 7.668839476227208921e-03 -9.971823092243046194e-01
-7.320781698653572311e-02 7.693139718981704782e-03 -9.972870359110674876e-01
-7.178964669840949553e-02 7.698790330097068230e-03 -9.973900822232655283e-01
-7.037219168865370411e-02 7.685821089845398281e-03 -9.974911947751984309e-01
-6.895888344129220970e-02 7.654264431220162909e-03 -9.975901390317791773e-01
-6.755314851530443143e-02 7.604155450087716692e-03 -9.976866992239538101e-01
-6.615840797226006653e-02 7.535531913075795354e-03 -9.977806781432979610e-01
-6.477807679661799767e-02 7.448434263211646360e-03 -9.978718968165121161e-01
-6.341556331024139626e-02 7.342905623340988466e-03 -9.979601940606397381e-01
-6.207426858263496994e-02 7.218991797377258095e-03 -9.980454259199412759e-01
-6.075758583834828946e-02 7.076741269448565130e-03 -9.981274649854623426e-01
-5.946710598831802391e-02 6.933754573279102447e-03 -9.982061847208457683e-01
-5.820297100183098593e-02 6.790053260144554223e-03 -9.982816787887048848e-01
-5.696531852117144717e-02 6.645658949378956994e-03 -9.983540396896679603e-01
-5.575428185712019008e-02 6.500593324415936645e-03 -9.984233587024388124e-01
-5.456998998533137829e-02 6.354878128861840905e-03 -9.984897258251913543e-01
-5.341256754356137754e-02 6.208535162601469884e-03 -9.985532297183296047e-01
-5.228213482972372816e-02 6.061586277937041321e-03 -9.986139576486420255e-01
-5.117880780074454683e-02 5.914053375760950845e-03 -9.986719954348792783e-01
-5.010269807219276672e-02 5.765958401762824245e-03 -9.987274273947815972e-01
-4.905391291865979914e-02 5.617323342671272021e-03 -9.987803362935825380e-01
-4.803255527486334497e-02 5.468170222530711368e-03 -9.988308032940137471e-01
-4.703872373745042468e-02 5.318521099013527945e-03 -9.988789079078336242e-01
-4.607251256747497276e-02 5.168398059767804684e-03 -9.989247279489031905e-01
-4.513401169352556502e-02 5.017823218800766816e-03 -9.989683394878298150e-01
-4.422330671547935327e-02 4.866818712898031592e-03 -9.990098168081990027e-01
-4.334047890885857346e-02 4.715406698078693053e-03 -9.990492323644126760e-01
-4.248560522976645160e-02 4.563609346086206289e-03 -9.990866567411527122e-01
-4.165875832037986559e-02 4.411448840914986187e-03 -9.991221586144846123e-01
-4.086000651497650321e-02 4.258947375372560198e-03 -9.991558047146179566e-01
-4.008941384647485284e-02 4.106127147677087787e-03 -9.991876597903370794e-01
-3.934883767407363481e-02 3.935442825718660914e-03 -9.992177851316490500e-01
-3.864157339760922877e-02 3.746950612378914264e-03 -9.992461108387382662e-01
-3.797090594296625293e-02 3.540709215953020180e-03 -9.992725726947347953e-01
-3.734010925050548074e-02 3.316779841096003344e-03 -9.992971110097609300e-01
-3.675244576498849780e-02 3.075226179151403262e-03 -9.993196693621315685e-01
-3.621116592709848481e-02 2.816114398020213780e-03 -9.993401932383764175e-01
-3.571950766650671544e-02 2.539513131739692692e-03 -9.993586285738365049e-01
-3.528069589627486069e-02 2.245493469952601455e-03 -9.993749201956649841e-01
-3.489794200821432629e-02 1.934128947457700205e-03 -9.993890101701446982e-01
-3.457444336864596429e-02 1.605495534041810092e-03 -9.994008360563098048e-01
-3.430978609440080151e-02 1.294813774020278554e-03 -9.994104076383304447e-01
-3.410065595029770219e-02 1.002094937559855738e-03 -9.994179015457008708e-01
-3.394373642083474418e-02 7.273475990857230199e-04 -9.994234811049436118e-01
-3.383570928411483436e-02 4.705776552316715640e-04 -9.994272981036231851e-01
-3.377325517397763988e-02 2.317883418037290080e-04 -9.994294944467284614e-01
-3.375305413154479350e-02 1.098024994012619248e-05 -9.994302037047263498e-01
-3.377178614720641181e-02 -1.918486583599718690e-04 -9.994295525526907253e-01
-3.382613169390963348e-02 -3.767030351775608847e-04 -9.994276621000135474e-01
-3.391277225245408616e-02 -5.435901319348186928e-04 -9.994246491103053742e-01
-3.402839082935556203e-02 -6.925197848381155598e-04 -9.994206271111890638e-01
-3.416967246770787059e-02 -8.235044003774348413e-04 -9.994157073937880442e-01
-3.433330475135366877e-02 -9.365589407693419724e-04 -9.994099999018056790e-01
-3.451597830256893790e-02 -1.031700909243653654e-03 -9.994036140101847376e-01
-3.471438727337199798e-02 -1.108950335087233391e-03 -9.993966591934296817e-01
-3.492522983048715335e-02 -1.168329758371817236e-03 -9.993892455837641853e-01
-3.514520863392514571e-02 -1.209864214306407421e-03 -9.993814844193867897e-01
-3.537103130908748894e-02 -1.233581217168524570e-03 -9.993734883831748572e-01
-3.559941091225954368e-02 -1.239510743782409668e-03 -9.993653718322750290e-01
-3.582706638932786625e-02 -1.227685216526098327e-03 -9.993572509191027686e-01
-3.605072302754055297e-02 -1.198139485863079345e-03 -9.993492436043576177e-01
-3.626891103438242836e-02 -1.168480812939681887e-03 -9.993413839157282430e-01
-3.648161012197661396e-02 -1.138713563392601200e-03 -9.993336761642515054e-01
-3.668880080808937377e-02 -1.108842109605236636e-03 -9.993261245589771802e-01
-3.689046441715462810e-02 -1.078870830086857760e-03 -9.993187332049962013e-01
-3.708658308118677888e-02 -1.048804108852538280e-03 -9.993115061015355183e-01
-3.727713974058219359e-02 -1.018646334803932629e-03 -9.993044471401183459e-01
-3.746211814480968766e-02 -9.884019011109728119e-04 -9.992975601027925814e-01
-3.764150285299031062e-02 -9.580752045945575140e-04 -9.992908486604263896e-01
-3.781527923436688032e-02 -9.276706451103106706e-04 -9.992843163710727339e-01
-3.798343346866351472e-02 -8.971926249334793123e-04 -9.992779666784029624e-01
-3.814595254633564719e-02 -8.666455481450460437e-04 -9.992718029102100052e-01
-3.830282426871082363e-02 -8.360338200191258680e-04 -9.992658282769827371e-01
-3.845403724802070461e-02 -8.053618464117190227e-04 -9.992600458705500621e-01
-3.859958090732465430e-02 -7.746340331508899755e-04 -9.992544586627976066e-01
-3.873944548032533242e-02 -7.438547854284417509e-04 -9.992490695044554672e-01
-3.887362201107667087e-02 -7.130285071931545451e-04 -9.992438811239580110e-01
-3.900210235358467920e-02 -6.821596005456563886e-04 -9.992388961263771741e-01
-3.912487917130145348e-02 -6.512524651349935146e-04 -9.992341169924278121e-01
-3.924194593651287449e-02 -6.203114975569665656e-04 -9.992295460775464377e-01
-3.935329692962036968e-02 -5.893410907542987777e-04 -9.992251856110434538e-01
-3.945892723831719018e-02 -5.583456334187017348e-04 -9.992210376953289952e-01
-3.955883275665966065e-02 -5.273295093949026619e-04 -9.992171043052122670e-01
-3.965301018403384614e-02 -4.962970970866976582e-04 -9.992133872872750455e-01
-3.974145702401804536e-02 -4.652527688650945131e-04 -9.992098883593187875e-01
-3.982417158314160988e-02 -4.342008904786070675e-04 -9.992066091098857905e-01
-3.990115296954053342e-02 -4.031458204657641120e-04 -9.992035509978542951e-01
-3.997240109151026233e-02 -3.720919095698938081e-04 -9.992007153521074159e-01
-4.003791665595622662e-02 -3.410435001562450003e-04 -9.991981033712759031e-01
-4.009770116674249429e-02 -3.100049256315056973e-04 -9.991957161235542895e-01
-4.015175692293913856e-02 -2.789805098657788989e-04 -9.991935545465907564e-01
-4.020008701696865805e-02 -2.479745666170746926e-04 -9.991916194474500523e-01
-4.024269533265204674e-02 -2.169913989583781711e-04 -9.991899115026494638e-01
-4.027958654315492992e-02 -1.860352987073510939e-04 -9.991884312582675065e-01
-4.031076610883431444e-02 -1.551105458587253238e-04 -9.991871791301248917e-01
-4.033624027498637632e-02 -1.242214080194457197e-04 -9.991861554040372129e-01
-4.035601606949583420e-02 -9.337213984661913444e-05 -9.991853602361396858e-01
-4.037010130038740791e-02 -6.256698248832646427e-05 -9.991847936532827212e-01
-4.037850455327982729e-02 -3.181016302735366992e-05 -9.991844555534981076e-01
-4.038123518874293938e-02 -1.105893927897549532e-06 -9.991843457065352485e-01
-4.037830333955842038e-02 2.954162751469823791e-05 -9.991844637544670116e-01
-4.036971990788455755e-02 6.012821972112221457e-05 -9.991848092123647440e-01
-4.035549656232570448e-02 9.064971737213424919e-05 -9.991853814690411228e-01
-4.033564573490685395e-02 1.211019719494109203e-04 -9.991861797878610618e-01
-4.031018061795388352e-02 1.514808522731429081e-04 -9.991872033076193427e-01
-4.027911516088001492e-02 1.817822450363310851e-04 -9.991884510434845268e-01
-4.024246406687900790e-02 2.120020553357278693e-04 -9.991899218880081479e-01
-4.020024278952561564e-02 2.421362071993710509e-04 -9.991916146121990749e-01
-4.015246752928386398e-02 2.721806441106574019e-04 -9.991935278666608244e-01
-4.009915522992366088e-02 3.021313295289035383e-04 -9.991956601827927109e-01
-4.004032357484636068e-02 3.319842474063423865e-04 -9.991980099740521704e-01
-3.997778859941530233e-02 3.441679607760886111e-04 -9.992005098220984038e-01
-3.991480906681796337e-02 3.387134216730671582e-04 -9.992030294950087210e-01
-3.985463781158399971e-02 3.156539947752720794e-04 -9.992054388708503376e-01
-3.980052129274488926e-02 2.750254574804632647e-04 -9.992076079211220652e-01
-3.975569914279087486e-02 2.168659996301953020e-04 -9.992094065892490606e-01
-3.972340371251213698e-02 1.412162228871604404e-04 -9.992107045649161190e-01
-3.970685961179479945e-02 4.811913978471050405e-05 -9.992113709551061485e-01
-3.970928324641450485e-02 -6.237982751990797854e-05 -9.992112738527870741e-01
-3.973388235083097353e-02 -1.902328487446514147e-04 -9.992102798042735712e-01
-3.978385551693648658e-02 -3.353896871780322067e-04 -9.992082531763674114e-01
-3.985879643948239681e-02 -4.626625742671631970e-04 -9.992052157347818264e-01
-3.995540485895791166e-02 -5.720668103592996094e-04 -9.992013006516837770e-01
-4.007038358755096730e-02 -6.636202331701656493e-04 -9.991966397207611150e-01
-4.020043900251826785e-02 -7.373432011815498309e-04 -9.991913639993894591e-01
-4.034228153207907591e-02 -7.932585767893188082e-04 -9.991856043416484923e-01
-4.049262613385382070e-02 -8.313917091477241676e-04 -9.991794918224594646e-01
-4.064819276581703444e-02 -8.517704166693375540e-04 -9.991731580532040580e-01
-4.080570684969540840e-02 -8.544249691534577936e-04 -9.991667353892702552e-01
-4.096189972671546164e-02 -8.393880695293524843e-04 -9.991603570300557902e-01
-4.111350910559151417e-02 -8.066948352141729405e-04 -9.991541570120427984e-01
-4.125907694045577445e-02 -7.739493682676521717e-04 -9.991481824205922235e-01
-4.139859417324717045e-02 -7.411563477217158720e-04 -9.991424362670824344e-01
-4.153205260585574043e-02 -7.083204502728125468e-04 -9.991369214229128826e-01
-4.165944489950540452e-02 -6.754463496432349485e-04 -9.991316406184241883e-01
-4.178076457402497834e-02 -6.425387159443971983e-04 -9.991265964419008272e-01
-4.189600600700785910e-02 -6.096022150421361117e-04 -9.991217913386573057e-01
-4.200516443286093915e-02 -5.766415079241024328e-04 -9.991172276102068261e-01
-4.210823594174317036e-02 -5.436612500693076798e-04 -9.991129074135139954e-01
-4.220521747839427185e-02 -5.106660908198924114e-04 -9.991088327603303565e-01
-4.229610684085415712e-02 -4.776606727551802631e-04 -9.991050055166138533e-01
-4.238090267907346220e-02 -4.446496310680803652e-04 -9.991014274020313390e-01
-4.245960449341576459e-02 -4.116375929439030322e-04 -9.990980999895449077e-01
-4.253221263305197869e-02 -3.786291769416498727e-04 -9.990950247050814914e-01
-4.259872829424739965e-02 -3.456289923778406610e-04 -9.990922028272851696e-01
-4.265915351854194376e-02 -3.126416387129384456e-04 -9.990896354873533003e-01
-4.271349119082408496e-02 -2.796717049404333919e-04 -9.990873236689548076e-01
-4.276174503729900100e-02 -2.467237689786456415e-04 -9.990852682082315139e-01
-4.280391962335146350e-02 -2.138023970653066567e-04 -9.990834697938810738e-01
-4.284002035130394376e-02 -1.809121431549785180e-04 -9.990819289673225079e-01
-4.287005345807053114e-02 -1.480575483193695050e-04 -9.990806461229423396e-01
-4.289402601270712878e-02 -1.152431401506041290e-04 -9.990796215084226661e-01
-4.291194591385847495e-02 -8.247343216750567443e-05 -9.990788552251490540e-01
-4.292382188710250346e-02 -4.975292322494806333e-05 -9.990783472286988154e-01
-4.292966348219262596e-02 -1.708609692633408404e-05 -9.990780973294084433e-01
-4.292948107019840115e-02 1.552257896074354856e-05 -9.990781051930203160e-01
-4.292328584054517365e-02 4.806865308560235667e-05 -9.990783703414067851e-01
-4.291108979795320300e-02 8.054769109227575912e-05 -9.990788921533725331e-01
-4.289290575927683091e-02 1.129552761939689052e-04 -9.990796698655335373e-01
-4.286874735024422817e-02 1.452870097441098362e-04 -9.990807025732713065e-01
-4.283862900209826213e-02 1.775385118039409774e-04 -9.990819892317630568e-01
-4.280256594813903331e-02 2.097054217065971585e-04 -9.990835286570860507e-01
-4.276057422016866366e-02 2.417833986176155044e-04 -9.990853195273948772e-01
-4.271267064483884324e-02 2.737681220918239270e-04 -9.990873603841718964e-01
-4.265887283990171808e-02 3.056552926265543356e-04 -9.990896496335486265e-01
-4.259919921036467438e-02 3.374406322111275195e-04 -9.990921855476979641e-01
-4.253366894454961578e-02 3.691198848725566308e-04 -9.990949662662960140e-01
-4.246230201005722626e-02 4.006888172174163606e-04 -9.990979897980520885e-01
-4.238511914963687816e-02 4.321432189698254660e-04 -9.991012540223060956e-01
-4.230214187696268446e-02 4.634789035054898490e-04 -9.991047566906925415e-01
-4.221339247231634118e-02 4.946917083817545246e-04 -9.991084954288688147e-01
-4.211889397817728670e-02 5.257774958636118401e-04 -9.991124677383080854e-01
-4.201867019472079606e-02 5.567321534456149334e-04 -9.991166709981543770e-01
-4.191274567522460665e-02 5.875515943696438476e-04 -9.991211024671391439e-01
-4.180114572138465129e-02 6.182317581384733432e-04 -9.991257592855579128e-01
-4.168389637854050950e-02 6.487686110250908550e-04 -9.991306384773056548e-01
-4.156102443081120118e-02 6.791581465777136355e-04 -9.991357369519697773e-01
-4.143255739614190580e-02 7.093963861204535858e-04 -9.991410515069789611e-01
-4.129852352126225923e-02 7.394793792495789244e-04 -9.991465788298065087e-01
-4.115895177655681109e-02 7.694032043253222789e-04 -9.991523155002276502e-01
-4.101387185084832271e-02 7.991639689591837009e-04 -9.991582579926274743e-01
-4.086331414609448848e-02 8.287578104966791641e-04 -9.991644026783605970e-01
-4.070730977199878836e-02 8.581808964954827212e-04 -9.991707458281585685e-01
-4.054589054053604757e-02 8.874294251989130970e-04 -9.991772836145849102e-01
-4.037908896039343193e-02 9.164996260047140846e-04 -9.991840121145364462e-01
-4.020693823132749645e-02 9.453877599290786554e-04 -9.991909273117880463e-01
-4.002947223843797420e-02 9.740901200658665842e-04 -9.991980250995809998e-01
-3.984672554635900615e-02 1.002603032040966366e-03 -9.992053012832516901e-01
-3.965873339336845049e-02 1.030922854461751009e-03 -9.992127515828999051e-01
-3.946553168541603457e-02 1.059045979361578592e-03 -9.992203716360956722e-01
-3.926715699007099492e-02 1.086968832639288035e-03 -9.992281570006211755e-01
-3.906364653038996160e-02 1.114687874493640752e-03 -9.992361031572484231e-01
-3.885503817870578080e-02 1.142199599852658422e-03 -9.992442055125491107e-01
-3.864137045033803897e-02 1.169500538797809503e-03 -9.992524594017357931e-01
-3.842268249722601003e-02 1.196587256982993520e-03 -9.992608600915329209e-01
-3.819901410148477533e-02 1.223456356048276518e-03 -9.992694027830753001e-01
-3.797040566888530005e-02 1.250104474028327587e-03 -9.992780826148330853e-01
-3.773689822225921586e-02 1.276528285755508963e-03 -9.992868946655608653e-01
-3.749853339482910747e-02 1.302724503257571146e-03 -9.992958339572697302e-01
-3.725535342346508044e-02 1.328689876149906617e-03 -9.993048954582199883e-01
-3.700740114186845675e-02 1.354421192022311430e-03 -9.993140740859333127e-01
-3.675471997368336824e-02 1.379915276820211289e-03 -9.993233647102224282e-01
-3.649735392553707380e-02 1.405168995220301394e-03 -9.993327621562363428e-01
-3.623534758000990230e-02 1.430179251000554931e-03 -9.993422612075196776e-01
-3.596874608853557059e-02 1.454942987404553387e-03 -9.993518566090839883e-01
-3.569759516423285511e-02 1.479457187500092920e-03 -9.993615430704900771e-01
-3.542194107466939412e-02 1.503718874532018659e-03 -9.993713152689384094e-01
-3.514183063455855044e-02 1.527725112269244425e-03 -9.993811678523669695e-01
-3.485731119839025061e-02 1.551473005345909307e-03 -9.993910954425542226e-01
-3.456843065299666090e-02 1.574959699596629233e-03 -9.994010926382252968e-01
-3.427523741005367164e-02 1.598182382385796062e-03 -9.994111540181602749e-01
-3.397778039851910570e-02 1.621138282930882331e-03 -9.994212741443020409e-01
-3.367610905700861579e-02 1.643824672619706353e-03 -9.994314475648629070e-01
-3.337027332611020025e-02 1.666238865321616018e-03 -9.994416688174273533e-01
-3.306032364063834356e-02 1.688378217692545992e-03 -9.994519324320497722e-01
-3.274631092182875985e-02 1.710240129473908832e-03 -9.994622329343452183e-01
-3.242828656947475963e-02 1.731822043785275368e-03 -9.994725648485716096e-01
-3.210630245400621086e-02 1.753121447410805949e-03 -9.994829227007016037e-01
-3.178041090851217026e-02 1.774135871079388560e-03 -9.994933010214824831e-01
-3.145066472070820462e-02 1.794862889738446914e-03 -9.995036943494824966e-01
-3.111711712484942563e-02 1.815300122821375843e-03 -9.995140972341221008e-01
-3.077982179359040407e-02 1.835445234508567731e-03 -9.995245042386874390e-01
-3.043883282979292088e-02 1.855295933981988832e-03 -9.995349099433263884e-01
-3.009420475828274155e-02 1.874849975673270738e-03 -9.995453089480235143e-01
-2.974599251755647225e-02 1.894105159505277353e-03 -9.995556958755539290e-01
-2.939425145143965273e-02 1.913059331127113082e-03 -9.995660653744132818e-01
-2.903903730069719996e-02 1.931710382142535175e-03 -9.995764121217232123e-01
-2.868040619459734722e-02 1.950056250331736385e-03 -9.995867308261100481e-01
-2.831841464243025144e-02 1.968094919866463042e-03 -9.995970162305559681e-01
-2.795311952498244490e-02 1.985824421518436224e-03 -9.996072631152203014e-01
-2.758457808596829694e-02 2.003242832861043717e-03 -9.996174663002301841e-01
-2.721284792341970710e-02 2.020348278464268506e-03 -9.996276206484383531e-01
-2.683798698103523686e-02 2.037138930082828866e-03 -9.996377210681479664e-01
-2.646005353948988406e-02 2.053613006837492084e-03 -9.996477625158013414e-01
-2.607910620770676272e-02 2.069768775389541678e-03 -9.996577399986323886e-01
-2.569520391409192001e-02 2.085604550108363826e-03 -9.996676485772812981e-01
-2.530840589773356714e-02 2.101118693232127861e-03 -9.996774833683694794e-01
-2.491877169956695920e-02 2.116309615021536115e-03 -9.996872395470342010e-01
-2.452636115350625978e-02 2.131175773906617520e-03 -9.996969123494212628e-01
-2.413123437754463585e-02 2.145715676626539382e-03 -9.997064970751344815e-01
-2.373345176482392904e-02 2.159927878362416075e-03 -9.997159890896406553e-01
-2.333307397467518363e-02 2.173810982863092975e-03 -9.997253838266292325e-01
-2.293016192363137376e-02 2.187363642563885241e-03 -9.997346767903250164e-01
-2.252477677641367970e-02 2.200584558698248910e-03 -9.997438635577531318e-01
-2.211697993689264521e-02 2.213472481402369105e-03 -9.997529397809550300e-01
-2.170683303902555886e-02 2.226026209812647164e-03 -9.997619011891540897e-01
-2.129439793777146428e-02 2.238244592156069749e-03 -9.997707435908704809e-01
-2.087973669998513179e-02 2.250126525833446092e-03 -9.997794628759840707e-01
-2.046291159529139633e-02 2.261670957495498166e-03 -9.997880550177438153e-01
-2.004398508694126349e-02 2.272876883111793391e-03 -9.997965160747230851e-01
-1.962301982265115402e-02 2.283743348032506431e-03 -9.998048421927204776e-01
-1.920007862542672666e-02 2.294269447043001398e-03 -9.998130296066046752e-01
-1.877522448437265665e-02 2.304454324411225798e-03 -9.998210746421024586e-01
-1.834852054548983744e-02 2.314297173927908850e-03 -9.998289737175292125e-01
-1.792003010246139005e-02 2.323797238939556784e-03 -9.998367233454615866e-01
-1.748981658742894060e-02 2.332953812374242118e-03 -9.998443201343506503e-01
-1.705794356176059887e-02 2.341766236760181672e-03 -9.998517607900757609e-01
-1.662447470681208128e-02 2.350233904237104647e-03 -9.998590421174380349e-01
-1.618947381468242505e-02 2.358356256560404252e-03 -9.998661610215927587e-01
-1.575300477896575402e-02 2.366132785098080688e-03 -9.998731145094200690e-01
-1.531513158550056215e-02 2.373563030820471150e-03 -9.998798996908337955e-01
-1.487591830311794927e-02 2.380646584282774657e-03 -9.998865137800276859e-01
-1.443542907439030430e-02 2.387383085600373444e-03 -9.998929540966582374e-01
-1.399372810638188809e-02 2.393772224416961317e-03 -9.998992180669642460e-01
-1.355087966140278849e-02 2.399813739865481153e-03 -9.999053032248220729e-01
-1.310694804776771881e-02 2.405507420521884980e-03 -9.999112072127369633e-01
-1.266199761056113586e-02 2.410853104351726606e-03 -9.999169277827694158e-01
-1.221609272241014690e-02 2.415850678649597225e-03 -9.999224627973967161e-01
-1.176929777426668003e-02 2.420500079971417851e-03 -9.999278102303090776e-01
-1.132167716620039767e-02 2.424801294059604224e-03 -9.999329681671408343e-01
-1.087329529820381911e-02 2.428754355761121499e-03 -9.999379348061353534e-01
-1.042421656101113168e-02 2.432359348938443067e-03 -9.999427084587447778e-01
-9.974505326932149585e-03 2.435616406373436894e-03 -9.999472875501633773e-01
-9.524225940702906942e-03 2.438525709664196312e-03 -9.999516706197956184e-01
-9.073442710354330185e-03 2.441087489114841715e-03 -9.999558563216579543e-01
-8.622219898100474608e-03 2.443302023618311360e-03 -9.999598434247143341e-01
-8.170621711247759780e-03 2.445169640532171649e-03 -9.999636308131464313e-01
-7.718712293126687822e-03 2.446690715547469863e-03 -9.999672174865579244e-01
-7.266555714047471387e-03 2.447865672550658851e-03 -9.999706025601128312e-01
-6.814215962281027633e-03 2.448694983478622283e-03 -9.999737852646083391e-01
-6.361756935066780611e-03 2.449179168166832135e-03 -9.999767649464827990e-01
-5.909242429648705816e-03 2.449318794190669633e-03 -9.999795410677581042e-01
-5.456736134341036784e-03 2.449114476699944774e-03 -9.999821132059173445e-01
-5.004301619625069197e-03 2.448566878246646091e-03 -9.999844810537182882e-01
-4.552002329278465043e-03 2.447676708605962727e-03 -9.999866444189420278e-01
-4.099901571538470610e-03 2.446444724590610912e-03 -9.999886032240786760e-01
-3.648062510300438717e-03 2.444871729858507769e-03 -9.999903575059488903e-01
-3.196548156353054213e-03 2.442958574713831061e-03 -9.999919074152627818e-01
-2.745421358651634058e-03 2.440706155901508669e-03 -9.999932532161165399e-01
-2.294744795630877625e-03 2.438115416395178134e-03 -9.999943952854266627e-01
-1.844580966558424621e-03 2.435187345178663979e-03 -9.999953341123033468e-01
-1.394992182930573747e-03 2.431922977021016598e-03 -9.999960702973623716e-01
-9.460405599114982307e-04 2.428323392245160858e-03 -9.999966045519773639e-01
-4.977880078172881428e-04 2.424389716490202989e-03 -9.999969376974722213e-01
-5.029622364613304695e-05 2.420123120467443465e-03 -9.999970706642544727e-01
3.963733173440486574e-04 2.415524819710150508e-03 -9.999970044908909061e-01
8.421593700092444741e-04 2.410596074317142810e-03 -9.999967403231252439e-01
1.287000927642967165e-03 2.405338188690236967e-03 -9.999962794128395283e-01
1.730837230248594757e-03 2.399752511265612100e-03 -9.999956231169594423e-01
2.173607772759178405e-03 2.393840434239151525e-03 -9.999947728963045623e-01
2.615252313203483316e-03 2.387603393285813065e-03 -9.999937303143845435e-01
3.055710880817037040e-03 2.381042867273089596e-03 -9.999924970361414589e-01
3.494923784096980093e-03 2.374160377968618368e-03 -9.999910748266407357e-01
3.932831618799523254e-03 2.366957489741996351e-03 -9.999894655497095775e-01
4.369375275878836264e-03 2.359435809260867958e-03 -9.999876711665254270e-01
4.804495949366205214e-03 2.351596985181344125e-03 -9.999856937341548013e-01
5.238135144188311131e-03 2.343442707832813464e-03 -9.999835354040433888e-01
5.670234683923503459e-03 2.334974708897217480e-03 -9.999811984204591830e-01
6.100736718494955205e-03 2.326194761082845796e-03 -9.999786851188884329e-01
6.529583731799600346e-03 2.317104677792725109e-03 -9.999759979243869612e-01
6.956718549271777990e-03 2.307706312787663906e-03 -9.999731393498867416e-01
7.382084345380520753e-03 2.298001559844023173e-03 -9.999701119944597316e-01
7.805624651059444793e-03 2.287992352406282084e-03 -9.999669185415392958e-01
8.227283361068210218e-03 2.277680663234466722e-03 -9.999635617571012158e-01
8.647004741284556109e-03 2.267068504046512549e-03 -9.999600444878048444e-01
9.064733435925903179e-03 2.256157925155633046e-03 -9.999563696590958450e-01
9.480414474699565622e-03 2.244951015102765630e-03 -9.999525402732716284e-01
9.893993279880617178e-03 2.233449900284167726e-03 -9.999485594075112616e-01
1.030541567331647729e-02 2.221656744574233670e-03 -9.999444302118698502e-01
1.071462788335729270e-02 2.209573748943612689e-03 -9.999401559072401691e-01
1.112157655171123680e-02 2.197203151072694722e-03 -9.999357397832817629e-01
1.152620874022383841e-02 2.184547224960546076e-03 -9.999311851963190723e-01
1.192847193758047979e-02 2.171608280529366882e-03 -9.999264955672100275e-01
1.232831406593123263e-02 2.158388663224546263e-03 -9.999216743791867756e-01
1.272568348743721191e-02 2.144890753610396300e-03 -9.999167251756685415e-01
1.312052901073765265e-02 2.131116966961636369e-03 -9.999116515580498410e-01
1.351279989733691900e-02 2.117069752850711094e-03 -9.999064571834637150e-01
1.390244586791069582e-02 2.102751594731016097e-03 -9.999011457625224253e-01
1.428941710853062243e-02 2.088165009516113058e-03 -9.998957210570361687e-01
1.467366427680664304e-02 2.073312547155010867e-03 -9.998901868777123614e-01
1.505513850794638030e-02 2.058196790203594383e-03 -9.998845470818352732e-01
1.543199135872110918e-02 2.025240921560323912e-03 -9.998788691158898567e-01
1.580093102604768207e-02 1.974482831539088080e-03 -9.998732083913446367e-01
1.615867303153979001e-02 1.905962834354925188e-03 -9.998676239653240261e-01
1.650194066579686175e-02 1.819723653486241335e-03 -9.998621782138792380e-01
1.682746542761758696e-02 1.715810406461352978e-03 -9.998569363986220537e-01
1.713198745789102848e-02 1.594270589130920108e-03 -9.998519661277541770e-01
1.741225596797692232e-02 1.455154059501126852e-03 -9.998473367126005096e-01
1.766502966245707407e-02 1.298513021215411426e-03 -9.998431184208297351e-01
1.788707715622157163e-02 1.124402006785095312e-03 -9.998393816276196500e-01
1.807517738594635603e-02 9.328778606813810164e-04 -9.998361958660949567e-01
1.822791991647388851e-02 7.415783366839024445e-04 -9.998335830825902937e-01
1.834534921148771661e-02 5.505297454664211370e-04 -9.998315587848075614e-01
1.842751452543002141e-02 3.597583105734641429e-04 -9.998301346454798733e-01
1.847446988514217167e-02 1.692901657681798364e-04 -9.998293185170208375e-01
1.848627407172687837e-02 -2.084864760019166708e-05 -9.998291144487019277e-01
1.846299060262949696e-02 -2.106321832114915358e-04 -9.998295227063377366e-01
1.840468771393439715e-02 -4.000345923746911414e-04 -9.998305397944556860e-01
1.831143834287058195e-02 -5.890301266150192944e-04 -9.998321584809271023e-01
1.818332011051924588e-02 -7.775931402503375280e-04 -9.998343678240346755e-01
1.802041530471429343e-02 -9.656980929588944570e-04 -9.998371532019511010e-01
1.782281086312532264e-02 -1.153319552340548388e-03 -9.998404963446015925e-01
1.759059835651108350e-02 -1.340432196473503174e-03 -9.998443753678837309e-01
1.732387397212988012e-02 -1.527010816468551274e-03 -9.998487648102150072e-01
1.702273849729201913e-02 -1.713030319022765388e-03 -9.998536356713791928e-01
1.668729730303794567e-02 -1.898465728974525930e-03 -9.998589554536408963e-01
1.631766032792437635e-02 -2.083292191861705819e-03 -9.998646882050968854e-01
1.591394206189941651e-02 -2.267484976484778619e-03 -9.998707945652315354e-01
1.547626153024637963e-02 -2.451019477476542273e-03 -9.998772318126438741e-01
1.500474227757478060e-02 -2.633871217880086237e-03 -9.998839539149108058e-01
1.449951235183584430e-02 -2.816015851736551352e-03 -9.998909115805527659e-01
1.396070428833868886e-02 -2.997429166684164540e-03 -9.998980523130643894e-01
1.338845509374231128e-02 -3.178087086569944802e-03 -9.999053204669741124e-01
1.278290622999746044e-02 -3.357965674075396277e-03 -9.999126573058944034e-01
1.214420359821151603e-02 -3.537041133357427848e-03 -9.999200010625242108e-01
1.147249752240858504e-02 -3.715289812705643759e-03 -9.999272870005635472e-01
1.076794273315617029e-02 -3.892688207217068208e-03 -9.999344474784996883e-01
1.003069835102896566e-02 -4.069212961489272751e-03 -9.999414120152235741e-01
9.260927869879597568e-03 -4.244840872332785592e-03 -9.999481073574345569e-01
8.458799139885456869e-03 -4.419548891503568590e-03 -9.999544575487889775e-01
7.624484350340136191e-03 -4.593314128456245024e-03 -9.999603840007500466e-01
6.759960347529439875e-03 -4.748532983725859205e-03 -9.999658770368249350e-01
5.868652467312194393e-03 -4.885217766089713226e-03 -9.999708467916444965e-01
4.953983676793750728e-03 -5.003383377339623225e-03 -9.999752122269152110e-01
4.019374083646434434e-03 -5.103047312879956630e-03 -9.999789019814260271e-01
3.068240440982864230e-03 -5.184229661175866061e-03 -9.999818551010797307e-01
2.103995648540047184e-03 -5.246953101948930581e-03 -9.999840216491023837e-01
1.130048251014395067e-03 -5.291242903034305139e-03 -9.999853631966812983e-01
1.498019344548201341e-04 -5.317126915830522674e-03 -9.999858531943728313e-01
-8.333449783270809909e-04 -5.324635569290199488e-03 -9.999854772247175339e-01
-1.816000032334068055e-03 -5.313801862417030959e-03 -9.999842331365945691e-01
-2.796577538795778570e-03 -5.302242576622074287e-03 -9.999820329615177750e-01
-3.774942821067536758e-03 -5.289960685167548367e-03 -9.999788832724201271e-01
-4.750961775944992881e-03 -5.276959259993774243e-03 -9.999747911478910067e-01
-5.724500893005250897e-03 -5.263241471060743464e-03 -9.999697641663101155e-01
-6.695427273797525773e-03 -5.248810585673610758e-03 -9.999638103997189331e-01
-7.663608650879065627e-03 -5.233669967792320930e-03 -9.999569384074332712e-01
-8.628913406692154120e-03 -5.217823077325588546e-03 -9.999491572294016972e-01
-9.591210592278100883e-03 -5.201273469409445523e-03 -9.999404763793151574e-01
-1.055036994582420756e-02 -5.184024793670588202e-03 -9.999309058374726833e-01
-1.150626191103978901e-02 -5.166080793474752027e-03 -9.999204560434075129e-01
-1.245875765535743238e-02 -5.147445305160354943e-03 -9.999091378882800640e-01
-1.340772908795575397e-02 -5.128122257257643722e-03 -9.998969627070420918e-01
-1.435304887760002930e-02 -5.108115669693599065e-03 -9.998839422703779123e-01
-1.529459047029715218e-02 -5.087429652982838890e-03 -9.998700887764281342e-01
-1.623222810676148986e-02 -5.066068407404786950e-03 -9.998554148423018928e-01
-1.716583683968829835e-02 -5.044036222167353964e-03 -9.998399334953830264e-01
-1.809529255083148006e-02 -5.021337474557402772e-03 -9.998236581644357468e-01
-1.902047196788252820e-02 -4.997976629078259431e-03 -9.998066026705166864e-01
-1.994125268114767605e-02 -4.973958236574540885e-03 -9.997887812176987632e-01
-2.085751316002030023e-02 -4.949286933344573293e-03 -9.997702083836127462e-01
-2.176913276924579907e-02 -4.923967440240675959e-03 -9.997508991098136288e-01
-2.267599178497622936e-02 -4.898004561757589304e-03 -9.997308686919772480e-01
-2.357797141061212728e-02 -4.871403185109327884e-03 -9.997101327699341455e-01
-2.447495379242903973e-02 -4.844168279294742106e-03 -9.996887073175463323e-01
-2.536682203498637211e-02 -4.816304894152075716e-03 -9.996666086324348388e-01
-2.625346021631632873e-02 -4.787818159402804433e-03 -9.996438533255629366e-01
-2.713475340289078080e-02 -4.758713283685047160e-03 -9.996204583106826913e-01
-2.801058766436403946e-02 -4.728995553576833405e-03 -9.995964407936519525e-01
-2.888085008808960810e-02 -4.698670332609528738e-03 -9.995718182616266656e-01
-2.974542879340910315e-02 -4.667743060271704533e-03 -9.995466084721377209e-01
-3.060421294571164658e-02 -4.636219251003743415e-03 -9.995208294420567796e-01
-3.145709277026213779e-02 -4.604104493183481389e-03 -9.994944994364597379e-01
-3.230395956579694416e-02 -4.571404448103172889e-03 -9.994676369573937125e-01
-3.314470571788562248e-02 -4.538124848938080574e-03 -9.994402607325544308e-01
-3.397922471205741535e-02 -4.504271499706974380e-03 -9.994123897038815763e-01
-3.480741114669139852e-02 -4.469850274224845994e-03 -9.993840430160781940e-01
-3.562916074566922081e-02 -4.434867115048120659e-03 -9.993552400050618179e-01
-3.644437037078948616e-02 -4.399328032412664659e-03 -9.993260001863534248e-01
-3.725293803394297970e-02 -4.363239103164880811e-03 -9.992963432434122106e-01
-3.805476290904802328e-02 -4.326606469686178173e-03 -9.992662890159219602e-01
-3.884974534374529415e-02 -4.289436338811109146e-03 -9.992358574880370048e-01
-3.963778687085162122e-02 -4.251734980739457596e-03 -9.992050687765937633e-01
-4.041879021957235640e-02 -4.213508727942570295e-03 -9.991739431192950827e-01
-4.119265932647200174e-02 -4.174763974064208370e-03 -9.991425008628750382e-01
-4.195929934620280799e-02 -4.135507172816207597e-03 -9.991107624512495233e-01
-4.271861666199133073e-02 -4.095744836869220744e-03 -9.990787484136606222e-01
-4.347051889588283979e-02 -4.055483536738823877e-03 -9.990464793528212040e-01
-4.421491491874365853e-02 -4.014729899667260696e-03 -9.990139759330665115e-01
-4.495171486002163402e-02 -3.973490608501095527e-03 -9.989812588685194061e-01
-4.568083011726488396e-02 -3.931772400565049057e-03 -9.989483489112757075e-01
-4.640217336539928517e-02 -3.889582066532274417e-03 -9.989152668396169554e-01
-4.711565856576500205e-02 -3.846926449291342923e-03 -9.988820334462563677e-01
-4.782120097491260324e-02 -3.803812442810201866e-03 -9.988486695266250992e-01
-4.851871715315936306e-02 -3.760246990997351962e-03 -9.988151958672049080e-01
-4.920812497290635856e-02 -3.716237086560505998e-03 -9.987816332339137793e-01
-4.988934362671711142e-02 -3.671789769862972373e-03 -9.987480023605508350e-01
-5.056229363515862135e-02 -3.626912127778012494e-03 -9.987143239373067471e-01
-5.122689685440558194e-02 -3.581611292541410103e-03 -9.986806185993459817e-01
-5.188307648360879903e-02 -3.535894440602494089e-03 -9.986469069154668698e-01
-5.253075707202879696e-02 -3.489768791473844226e-03 -9.986132093768453899e-01
-5.316806911481402470e-02 -3.425684794529144320e-03 -9.985797023657947413e-01
-5.379170470519124142e-02 -3.343685905764314133e-03 -9.985465803537177942e-01
-5.439836463800106631e-02 -3.243817970995747316e-03 -9.985140441857958127e-01
-5.498475882888889665e-02 -3.126129199434922196e-03 -9.984823005338201440e-01
-5.554760672095455237e-02 -2.990670136566154179e-03 -9.984515612418191077e-01
-5.608363767851998194e-02 -2.837493636430421778e-03 -9.984220425657164277e-01
-5.658959136776368221e-02 -2.666654833431650589e-03 -9.983939643083287185e-01
-5.706221812407152871e-02 -2.478211113794829591e-03 -9.983675488510748153e-01
-5.749827930606599830e-02 -2.272222086817836731e-03 -9.983430200838331325e-01
-5.789454763639875767e-02 -2.048749556070825120e-03 -9.983206022344450759e-01
-5.825139633434912867e-02 -1.842961098278561019e-03 -9.983002450095012081e-01
-5.857208893913676273e-02 -1.654851624790126255e-03 -9.982818102770242286e-01
-5.885988736297866758e-02 -1.484413707624815046e-03 -9.982651506699762312e-01
-5.911805151329967145e-02 -1.331637577051061113e-03 -9.982501107404093688e-01
-5.934983891119601646e-02 -1.196511118476182136e-03 -9.982365280077546421e-01
-5.955850430543101204e-02 -1.079019868783619553e-03 -9.982242339012060706e-01
-5.974729928135948109e-02 -9.791470122428118893e-04 -9.982130545962341062e-01
-5.991947186428326494e-02 -8.968733761050186196e-04 -9.982028117453319860e-01
-6.007826611683420720e-02 -8.321774259863712027e-04 -9.981933231031753229e-01
-6.022692173006306826e-02 -7.850352611272080807e-04 -9.981844030464468442e-01
-6.036508571859194178e-02 -7.203215763922117413e-04 -9.981761059200157105e-01
-6.048952205395203424e-02 -6.380782297827436531e-04 -9.981686287619422338e-01
-6.059700273296255574e-02 -5.383493939308743896e-04 -9.981621683405778045e-01
-6.068430817210118677e-02 -4.211815317217808274e-04 -9.981569206364634406e-01
-6.074822759110040660e-02 -2.866233718377283156e-04 -9.981530802228161248e-01
-6.078555938591569813e-02 -1.347258843164614566e-04 -9.981508395457285854e-01
-6.079311149129147662e-02 3.445774377160010769e-05 -9.981503881052733451e-01
-6.076770173324087809e-02 2.208721324118028718e-04 -9.981519115387650354e-01
-6.070615817185576885e-02 4.244597323730556161e-04 -9.981555906074949247e-01
-6.060531943497339535e-02 6.451608484384572769e-04 -9.981616000883118955e-01
-6.046562284750545829e-02 8.478150962869584681e-04 -9.981699206701002414e-01
-6.029039517587434643e-02 1.032427737637461786e-03 -9.981803460346995172e-01
-6.008296187382644593e-02 1.199006393724373273e-03 -9.981926672460041949e-01
-5.984664671523059337e-02 1.347561054004027320e-03 -9.982066739026529412e-01
-5.958477141826418189e-02 1.478104084991662846e-03 -9.982221551794349113e-01
-5.930065526075341265e-02 1.590650239081779424e-03 -9.982389007573573281e-01
-5.899761468655498331e-02 1.685216663218181343e-03 -9.982567016423896655e-01
-5.867896290297445333e-02 1.761822907293766720e-03 -9.982753508729762526e-01
-5.834800946931126275e-02 1.820490932174090434e-03 -9.982946441164821660e-01
-5.800805987670206582e-02 1.861245117252882404e-03 -9.983143801548148843e-01
-5.765882617116325354e-02 1.919216424353227968e-03 -9.983345016780938996e-01
-5.729713606926668118e-02 1.994365561342494302e-03 -9.983551780665431696e-01
-5.691982449519641940e-02 2.086650946223132623e-03 -9.983765724090960525e-01
-5.652373398294088802e-02 2.196028727510472914e-03 -9.983988410563188198e-01
-5.610571507051010515e-02 2.322452804212621433e-03 -9.984221330768077163e-01
-5.566262668671307506e-02 2.465874845335980746e-03 -9.984465896180657607e-01
-5.519133653109657700e-02 2.626244308829861224e-03 -9.984723431729346510e-01
-5.468872144772220223e-02 2.803508459873947645e-03 -9.984995167527184190e-01
-5.415166779354335658e-02 2.997612388403066846e-03 -9.985282229682023170e-01
-5.357707180223758581e-02 3.208499025754810684e-03 -9.985585630198311469e-01
-5.296543068273078941e-02 3.400996184890093567e-03 -9.985905553563445558e-01
-5.232013338198477498e-02 3.575110141615936259e-03 -9.986239648135389890e-01
-5.164456777418539868e-02 3.730849607113470665e-03 -9.986585603950660639e-01
-5.094212026328673315e-02 3.868225740163701905e-03 -9.986941163752662831e-01
-5.021617537402016385e-02 3.987252158834780555e-03 -9.987304132852997673e-01
-4.947011533168248210e-02 4.087944951483193923e-03 -9.987672387825142772e-01
-4.870731963113440754e-02 4.170322686936810130e-03 -9.988043884030677333e-01
-4.793116459554359887e-02 4.234406423743466118e-03 -9.988416661979044875e-01
-4.714502292549502260e-02 4.280219718384783122e-03 -9.988788852522679784e-01
-4.635226323916524088e-02 4.307788632371009618e-03 -9.989158680890137809e-01
-4.555624960431697845e-02 4.317141738148935239e-03 -9.989524469560762121e-01
-4.476034106291524456e-02 4.308310123771204314e-03 -9.989884639985248116e-01
-4.396789114919710806e-02 4.281327396291651106e-03 -9.990237713157380517e-01
-4.318224740204350265e-02 4.236229683867525318e-03 -9.990582309043067877e-01
-4.240675087250368042e-02 4.173055636565620695e-03 -9.990917144873726619e-01
-4.164473562731112188e-02 4.091846425885313672e-03 -9.991241032311923842e-01
-4.089952824920389113e-02 3.992645743027337102e-03 -9.991552873498114051e-01
-4.017444733482321284e-02 3.875499795952653745e-03 -9.991851655988176484e-01
-3.947280299091129180e-02 3.740457305291059777e-03 -9.992136446592364551e-01
-3.879789632946364919e-02 3.587569499174079763e-03 -9.992406384127152652e-01
-3.814942335086254910e-02 3.452026941198160608e-03 -9.992660836223248300e-01
-3.752418521052784672e-02 3.333817522516449583e-03 -9.992901590903779940e-01
-3.691898510846169934e-02 3.232926639828024445e-03 -9.993130328349184577e-01
-3.633062879423621522e-02 3.149337214048319750e-03 -9.993348627743916524e-01
-3.575592506195827275e-02 3.083029708445371962e-03 -9.993557973117157545e-01
-3.519168623590560041e-02 3.033982146295656750e-03 -9.993759758178802910e-01
-3.463472864747287050e-02 3.002170128102591221e-03 -9.993955290152904958e-01
-3.408187310402147063e-02 2.987566848409977781e-03 -9.994145792611562884e-01
-3.352994535019248462e-02 2.990143112231830828e-03 -9.994332407313104572e-01
-3.297577652221896083e-02 3.009867351109170655e-03 -9.994516195049194529e-01
-3.241980070054003432e-02 3.011561531895361361e-03 -9.994698033904770851e-01
-3.186534412023201562e-02 2.995258167702642780e-03 -9.994876833369789049e-01
-3.131572699597166831e-02 2.960992251384160414e-03 -9.995051568837934886e-01
-3.077426305196053619e-02 2.908801253694189709e-03 -9.995221280584773993e-01
-3.024425904920824415e-02 2.838725120499659138e-03 -9.995385071641307295e-01
-2.972901431073332948e-02 2.750806269064379455e-03 -9.995542104571403241e-01
-2.923182024520997943e-02 2.645089583442071339e-03 -9.995691597162417175e-01
-2.875595986954556857e-02 2.521622409028707011e-03 -9.995832817039151941e-01
-2.830470733081819068e-02 2.380454546338807691e-03 -9.995965075212158713e-01
-2.788132742793515001e-02 2.221638244084105096e-03 -9.996087718572213010e-01
-2.748547691632206164e-02 2.080377690050812071e-03 -9.996200385430819013e-01
-2.711391566187442911e-02 1.956660669469528248e-03 -9.996304356741133601e-01
-2.676340582414878100e-02 1.850472470526975813e-03 -9.996400835950048913e-01
-2.643071234568450389e-02 1.761795899946905436e-03 -9.996490956278584195e-01
-2.611260343368817724e-02 1.690611298261434714e-03 -9.996575786962403898e-01
-2.580585103457186738e-02 1.636896554836527514e-03 -9.996656338453956403e-01
-2.550723130177497480e-02 1.600627122703668489e-03 -9.996733566588588138e-01
-2.521352505724887630e-02 1.581776033238019123e-03 -9.996808375717828321e-01
-2.492151824694469053e-02 1.580313910711528182e-03 -9.996881620813879987e-01
-2.462800239061688906e-02 1.596208986737630408e-03 -9.996954108550147877e-01
-2.433337385359881158e-02 1.594274650182251696e-03 -9.997026288225406843e-01
-2.404092244715055546e-02 1.574543956761026821e-03 -9.997097357376644178e-01
-2.375393172000415942e-02 1.537052403635703109e-03 -9.997166543912301417e-01
-2.347567850271864431e-02 1.481837925497906782e-03 -9.997233104937761627e-01
-2.320943245045243436e-02 1.408940890050978684e-03 -9.997296324508563314e-01
-2.295845558443277909e-02 1.318404092913804922e-03 -9.997355510319965166e-01
-2.272600183237089011e-02 1.210272751984147344e-03 -9.997409989342277425e-01
-2.251531656802873912e-02 1.084594501312301489e-03 -9.997459102412208365e-01
-2.232963615008875385e-02 9.414193845489265359e-04 -9.997502197791247047e-01
-2.217218746041145841e-02 7.807998480435658075e-04 -9.997538623702919569e-01
-2.204258820750701342e-02 6.379451679482358358e-04 -9.997568295343660649e-01
-2.193755850252597853e-02 5.128426495111154714e-04 -9.997592117049589611e-01
-2.185382097757615147e-02 4.054770896172864725e-04 -9.997610949454800444e-01
-2.178810126685708920e-02 3.158307899716178142e-04 -9.997625616933685233e-01
-2.173712848212288815e-02 2.438835702458050261e-04 -9.997636913969991657e-01
-2.169763568272505341e-02 1.896127812592437404e-04 -9.997645610454375387e-01
-2.166636034042269954e-02 1.529933182507227352e-04 -9.997652455913084157e-01
-2.164004479909479792e-02 1.339976342851235676e-04 -9.997658182671246285e-01
-2.161543672944896480e-02 1.325957538264617831e-04 -9.997663507955082407e-01
-2.158928957879307706e-02 1.487552864957378674e-04 -9.997669134938177438e-01
-2.156196233450391464e-02 1.472865914421873793e-04 -9.997675034509535541e-01
-2.153670786496903605e-02 1.282225242336280447e-04 -9.997680504211617913e-01
-2.151677272981956587e-02 9.159835072871989707e-05 -9.997684836854208168e-01
-2.150539673266007451e-02 3.745174266047972836e-05 -9.997687319467211120e-01
-2.150581247233384480e-02 -3.417722706182447660e-05 -9.997687231212285530e-01
-2.152124489274421376e-02 -1.232460893110181406e-04 -9.997683840261800681e-01
-2.155491083122522411e-02 -2.297099839266654637e-04 -9.997676399654398249e-01
-2.161001856541600041e-02 -3.535216650797662493e-04 -9.997664142137226984e-01
-2.168976735854338117e-02 -4.946315067592305407e-04 -9.997646274005684841e-01
-2.179734700295652208e-02 -6.529875083101609450e-04 -9.997621967952285971e-01
-2.193233809618923974e-02 -7.933806940365565209e-04 -9.997591429752737957e-01
-2.209142378427982403e-02 -9.158246883926849562e-04 -9.997555356837628526e-01
-2.227128999160062073e-02 -1.020335646896419280e-03 -9.997514438235785006e-01
-2.246862590364129969e-02 -1.106932244229980565e-03 -9.997469361899032902e-01
-2.268012444535413841e-02 -1.175635662065985330e-03 -9.997420820922017226e-01
-2.290248275505004510e-02 -1.226469576547945233e-03 -9.997369518659238175e-01
-2.313240265377027732e-02 -1.259460145368118157e-03 -9.997316172742327645e-01
-2.336659111000800523e-02 -1.274635994399460868e-03 -9.997261518001471226e-01
-2.360176069961601730e-02 -1.272028203852312335e-03 -9.997206308295719657e-01
-2.383463006071171938e-02 -1.251670293940329191e-03 -9.997151317257786385e-01
-2.406372379992980509e-02 -1.231174666015672761e-03 -9.997096689919354739e-01
-2.428901685050868786e-02 -1.210544451948586658e-03 -9.997042458210849691e-01
-2.451048472616327439e-02 -1.189782796516640094e-03 -9.996988653717280293e-01
-2.472810352334646120e-02 -1.168892856938072954e-03 -9.996935307661837244e-01
-2.494184992342411700e-02 -1.147877802404488829e-03 -9.996882450889754690e-01
-2.515170119476354757e-02 -1.126740813612964100e-03 -9.996830113852450683e-01
-2.535763519473541866e-02 -1.105485082297640725e-03 -9.996778326591940766e-01
-2.555963037162916826e-02 -1.084113810760867561e-03 -9.996727118725545758e-01
-2.575766576648189782e-02 -1.062630211403958530e-03 -9.996676519430890417e-01
-2.595172101482081176e-02 -1.041037506257632035e-03 -9.996626557431207427e-01
