-8.437366693020335617e+01
2.478027292364859235e+01
-6.076792967504905363e+01
-6.932728129973230580e+01
-2.611610880976238036e+01
-1.566090728616021011e+01
-4.419191277348925695e+00
-2.271883669687631624e+01
-2.366567239225316754e+01
-6.845841328269969495e+01
1.388303012171709305e+01
-2.175318479350807621e+01
-1.713163468699325165e+01
-1.866569207458822888e+01
-2.017046784183651553e+01
-3.686159281926214959e+01
-2.060800841872936928e+01
-4.249096997198427772e+01
-1.420414745103656529e+01
-2.929422577528766070e+01
-1.335467938970412227e+01
-1.165443783088352170e+01
-1.743399813947699784e+01
-3.378574219597631867e+01
-7.885216040243903990e+01
-1.214624704861284066e+01
-5.708458527051087827e+01
-3.092532645211058906e+01
-7.945595934512473590e+00
-6.457571477424943396e+01
-2.502593463089813852e+01
-1.119271481745974572e+00
-4.717811485025826812e+01
-6.771118929871447278e+01
2.904366643857721186e+01
-1.279305621673599802e+01
-4.026807960964558930e+01
-1.759773721129798929e+01
2.211554528838114209e+00
-1.770538088508773455e+01
-3.136644561901117179e+00
-3.235057051271904527e+01
3.159763582952042782e+01
-2.273137679360975483e+01
9.034261796948256373e-01
-3.473671965030393238e+01
-3.848525094599136942e+00
-5.413416270292874799e+01
-1.178891346174028953e+01
-5.367486975690101758e+01
-4.182778533552143685e+00
4.612232630016879220e+00
-1.409935678946211901e+01
-4.605524141745784306e+01
-2.965947970778906484e+00
-8.666190969840855018e+00
-1.741200589006790267e+01
-4.750143071943161033e+01
-1.984066835827456288e+01
-3.062007955824482863e+01
-1.032466113330535151e+01
-4.399537761132040004e+01
-2.650872087710164493e+01
-5.528926676342688751e+01
-2.324329971311962240e+01
-3.278354672522758051e+01
-5.468619973525963474e+01
-9.164550168922565021e+00
-1.526808365274405155e+01
-4.048126053029089633e+01
-7.901541025601217427e+01
-3.763600044333963268e+01
-2.321169168084750112e+01
-2.672762817461120832e+01
-4.202803990979556148e-02
-1.661228739183559000e+01
-1.912682342932327728e+01
-4.667109574080310352e+01
-1.589563587702249947e+01
5.497094517917154199e+00
-1.026085217795142235e+01
-2.970827994500887925e+01
-1.926067140079729256e+01
-3.786666116392799353e+01
-9.710867952293847694e+00
-3.290229397094977770e+01
-1.380810143604671936e+01
-2.518894227557802878e+01
-3.498769200097189724e+01
-2.961651595819489202e+01
-2.373388448371618509e+01
-7.563190467842942155e+01
-5.247569821482883867e+00
-4.468523991432293840e-02
-1.168362853899661680e+01
-2.627835788077128587e+00
2.163395677153363650e+01
4.809784678125516244e+00
-2.190034802719739915e+01
-7.250253088471770013e+01
-7.098501069061765634e+01
-1.685938934477770346e+01
1.962214405292843411e+00
-5.107393366155483960e+01
-1.254670522367371710e+01
-6.923469467500139807e+00
-2.814067672425506217e+01
-1.565609600381869093e+01
-3.399102175261614178e+01
1.805608949297222310e+01
-2.770615629107158995e+01
-2.991092173962078604e+01
-2.439405013805987821e+01
-1.299776597323932315e+01
2.204873943707037398e+01
7.692441111254078479e+00
-3.154294497317521007e+01
-1.519192810577874653e+01
-2.284874327782789294e+01
-3.126382669550892146e+01
-8.323331648033956753e+00
-4.789656988652533443e+01
-4.483447516837956925e+01
-3.071443267080847583e+00
-3.914476047905074552e+01
-1.936327066299582356e+01
-1.155764503108868091e+01
-2.031970304008537953e-01
-4.151397514620485651e+01
-3.780449742824097115e+01
-3.797767382860195795e+01
-2.499103393263145989e+01
-1.163766344796225205e+01
4.716070441237855704e+01
-2.892612193642656493e+01
-2.172411178627829731e+00
-6.971257786178455262e+01
-5.644076795327841012e+01
9.511167984680401588e+00
-2.256377666056422271e+01
-1.023717272507378517e+01
-1.806740955862236930e+01
-3.782596573952218222e+01
-2.544665626746103726e+01
-2.174895433747963480e+01
-1.339965166576763167e+01
-6.505998517315286733e+01
-2.425642747859298609e+01
-8.047623336596418042e+00
-1.842691419888866022e+01
-1.365498367388915035e+01
-2.132082532582543877e+01
-2.086932321013484781e+01
-4.745625510726408436e+01
-1.433720315912346877e+01
-1.477615581461146554e+01
-2.950064729793160012e+01
-2.775355482688960151e+01
3.717708211137339624e+00
-2.846023636382524913e+01
-1.036062739453110737e+01
-2.297860129394566187e+01
-8.169467761662355443e+00
-4.614621217722784330e+00
-3.159355851436614060e+01
-9.205771823806465193e+00
-6.547888078253173205e+01
-5.048817827586260876e+01
-1.778089817532392303e+01
-5.631321362896500915e+01
-1.514605791548609126e+01
-8.742489525276200268e+00
-3.724577538627490725e+01
-3.015286680956148402e+01
-6.847781530152136042e+01
-1.550038430517774835e+01
-3.864042693637431825e+01
-8.482835994242540423e+00
-2.209054152902075785e+01
-3.019037120925518636e+01
-7.505899011505307250e+00
-1.337393779142489691e+01
-1.605444246467570224e+01
-7.856506695422397968e+01
-5.523277184062741441e+01
-3.144556810262588797e+01
1.293235375092996975e+01
-7.854096858908150125e+01
-2.975830174618093693e+01
3.848518006765260679e+00
-1.807862784934424383e+01
9.296305640181156349e+00
-3.390444417077561923e+01
-3.797339923446944709e+01
-3.317842854442249489e+01
-4.289412908373353872e+01
-5.780142557440146334e+01
-1.650175546200802046e+01
-1.342525583978010850e+01
-2.076071846285024236e+01
-5.281499016373134126e+00
-2.729287260814807325e+01
3.926041843968164802e+00
-1.178143931303329062e+01
-1.996275628895302390e+01
1.365660856531289902e+01
-4.677933395319270460e+01
-6.229588453422372218e-01
-2.312034323295015170e+01
7.469572875960485137e-01
-4.568112644071478989e+00
-3.207676027181285860e+01
-5.279400729277340076e+01
-1.716533927770141688e+01
-4.590473947720033010e+01
-5.453556732435573906e+01
-1.033850342075227857e+01
-3.025006843900044018e+01
-5.019725592770664235e+01
-7.179951473189160538e+01
2.458289317871625457e+01
-2.628779316243500119e+01
-1.931396406727500903e+01
-5.267084940965732187e+01
-2.146639596390752658e+01
-2.141327041433552125e+01
9.854321191797483337e+00
2.577877469395226129e+01
-5.096811314671780480e+01
-2.662158058806704375e+01
-1.258391683441411857e+01
-7.794007694620313842e+00
-1.285471998172844721e+01
-1.327681874217244662e+01
-6.227930222284557260e+01
-3.178944436834139964e+01
-1.416568740418709993e+01
-2.933453870162654198e+01
-7.137951996382350117e+00
-4.607228918923213712e+01
-1.868185015066879018e+01
-8.153210584305500674e+01
-3.674678051710909887e+00
-2.973264109200957606e+01
-2.535700816428595061e+01
-4.283082831824695624e+00
-4.136107538741186573e+01
-6.968542792352977244e+00
-1.300233106246296977e+01
-4.000813753040119281e+01
-1.409441243322066661e+01
-8.554955027155560998e+00
-3.709601935490220370e+01
-3.337830298510682070e+01
-2.965977338440315236e+01
4.160290082831668457e+00
-1.044960284345347112e+01
-3.189076211208663736e+01
2.855192013571451426e+01
-2.229035717486322810e+01
-4.975726344917320176e+01
-8.891362908335906923e+00
-7.650480491323689236e+00
9.337377065519545383e+00
1.177466519704248649e+00
1.645880997293197012e+01
3.307099417118757145e+01
-4.595893854728952732e+01
-3.040138104177011869e+01
-9.120437587543573699e+00
-3.289112467583713340e+01
-1.717611239076929763e+01
-2.193295582714095460e+01
-2.652495348096968897e+01
-5.850143068900609933e+01
9.348467004255777368e+00
-3.497098580901583098e+00
-4.487117444361147278e+01
-1.478489445992029871e+01
-1.390214110027849870e+01
1.619604499514236906e+01
-2.726475906907512226e+01
-2.339245130810472872e+01
-3.296334851154585976e+01
-1.495653530356246641e+01
-7.039083779163307852e+00
-4.229002495214162138e+01
-2.878661109527442719e+01
-1.194234807018631805e+01
-2.379923834601520483e+01
-2.184069282268195522e+01
-1.076216418413249443e+01
-4.720860978376375527e+00
1.345864700222086796e+01
-1.121607951281486848e+01
5.178642812459292699e+00
1.390741498941132548e+01
-4.962746612408908220e+01
-2.470872085408488417e+01
-6.566334729235138390e+00
2.289229284460194336e+01
-9.702378211921340423e+00
-2.373456646524456914e+01
-2.992177074550892257e+01
-7.526556626455630727e+00
-6.223750408798313316e+00
-1.840854133242713075e+01
-1.370174394187611888e+01
-1.576761445945612650e+01
-1.840273323145578033e+01
-1.334626607442736912e+01
-1.680423852438397958e+01
-3.776405188727451900e+01
-2.402502529389860531e-02
-9.789048512307813255e+00
5.493286466855457739e+00
1.056025513166725460e+01
-1.689254690060078090e+01
1.231044002759568912e+01
-5.995593896724942695e+00
-1.670984324994053694e+01
-3.589839343809949668e+01
-2.687102724503775164e+01
1.025266910856901426e+01
-2.146042016379792017e+01
1.052143570298614961e+01
-1.509246964641075328e+00
-1.008472396538376969e+01
-6.187521301885606562e+01
-5.159771948514917028e+01
-1.437837415810174768e+01
-1.638361927756354675e+01
-1.076036880969166809e+01
-3.755827801293477042e-01
-1.927913266859791719e+01
-1.874838971178070324e+01
3.538075396500337177e+01
-5.430410757717571357e+01
-5.828710430873163517e+01
-4.514304753584613472e+00
-3.564264858449713813e+01
-1.565574943998113921e+00
-1.064132257394984116e+01
-3.985839849303096827e+01
-2.635459480337449989e+01
-8.180860071308329040e+00
-4.396026681255492008e+01
2.366900566280560891e+00
-6.744675645815711995e-01
-2.412320384753007119e+01
-1.446060949425078412e+01
-2.504557328315729592e+01
-7.822846518600186094e+00
-1.176513334044203596e+01
-6.994344817715949958e+00
3.929896797026158684e+00
-2.320484040372769741e+01
-1.884003472168599558e+01
-4.599185306322235078e+01
1.857309123567691955e+01
-2.079443825969664417e+01
-2.727940275560595751e+01
-5.070343335585743461e+01
-1.898254341001992174e+01
-2.227110236912582764e+01
-1.106393014111485584e+01
-2.204137753772963393e+01
-1.425796212569577293e+01
-8.230548949764566302e+00
-9.453439268400577689e+00
-2.839848103281352110e+01
-1.270392654072668570e+01
5.317906606228057775e-01
-6.308829248105316623e+01
-1.904098592292859848e+01
2.095641686526326541e+00
-1.411046220398033135e+01
-7.696440148316466612e+00
1.290569278946963827e+01
-2.026158075769145128e+01
-3.121027364353153288e+01
-5.387139041700857334e+00
-1.210357280754516296e+01
-4.762511920055840164e+01
-2.092683456267451092e+01
-1.010137403189501448e+01
-4.287698346734801547e+00
3.629750564493256615e+00
-1.954056348007524235e+01
-3.728028901729072686e+01
-1.887447274717920465e+01
2.218999825938452730e+01
-1.494418210487954823e+01
-1.845933331715136916e+01
5.716593445293109976e-01
-5.615966544284570006e+01
-2.145503301674814978e+01
-2.342319019002907865e+01
5.050390863591716517e+00
1.401297801796201270e+01
-2.951892196168683213e+01
-1.020997391687655131e+01
-1.104331350682416613e+01
-2.455393020665058401e+01
-8.607959504650008142e+00
-1.052332264520855887e+01
1.580875041998855979e+00
-5.569164545555391754e+01
-7.657385095354373838e+00
-4.819755686780226256e+00
-9.163211519609374411e-01
8.289874728330456577e+00
-1.038702307932709523e+01
-1.171840198724034821e+01
-1.688140023937542367e+01
1.158770513955686976e+00
1.673514152538667688e+01
-1.976784553227241048e+01
3.026046033685571146e+01
2.455112702390700363e+01
-8.307948467175885199e+00
-3.526228892438972906e+01
-1.105969780781279432e+01
-1.080502346729284113e+01
-1.208134247029267350e+01
6.527391544385661160e-01
-1.983420343479951597e+01
-1.285397428854635482e+00
-6.961297882053857577e+00
-1.291681085129235385e+01
-1.201610849296289629e+01
-3.588468012621354841e+00
-7.266712646383830077e+00
1.184497871206227160e+01
-7.305383902566970455e+00
1.523475549371962323e+01
-4.194974603689851733e+01
-1.199539037415652487e+01
-1.405027184976833254e+01
-8.158529610460615089e+00
-1.579923732492022914e+01
-1.440944671778174779e+01
-1.073148852214029425e+01
2.959259419685252368e+01
-6.804327435983259420e+01
2.804806540111272728e+00
-1.881847251179889824e+01
-2.844795635515238619e+00
-1.620084340815975565e+01
-3.378180055930323533e+01
-2.577880089077881021e+00
-6.989387176370070343e+00
8.444122649030441963e+00
-6.706590643366691751e+00
-2.275578707755721020e+00
-1.599677000036669661e+01
-7.414742178026948238e+00
3.901339940140702112e+01
-1.491469714686018477e+01
-1.253561167447951874e+01
8.495595637333760664e+00
-1.627045635632715914e+01
-6.938569198151594897e+00
-1.264821385227410211e+01
-2.232923732028708486e+01
-2.849384340952018091e-01
3.689997506170487274e+00
-8.399426923556379876e+00
-1.879917483011054458e+01
-1.120474900172411203e+01
3.356154549368996154e+00
-9.767788885924906239e+00
5.031921159232216390e+00
-5.170501159775620081e+00
2.099050653802962962e+00
-8.923314707407678625e+00
-5.346224553118975820e+00
-1.971926575154549610e+01
-4.120936422563878665e+01
1.182211644101815651e+01
-1.818372538037717945e+01
-5.080809649538873707e+00
-9.063277269353347876e+00
-5.101974984764029664e+00
1.982699138379052428e+01
-2.178954905885707305e+01
-1.441771637458726474e+01
1.510719474190194589e+01
2.073949957445464509e+00
2.826050362175823949e+00
-1.538307439948690458e+01
-1.319018488747948581e+01
2.856810809369051185e+00
1.157564835439861639e+01
-1.957436098453045403e+01
-3.819706369752334574e+00
-1.105612372566417712e+01
-9.589879521358156467e+00
-1.417935149619167667e+01
-3.793111705047884641e+01
-1.148345321718777612e+01
-1.606578836854421155e+01
1.415232059752028881e+01
3.759710051984588119e+01
4.797132762203790257e+00
2.294334438953001154e+00
-3.496414692436453464e+01
-7.666693699694352659e+00
-1.355461501389160084e+01
-1.738725528563299605e+01
-7.352619513909939286e+00
-7.934802141706573941e+00
-5.664217136393795649e+00
-3.473582910140510194e+01
-5.048838299502170557e+00
2.406651029985890489e+01
-8.629924435333769850e+00
-9.814337493226178211e+00
-6.479487858526336019e+00
5.154588361178600309e+01
-5.729247061920169415e+00
4.512722828896666982e+00
-2.407089636277695011e+00
-5.886791313802144820e+00
-2.496823642891646600e+00
-3.978406486985908153e+00
-1.273511615888656756e+01
2.513669354103138431e+01
-1.809945175083680979e+01
-1.990627621927052360e+01
-1.281344927528432898e+01
-6.197690715954478513e+00
-1.827664529357856438e+01
-4.527629019005607880e+00
1.546204850781392359e+00
-1.068161385581076539e+00
2.324811676887809320e+00
1.805157632923558708e+01
-4.648917444149121891e+00
-1.090334445743098968e+01
-2.030209876808712366e+01
-7.096104524912590250e+00
-2.750174321340498551e+00
-3.889781437077172388e+00
4.663514066775412914e+00
4.983823688008259367e+00
1.145858559731777149e+01
3.090724512448404226e+01
3.736699480328110390e+00
-7.340137490913188678e+00
1.720365928340012784e+00
5.867320104780803902e+00
6.171013547695817003e+00
4.644006332621926703e+01
1.046234237897493280e+01
-9.928482339920902788e+00
6.278780542308913581e+00
-2.137908371545563924e+01
4.929171502676646943e-01
-8.616076127365673187e+00
1.489581666188427178e+01
-2.944880816332079476e+01
3.502565201843258258e+00
3.916872637947349745e+00
-1.530946890432806384e+01
4.670816846492810726e+01
4.067150820871889394e+00
-1.791524726282299795e+01
-1.652644449430352225e+01
-1.177494315121517410e+01
-1.396399407351343314e+01
3.662452397542795168e+00
-1.972030648478989789e+01
2.335243494867828318e+01
-8.192447420192900509e+00
-5.680474882263963465e+00
1.869381638611723417e+01
2.115455031411921283e+01
3.412016309753011711e+01
-7.236991240912734824e+00
-6.776937509866321818e+00
5.066316448791319260e-02
1.943778614932376314e+01
-1.527363218115170262e+01
1.572910867273057356e+01
1.006649827340671344e+01
2.924275476581394528e+00
-8.375895940789847671e+00
1.261475031846645400e+01
1.129096023530569859e+01
3.505228800378530707e+01
-1.009004185635146555e+01
-2.293031741071693830e+01
-3.324521276964496508e+00
-4.084455732577756959e-01
-1.794647251639666052e+01
-1.508696916143181532e+01
7.985097623413715873e+00
-8.621646261777712539e+00
1.309556882937916633e+01
-1.865159262868487744e+01
4.362089669633221867e+00
-8.774040392678077893e+00
1.310128132657020750e+01
-1.353686745050799267e+01
1.241590969233059205e+01
-1.200164843663655034e+01
1.809847480429712263e+01
1.976955602406791712e+01
-6.190655409887080296e+00
-1.891454518762429160e+01
-1.667856115999693145e+01
-2.201716600982376804e+01
-1.333025347971634034e+01
-9.664433191057725248e-01
3.523443130453490113e+00
-1.805117352006291043e+01
-2.232417768451690776e+01
1.441356848165811044e+01
-6.251752981487758154e-01
1.360849792923815649e+01
-1.086822949200814392e+01
2.185569356582079514e+00
-2.454963009868250001e+00
6.857446838022157820e+00
-2.053199260148619842e+01
1.396961900103154797e+01
-6.224926960950638133e+00
-1.759910425941782819e+01
1.382635193111550898e+01
1.904115931407893036e+00
-1.468432313808540357e+01
2.776446877880108133e+00
-9.045828590447117179e+00
9.157018589586369828e+00
-2.442368023510240249e+01
-3.270331498820961968e+00
-9.369830473051255382e+00
3.389003001988715624e+00
-2.255328461554282526e+01
-1.484967387185190946e+00
2.388840569763235333e+00
1.834027691072629551e+01
-3.013485226868946487e+00
-2.746092222716915643e+01
1.681328195428424621e+01
4.418539616942353199e+00
-1.268010800595680898e+01
1.304034394566609301e+01
-2.576290399167937117e+00
-5.169209652009787881e+00
-1.290202256282979576e-01
1.905615759189823066e+00
-2.980618978094386584e+00
1.776964705989392357e+01
1.500979726855913965e+00
-1.144093654282417383e+01
6.704750347547834721e+00
-4.313027941467371562e+00
-2.074654711399139018e+01
1.055282498192450014e+00
-1.552019356937186245e+01
-3.838958730321059498e+00
7.689501451221149253e+00
-4.953940371287406941e-01
7.377359910323548320e+00
-2.852561076634917114e+01
1.102491030769248148e-01
-5.050764723138104273e+01
-7.214149834104414794e+00
8.239439447477192147e+00
-1.632815930548691696e+01
-2.590305166564200690e+01
-2.227257440047538228e+00
-9.471833890316274207e+00
-6.242395716624423052e+00
-1.166803773239405295e+01
1.108399533053222363e+01
-6.920602958529188387e-01
2.397742156708692818e+01
-2.483452020044610009e+01
6.544850969498801518e+00
-2.138849250102341060e+00
2.499310135999818172e+01
-1.431134824101360437e+01
-2.853830660066315250e+00
1.067739402140718674e+01
1.055167240996524569e+01
1.318239009572739029e+01
7.978570753645957581e+00
-1.380317397555706371e+01
3.806363851730008019e-01
1.163254324818998242e+01
1.423412656396916276e+01
1.734665596337066162e+01
-6.278074552860056556e+00
-8.604524844966118025e+00
9.973854681141460787e+00
-1.357198961174229446e+01
1.104169779081903613e+01
1.681103615983920463e+01
2.201946638528636058e+01
2.092317608629553760e+01
9.690398204256220893e-01
6.197300201810028142e+01
1.410265532818953638e+01
-1.428579996345914926e+00
-1.501482520695750367e+01
5.968453043971890359e+00
-5.437064699713653582e+00
-3.958626687950569378e-01
1.733336988239192777e+01
2.475054588868161787e+01
9.237534774518023184e+00
4.402461461264549847e+00
-1.904366403933975604e+01
-3.551812429130832527e+01
-2.215549308123506478e+00
3.505815915733838040e+01
-1.515982460609870053e+01
8.234983352402652557e+00
2.112601336374125083e+01
3.188050261453330592e+01
-1.878162786644264726e+00
9.301099706332642825e+00
4.495356246992723293e+00
1.375915052545019357e+01
-9.819026632814194855e+00
1.267569455474974482e+01
1.631994692804075342e+01
1.577110423395804695e+01
-1.999476180223408051e+01
8.178905472501412532e+00
3.179553884375117434e+00
4.399726954440877358e-02
-8.956700625220328504e+00
-7.810785942898352818e-01
2.567403630809575343e+00
7.171755220133970710e+00
-9.779466044988717188e-01
-1.867814061354794930e+01
3.579514436162646973e+00
1.152087928789128490e+01
1.614255598743418574e+01
-2.189233024837645303e+01
2.079489433128323128e+01
-2.701229202085762005e+00
1.090986090755147941e+01
9.403353546241543626e+00
-2.950289880193041281e+00
4.179978566381784333e+00
-3.243522431742980494e+00
2.373578822697890800e+01
2.593633280001103003e+01
-9.967493559113129731e-01
3.847078191209208686e+00
1.187358592867191920e+00
2.233648475760886498e+01
2.132348005401190250e+01
-1.030311285782605957e+01
-5.834637815968310548e+00
-9.197036356604623819e+00
5.518904933958656223e+00
-8.651334998829421252e+00
-4.055512032852515603e+00
-1.220533195493115119e+00
1.606986824858952900e+01
2.173158844343860352e+01
2.725436415386104017e+01
-1.320248175181053085e+01
-1.300780581662058566e+00
2.392722471307629828e+00
1.379511521864524326e+01
2.513500781443505616e+01
1.143077239198011874e+01
3.679233037453963462e+00
1.493027725943197126e+01
4.549127216466905566e+01
-8.377984202171839812e+00
1.328653583044295772e+01
2.827170121128470104e+00
-1.637123049999016544e+01
1.252069443123220438e+01
-9.589179419064503662e+00
2.023784147372046149e+01
-3.716737814761526870e+00
-1.600169358538631403e+00
9.777076559473345085e+00
7.353569439613059089e+00
3.566544446516668909e+00
-3.404575070475702958e+00
1.248700108846352741e+01
-2.035556019031650976e+01
-2.618205581223030620e+01
-8.941315463580338019e+00
3.582811060488790389e+01
-1.001690302216469242e+01
-5.378157404043813372e+00
1.078094747266833231e+01
1.069806161165065461e+01
-3.046234597223944185e+00
-6.155199309238890137e+00
2.053619625512394009e+01
-7.980500521481095788e+00
8.616083385089112312e+00
3.997603042013665675e+00
6.632779575323701238e+01
4.014501694070856530e+01
4.750125925629998846e+01
2.158001131549005791e+01
1.407152575846351183e+01
6.036324016649368929e+01
4.231247049027912510e+01
6.896788389301132582e+00
2.606091102785966385e+01
2.026575316021450135e+01
1.708708793928825642e+01
9.225979515368969430e+00
2.414155479922265002e+01
1.044365120309589656e+01
5.301208442776947471e+00
-6.713490045860200262e+00
1.497960351171855820e+01
1.328427110238798470e+01
3.609645641714818254e+01
6.529400034386015683e+00
6.513010682022503772e+01
1.273716787216642388e+01
2.013705899628957496e+01
2.512904350511819729e+01
4.944281585797541112e+01
4.712868176769786288e+01
-8.478052884828461089e+00
9.188550619497227956e+00
3.141732163003370548e+00
1.983137801101701214e+01
5.236616939269989501e+01
2.915359065936982574e+01
2.392715818331718935e+01
5.141020252538383062e+01
9.480046009740100033e+00
2.050974264979749861e+01
5.196693185986129038e+01
2.484174813701730500e+01
2.415052862998062011e+01
2.107459174317866157e+01
2.201248640524051581e+01
2.407329189206026498e+01
4.946456508408648034e+01
-4.727689425991557393e+00
3.010330248807267850e+01
2.209443030308519962e+00
3.357456394282813505e+01
3.990672514284124173e+00
6.164705467555148743e+01
6.733259345283475739e+01
5.130903565135209021e+01
5.474630922855292425e+01
-7.428479269598504686e+00
6.817557420460287787e+00
1.658020567686624247e+01
2.852356117266975843e+01
7.301018063905935662e+00
1.921318112925927934e+01
-2.466749546689660733e+00
2.424703734694280044e+01
9.538576937239313658e-01
6.479086929321994148e+01
5.678948101635901935e+01
1.432415578945659895e+01
3.445378678357798918e+01
1.116643311243981529e+01
6.016771015819889712e+00
1.190849230841427975e+01
-8.815798012738682132e+00
3.794530727301690831e+01
-5.232064973432252408e+00
5.817255330001971458e+01
4.795183263911201976e+01
5.895220644151820011e+00
2.201262141783381665e+01
1.555142081188602532e+01
1.165929104099394920e+01
2.258592443273055750e+01
1.186951175007824055e+01
1.761295982136580918e+01
1.419501603895997022e+01
2.773548925580976743e+01
4.054926870334114142e+00
5.610675835071887718e+01
2.321693779824901327e+01
6.337977713324522000e+01
6.872478810949406380e+00
6.080219886992427547e+01
1.595481657243209384e+01
1.969441480131920130e+01
3.045436912899523207e+01
3.697213353468587371e+01
6.720392305869533800e+01
2.915858520433270584e+01
4.718016152577619948e+01
3.258420818717495226e+00
2.748642284773519862e+01
7.031025414144820296e+00
2.331945460767206413e+01
-4.066732330659493577e+00
-2.948666624682415360e+00
5.045300513794343544e+01
6.184972409337527210e+01
6.543110478114837925e+00
2.021095528733104985e+01
1.699439471342298802e+01
1.344434418814582877e+01
2.348625973148975632e+01
2.843008723159612927e+01
6.706687584291048942e+00
2.451305951268355798e+01
1.947664889530668830e+01
2.371502283692422353e+01
2.663430013299396748e+01
6.086120400319759938e+01
1.164585810570213198e+01
6.136804133742926837e+01
6.663067758730520040e+01
8.688694588259725293e+00
6.935809411601046293e+01
-8.479921722693569919e+00
2.319506557870040231e-01
2.388383546549111713e+01
9.192389603320268776e+00
5.866002846957673000e+01
-3.724561733985651379e+00
2.207019635323068130e+01
-2.136616309674273517e-01
3.119161127012508317e+01
4.541296460104988597e+01
5.664163064816936100e+00
1.909165899089770946e+01
4.768459544571983599e+01
2.074498981629677274e+01
-4.645297219407391154e+00
5.450959705251445797e-01
-5.955964154611786299e+00
6.896298793567119390e+01
6.586767688254778363e+01
2.014936251222994912e+01
1.519160787913566857e+01
2.286628015923217205e+01
2.794221939235495000e+01
6.261113164618686255e+01
5.720884994330707940e+01
6.263008223484933268e+01
6.987820255993138119e+01
2.197881024971677277e+01
6.917457654036548220e+00
1.470284546313806828e+01
6.375621754974437749e+01
3.819647003177564670e+00
6.802980383858353797e+00
5.371654758039468902e+00
1.499172122969696197e+01
-1.575420456417696435e+01
-2.961667593113748165e+00
4.326286884167240032e+01
-6.576938804134166539e+00
-6.396671144286933064e+00
3.270397655997343378e+01
2.410216617717284038e+01
2.659198466084773571e+01
1.188137444813050436e+01
2.721178111104956443e+00
1.859497942870699205e+01
-1.091601042803338650e+01
3.608164720073948217e+01
3.091838943822049757e+01
-1.489983121047972148e+01
1.306703003226956206e+01
3.204573259973321342e+01
1.806129451329639579e+01
7.442012028630969667e+00
1.518963307418921715e+01
4.669612054379509658e+01
1.855674304377316375e+01
7.471960694007045767e+00
-4.720883689292700858e+00
5.235134842845234004e+00
1.332305053677510998e+01
2.117921411604682191e+01
9.121751491152728875e+00
9.214120196822214837e+00
8.094488058964151023e+00
1.878433390726718244e+01
3.150985014422456842e+01
7.667344035423537818e+00
2.884266108576693455e+01
5.971918102311190779e+01
6.926077719405689948e+01
2.003689761836255556e+01
9.884174609032749359e+00
2.647384896761785811e+01
4.497623394190645030e+01
4.235041950977062264e+00
2.091953170497034264e+01
1.471584053657781332e+01
2.734627904335264859e+01
2.400818326742439268e+01
7.172190804825825694e+01
1.927663284239711228e+00
1.289692681017111653e+01
6.377512466325224061e+00
1.791843507604538743e+01
1.088487848737118036e+01
2.495104474214573287e+01
1.400787327583277531e+01
6.720488323298813782e+01
2.211895146697570169e+01
3.423345555944918317e+01
6.726775449706791221e+01
2.422165503822649057e+01
2.106331163235149262e+01
1.365426714663509422e+01
2.100433202349721640e+01
1.512783096863831922e+01
5.241081808354709182e+01
1.275529941215494745e+01
2.786650575437588984e+01
6.040889260909984415e+01
9.072290031634546281e+00
5.517337397263040799e+01
6.443946851904196649e+01
6.153370692585459523e+01
3.930584376430307003e+01
5.934335581011748673e+01
4.306102401219620646e+01
3.032530599599261834e+01
6.349562838412892773e+01
1.638788696377206122e+01
5.199471407289229319e+01
5.745384123465298387e+01
5.637665140506572925e+01
4.253485688884819638e+01
3.310554542639620479e+01
4.480572461902625747e+01
1.172596785160239818e+01
1.198421080097373803e+01
2.068128570558850754e+01
4.882469011308687357e+01
5.732472170509526066e+00
3.112926487815061094e+01
4.827109876037384595e+01
1.226341495141143234e+01
2.441606449635720821e+01
1.341704624191370954e+01
1.838590692154139106e+01
6.750231691331190120e+01
3.055092521726088250e+01
1.111160913501372072e+01
6.555669994328469841e+01
1.640128737406450554e+01
1.928630716596662964e+01
1.759337640263303371e+01
1.737896604737053252e+01
5.830606926655439537e+01
1.480537135406879656e+01
6.486050517582557973e+01
6.343851474411947322e+01
6.108150016569444318e+01
2.672299618234068674e+01
6.351287313532147039e+01
5.363566885206758883e+01
3.745090149844428140e+01
3.612480035803430667e+01
1.652945495223529093e+01
5.555514597905295915e+01
4.923664650799224063e+01
4.696578161696827181e+01
2.820235819441128555e+01
2.611917665504588371e+01
5.984397587170036559e+01
2.059609648945794547e+01
6.502030509495989463e+01
2.439461042357294573e+01
4.734518390890804085e+01
5.597578530727482615e+01
5.545739192404276707e+01
6.062092982923201845e+01
5.142012552090353239e+01
4.408488054708502091e+01
3.102477343512688535e+01
2.769842218573774062e+01
5.644641916070254695e+01
2.215199086307572429e+01
5.458993972308314113e+01
5.818092360265222851e+01
2.825322319490728518e+01
5.710241251208613278e+01
5.699461834932746740e+01
1.731669143651920351e+01
1.756758078160755687e+01
3.072787725904482414e+01
2.524755460877067037e+01
3.304466928088503863e+01
6.055066888094049204e+01
3.900411004897496525e+01
2.282171405616707816e+01
3.548417069540384006e+01
3.900667180826825398e+00
3.640780024189992048e+01
3.192106115448743964e+01
1.483457915431637808e+01
6.081795194297610152e+01
-5.327490583747341191e+00
6.636116527984725622e+01
2.242850009590540239e+01
1.321686279154021015e+01
3.335379398566757914e+01
1.650042749793760066e+01
4.141737157134517133e+01
1.836965220471153160e+01
7.706227045820562616e+00
4.199570661719514675e+01
7.349058900602891242e+00
2.281280074387000667e+01
4.494034401278614865e+01
3.341662724998742107e+01
1.242085464317370125e+01
4.828098219807125702e+01
1.335461995579457373e+01
4.428191398178216076e+01
4.245632115088438852e+00
4.229716298864571655e+01
5.527274821834290464e+01
5.424912578438120647e+01
5.778493256541865009e+01
6.181523798459993913e+01
3.562656408034344802e-01
6.116359496746505897e+01
5.661997012121368300e+01
8.719408730959690601e+00
5.570545382669823198e+01
-5.904614966028810308e+00
5.517114997369738916e+01
5.650675476766763694e+01
1.928529362632222188e+01
1.671220417274045289e+01
-3.457355781410026641e+00
3.669422043677831091e+00
5.439248916760281816e+01
1.902966409944242798e+01
-3.097863865554760565e+00
5.309784816222141046e+01
2.854986179294233395e+01
2.427042487149595473e+01
2.535798688938007572e+01
1.918678746924180833e+00
5.702494549713125593e+01
7.274004220451940839e+00
6.931269441955356569e+01
2.762188689437602918e+01
1.918935615690722685e+01
5.544041075573131394e+01
6.333072234761574038e+01
6.739961177271896986e+01
2.944101846795648925e+01
1.649358997504645785e+01
4.680300258495616816e+01
6.665898442704178706e+01
6.400325381648512746e+01
6.547470376044374518e+01
6.390563964794474572e+01
5.883624969630920276e+01
5.586592766268346111e+01
6.289117885384935391e+01
1.134555134871132909e+00
6.285456424770837458e+01
1.780126219184167269e+01
3.499502616663478705e+01
6.543146444630977498e+01
6.609223378132975313e+01
6.306426787986005422e+01
1.903017423468516256e+01
7.479772394133075153e+00
5.411068631020485498e+01
-1.632584763635575309e-01
1.604413127880765799e+01
2.570134228303993851e+01
2.215418608258345401e+01
1.831341349835808785e+01
6.090080354776161187e+01
4.923034978315390475e+01
4.927284490279340190e+01
1.479990067583880631e+01
6.617941581493224135e+01
5.042701181702193480e+01
5.463444413090694951e+01
2.289818966845898274e+01
3.875131201748723697e+01
6.417309810847183371e+01
4.014646225120540635e+01
2.880757683653529355e+01
2.128724757710699578e+01
4.678559091796952174e+01
2.268391788545115872e+01
4.634805901669842143e+01
6.448523060574163424e+01
6.713667597686085742e+01
5.242662305717971094e+01
6.542788785588399492e+01
2.836383085659232606e+01
6.356568522050820746e+01
6.129508791763690567e+01
6.641463538420956070e+01
5.944709171755781085e+01
6.748818280474969811e+01
6.379212312441379851e+01
6.272329541217469995e+01
6.347790832188479726e+01
5.428504895432490684e+01
6.812165096917118490e+01
1.385446140630978817e+01
2.788332607191703261e+01
1.714832805904580226e+01
5.968494417438163424e+01
1.028070796446065671e+01
6.624148196852007686e+01
1.883100638455749021e+01
1.786998949210524756e+01
2.123807368691397102e+01
6.224186392297444570e+01
6.960565471865720610e+01
6.033528159043311234e+01
7.075243471954101437e+01
2.952129138996215474e+01
3.978736257185558856e+01
6.974970802700745764e+01
6.727135889956653614e+01
4.820875343269193536e+01
5.704855175591823269e+01
5.739635853589229697e+01
2.094503360940367998e+01
1.739593868100910612e+01
1.707578753365018187e+01
2.305890564260955244e+01
7.047993927830619043e+01
5.900902598410355182e+01
6.643200107145862887e+01
6.435888389209966931e+01
7.159153987468546632e+01
2.393841977600717996e+01
7.049458415732767946e+01
6.725174762346925661e+01
2.674285025855057185e+01
6.494969120143169050e+01
4.318141514176104323e+01
7.007367923120078501e+01
1.358461083357633292e+01
6.467266196847606352e+01
7.026156430949876608e+01
2.930188855814884619e+01
2.856053905973044849e+01
6.116560619219499984e+01
2.013242498176485640e+01
1.615400552657641242e+01
6.590604059497155731e+01
7.065513999542096713e+01
2.441212515450746423e+01
2.623268399264793871e+01
6.910115302699779249e+01
7.458868646561882088e+00
6.421659434681950529e+01
6.218268437096655532e+01
2.161455462000233041e+01
2.780485991570597548e+01
7.461830944557078737e+00
2.744515319952932231e+01
6.414715396560272609e+01
2.132094626458444253e+01
3.345802005274772739e+01
1.124990055499246466e+01
8.777234756922489112e+00
2.523483425584912965e+01
5.074382125511370134e+01
2.908738554784682151e+01
-6.061051450303569510e+00
6.736542124930024045e+01
6.696845450743899164e+01
6.987262793160984131e+01
1.561750794673615772e+01
1.986511362197090591e+01
5.374901709927793547e+01
6.122146180435345997e+01
6.568931816700035142e+01
1.123819704250629492e+01
2.208209922871883180e+01
7.010938048447005144e+01
6.969618215146417128e+01
6.579124194860075647e+01
3.492372862600419126e+01
6.980687956250881143e+01
1.014698172238516172e+01
6.877894456456309058e+01
2.938314065905195704e+01
1.820584781870455515e+01
6.840492466244074876e+01
1.475515318151411037e+01
2.223358933090248968e+01
1.749671467327452845e+01
6.988080403692832476e+01
9.828643339623628350e+00
6.628780361218646533e+01
6.132236539712343504e-01
6.704532778782231617e+01
1.235787735279663835e+01
1.569728803720783894e+01
5.129630909298687413e+01
5.792842222731876234e+01
2.862358180727772705e+01
6.334079567920112197e+01
6.346764982422467938e+01
2.619075347688557542e+01
2.413155703288831333e+01
6.682033835548915590e+01
6.316627490467782025e+01
2.762422105333579481e+01
6.115133159934952545e+01
6.996435692586550203e+01
1.998255890490070641e+01
6.775559187392327942e+01
6.197269894494361608e+01
6.009756306283329508e+01
7.019361774363338213e+01
7.507202665886630655e+00
6.892515646907966698e+01
1.456650004564402678e+01
7.031269886958250481e+01
2.490327453727622498e+01
3.393673733671359827e+01
1.353370045293940294e+01
2.855914824920085948e+01
6.932458128332582703e+01
2.157881451957116425e+01
6.777611421718432894e+01
6.345257331652214816e+01
6.146237454558914948e+01
6.738838131170165013e+01
6.215508421973537878e+01
6.956455943049013513e+01
4.853902107944552569e+01
3.124512175071852482e+01
6.271744296859833412e+01
1.625163172587076588e+01
6.862203108390107786e+01
7.042002681562044586e+01
1.494346915404241471e+00
4.567500789387494109e+01
1.330354752063007417e+01
2.415948156138580050e+00
1.527750244053343387e+01
6.817134878000761944e+01
3.914105676322299132e+01
2.750335304169118089e+01
6.697724679714301033e+01
6.057255914626391302e+01
6.013650184434281698e+01
6.575444109164074291e+01
2.062729400650624001e+01
6.140552310654000934e+01
6.856819847322215367e+01
6.402834153374479342e+01
6.947519746681504671e+01
7.474795101545391063e+00
6.678855931234774346e+01
6.715651462703739583e+01
5.984788751111253191e+01
3.216783360200927433e+01
6.586685689210798955e+01
6.921217965091791768e+01
6.674166400969617996e+01
2.321690699585110806e+01
4.803918359377934877e+01
4.642777448958808861e+01
4.481868863530976022e+00
5.106572428706102329e+01
6.386142410288405102e+01
7.164699616941217819e+00
7.084794134289467138e+01
2.364006043583948724e+00
6.728511659269466350e+01
4.821095086688072229e+01
5.660070891877049348e+01
6.446520006135565950e+01
6.346962029644315351e+01
6.268215437970548010e+01
5.816987971491617060e+01
5.762488359918274483e+01
6.736208847859276716e+01
6.784329083691024209e+01
4.958905162140883505e+01
6.974442271033720431e+01
6.612565397060716066e+01
6.462258672957796080e+01
1.769551981426930709e+01
4.086482842690123363e+01
7.119871198924880673e+01
6.681485762391459104e+01
6.521935670429104448e+01
6.559510739797859458e+01
4.949180849490226564e+01
6.962147364795400506e+01
6.887435327347178315e+01
2.090240212495379524e+01
7.007385074115514101e+01
6.761174638620387611e+01
6.999908901308927511e+01
6.997265470528168407e+01
6.556080642736179698e+01
6.367254012053237489e+01
6.846980347273320433e+01
6.846888181668261097e+01
6.943886233609187286e+01
6.879821908466232117e+01
6.913496914477373423e+01
6.301294842795228845e+01
7.197628717039090418e+01
6.222106765176544485e+01
6.985320560170939075e+01
6.871345087658210105e+01
6.782195467795777688e+01
6.334165767947578729e+01
6.482566338724794264e+01
6.878468657614206450e+01
6.704532946592641451e+01
6.957225077629944110e+01
6.339160658840401652e+01
6.995157177222120026e+01
4.328383817717542570e+01
6.770075841718814047e+01
6.573511369868869281e+01
6.486754116859169983e+01
6.767257161736289106e+01
6.702434979057764508e+01
6.824808154376971459e+01
4.453937283332137298e+01
6.669882386090031900e+01
5.910450856299760147e+01
6.947390139065080916e+01
6.990954008849921308e+01
6.804383380186422414e+01
6.665275125412576074e+01
7.018404123754325497e+01
7.095918153496353398e+01
6.630927399619311302e+01
6.595243801464549449e+01
7.188971454931466099e+01
7.026415014888770827e+01
6.907389083447391442e+01
7.057240462893850008e+01
6.716235369783909448e+01
7.111831914913163644e+01
6.794351728262802226e+01
6.670634749704647959e+01
6.950241939533387381e+01
6.906088650420026909e+01
6.466042299107759561e+01
7.197613246505341067e+01
6.549005798057076788e+01
6.386575935539578808e+01
7.132234627217680156e+01
6.995864546665180228e+01
6.200565587311506022e+01
6.195496869870792978e+01
6.636753849834531138e+01
7.150604885902262708e+01
7.132587984585246943e+01
6.727154433179228477e+01
7.206311601123735500e+01
7.018104865815412552e+01
6.659165774716721842e+01
7.167182810352156253e+01
7.141806184814159053e+01
6.974818975728594239e+01
6.468551054122688981e+01
1.773476873995284109e+01
6.715017818463063293e+01
6.476757652517436270e+01
4.105548212680744768e+01
3.469285323244815089e+01
6.224996614904111425e+01
6.855772100511906331e+01
6.461784563239638146e+01
6.340243504677555109e+01
6.885407404815961740e+01
6.627317573297260367e+01
7.116523741093038780e+01
7.132804073616715357e+01
6.888537191681048455e+01
6.685403166330659985e+01
7.012472551676717103e+01
6.821659509574236324e+01
7.057200184167881218e+01
6.444116164412496062e+01
6.559565947268184516e+01
6.677804732682318445e+01
7.088872645131249328e+01
6.967425567134620223e+01
7.003454470140327714e+01
6.809171726294979976e+01
6.624875410158128375e+01
6.837797553921818405e+01
5.797042692504307837e+01
7.045002927606846299e+01
7.096054555618979975e+01
1.678891422461575900e+01
7.105766030007218603e+01
6.309715410269190983e+01
6.565978992267638148e+01
6.544774659457976895e+01
6.756563049080602923e+01
6.818855897988790105e+01
6.862234225526296427e+01
7.134084498604903501e+01
6.189731701610267578e+01
6.657564982389307318e+01
6.913624436249703820e+01
6.325730286320001028e+01
6.586182971981737921e+01
6.831789125587023648e+01
3.532787179122527021e+01
5.677492763814586851e+01
6.242650361068636755e+01
6.636767947933618927e+01
6.833593522767168338e+01
6.326107804474397511e+01
6.595779615790782202e+01
6.660087731537596767e+01
6.830905625585901930e+01
6.951215476002889204e+01
6.331592471005089351e+01
6.646101809761059087e+01
6.392545657941700910e+01
6.540109335144620673e+01
6.899566768575229503e+01
7.028879125284417739e+01
2.711200613084108113e+01
6.837955674335515255e+01
6.265277717193779239e+01
6.970467708700424225e+01
6.709227588328859326e+01
6.827158501244346667e+01
7.053732075205545016e+01
5.206043117545009125e+01
8.801813796480303154e+00
6.227240777137896544e+01
6.975782027205636382e+01
6.458619810452822207e+01
5.421717431282252875e+01
7.139803144911701338e+01
2.074238908575646434e+01
2.312000241017318913e+01
5.469072078639760548e+01
6.862882316979248287e+01
7.122544496793163660e+01
6.530255696202632976e+01
7.232770406502842775e+01
6.926068308992354616e+01
6.942157675385459470e+01
6.183264838526270779e+01
6.914929091051094190e+01
3.778172196439565766e+01
6.904738585993457889e+01
5.067515096627545290e+01
6.787886243185636204e+01
7.217961588049855948e+01
7.034319509498511991e+01
6.801454249855233058e+01
7.071506851064192745e+01
6.373979145560282689e+01
7.090459848211042981e+01
6.662303012438296435e+01
6.568770197799528887e+01
6.846110504856596890e+01
6.115222011517715828e+01
6.857611403688024154e+01
6.775612408433620715e+01
5.210936907479069902e+01
6.924980746447620561e+01
6.701816471136012865e+01
6.201975225503824873e+01
6.573285986161484118e+01
6.199467134559851900e+01
6.400704673733869754e+01
7.150788982356169754e+01
6.348736518358984426e+01
6.781134784021453754e+01
6.399966390471431765e+01
6.478613478470734321e+01
7.029757343860981678e+01
6.401926702095860833e+01
6.777755200739021291e+01
7.043853242458816055e+01
6.279653314084621485e+01
6.606572407701214900e+01
6.168847133642051972e+01
6.391752692309906791e+01
6.980961740256235259e+01
7.149953185692237412e+01
7.065320879849963376e+01
6.673294396584314825e+01
5.127047703740657170e+01
6.620246525896524759e+01
6.914916312964403744e+01
6.664604778441092492e+01
6.177814040249723604e+01
6.869908971546463761e+01
6.781120915237579538e+01
6.557342590741468769e+01
6.471235975155445885e+01
6.914778568608751641e+01
6.070215786633903576e+01
7.156286294593645891e+01
6.778880286879756056e+01
7.027464244471211430e+01
7.104921642180894992e+01
6.655315695190712688e+01
6.996382581659378275e+01
6.479428408359549962e+01
6.260042882225280891e+01
6.960233992182078566e+01
7.013373843214735359e+01
6.946566097131132267e+01
7.073953979157762717e+01
6.761701480707012024e+01
6.907232903441590111e+01
1.810023075561976924e+01
5.873323601054121923e+01
6.770589223834464576e+01
7.186093140818313429e+01
6.647342510129078619e+01
6.704188749206085163e+01
5.225588183467010595e+01
6.219436160477998499e+01
6.427286428983816791e+01
5.890051690741043444e+01
6.112724490230291252e+01
6.938802461036304692e+01
6.695686507999772630e+01
6.255472305388588694e+01
2.767237111766653612e+01
6.839110354284113669e+01
6.752632330969845498e+01
6.429030390591267974e+01
6.692031951482225338e+01
6.250420070899611602e+01
6.667995778467417267e+01
6.524944839419404730e+01
6.010933262206604866e+01
6.652112731749770091e+01
6.618311814104272628e+01
6.861113204328950133e+01
6.462572490586093465e+01
6.880809617333308381e+01
6.881780488236327642e+01
6.347319428956556209e+01
6.635040236266652869e+01
5.408524400511075214e+01
6.711972367530935912e+01
6.936967065237486452e+01
6.812115528134631859e+01
6.748442767180037549e+01
7.223946301461428732e+01
6.661267505469410821e+01
7.067753143562343610e+01
6.893662182915775816e+01
6.787573305237413024e+01
6.454551535881272173e+01
6.409427423152415315e+01
6.880696395796711329e+01
1.585970325874831133e+01
6.801243430469259010e+01
7.056830306731831115e+01
6.292127026500720888e+01
6.694792091219508734e+01
6.453408249261950402e+01
6.663080149125877938e+01
6.474902052079012549e+01
6.342313202922983351e+01
6.821264727479562850e+01
6.149631615501908755e+01
6.890973272294128549e+01
7.010877678102335153e+01
6.359433061015403865e+01
6.880053730784857180e+01
6.364376699991285591e+01
1.248542075519611849e+01
6.471604223037466852e+01
6.549065141669971979e+01
6.729525939238068588e+01
6.706842823985903124e+01
6.227641311788035949e+01
6.878583924687265494e+01
6.752004591796404043e+01
6.786781082185714808e+01
6.669736092335418221e+01
6.662923980446659300e+01
6.810320035516178905e+01
6.544415767871940659e+01
6.831670631078722522e+01
6.478935874496900738e+01
6.622906497350535915e+01
6.869419265783365347e+01
6.681184972181979731e+01
6.631508690812196960e+01
6.397383288107276655e+01
6.516231663599663193e+01
6.570377576025710198e+01
6.685589466403698111e+01
6.543283723388572071e+01
5.003254606182893838e+01
6.726244659208430221e+01
6.844676231713039272e+01
6.105712288178661140e+01
6.798794960697917134e+01
6.631383885440027370e+01
6.841334167504032848e+01
6.773282220555250888e+01
5.272480845116883330e+01
6.869443909496928313e+01
6.787090963965054868e+01
6.264509834389727416e+01
6.318149764256154555e+01
7.021977299560580832e+01
6.394733536815211750e+01
6.935968496846017217e+01
6.554042931517230386e+01
6.617344136583155034e+01
6.996661804864568523e+01
6.930091004014226996e+01
4.184228000321657248e+01
6.859956504973661140e+01
6.564490086214965459e+01
6.812516621741215772e+01
6.672905621118637498e+01
6.735846291621240312e+01
6.722541034458120635e+01
6.518554870216235031e+01
6.961337828291239305e+01
6.652846174097589937e+01
6.125457949811602987e+01
6.892597977321509006e+01
6.852325676603842908e+01
6.631660574262829755e+01
3.958123345907063140e+01
7.032127403504519236e+01
7.144200629995221163e+01
6.905192526699129019e+01
2.077928335811921201e+01
6.648392167619567772e+01
5.284927018629571194e+01
6.826716938145564484e+01
6.939447640424687336e+01
7.083738833743292673e+01
6.562061900284004423e+01
7.017154092159611878e+01
6.931169037928748367e+01
6.857106993008426343e+01
6.522982286128555529e+01
7.112034077283914257e+01
6.944800767276805686e+01
7.008773546824235723e+01
7.012860045675444098e+01
5.822370259828438321e+01
6.229629146207782497e+01
6.830292079177048947e+01
6.654048961247438854e+01
6.488214715400094690e+01
6.642079984654155567e+01
6.522627117360600835e+01
6.882488038754530635e+01
6.861753672701411233e+01
6.992152630343647957e+01
6.475635790987310259e+01
6.483718047743838042e+01
6.787862079887757716e+01
5.741286198312980815e+01
4.318318729403145539e+00
6.529683713196000383e+01
7.015291197775803766e+01
7.043728215415308114e+01
7.133663218853381238e+01
6.940599278271859873e+01
6.895320340727266739e+01
6.867284783601063225e+01
7.015791495644565146e+01
6.793521742460973201e+01
6.843005483657813670e+01
6.553533246307105742e+01
6.599336873260733682e+01
6.942741161444797626e+01
6.824905681639909005e+01
9.836318482214140957e+00
6.333310300019970640e+01
6.319869779615601146e+01
6.975980070136697009e+01
6.662462345956808463e+01
6.889131499450533624e+01
6.846140260677812250e+01
7.073059443870583607e+01
6.951197369694560280e+01
6.862543675368240770e+01
6.195604071910479860e+01
6.332217519772654413e+01
6.841942339517591165e+01
6.914974291138705098e+01
6.802680949947863098e+01
6.265669491132477731e+01
6.908035148438368367e+01
6.568101435617072070e+01
6.683976277628090656e+01
6.679741541450043485e+01
6.878079818111294230e+01
6.370048643500005880e+01
6.734587332099033574e+01
6.911531841688663746e+01
6.794071224790522479e+01
6.233932731320184217e+01
6.092666170622522515e+01
6.695641966443619708e+01
6.850691541290079556e+01
6.749787550140064241e+01
6.824515183294887777e+01
7.079569942462661913e+01
6.741344732578284038e+01
6.696679676139919479e+01
7.166076412187182143e+01
6.924730512829012241e+01
6.799484219244914129e+01
7.026765380225175761e+01
6.957958704378749815e+01
6.702533068298667729e+01
6.676138380078590728e+01
6.920623404003420376e+01
6.831193820882702994e+01
6.755154555700592311e+01
6.299751052777889271e+01
6.926540850856571296e+01
6.985391490911656831e+01
6.776416202672278644e+01
6.623502211565440234e+01
6.939410173073453336e+01
7.076419086485846321e+01
6.827879397754949764e+01
6.658958519856734881e+01
6.925561053299669823e+01
6.890942572219758233e+01
6.753430857771208196e+01
6.944913341181985800e+01
6.572055352665019257e+01
6.979165109578494253e+01
6.944797391781956719e+01
6.943298343353708901e+01
6.620737317486081963e+01
7.017312564003185571e+01
6.797224957365519060e+01
6.601642156913777626e+01
6.935776655438074556e+01
6.387847045152365411e+01
6.870771921642635505e+01
7.069710146360959868e+01
6.518511564949618275e+01
6.741206096880748078e+01
6.752058773259615521e+01
6.827070371190484366e+01
6.754214334235383888e+01
6.951608611255535664e+01
6.861470350067219215e+01
6.356282581844264712e+01
6.702887092014196924e+01
6.188944229091281812e+01
6.778191291597369172e+01
6.780434370258841170e+01
6.730908395737785099e+01
6.666930717056442290e+01
6.743354185834043335e+01
6.930479891828233008e+01
6.561214682137421050e+01
7.014447740200239423e+01
6.186174487342395167e+01
6.848724772795775095e+01
6.797776604962180613e+01
6.387089210149834884e+01
7.169839148764721415e+01
6.735650248409075402e+01
6.501935111582690752e+01
7.160987538759601989e+01
6.745355504282645143e+01
6.297728077100954636e+01
6.976863769150968153e+01
7.070351866681016872e+01
6.812784380179077459e+01
6.212065337455741343e+01
6.792016502088432617e+01
6.882380380680176302e+01
7.070364081825350411e+01
6.853914886382139571e+01
6.988303939263568054e+01
6.987467364224090716e+01
6.505336382457056743e+01
6.956329513735370540e+01
6.244235251108241869e+01
6.742712508799111504e+01
6.897870085927667105e+01
7.078246507939188348e+01
6.346120133827457721e+01
6.204512339259534315e+01
6.134591459161895699e+01
6.699186890217261237e+01
6.769039103763329024e+01
6.473781762804456719e+01
6.751048909279484178e+01
6.952410981911360466e+01
7.049295929250268955e+01
6.983034266256841249e+01
6.365444804368078735e+01
6.881743304873508293e+01
6.790416402961646725e+01
7.001841139950795423e+01
6.842546163717878471e+01
6.558783369298394916e+01
6.921972858093698733e+01
6.847313353961540372e+01
6.914975864019677942e+01
6.779637034649994121e+01
7.115315251593494850e+01
6.293487995265492430e+01
6.458955558287763665e+01
6.866877491281087487e+01
6.779155517223064464e+01
6.698775923302353874e+01
6.622593903236591473e+01
6.839899467836983149e+01
6.916352151562344375e+01
5.636847556762310774e+01
6.473182918533207442e+01
6.444217368082485109e+01
6.112372117472116884e+01
6.651231628585213684e+01
6.906146934405327897e+01
6.990584884847099545e+01
7.071133301476552901e+01
6.067962546483040853e+01
6.327883080631269763e+01
6.980267349981407676e+01
5.746455138330501455e+01
6.663984736980732748e+01
6.711112441035469089e+01
6.590370120806662158e+01
7.007969058338335344e+01
6.581750218141634434e+01
6.598257707117798532e+01
6.295875690150335657e+01
6.345717286766787879e+01
6.170374755334815831e+01
6.601078934862393055e+01
6.514603147680236361e+01
7.073886467097075581e+01
6.873348626281116935e+01
6.534199034915832272e+01
6.819170451318387904e+01
6.729016209716409946e+01
6.881340983359091013e+01
6.869783581175674669e+01
6.872030536487503127e+01
6.268166360293848527e+01
6.312104561742393116e+01
5.880533827954477744e+01
6.309178350230448729e+01
6.603540597993755057e+01
6.710388538658256152e+01
6.713169477230898963e+01
7.015340939333927395e+01
6.248847192935673434e+01
6.919933900914847413e+01
6.516065837661696492e+01
6.873718991693777980e+01
7.124880344924255837e+01
6.608987922096474676e+01
5.542147013304949610e+01
6.702647205584980838e+01
6.761627928152351785e+01
6.777027736397423041e+01
6.898935097086828705e+01
6.936574495245888272e+01
6.745652511899947967e+01
6.479423144967344683e+01
6.802306485618701970e+01
6.565290729011755388e+01
6.856680913130065846e+01
6.843048061690313943e+01
6.973256298661840447e+01
6.991643573722114979e+01
