0.000000000000000000e+00
9.999999999999999799e-13
1.999999999999999960e-12
3.000000000000000142e-12
3.999999999999999920e-12
4.999999999999999697e-12
6.000000000000000283e-12
7.000000000000000061e-12
7.999999999999999839e-12
8.999999999999999617e-12
9.999999999999999395e-12
1.099999999999999917e-11
1.200000000000000057e-11
1.300000000000000034e-11
1.400000000000000012e-11
1.499999999999999990e-11
1.599999999999999968e-11
1.699999999999999946e-11
1.799999999999999923e-11
1.899999999999999901e-11
1.999999999999999879e-11
2.099999999999999857e-11
2.199999999999999835e-11
2.299999999999999812e-11
2.400000000000000113e-11
2.500000000000000091e-11
2.600000000000000069e-11
2.700000000000000047e-11
2.800000000000000024e-11
2.900000000000000002e-11
2.999999999999999980e-11
3.099999999999999635e-11
3.199999999999999936e-11
3.300000000000000237e-11
3.399999999999999891e-11
3.500000000000000192e-11
3.599999999999999847e-11
3.700000000000000148e-11
3.799999999999999802e-11
3.900000000000000103e-11
3.999999999999999758e-11
4.100000000000000059e-11
4.199999999999999714e-11
4.300000000000000014e-11
4.399999999999999669e-11
4.499999999999999970e-11
4.599999999999999625e-11
4.699999999999999926e-11
4.800000000000000227e-11
4.899999999999999881e-11
5.000000000000000182e-11
5.099999999999999837e-11
5.200000000000000138e-11
5.299999999999999792e-11
5.400000000000000093e-11
5.499999999999999748e-11
5.600000000000000049e-11
5.699999999999999704e-11
5.800000000000000005e-11
5.900000000000000305e-11
5.999999999999999960e-11
6.099999999999999615e-11
6.199999999999999269e-11
6.300000000000000217e-11
6.399999999999999871e-11
6.499999999999999526e-11
6.600000000000000473e-11
6.700000000000000128e-11
6.799999999999999782e-11
6.899999999999999437e-11
7.000000000000000384e-11
7.100000000000000039e-11
7.199999999999999694e-11
7.299999999999999348e-11
7.400000000000000295e-11
7.499999999999999950e-11
7.599999999999999605e-11
7.699999999999999259e-11
7.800000000000000207e-11
7.899999999999999861e-11
7.999999999999999516e-11
8.100000000000000463e-11
8.200000000000000118e-11
8.299999999999999772e-11
8.399999999999999427e-11
8.500000000000000374e-11
8.600000000000000029e-11
8.699999999999999684e-11
8.799999999999999338e-11
8.900000000000000285e-11
8.999999999999999940e-11
9.099999999999999595e-11
9.199999999999999250e-11
9.300000000000000197e-11
9.399999999999999851e-11
9.499999999999999506e-11
9.600000000000000453e-11
9.700000000000000108e-11
9.799999999999999762e-11
9.899999999999999417e-11
1.000000000000000036e-10
1.010000000000000002e-10
1.019999999999999967e-10
1.029999999999999933e-10
1.040000000000000028e-10
1.049999999999999993e-10
1.059999999999999958e-10
1.069999999999999924e-10
1.080000000000000019e-10
1.089999999999999984e-10
1.099999999999999950e-10
1.109999999999999915e-10
1.120000000000000010e-10
1.129999999999999975e-10
1.139999999999999941e-10
1.150000000000000035e-10
1.160000000000000001e-10
1.170000000000000096e-10
1.180000000000000061e-10
1.190000000000000027e-10
1.199999999999999992e-10
1.209999999999999957e-10
1.219999999999999923e-10
1.229999999999999888e-10
1.239999999999999854e-10
1.250000000000000078e-10
1.260000000000000043e-10
1.270000000000000009e-10
1.279999999999999974e-10
1.289999999999999940e-10
1.299999999999999905e-10
1.309999999999999871e-10
1.320000000000000095e-10
1.330000000000000060e-10
1.340000000000000026e-10
1.349999999999999991e-10
1.359999999999999956e-10
1.369999999999999922e-10
1.379999999999999887e-10
1.389999999999999853e-10
1.400000000000000077e-10
1.410000000000000042e-10
1.420000000000000008e-10
1.429999999999999973e-10
1.439999999999999939e-10
1.449999999999999904e-10
1.459999999999999870e-10
1.470000000000000094e-10
1.480000000000000059e-10
1.490000000000000025e-10
1.499999999999999990e-10
1.509999999999999955e-10
1.519999999999999921e-10
1.529999999999999886e-10
1.539999999999999852e-10
1.550000000000000076e-10
1.560000000000000041e-10
1.570000000000000007e-10
1.579999999999999972e-10
1.589999999999999938e-10
1.599999999999999903e-10
1.609999999999999869e-10
1.620000000000000093e-10
1.630000000000000058e-10
1.640000000000000024e-10
1.649999999999999989e-10
1.659999999999999954e-10
1.669999999999999920e-10
1.679999999999999885e-10
1.689999999999999851e-10
1.700000000000000075e-10
1.710000000000000040e-10
1.720000000000000006e-10
1.729999999999999971e-10
1.739999999999999937e-10
1.749999999999999902e-10
1.759999999999999868e-10
1.770000000000000092e-10
1.780000000000000057e-10
1.790000000000000023e-10
1.799999999999999988e-10
1.809999999999999953e-10
1.819999999999999919e-10
1.829999999999999884e-10
1.839999999999999850e-10
1.850000000000000074e-10
1.860000000000000039e-10
1.870000000000000005e-10
1.879999999999999970e-10
1.889999999999999936e-10
1.899999999999999901e-10
1.909999999999999867e-10
1.920000000000000091e-10
1.930000000000000056e-10
1.940000000000000022e-10
1.949999999999999987e-10
1.959999999999999952e-10
1.969999999999999918e-10
1.979999999999999883e-10
1.989999999999999849e-10
2.000000000000000073e-10
2.010000000000000038e-10
2.020000000000000004e-10
2.029999999999999969e-10
2.039999999999999935e-10
2.049999999999999900e-10
2.059999999999999866e-10
2.069999999999999831e-10
2.080000000000000055e-10
2.090000000000000021e-10
2.099999999999999986e-10
2.109999999999999952e-10
2.119999999999999917e-10
2.129999999999999882e-10
2.139999999999999848e-10
2.150000000000000072e-10
2.160000000000000037e-10
2.170000000000000003e-10
2.179999999999999968e-10
2.189999999999999934e-10
2.199999999999999899e-10
2.209999999999999865e-10
2.219999999999999830e-10
2.230000000000000054e-10
2.240000000000000020e-10
2.249999999999999985e-10
2.259999999999999951e-10
2.269999999999999916e-10
2.279999999999999881e-10
2.289999999999999847e-10
2.300000000000000071e-10
2.310000000000000036e-10
2.320000000000000002e-10
2.329999999999999709e-10
2.340000000000000191e-10
2.350000000000000157e-10
2.360000000000000122e-10
2.370000000000000088e-10
2.380000000000000053e-10
2.390000000000000019e-10
2.399999999999999984e-10
2.409999999999999950e-10
2.419999999999999915e-10
2.429999999999999880e-10
2.439999999999999846e-10
2.449999999999999811e-10
2.459999999999999777e-10
2.469999999999999742e-10
2.479999999999999708e-10
2.490000000000000190e-10
2.500000000000000156e-10
2.510000000000000121e-10
2.520000000000000087e-10
2.530000000000000052e-10
2.540000000000000018e-10
2.549999999999999983e-10
2.559999999999999949e-10
2.569999999999999914e-10
2.579999999999999879e-10
2.589999999999999845e-10
2.599999999999999810e-10
2.609999999999999776e-10
2.619999999999999741e-10
2.629999999999999707e-10
2.640000000000000189e-10
2.650000000000000155e-10
2.660000000000000120e-10
2.670000000000000086e-10
2.680000000000000051e-10
2.690000000000000017e-10
2.699999999999999982e-10
2.709999999999999948e-10
2.719999999999999913e-10
2.729999999999999878e-10
2.739999999999999844e-10
2.749999999999999809e-10
2.759999999999999775e-10
2.769999999999999740e-10
2.779999999999999706e-10
2.790000000000000188e-10
2.800000000000000154e-10
2.810000000000000119e-10
2.820000000000000085e-10
2.830000000000000050e-10
2.840000000000000016e-10
2.849999999999999981e-10
2.859999999999999947e-10
2.869999999999999912e-10
2.879999999999999877e-10
2.889999999999999843e-10
2.899999999999999808e-10
2.909999999999999774e-10
2.919999999999999739e-10
2.929999999999999705e-10
2.940000000000000187e-10
2.950000000000000153e-10
2.960000000000000118e-10
2.970000000000000084e-10
2.980000000000000049e-10
2.990000000000000015e-10
2.999999999999999980e-10
3.009999999999999946e-10
3.019999999999999911e-10
3.029999999999999876e-10
3.039999999999999842e-10
3.049999999999999807e-10
3.059999999999999773e-10
3.069999999999999738e-10
3.079999999999999704e-10
3.090000000000000186e-10
3.100000000000000152e-10
3.110000000000000117e-10
3.120000000000000083e-10
3.130000000000000048e-10
3.140000000000000014e-10
3.149999999999999979e-10
3.159999999999999945e-10
3.169999999999999910e-10
3.179999999999999875e-10
3.189999999999999841e-10
3.199999999999999806e-10
3.209999999999999772e-10
3.219999999999999737e-10
3.229999999999999703e-10
3.240000000000000185e-10
3.250000000000000151e-10
3.260000000000000116e-10
3.270000000000000082e-10
3.280000000000000047e-10
3.290000000000000013e-10
3.299999999999999978e-10
3.309999999999999944e-10
3.319999999999999909e-10
3.329999999999999874e-10
3.339999999999999840e-10
3.349999999999999805e-10
3.359999999999999771e-10
3.369999999999999736e-10
3.379999999999999702e-10
3.390000000000000184e-10
3.400000000000000150e-10
3.410000000000000115e-10
3.420000000000000081e-10
3.430000000000000046e-10
3.440000000000000012e-10
3.449999999999999977e-10
3.459999999999999943e-10
3.469999999999999908e-10
3.479999999999999873e-10
3.489999999999999839e-10
3.499999999999999804e-10
3.509999999999999770e-10
3.519999999999999735e-10
3.529999999999999701e-10
3.540000000000000183e-10
3.550000000000000149e-10
3.560000000000000114e-10
3.570000000000000080e-10
3.580000000000000045e-10
3.590000000000000011e-10
3.599999999999999976e-10
3.609999999999999942e-10
3.619999999999999907e-10
3.629999999999999872e-10
3.639999999999999838e-10
3.649999999999999803e-10
3.659999999999999769e-10
3.669999999999999734e-10
3.679999999999999700e-10
3.690000000000000182e-10
3.700000000000000148e-10
3.710000000000000113e-10
3.720000000000000079e-10
3.730000000000000044e-10
3.740000000000000010e-10
3.749999999999999975e-10
3.759999999999999941e-10
3.769999999999999906e-10
3.779999999999999871e-10
3.789999999999999837e-10
3.799999999999999802e-10
3.809999999999999768e-10
3.819999999999999733e-10
3.829999999999999699e-10
3.840000000000000181e-10
3.850000000000000147e-10
3.860000000000000112e-10
3.870000000000000078e-10
3.880000000000000043e-10
3.890000000000000009e-10
3.899999999999999974e-10
3.909999999999999940e-10
3.919999999999999905e-10
3.929999999999999870e-10
3.939999999999999836e-10
3.949999999999999801e-10
3.959999999999999767e-10
3.969999999999999732e-10
3.979999999999999698e-10
3.989999999999999663e-10
4.000000000000000146e-10
4.010000000000000111e-10
4.020000000000000077e-10
4.030000000000000042e-10
4.040000000000000008e-10
4.049999999999999973e-10
4.059999999999999939e-10
4.069999999999999904e-10
4.079999999999999869e-10
4.089999999999999835e-10
4.099999999999999800e-10
4.109999999999999766e-10
4.119999999999999731e-10
4.129999999999999697e-10
4.139999999999999662e-10
4.150000000000000145e-10
4.160000000000000110e-10
4.170000000000000076e-10
4.180000000000000041e-10
4.190000000000000007e-10
4.199999999999999972e-10
4.209999999999999938e-10
4.219999999999999903e-10
4.229999999999999868e-10
4.239999999999999834e-10
4.249999999999999799e-10
4.259999999999999765e-10
4.269999999999999730e-10
4.279999999999999696e-10
4.289999999999999661e-10
4.300000000000000144e-10
4.310000000000000109e-10
4.320000000000000075e-10
4.330000000000000040e-10
4.340000000000000006e-10
4.349999999999999971e-10
4.359999999999999937e-10
4.369999999999999902e-10
4.379999999999999867e-10
4.389999999999999833e-10
4.399999999999999798e-10
4.409999999999999764e-10
4.419999999999999729e-10
4.429999999999999695e-10
4.439999999999999660e-10
4.450000000000000143e-10
4.460000000000000108e-10
4.470000000000000074e-10
4.480000000000000039e-10
4.490000000000000005e-10
4.499999999999999970e-10
4.509999999999999936e-10
4.519999999999999901e-10
4.529999999999999866e-10
4.539999999999999832e-10
4.549999999999999797e-10
4.559999999999999763e-10
4.569999999999999728e-10
4.579999999999999694e-10
4.589999999999999659e-10
4.600000000000000142e-10
4.610000000000000107e-10
4.620000000000000073e-10
4.630000000000000038e-10
4.640000000000000004e-10
4.649999999999999969e-10
4.659999999999999418e-10
4.670000000000000417e-10
4.680000000000000382e-10
4.690000000000000348e-10
4.700000000000000313e-10
4.710000000000000279e-10
4.720000000000000244e-10
4.730000000000000210e-10
4.740000000000000175e-10
4.750000000000000141e-10
4.760000000000000106e-10
4.770000000000000072e-10
4.780000000000000037e-10
4.790000000000000003e-10
4.799999999999999968e-10
4.809999999999999934e-10
4.819999999999999899e-10
4.829999999999999864e-10
4.839999999999999830e-10
4.849999999999999795e-10
4.859999999999999761e-10
4.869999999999999726e-10
4.879999999999999692e-10
4.889999999999999657e-10
4.899999999999999623e-10
4.909999999999999588e-10
4.919999999999999554e-10
4.929999999999999519e-10
4.939999999999999485e-10
4.949999999999999450e-10
4.959999999999999416e-10
4.970000000000000415e-10
4.980000000000000380e-10
4.990000000000000346e-10
5.000000000000000311e-10
5.010000000000000277e-10
5.020000000000000242e-10
5.030000000000000208e-10
5.040000000000000173e-10
5.050000000000000139e-10
5.060000000000000104e-10
5.070000000000000070e-10
5.080000000000000035e-10
5.090000000000000001e-10
5.099999999999999966e-10
5.109999999999999932e-10
5.119999999999999897e-10
5.129999999999999862e-10
5.139999999999999828e-10
5.149999999999999793e-10
5.159999999999999759e-10
5.169999999999999724e-10
5.179999999999999690e-10
5.189999999999999655e-10
5.199999999999999621e-10
5.209999999999999586e-10
5.219999999999999552e-10
5.229999999999999517e-10
5.239999999999999483e-10
5.249999999999999448e-10
5.259999999999999414e-10
5.269999999999999379e-10
5.280000000000000378e-10
5.290000000000000344e-10
5.300000000000000309e-10
5.310000000000000275e-10
5.320000000000000240e-10
5.330000000000000206e-10
5.340000000000000171e-10
5.350000000000000137e-10
5.360000000000000102e-10
5.370000000000000068e-10
5.380000000000000033e-10
5.389999999999999999e-10
5.399999999999999964e-10
5.409999999999999930e-10
5.419999999999999895e-10
5.429999999999999860e-10
5.439999999999999826e-10
5.449999999999999791e-10
5.459999999999999757e-10
5.469999999999999722e-10
5.479999999999999688e-10
5.489999999999999653e-10
5.499999999999999619e-10
5.509999999999999584e-10
5.519999999999999550e-10
5.529999999999999515e-10
5.539999999999999481e-10
5.549999999999999446e-10
5.559999999999999412e-10
5.569999999999999377e-10
5.580000000000000376e-10
5.590000000000000342e-10
5.600000000000000307e-10
5.610000000000000273e-10
5.620000000000000238e-10
5.630000000000000204e-10
5.640000000000000169e-10
5.650000000000000135e-10
5.660000000000000100e-10
5.670000000000000066e-10
5.680000000000000031e-10
5.689999999999999997e-10
5.699999999999999962e-10
5.709999999999999928e-10
5.719999999999999893e-10
5.729999999999999858e-10
5.739999999999999824e-10
5.749999999999999789e-10
5.759999999999999755e-10
5.769999999999999720e-10
5.779999999999999686e-10
5.789999999999999651e-10
5.799999999999999617e-10
5.809999999999999582e-10
5.819999999999999548e-10
5.829999999999999513e-10
5.839999999999999479e-10
5.849999999999999444e-10
5.859999999999999410e-10
5.869999999999999375e-10
5.880000000000000374e-10
5.890000000000000340e-10
5.900000000000000305e-10
5.910000000000000271e-10
5.920000000000000236e-10
5.930000000000000202e-10
5.940000000000000167e-10
5.950000000000000133e-10
5.960000000000000098e-10
5.970000000000000064e-10
5.980000000000000029e-10
5.989999999999999995e-10
5.999999999999999960e-10
6.009999999999999926e-10
6.019999999999999891e-10
6.029999999999999857e-10
6.039999999999999822e-10
6.049999999999999787e-10
6.059999999999999753e-10
6.069999999999999718e-10
6.079999999999999684e-10
6.089999999999999649e-10
6.099999999999999615e-10
6.109999999999999580e-10
6.119999999999999546e-10
6.129999999999999511e-10
6.139999999999999477e-10
6.149999999999999442e-10
6.159999999999999408e-10
6.169999999999999373e-10
6.180000000000000372e-10
6.190000000000000338e-10
6.200000000000000303e-10
6.210000000000000269e-10
6.220000000000000234e-10
6.230000000000000200e-10
6.240000000000000165e-10
6.250000000000000131e-10
6.260000000000000096e-10
6.270000000000000062e-10
6.280000000000000027e-10
6.289999999999999993e-10
6.299999999999999958e-10
6.309999999999999924e-10
6.319999999999999889e-10
6.329999999999999855e-10
6.339999999999999820e-10
6.349999999999999785e-10
6.359999999999999751e-10
6.369999999999999716e-10
6.379999999999999682e-10
6.389999999999999647e-10
6.399999999999999613e-10
6.409999999999999578e-10
6.419999999999999544e-10
6.429999999999999509e-10
6.439999999999999475e-10
6.449999999999999440e-10
6.459999999999999406e-10
6.469999999999999371e-10
6.480000000000000370e-10
6.490000000000000336e-10
6.500000000000000301e-10
6.510000000000000267e-10
6.520000000000000232e-10
6.530000000000000198e-10
6.540000000000000163e-10
6.550000000000000129e-10
6.560000000000000094e-10
6.570000000000000060e-10
6.580000000000000025e-10
6.589999999999999991e-10
6.599999999999999956e-10
6.609999999999999922e-10
6.619999999999999887e-10
6.629999999999999853e-10
6.639999999999999818e-10
6.649999999999999783e-10
6.659999999999999749e-10
6.669999999999999714e-10
6.679999999999999680e-10
6.689999999999999645e-10
6.699999999999999611e-10
6.709999999999999576e-10
6.719999999999999542e-10
6.729999999999999507e-10
6.739999999999999473e-10
6.749999999999999438e-10
6.759999999999999404e-10
6.769999999999999369e-10
6.780000000000000369e-10
6.790000000000000334e-10
6.800000000000000299e-10
6.810000000000000265e-10
6.820000000000000230e-10
6.830000000000000196e-10
6.840000000000000161e-10
6.850000000000000127e-10
6.860000000000000092e-10
6.870000000000000058e-10
6.880000000000000023e-10
6.889999999999999989e-10
6.899999999999999954e-10
6.909999999999999920e-10
6.919999999999999885e-10
6.929999999999999851e-10
6.939999999999999816e-10
6.949999999999999781e-10
6.959999999999999747e-10
6.969999999999999712e-10
6.979999999999999678e-10
6.989999999999999643e-10
6.999999999999999609e-10
7.009999999999999574e-10
7.019999999999999540e-10
7.029999999999999505e-10
7.039999999999999471e-10
7.049999999999999436e-10
7.059999999999999402e-10
7.069999999999999367e-10
7.080000000000000367e-10
7.090000000000000332e-10
7.100000000000000297e-10
7.110000000000000263e-10
7.120000000000000228e-10
7.130000000000000194e-10
7.140000000000000159e-10
7.150000000000000125e-10
7.160000000000000090e-10
7.170000000000000056e-10
7.180000000000000021e-10
7.189999999999999987e-10
7.199999999999999952e-10
7.209999999999999918e-10
7.219999999999999883e-10
7.229999999999999849e-10
7.239999999999999814e-10
7.249999999999999779e-10
7.259999999999999745e-10
7.269999999999999710e-10
7.279999999999999676e-10
7.289999999999999641e-10
7.299999999999999607e-10
7.309999999999999572e-10
7.319999999999999538e-10
7.329999999999999503e-10
7.339999999999999469e-10
7.349999999999999434e-10
7.359999999999999400e-10
7.369999999999999365e-10
7.380000000000000365e-10
7.390000000000000330e-10
7.400000000000000295e-10
7.410000000000000261e-10
7.420000000000000226e-10
7.430000000000000192e-10
7.440000000000000157e-10
7.450000000000000123e-10
7.460000000000000088e-10
7.470000000000000054e-10
7.480000000000000019e-10
7.489999999999999985e-10
7.499999999999999950e-10
7.509999999999999916e-10
7.519999999999999881e-10
7.529999999999999847e-10
7.539999999999999812e-10
7.549999999999999777e-10
7.559999999999999743e-10
7.569999999999999708e-10
7.579999999999999674e-10
7.589999999999999639e-10
7.599999999999999605e-10
7.609999999999999570e-10
7.619999999999999536e-10
7.629999999999999501e-10
7.639999999999999467e-10
7.649999999999999432e-10
7.659999999999999398e-10
7.669999999999999363e-10
7.680000000000000363e-10
7.690000000000000328e-10
7.700000000000000293e-10
7.710000000000000259e-10
7.720000000000000224e-10
7.730000000000000190e-10
7.740000000000000155e-10
7.750000000000000121e-10
7.760000000000000086e-10
7.770000000000000052e-10
7.780000000000000017e-10
7.789999999999999983e-10
7.799999999999999948e-10
7.809999999999999914e-10
7.819999999999999879e-10
7.829999999999999845e-10
7.839999999999999810e-10
7.849999999999999775e-10
7.859999999999999741e-10
7.869999999999999706e-10
7.879999999999999672e-10
7.889999999999999637e-10
7.899999999999999603e-10
7.909999999999999568e-10
7.919999999999999534e-10
7.929999999999999499e-10
7.939999999999999465e-10
7.949999999999999430e-10
7.959999999999999396e-10
7.969999999999999361e-10
7.979999999999999327e-10
7.990000000000000326e-10
8.000000000000000291e-10
8.010000000000000257e-10
8.020000000000000222e-10
8.030000000000000188e-10
8.040000000000000153e-10
8.050000000000000119e-10
8.060000000000000084e-10
8.070000000000000050e-10
8.080000000000000015e-10
8.089999999999999981e-10
8.099999999999999946e-10
8.109999999999999912e-10
8.119999999999999877e-10
8.129999999999999843e-10
8.139999999999999808e-10
8.149999999999999773e-10
8.159999999999999739e-10
8.169999999999999704e-10
8.179999999999999670e-10
8.189999999999999635e-10
8.199999999999999601e-10
8.209999999999999566e-10
8.219999999999999532e-10
8.229999999999999497e-10
8.239999999999999463e-10
8.249999999999999428e-10
8.259999999999999394e-10
8.269999999999999359e-10
8.279999999999999325e-10
8.290000000000000324e-10
8.300000000000000289e-10
8.310000000000000255e-10
8.320000000000000220e-10
8.330000000000000186e-10
8.340000000000000151e-10
8.350000000000000117e-10
8.360000000000000082e-10
8.370000000000000048e-10
8.380000000000000013e-10
8.389999999999999979e-10
8.399999999999999944e-10
8.409999999999999910e-10
8.419999999999999875e-10
8.429999999999999841e-10
8.439999999999999806e-10
8.449999999999999771e-10
8.459999999999999737e-10
8.469999999999999702e-10
8.479999999999999668e-10
8.489999999999999633e-10
8.499999999999999599e-10
8.509999999999999564e-10
8.519999999999999530e-10
8.529999999999999495e-10
8.539999999999999461e-10
8.549999999999999426e-10
8.559999999999999392e-10
8.569999999999999357e-10
8.579999999999999323e-10
8.590000000000000322e-10
8.600000000000000287e-10
8.610000000000000253e-10
8.620000000000000218e-10
8.630000000000000184e-10
8.640000000000000149e-10
8.650000000000000115e-10
8.660000000000000080e-10
8.670000000000000046e-10
8.680000000000000011e-10
8.689999999999999977e-10
8.699999999999999942e-10
8.709999999999999908e-10
8.719999999999999873e-10
8.729999999999999839e-10
8.739999999999999804e-10
8.749999999999999769e-10
8.759999999999999735e-10
8.769999999999999700e-10
8.779999999999999666e-10
8.789999999999999631e-10
8.799999999999999597e-10
8.809999999999999562e-10
8.819999999999999528e-10
8.829999999999999493e-10
8.839999999999999459e-10
8.849999999999999424e-10
8.859999999999999390e-10
8.869999999999999355e-10
8.879999999999999321e-10
8.890000000000000320e-10
8.900000000000000285e-10
8.910000000000000251e-10
8.920000000000000216e-10
8.930000000000000182e-10
8.940000000000000147e-10
8.950000000000000113e-10
8.960000000000000078e-10
8.970000000000000044e-10
8.980000000000000009e-10
8.989999999999999975e-10
8.999999999999999940e-10
9.009999999999999906e-10
9.019999999999999871e-10
9.029999999999999837e-10
9.039999999999999802e-10
9.049999999999999767e-10
9.059999999999999733e-10
9.069999999999999698e-10
9.079999999999999664e-10
9.089999999999999629e-10
9.099999999999999595e-10
9.109999999999999560e-10
9.119999999999999526e-10
9.129999999999999491e-10
9.139999999999999457e-10
9.149999999999999422e-10
9.159999999999999388e-10
9.169999999999999353e-10
9.179999999999999319e-10
9.190000000000000318e-10
9.200000000000000283e-10
9.210000000000000249e-10
9.220000000000000214e-10
9.230000000000000180e-10
9.240000000000000145e-10
9.250000000000000111e-10
9.260000000000000076e-10
9.270000000000000042e-10
9.280000000000000007e-10
9.289999999999999973e-10
9.299999999999999938e-10
9.309999999999999904e-10
9.319999999999998835e-10
9.329999999999999835e-10
9.340000000000000834e-10
9.349999999999999765e-10
9.360000000000000765e-10
9.369999999999999696e-10
9.380000000000000696e-10
9.389999999999999627e-10
9.400000000000000627e-10
9.409999999999999558e-10
9.420000000000000558e-10
9.429999999999999489e-10
9.440000000000000489e-10
9.449999999999999420e-10
9.460000000000000420e-10
9.469999999999999351e-10
9.480000000000000351e-10
9.489999999999999282e-10
9.500000000000000281e-10
9.509999999999999213e-10
9.520000000000000212e-10
9.529999999999999144e-10
9.540000000000000143e-10
9.549999999999999075e-10
9.560000000000000074e-10
9.569999999999999006e-10
9.580000000000000005e-10
9.589999999999998937e-10
9.599999999999999936e-10
9.609999999999998868e-10
9.619999999999999867e-10
9.629999999999998799e-10
9.639999999999999798e-10
9.650000000000000797e-10
9.659999999999999729e-10
9.670000000000000728e-10
9.679999999999999660e-10
9.690000000000000659e-10
9.699999999999999591e-10
9.710000000000000590e-10
9.719999999999999522e-10
9.730000000000000521e-10
9.739999999999999453e-10
9.750000000000000452e-10
9.759999999999999384e-10
9.770000000000000383e-10
9.779999999999999315e-10
9.790000000000000314e-10
9.799999999999999246e-10
9.810000000000000245e-10
9.819999999999999176e-10
9.830000000000000176e-10
9.839999999999999107e-10
9.850000000000000107e-10
9.859999999999999038e-10
9.870000000000000038e-10
9.879999999999998969e-10
9.889999999999999969e-10
9.899999999999998900e-10
9.909999999999999900e-10
9.919999999999998831e-10
9.929999999999999831e-10
9.940000000000000830e-10
9.949999999999999762e-10
9.960000000000000761e-10
9.969999999999999692e-10
9.980000000000000692e-10
9.989999999999999623e-10
1.000000000000000062e-09
