-2.199667280426805697e-06 -2.722075515025447374e-08 9.999999999975803799e-01
-1.445688064657067718e-04 -4.072615719475385950e-06 9.999999895416370466e-01
-5.018066327914236843e-04 -2.205842283506360491e-05 9.999998738517569263e-01
-1.064219404706321119e-03 -6.365506569781219381e-05 9.999994316923842552e-01
-1.817255794175026999e-03 -1.377776847259092790e-04 9.999983392979653329e-01
-2.741959604135720593e-03 -2.523855547824507633e-04 9.999962089723447578e-01
-3.815519123980483721e-03 -4.143107838233902902e-04 9.999926350530735641e-01
-5.011896854620742289e-03 -6.291195621498336596e-04 9.999872424678706295e-01
-6.302521876745304126e-03 -9.010083106575437605e-04 9.999797329956332526e-01
-7.657026154055620627e-03 -1.232736129378150022e-03 9.999699247037943106e-01
-9.044005573551588961e-03 -1.625593997510652033e-03 9.999577808124407996e-01
-1.043178653229560882e-02 -2.079410246769145768e-03 9.999434253410394158e-01
-1.178917937576920080e-02 -2.592590945153023640e-03 9.999271442069356253e-01
-1.308620095267156586e-02 -3.162193011332276472e-03 9.999093718332607850e-01
-1.429474993446868888e-02 -3.784027151878131302e-03 9.998906646543039844e-01
-1.538922029999174011e-02 -4.452787092422027214e-03 9.998716640577776094e-01
-1.634704043863707476e-02 -5.162201072978206753e-03 9.998530521776591851e-01
-1.714912760495073893e-02 -5.905201205484422559e-03 9.998355044811686465e-01
-1.778024988402131940e-02 -6.674106051092933665e-03 9.998196432469617090e-01
-1.822929032404448438e-02 -7.460811663743606437e-03 9.998059958129882352e-01
-1.848941038809310405e-02 -8.256986358504190757e-03 9.997949609193762521e-01
-1.855811230845695603e-02 -9.054264588079613887e-03 9.997867856499789152e-01
-1.843720224089846760e-02 -9.844435536512713067e-03 9.997815544720241032e-01
-1.813265827005130018e-02 -1.061962235200662741e-02 9.997791907842267234e-01
-1.765440927753079980e-02 -1.137244832733984475e-02 9.997794703093798585e-01
-1.701603242535768348e-02 -1.209618678325571385e-02 9.997820447006459110e-01
-1.623437850903091187e-02 -1.278489190491857198e-02 9.997864729498020520e-01
-1.532913568116703318e-02 -1.343350831216734778e-02 9.997922576484054025e-01
-1.432234302524287503e-02 -1.403795769949035127e-02 9.997988828929020855e-01
-1.323786615955199406e-02 -1.459520145021360113e-02 9.998058506500999698e-01
-1.210084746706165636e-02 -1.510327870008262158e-02 9.998127126932758735e-01
-1.093714367460639318e-02 -1.556131988673866394e-02 9.998190957426368319e-01
-9.772763347332385359e-03 -1.596953636187073422e-02 9.998247181406071382e-01
-8.633316430654666696e-03 -1.632918715045168778e-02 9.998293971945485525e-01
-7.543487278752053320e-03 -1.664252440531470770e-02 9.998330471539208508e-01
-6.526541679943960797e-03 -1.691271951530135334e-02 9.998356685837415103e-01
-5.603877256361042801e-03 -1.714377217281251586e-02 9.998373305870226213e-01
-4.794625315118421216e-03 -1.734040498540768277e-02 9.998381478634581487e-01
-4.115310801664652691e-03 -1.750794642214906563e-02 9.998382549338095115e-01
-3.579575495851619084e-03 -1.765220501727779445e-02 9.998377799909833330e-01
-3.197968039892268993e-03 -1.777933781264834021e-02 9.998368207599479529e-01
-2.977802834716788190e-03 -1.789571600947562069e-02 9.998354244768419274e-01
-2.923088323383262344e-03 -1.800779072451840976e-02 9.998335736650758587e-01
-3.034523728381001255e-03 -1.812196161228861804e-02 9.998311788362401753e-01
-3.309561949922993490e-03 -1.824445093048462224e-02 9.998280786264935882e-01
-3.742535085676526596e-03 -1.838118539817826941e-02 9.998240472475601326e-01
-4.324837915382344355e-03 -1.853768793290324832e-02 9.998188085363811650e-01
-5.045163719303422459e-03 -1.871898106102671752e-02 9.998120553739505700e-01
-5.889785977305606046e-03 -1.892950348264133345e-02 9.998034728480611477e-01
-6.842878833119888336e-03 -1.917304094439082479e-02 9.997927632815821752e-01
-7.886868711449647462e-03 -1.945267223761379394e-02 9.997796711499719047e-01
-9.002809147535985670e-03 -1.977073080131279068e-02 9.997640059689270053e-01
-1.017077073079530360e-02 -2.012878207603990138e-02 9.997456614333861680e-01
-1.137023807472571993e-02 -2.052761643211780881e-02 9.997246294103901976e-01
-1.258050589980209792e-02 -2.096725718987830708e-02 9.997010078004527900e-01
-1.378106664631808739e-02 -2.144698296675085630e-02 9.996750017499266283e-01
-1.495198250806632247e-02 -2.196536333157862037e-02 9.996469181830114348e-01
-1.607423537962547958e-02 -2.252030652528938873e-02 9.996171540899893015e-01
-1.713004892075725705e-02 -2.310911782287456209e-02 9.995861794249775167e-01
-1.810317773927557286e-02 -2.372856696724998798e-02 9.995545158046275080e-01
-1.897915955529068735e-02 -2.437496300241708685e-02 9.995227124388961215e-01
-1.974552711087396856e-02 -2.504423477149705576e-02 9.994913208546768457e-01
-2.039197750632140010e-02 -2.573201532346600789e-02 9.994608699898046567e-01
-2.091049755517637374e-02 -2.643372848840935124e-02 9.994318431439929151e-01
-2.129544463516217651e-02 -2.714467593152886798e-02 9.994046580871861485e-01
-2.154358335418998099e-02 -2.786012307698009297e-02 9.993796513629837897e-01
-2.165407913581266983e-02 -2.857538239948573255e-02 9.993570675076581811e-01
-2.162845054620418997e-02 -2.928589271001028407e-02 9.993370535585833769e-01
-2.147048282720651069e-02 -2.998729320711598229e-02 9.993196588746163789e-01
-2.118610566199588888e-02 -3.067549122372045106e-02 9.993048399587910469e-01
-2.078323867834688116e-02 -3.134672276596011525e-02 9.992924696813618723e-01
-2.027160858778670471e-02 -3.199760511324109546e-02 9.992823500654274271e-01
-1.966254216678179484e-02 -3.262518092322221064e-02 9.992742276298678394e-01
-1.896873950900094738e-02 -3.322695345964621350e-02 9.992678101916585565e-01
-1.820403211685454187e-02 -3.380091273210431707e-02 9.992627840128780470e-01
-1.738313045774605298e-02 -3.434555250266857485e-02 9.992588302330772665e-01
-1.652136558829659513e-02 -3.485987827268088174e-02 9.992556396467893176e-01
-1.563442935152060259e-02 -3.534340651177770437e-02 9.992529250570137966e-01
-1.473811748178808362e-02 -3.579615552849651355e-02 9.992504306441278850e-01
-1.384807971572095224e-02 -3.621862850572780956e-02 9.992479380200659511e-01
-1.297958071038489251e-02 -3.661178933320788365e-02 9.992452688736664923e-01
-1.214727522081673200e-02 -3.697703196180721769e-02 9.992422843394928034e-01
-1.136500059563189634e-02 -3.731614407949355311e-02 9.992388814255089846e-01
-1.064558922154210455e-02 -3.763126596585797401e-02 9.992349870035254211e-01
-1.000070309494178154e-02 -3.792484542073134429e-02 9.992305499920542955e-01
-9.440692231332809339e-03 -3.819958968287838486e-02 9.992255324391267068e-01
-8.974478151116706964e-03 -3.845841525766401786e-02 9.992199002410767639e-01
-8.609463212553465639e-03 -3.870439655896790176e-02 9.992136142137981736e-01
-8.351466108036947542e-03 -3.894071424184525343e-02 9.992066221699016371e-01
-8.204683405829185303e-03 -3.917060406012777551e-02 9.991988525552749634e-01
-8.171676612441863830e-03 -3.939730702913742805e-02 9.991902100702332312e-01
-8.253383856160275908e-03 -3.962402160985541155e-02 9.991805735533432209e-01
-8.449154953794906289e-03 -3.985385855916837722e-02 9.991697962501245867e-01
-8.756808323534122709e-03 -4.008979901307588301e-02 9.991577084339984260e-01
-9.172707948690362809e-03 -4.033465628775855655e-02 9.991441222021172353e-01
-9.691858381271605677e-03 -4.059104179881721508e-02 9.991288381419120013e-01
-1.030801560106175963e-02 -4.086133541329635410e-02 9.991116534615205325e-01
-1.101381141507849770e-02 -4.114766046365413849e-02 9.990923711031347576e-01
-1.180088899324598789e-02 -4.145186356885325468e-02 9.990708093151561275e-01
-1.266004708782124226e-02 -4.177549932632364932e-02 9.990468111473922441e-01
-1.358139047512829656e-02 -4.211981986068780853e-02 9.990202533520869954e-01
-1.455448418670810158e-02 -4.248576914175272723e-02 9.989910542194535559e-01
-1.556850916094061274e-02 -4.287398191619046228e-02 9.989591799453862997e-01
-1.661241704301187269e-02 -4.328478703530386218e-02 9.989246492159958857e-01
-1.767508198785973719e-02 -4.371821490597017912e-02 9.988875357927742282e-01
-1.874544747411982515e-02 -4.417400874384203036e-02 9.988479689875215950e-01
-1.981266631341972034e-02 -4.465163926761242519e-02 9.988061320217607175e-01
-2.086623223462346147e-02 -4.515032244093867414e-02 9.987622583657299602e-01
-2.189610163255173783e-02 -4.566903984463625138e-02 9.987166262423837759e-01
-2.289280429088600202e-02 -4.620656124600428655e-02 9.986695515582327820e-01
-2.384754211496104004e-02 -4.676146892446741282e-02 9.986213795824243622e-01
-2.475227513759970660e-02 -4.733218331278486735e-02 9.985724757364188298e-01
-2.559979428589183315e-02 -4.791698952040168713e-02 9.985232158782414436e-01
-2.638378061503448418e-02 -4.851406431947473397e-02 9.984739764679232410e-01
-2.709885092361664916e-02 -4.912150319395987980e-02 9.984251249856388455e-01
-2.774058986012242420e-02 -4.973734707707253705e-02 9.983770109432361650e-01
-2.830556881055511578e-02 -5.035960843155677658e-02 9.983299577859688911e-01
-2.879135202011964476e-02 -5.098629635962170781e-02 9.982842559273312766e-01
-2.919649054656238418e-02 -5.161544046424272614e-02 9.982401570992071038e-01
-2.952050476829799069e-02 -5.224511321993153407e-02 9.981978701354078387e-01
-2.976385627656514057e-02 -5.287345064826581842e-02 9.981575582422328452e-01
-2.992791006767347994e-02 -5.349867113072558078e-02 9.981193377478622120e-01
-3.001488801939966242e-02 -5.411909222808666819e-02 9.980832782656936519e-01
-3.002781468550078797e-02 -5.473314541124144755e-02 9.980494041572334218e-01
-2.997045647508253183e-02 -5.533938864241410432e-02 9.980176971393656116e-01
-2.984725530027390605e-02 -5.593651677796137450e-02 9.979880998497890898e-01
-2.966325777749933071e-02 -5.652336979402898531e-02 9.979605201635767253e-01
-2.942404105583206614e-02 -5.709893886406636199e-02 9.979348360431885556e-01
-2.913563632171110515e-02 -5.766237034244676984e-02 9.979109007033757361e-01
-2.880445099395842132e-02 -5.821296773110453543e-02 9.978885478804118137e-01
-2.843719057778577516e-02 -5.875019172613264035e-02 9.978675970108402682e-01
-2.804078109255442666e-02 -5.927365845866311433e-02 9.978478581470465736e-01
-2.762229292665543956e-02 -5.978313605908607692e-02 9.978291364639630956e-01
-2.718886690520334187e-02 -6.027853968577774613e-02 9.978112362414871539e-01
-2.674764328345908063e-02 -6.075992516905254215e-02 9.977939642392289477e-01
-2.630569430217976484e-02 -6.122748142809296412e-02 9.977771324124723451e-01
-2.586996086157699465e-02 -6.168152182322789862e-02 9.977605599494273614e-01
-2.544719378937226537e-02 -6.212247460822488410e-02 9.977440746387825632e-01
-2.504390009665657946e-02 -6.255087264735430252e-02 9.977275136022896174e-01
-2.466629453393914817e-02 -6.296734256000997842e-02 9.977107234488858944e-01
-2.432025667989972870e-02 -6.337259345178639092e-02 9.976935599241995023e-01
-2.377039467339170029e-02 -6.376361758711578120e-02 9.976818979059803860e-01
-2.282801578537120568e-02 -6.413328887793025290e-02 9.976802107654569873e-01
-2.150507302468132945e-02 -6.447586737825422576e-02 9.976875234060156306e-01
-1.981619602872522479e-02 -6.478610271675402932e-02 9.977024001523346897e-01
-1.777844509863973910e-02 -6.505925875291258820e-02 9.977230175456515138e-01
-1.541105556390031869e-02 -6.529113202077480027e-02 9.977472462732513980e-01
-1.273517505591128911e-02 -6.547806423313083657e-02 9.977727388642070316e-01
-9.773596153092065780e-03 -6.561694911459890756e-02 9.977970198427794646e-01
-6.550486774409803106e-03 -6.570523382647174004e-02 9.978175751964036833e-01
-3.091120637369954276e-03 -6.574091524336099501e-02 9.978319382722594666e-01
5.783899493521209040e-04 -6.572253134445815714e-02 9.978377695491121857e-01
4.431356730114018733e-03 -6.564914799228446785e-02 9.978329281224496139e-01
8.440771403494425063e-03 -6.552034138959249299e-02 9.978155331734965827e-01
1.257955266666705915e-02 -6.533617652999280934e-02 9.977840141489302539e-01
1.682078238122284783e-02 -6.509718198838862491e-02 9.977371488409453315e-01
2.113792896302874036e-02 -6.480432143120229416e-02 9.976740890105346704e-01
2.550505625875805135e-02 -6.445896226104709525e-02 9.975943736256090988e-01
2.989701636800464260e-02 -6.406284184314378627e-02 9.974979301769383300e-01
3.428962510006219183e-02 -6.361803178871162923e-02 9.973850648780701045e-01
3.865981901363121226e-02 -6.312690079138683075e-02 9.972564428422172611e-01
4.274498512510015863e-02 -6.259548731738770466e-02 9.971231976110869200e-01
4.633062653475926440e-02 -6.203292439665882008e-02 9.969981892339123686e-01
4.940382656790689303e-02 -6.144692241745893652e-02 9.968869231993546798e-01
5.195537954285706778e-02 -6.084492009549739150e-02 9.967941283109242878e-01
5.397962427825032938e-02 -6.023403698135400969e-02 9.967236632847206179e-01
5.547425904077816355e-02 -5.962103407133355348e-02 9.966784531031793737e-01
5.644014249153679608e-02 -5.901228203596215610e-02 9.966604541590118327e-01
5.688108465240927086e-02 -5.841373644629375972e-02 9.966706465042263208e-01
5.680363133148841337e-02 -5.783091929236290618e-02 9.967090509478483407e-01
5.621684485548494176e-02 -5.726890604707537274e-02 9.967747683176323426e-01
5.513208338839942907e-02 -5.673231752723128379e-02 9.968660379054185006e-01
5.356278059399561392e-02 -5.622531583461225918e-02 9.969803119391781321e-01
5.152422694253852575e-02 -5.575160371683697547e-02 9.971143428519007035e-01
4.903335358104268793e-02 -5.531442676253850443e-02 9.972642801326694340e-01
4.610851938608395012e-02 -5.491657793113755709e-02 9.974257736334867230e-01
4.276930159896750322e-02 -5.456040400746640234e-02 9.975940803529668166e-01
3.903629030022384011e-02 -5.424781365995173105e-02 9.977641719127395836e-01
3.493088690606743763e-02 -5.398028686318289554e-02 9.979308401738706813e-01
3.047510685310049136e-02 -5.375888551773286977e-02 9.980887986998886463e-01
2.569138666702702745e-02 -5.358426515939992280e-02 9.982327780525221961e-01
2.060239567348551987e-02 -5.345668769499316991e-02 9.983576131993969760e-01
1.523085269125703210e-02 -5.337603513177379549e-02 9.984583216138329664e-01
9.599348137579464049e-03 -5.334182428294485800e-02 9.985301709500340461e-01
3.730172060735096554e-03 -5.335322243317590363e-02 9.985687354771312085e-01
-2.354851313324432625e-03 -5.340906393767957255e-02 9.985699407475654432e-01
-8.634521883720481378e-03 -5.350786770791291641e-02 9.985300962540863967e-01
-1.508841416794358403e-02 -5.364785550893229338e-02 9.984459160901967278e-01
-2.169701933597191490e-02 -5.382697096030457373e-02 9.983145278664312672e-01
-2.844187817742211896e-02 -5.404289909677022913e-02 9.981334703450033263e-01
-3.530570446831346465e-02 -5.429308630891569593e-02 9.979006804342060999e-01
-4.227249830863336749e-02 -5.457476045003096382e-02 9.976144703283783555e-01
-4.932764913308170657e-02 -5.488495086482930024e-02 9.972734956869011569e-01
-5.645802825037699035e-02 -5.522050807009307866e-02 9.968767158152320729e-01
-6.365207093583333253e-02 -5.557812279742313510e-02 9.964233468420421458e-01
-7.089984828171608244e-02 -5.595434409447482688e-02 9.959128088796675993e-01
-7.819312919432425124e-02 -5.634559617326686393e-02 9.953446681118464090e-01
-8.552543311034041529e-02 -5.674819369182505097e-02 9.947185746752730262e-01
-9.289207418285855278e-02 -5.715835515766685276e-02 9.940341970926751536e-01
-1.002901978556062501e-01 -5.757221414721833824e-02 9.932911538779921612e-01
-1.077188108991494336e-01 -5.798582804269319241e-02 9.924889427719986168e-01
-1.151788061232906224e-01 -5.839518399556272582e-02 9.916268678823406679e-01
-1.226729831045021424e-01 -5.879620183166192615e-02 9.907039647979692942e-01
-1.302060663761576420e-01 -5.918473361525029841e-02 9.897189235261405482e-01
-1.377847226235702771e-01 -5.955655958592180610e-02 9.886700088613172843e-01
-1.454175785072668869e-01 -5.990738017098354296e-02 9.875549775390405349e-01
-1.531152408090609152e-01 -6.023280375452189778e-02 9.863709912522038437e-01
-1.608903206593744195e-01 -6.052832985039796609e-02 9.851145243085434045e-01
-1.687574636642919790e-01 -6.078932727714905782e-02 9.837812643808528934e-01
-1.767333878105384892e-01 -6.101100686513458160e-02 9.823660044374069589e-01
-1.848369310894435735e-01 -6.118838813662719894e-02 9.808625235284915700e-01
-1.930891108501919529e-01 -6.131625928354961924e-02 9.792634536316352500e-01
-2.015131969709078874e-01 -6.138912961981983496e-02 9.775601292048934354e-01
-2.101348010251208875e-01 -6.140117349907118355e-02 9.757424154412231987e-01
-2.189819837212585163e-01 -6.134616445535325674e-02 9.737985104281696724e-01
-2.280853830022900319e-01 -6.121739803344177638e-02 9.717147154585634716e-01
-2.374783653067230327e-01 -6.100760141266348136e-02 9.694751665623638770e-01
-2.471972026015516466e-01 -6.070882747572454302e-02 9.670615188768981740e-01
-2.572812778865226080e-01 -6.031233040870064011e-02 9.644525736653682957e-01
-2.677733219114121210e-01 -5.980841920998267863e-02 9.616238355324462361e-01
-2.787196838034441959e-01 -5.918628459538760600e-02 9.585469845429094304e-01
-2.901706381082665431e-01 -5.843379366272015429e-02 9.551892443584290016e-01
-3.021807303102653774e-01 -5.753724525495203940e-02 9.515126229523329648e-01
-3.148091620729805418e-01 -5.648107714922770417e-02 9.474729966595213382e-01
-3.281202160114555788e-01 -5.524751388398910223e-02 9.430190008977741289e-01
-3.421837174489107403e-01 -5.381614106720733481e-02 9.380906813701329616e-01
-3.570755268270394689e-01 -5.216338818573363484e-02 9.326178472848235534e-01
-3.728780504864379619e-01 -5.026189699709079917e-02 9.265180522664893115e-01
-3.896807482790355381e-01 -4.807974618701734565e-02 9.196941080746819930e-01
-4.075806021935809431e-01 -4.557949467082827305e-02 9.120310095501533709e-01
-4.266824882310146227e-01 -4.271699512631154522e-02 9.033921145130563435e-01
-4.470993601072223433e-01 -3.943991533818969053e-02 8.936143772734584934e-01
-4.689521017326658270e-01 -3.568588680943103608e-02 8.825023760665701156e-01
-4.923688261264148602e-01 -3.138017680741281290e-02 8.698207996837243883e-01
-5.174832763747850839e-01 -2.643275047874328251e-02 8.552849632575962868e-01
-5.444317958801567769e-01 -2.073455305946576149e-02 8.385488047479005003e-01
-5.733480436269076108e-01 -1.415279866305103190e-02 8.191896722732782132e-01
-6.043541780097505534e-01 -6.525004288780416294e-03 7.966890559316029963e-01
-6.375465306761928241e-01 2.348536038964878659e-03 7.704082720228410119e-01
-6.729727031909180646e-01 1.271416086670318357e-02 7.395580375287355013e-01
-7.105953405265670320e-01 2.487640559614996694e-02 7.031610245644516199e-01
-7.500755908822037688e-01 3.921110940601710282e-02 6.601886827732105223e-01
-7.909194438570467112e-01 5.616772188369957564e-02 6.093370334611121208e-01
-8.324341329836362213e-01 7.628902975433043965e-02 5.488473359530831042e-01
-8.733859966150449017e-01 1.002256089197856581e-01 4.766043728640673161e-01
-9.117102627373917523e-01 1.287317718297416591e-01 3.901442396606416563e-01
-9.440961300960012403e-01 1.626281190018755152e-01 2.867657442000198786e-01
-9.654353241404327601e-01 2.026948827633424932e-01 1.638579244378370325e-01
-9.681921349165870661e-01 2.494366072254584621e-01 1.963081394885117861e-02
-9.419348803000158199e-01 3.026375358829404560e-01 -1.454964024884030371e-01
-8.736298264557329496e-01 3.606467116640494908e-01 -3.266571224788829553e-01
-7.497775539101354525e-01 4.194824096274072378e-01 -5.117305224507898709e-01
-5.615304267718466136e-01 4.722332855989883615e-01 -6.794698695780944098e-01
-3.123139619345880469e-01 5.097331655112991022e-01 -8.016433676801482111e-01
-2.356757882630491907e-02 5.233399123788579077e-01 -8.517980423800284306e-01
2.683708229783702270e-01 5.089500095327572637e-01 -8.178917952322555251e-01
5.257951381373491273e-01 4.692879213250065740e-01 -7.094422591374888176e-01
7.244368668185721116e-01 4.123219311192571901e-01 -5.524326660267397937e-01
8.587941267286827163e-01 3.472765958010082810e-01 -3.766584835854072111e-01
9.373075619200254005e-01 2.814172533535536092e-01 -2.055696067553631490e-01
9.742786478603955302e-01 2.190137548192404582e-01 -5.304800521789088119e-02
9.839460793682076600e-01 1.619467538603018841e-01 7.498907348871627909e-02
9.778762660724442668e-01 1.104949736657614145e-01 1.776200112007198795e-01
9.644642456115894991e-01 6.402648651050529827e-02 2.563383063335611389e-01
9.493670245950651676e-01 2.157931350585527708e-02 3.134271608716391322e-01
9.361684862409447305e-01 -1.788897941686864307e-02 3.510962106270543170e-01
9.269480183287410746e-01 -5.539725426042860223e-02 3.710775052044219535e-01
9.226739885010436515e-01 -9.191383611318193481e-02 3.744656953666724575e-01
9.234241100729655427e-01 -1.283647830872945428e-01 3.616771968631856682e-01
9.284520275961544167e-01 -1.656529845302944781e-01 3.324694279188639690e-01
9.361140553013388432e-01 -2.046714277778108604e-01 2.860071353140505868e-01
9.436621109583903655e-01 -2.462937581723193270e-01 2.210004623495092357e-01
9.469124581942275354e-01 -2.913181326532985893e-01 1.359799302671779175e-01
9.398339343794425149e-01 -3.403275060330139268e-01 2.982220241507049091e-02
9.141956166378698567e-01 -3.934161818235329400e-01 -9.731434492364204880e-02
8.596107525340465072e-01 -4.497371353401279359e-01 -2.424992011257348368e-01
7.646024304189144027e-01 -5.068913995504711334e-01 -3.980505392143077747e-01
6.194869743410308383e-01 -5.603736441466116158e-01 -5.497429097770198947e-01
4.213251358869409824e-01 -6.036016238908723519e-01 -6.768679403994729560e-01
1.792560064312378187e-01 -6.292064134271756481e-01 -7.562847166408025457e-01
-8.395945662658278741e-02 -6.316568413395695636e-01 -7.706882920565858441e-01
-3.377169126742874949e-01 -6.098586861158704631e-01 -7.169516502998952712e-01
-5.549197018353441146e-01 -5.677138367811858100e-01 -6.080831546688579836e-01
-7.209593815150477925e-01 -5.121969536611822305e-01 -4.667674472191698509e-01
-8.349638448952423353e-01 -4.504469492184420831e-01 -3.161216894804527722e-01
-9.052460015430238149e-01 -3.878145317898764599e-01 -1.735786983446661325e-01
-9.435967679348409298e-01 -3.273812684881324819e-01 -4.946355708795219241e-02
-9.613721366502347987e-01 -2.703814564461188841e-01 5.155076891452436277e-02
-9.677430479392004070e-01 -2.168541943708832409e-01 1.282483935257569818e-01
-9.693335830454714586e-01 -1.661774066984626486e-01 1.810455002920146605e-01
-9.704554236786904209e-01 -1.174057709164192109e-01 2.107893605021501915e-01
-9.734580995867875286e-01 -6.945073057432617214e-02 2.180732062045631081e-01
-9.789707117389235824e-01 -2.116440300748161779e-02 2.029000061495357665e-01
-9.859478616721937261e-01 2.861768937713569591e-02 1.645838412830505360e-01
-9.914932142180189478e-01 8.102673907354114580e-02 1.018620273085260597e-01
-9.904749247553185088e-01 1.370509541497689499e-01 1.328376038560949955e-02
-9.750268945697513345e-01 1.972978280190716416e-01 -1.019613692338152411e-01
-9.342201637241011047e-01 2.615462982811968540e-01 -2.425411685363281500e-01
-8.545526282462713175e-01 3.280376047912796356e-01 -4.026551058654428417e-01
-7.223510709532665608e-01 3.926219384790312628e-01 -5.692599955863921757e-01
-5.291150893790584897e-01 4.482762690061554700e-01 -7.204759591056569823e-01
-2.791238180545224101e-01 4.859698617396270293e-01 -8.282047973847530553e-01
5.647935486693584500e-03 4.975784666578652593e-01 -8.674005816112653200e-01
2.897577152506999876e-01 4.797459883046247264e-01 -8.281812915641484363e-01
5.379033605018948005e-01 4.357740170139410285e-01 -7.216377064166111799e-01
7.286572640656727717e-01 3.737620387321835547e-01 -5.738994061259637958e-01
8.585682199088012778e-01 3.026999594684951500e-01 -4.138035097803082207e-01
9.369222620318514716e-01 2.295062211448196943e-01 -2.636352930930331295e-01
9.779263366553682113e-01 1.581603194718721184e-01 -1.365481300406657938e-01
9.951824153134172235e-01 9.021778359169395356e-02 -3.837590613211652735e-02
9.992374037455815650e-01 2.569380178791320565e-02 2.940132483513855852e-02
9.970793165850194706e-01 -3.621280334325031186e-02 6.724185979682434366e-02
9.924073753590380020e-01 -9.666053027774348938e-02 7.605485925279727166e-02
9.859975367288937864e-01 -1.568995331005264005e-01 5.649241076399088429e-02
9.758881203920717340e-01 -2.180929008635111022e-01 8.823914496918503284e-03
9.573509213946715946e-01 -2.811257810949544522e-01 -6.668963116379701683e-02
9.227931069365989947e-01 -3.463137188348666684e-01 -1.688777319019880430e-01
8.619612591523398981e-01 -4.129425203092069729e-01 -2.941109672103015549e-01
7.631213812100382521e-01 -4.786492284779321205e-01 -4.342127036385209915e-01
6.160696154113646239e-01 -5.388576008026800812e-01 -5.745352150976381633e-01
4.172701455398915571e-01 -5.868115845852642787e-01 -6.939292385840630795e-01
1.754970145583450436e-01 -6.149167897780455361e-01 -7.688160623937688731e-01
-8.663848751578280549e-02 -6.174721050199636352e-01 -7.818068624646320464e-01
-3.388740515029856071e-01 -5.933730794578008227e-01 -7.301183218643765294e-01
-5.546760722996647575e-01 -5.466923758298735114e-01 -6.272654136109770961e-01
-7.201711701002552202e-01 -4.846058373375138895e-01 -4.964984050687485939e-01
-8.352698020776385679e-01 -4.143870408409501827e-01 -3.613969233005620008e-01
-9.088112137804329471e-01 -3.414215292162969817e-01 -2.397780539205875694e-01
-9.526252087664150991e-01 -2.687333718233496649e-01 -1.424344920925212366e-01
-9.774638620540909706e-01 -1.974247013436052078e-01 -7.475214862419592154e-02
-9.910917010000738214e-01 -1.273470550040236571e-01 -3.898673924275987412e-02
-9.976847644141407789e-01 -5.766997080054638708e-02 -3.604557351395282910e-02
-9.977084694871936055e-01 1.270207545443669331e-02 -6.645649132200674714e-02
-9.878158616913671475e-01 8.478041757098832287e-02 -1.305070964870417294e-01
-9.606906123041489831e-01 1.590833156096099488e-01 -2.275215246318720852e-01
-9.051622662386324958e-01 2.350435292185499847e-01 -3.541691815973538882e-01
-8.074208138088282416e-01 3.101895363145572015e-01 -5.018506541037854873e-01
-6.545718355626592988e-01 3.793178588248591887e-01 -6.539523469477062090e-01
-4.412512736193261453e-01 4.343615982019367050e-01 -7.852562088294772202e-01
-1.772829694555493329e-01 4.660011730782043782e-01 -8.668411926793280209e-01
1.097189145759713130e-01 4.672665207276379684e-01 -8.772820277411187417e-01
3.822849019460597964e-01 4.371865326094188098e-01 -8.140799636259680172e-01
6.088937651524992667e-01 3.813922781611756574e-01 -6.955489275354123091e-01
7.752384821515231339e-01 3.090231718512103098e-01 -5.509173919062546609e-01
8.839184431090704175e-01 2.287465837089305842e-01 -4.078764322915257035e-01
9.470434677407882917e-01 1.465130877517582253e-01 -2.857316625267257715e-01
9.786267228475254987e-01 6.534344181651340067e-02 -1.949871010685442496e-01
9.900536456815747233e-01 -1.387935643592150443e-02 -1.400040705847160616e-01
9.883247806114303646e-01 -9.148761088350403081e-02 -1.218365410167206314e-01
9.757378111654765318e-01 -1.682979441239842999e-01 -1.400411493395476992e-01
9.500521262851406856e-01 -2.450482569385363241e-01 -1.932674487725321855e-01
9.048298850242932900e-01 -3.218663135895860061e-01 -2.787202055559307445e-01
8.302264901788318774e-01 -3.976539893709243878e-01 -3.906344549348112483e-01
7.149693674835612134e-01 -4.694024648530221722e-01 -5.181506799973305544e-01
5.503562434189750441e-01 -5.317321454711202433e-01 -6.437149434451145957e-01
3.361106684871588146e-01 -5.773009998748431792e-01 -7.441459343751646305e-01
8.541153221308253607e-02 -5.987057385956341404e-01 -7.964021008615831398e-01
-1.757317495318839740e-01 -5.915054654008790047e-01 -7.869178064228801173e-01
-4.170696069966822184e-01 -5.564840897748398740e-01 -7.185947384689448381e-01
-6.158202848473582902e-01 -4.992587868423940534e-01 -6.095129513873741578e-01
-7.632414554866150391e-01 -4.275570812378374774e-01 -4.844145128646365484e-01
-8.630676366650384956e-01 -3.483206359250357043e-01 -3.657690343497786434e-01
-9.255074035710909586e-01 -2.662236434165040078e-01 -2.693715184996663958e-01
-9.615155827403898403e-01 -1.836141661066610087e-01 -2.043859572225499577e-01
-9.792932524203745714e-01 -1.011463591732267298e-01 -1.753685751418758154e-01
-9.827041070982193149e-01 -1.853380206710512207e-02 -1.842529061658875478e-01
-9.707077312190297569e-01 6.476489097601835498e-02 -2.313698485234154667e-01
-9.372717277696043237e-01 1.488742578315436216e-01 -3.152112958568622503e-01
-8.718799311519842554e-01 2.327207137783723345e-01 -4.308903020349498236e-01
-7.614495277905810600e-01 3.131185951713987281e-01 -5.675837905832622488e-01
-5.948386532597897958e-01 3.840284995609115071e-01 -7.061792162333216938e-01
-3.701551830881350535e-01 4.368050745753883635e-01 -8.198697851133344150e-01
-1.017646339530671740e-01 4.623899073406756988e-01 -8.808175350676978876e-01
1.796246282619896606e-01 4.551778548585734274e-01 -8.720940949866269332e-01
4.376492465053235525e-01 4.160646707267368627e-01 -7.970905368210442488e-01
6.454298594792349242e-01 3.519619579155232603e-01 -6.778960641001816612e-01
7.936646222820707974e-01 2.722096999200369627e-01 -5.440572981250331175e-01
8.878732506771455091e-01 1.849236908599042606e-01 -4.212888751467978588e-01
9.403634744341552443e-01 9.534298026916003532e-02 -3.265367499904986981e-01
9.632270083763492252e-01 5.994305466448855355e-03 -2.686220312391278675e-01
9.644986243610470522e-01 -8.237427841273477214e-02 -2.509120939538841411e-01
9.468313594751217588e-01 -1.697902677823940332e-01 -2.732794150892758900e-01
9.074026362479756802e-01 -2.561604799639787822e-01 -3.331700185570302120e-01
8.387027792188627151e-01 -3.404432962996853940e-01 -4.250600041928649375e-01
7.305705359885443784e-01 -4.198373704621070623e-01 -5.385195180618657096e-01
5.741267125193029175e-01 -4.891938270499610053e-01 -6.565576247059536907e-01
3.677044862314963192e-01 -5.412417693167126398e-01 -7.562081426005979878e-01
1.224693670832820436e-01 -5.682975897837041490e-01 -8.136578522394184443e-01
-1.370533707938033086e-01 -5.652702316500979318e-01 -8.134408003360306116e-01
-3.806012851298722910e-01 -5.322060106253279077e-01 -7.562403195121031318e-01
-5.839818794395246204e-01 -4.742899312522171340e-01 -6.587975579927306535e-01
-7.365897879702020257e-01 -3.992813818720279961e-01 -5.459027927710918826e-01
-8.405862375739319159e-01 -3.144760463145693241e-01 -4.410437510032946817e-01
-9.048986744169451590e-01 -2.250045774697246592e-01 -3.612911927500578879e-01
-9.390174756981922721e-01 -1.336701945895422128e-01 -3.168255927388296533e-01
-9.489707825584449141e-01 -4.163586032992963593e-02 -3.126034321428854401e-01
-9.354305975710304200e-01 5.063047802435786254e-02 -3.498659009183517909e-01
-8.932914421323630005e-01 1.423600955572803251e-01 -4.263378934696532285e-01
-8.126215538071511757e-01 2.314341364554178271e-01 -5.348686264600676088e-01
-6.817028301342015206e-01 3.133692556222166248e-01 -6.611209857581686888e-01
-4.930063606797372433e-01 3.808292682737837165e-01 -7.822491888939661075e-01
-2.511183925143139484e-01 4.246082888436970015e-01 -8.698547871413256916e-01
2.226207255299629192e-02 4.366876642927630670e-01 -8.993376899954622639e-01
2.927306137766673144e-01 4.141219800085650382e-01 -8.618652853199395558e-01
5.268641108866363165e-01 3.607502873679104827e-01 -7.695930323179005494e-01
7.052500866976133542e-01 2.851125335435216179e-01 -6.491018063290656670e-01
8.255302064375867888e-01 1.964732170882013407e-01 -5.290540140386377210e-01
8.963895360199468643e-01 1.019451648188072629e-01 -4.313849552626678463e-01
9.293814330119155587e-01 5.758475522643344280e-03 -3.690758573453012392e-01
9.332144871668496267e-01 -9.006296575752241462e-02 -3.478496509753402077e-01
9.111575798540064719e-01 -1.845688460721344182e-01 -3.684103721082811478e-01
8.606384571736429567e-01 -2.767457023078195855e-01 -4.274497149729187262e-01
7.744542830888158091e-01 -3.644683906620482805e-01 -5.170912416146425938e-01
6.438071580458746279e-01 -4.436322244052130492e-01 -6.234603349478219370e-01
4.635105362352652247e-01 -5.078461853504082635e-01 -7.261199841232739427e-01
2.382952010696702816e-01 -5.493531863918039715e-01 -8.008910476695412228e-01
-1.355444667945038956e-02 -5.615026733469214992e-01 -8.273638989264034960e-01
-2.637619153787974513e-01 -5.417577372558410875e-01 -7.980778173372782280e-01
-4.844976254013298456e-01 -4.930520049700055085e-01 -7.226076167287466268e-01
-6.585535665274365735e-01 -4.223020285272013341e-01 -6.228709281073013804e-01
-7.822800083379055636e-01 -3.373512451234420562e-01 -5.236717696510562181e-01
-8.613348568865606403e-01 -2.445560642492285441e-01 -4.453028094578989071e-01
-9.040492463674060231e-01 -1.479923535096759890e-01 -4.009902988914209598e-01
-9.162144429362697462e-01 -4.990752581135117494e-02 -3.975680190636826650e-01
-8.983089659361661594e-01 4.826224959285622257e-02 -4.367055682525356475e-01
-8.448878654173923586e-01 1.446921394232250357e-01 -5.150035689380971782e-01
-7.461376545365048241e-01 2.359388847253938992e-01 -6.225844838365117706e-01
-5.922512940638349210e-01 3.159653949221012392e-01 -7.412180989680281495e-01
-3.807812232169968669e-01 3.761519777912320506e-01 -8.446983757349829647e-01
-1.242211588868149391e-01 4.072386831654170036e-01 -9.048346561076212602e-01
1.485987074810955211e-01 4.030914521754381252e-01 -9.030147847843584819e-01
4.018442143814910383e-01 3.639801054755599230e-01 -8.402616892158102369e-01
6.075273714025449801e-01 2.965009498341181771e-01 -7.368837600993251025e-01
7.543573514999366569e-01 2.101873553983247822e-01 -6.219053448989494415e-01
8.456826767943199652e-01 1.137419776807692268e-01 -5.214245571762290421e-01
8.914685457256403822e-01 1.319760476954895401e-02 -4.528903303815053349e-01
9.009034596948279905e-01 -8.795391157588053344e-02 -4.250141902234833013e-01
8.783100425033616432e-01 -1.876644794583681997e-01 -4.397198068432962570e-01
8.221072389540315939e-01 -2.840166413212794616e-01 -4.934310805519540044e-01
7.261622367097688713e-01 -3.740084865058509456e-01 -5.768934512883738819e-01
5.834567828064994854e-01 -4.526704500904373818e-01 -6.742904732732452056e-01
3.918990611258441614e-01 -5.129923055838622181e-01 -7.637106889520647313e-01
1.603553401442971704e-01 -5.472799413570987870e-01 -8.214443540289714241e-01
-8.945045129970551068e-02 -5.499162767747290959e-01 -8.304159809128649483e-01
-3.287265131656709194e-01 -5.200451824473192319e-01 -7.883475653410706441e-01
-5.325153102757923529e-01 -4.620679092414062827e-01 -7.091690119967554162e-01
-6.878113128783119867e-01 -3.834994813749391107e-01 -6.163146450146055333e-01
-7.938387643196787025e-01 -2.919736477573525169e-01 -5.334523420834950125e-01
-8.565199771069017531e-01 -1.933544058083739581e-01 -4.785264867974202696e-01
-8.820296700428565950e-01 -9.145924836822913462e-02 -4.622324772746183585e-01
-8.724146617162403805e-01 1.114332459646451279e-02 -4.886394175002105600e-01
-8.239380937577457376e-01 1.118702940732383827e-01 -5.555277229392663330e-01
-7.282106872747389215e-01 2.067605176753143925e-01 -6.534212112128227057e-01
-5.765352668623046073e-01 2.894045015376526253e-01 -7.641021636789370186e-01
-3.673728507580964475e-01 3.509383086481614455e-01 -8.613242641490712614e-01
-1.139483541780655917e-01 3.820298846064832388e-01 -9.170981058595755187e-01
1.545280150060976687e-01 3.766728056585964546e-01 -9.133666766050348995e-01
4.023625049935664055e-01 3.353949867720126821e-01 -8.518301551740217192e-01
6.020504959188650584e-01 2.650499062220899038e-01 -7.531824104403528342e-01
7.426281575656651368e-01 1.753598418380249435e-01 -6.463376372113949220e-01
8.271771603394484362e-01 7.519555137512862197e-02 -5.568873946137987696e-01
8.646631744030748301e-01 -2.915443394373755034e-02 -5.015053435668944681e-01
8.626709908059606580e-01 -1.337349025809920211e-01 -4.877640139115609896e-01
8.236852476532590117e-01 -2.357042536364349072e-01 -5.157384157009096137e-01
7.447960954510092213e-01 -3.319232600838153413e-01 -5.788831673397636379e-01
6.203166441860731295e-01 -4.177817007571354990e-01 -6.638265641477794077e-01
4.469579472362048000e-01 -4.867101113873313900e-01 -7.505610279491967685e-01
2.301470383553966270e-01 -5.309857514594040762e-01 -8.155283368856787174e-01
-1.224555810798305319e-02 -5.440815837695964774e-01 -8.389429493479801936e-01
-2.530521503767322322e-01 -5.235381027581389457e-01 -8.135554436381797760e-01
-4.654734726509002773e-01 -4.722642441279106262e-01 -7.485325147789485545e-01
-6.325056694972419624e-01 -3.971308648799292684e-01 -6.649989848940729420e-01
-7.495219897943604659e-01 -3.060639230854432236e-01 -5.869767094992670575e-01
-8.200031894327728388e-01 -2.057600611993875839e-01 -5.340950872544444339e-01
-8.489945061528717529e-01 -1.010158922156796368e-01 -5.186560649758197306e-01
-8.381274114794637908e-01 4.629528441772784095e-03 -5.454548609072285004e-01
-7.836443650054251142e-01 1.075972776831834454e-01 -6.118205053154182060e-01
-6.778091931950901428e-01 2.028461044468649055e-01 -7.067023073563724056e-01
-5.140082794765680196e-01 2.829128498364089639e-01 -8.097875052813675589e-01
-2.947163230154599134e-01 3.383298602753822548e-01 -8.936862929766248298e-01
-3.810667734504896709e-02 3.601955057962348272e-01 -9.320982106885546958e-01
