2.226890398555932624e-06 -2.172444050194203125e-06 9.999999999951607599e-01
1.715897699467657271e-04 -1.404843211686402857e-04 9.999999754105531879e-01
6.837160724332976523e-04 -4.795892766466470971e-04 9.999996512631684764e-01
1.638883725437594811e-03 -9.997731733897253451e-04 9.999981572551704945e-01
3.125951276946901253e-03 -1.676931866696939038e-03 9.999937081442709097e-01
5.220205487919744002e-03 -2.483186207235310583e-03 9.999832914808751694e-01
7.981548490999546344e-03 -3.387587561223769344e-03 9.999624088605539862e-01
1.145306646846391656e-02 -4.356896781297974093e-03 9.999249195409158908e-01
1.566001365471507770e-02 -5.356418156373331761e-03 9.998630269976329643e-01
2.060923718947996544e-02 -6.350868721138175181e-03 9.997674358614385692e-01
2.628905975846548837e-02 -7.305262333967624255e-03 9.996276899322310561e-01
3.266962771906170571e-02 -8.185787112532438153e-03 9.994326832328663812e-01
3.970372214385434195e-02 -8.960654206086045986e-03 9.991713172044740521e-01
4.732801866281641928e-02 -9.600895621542955907e-03 9.988332600853446763e-01
5.546476914221851184e-02 -1.008108910755899437e-02 9.984097510673697329e-01
6.402386445682828331e-02 -1.037998915784676610e-02 9.978943834921099043e-01
7.290522362592344319e-02 -1.048104521015106282e-02 9.972837991561671611e-01
8.200144144716091377e-02 -1.037279119226014804e-02 9.965782301472733140e-01
9.120061570584450661e-02 -1.004909467390541732e-02 9.957818352385789940e-01
1.003892672662911462e-01 -9.509258847767933578e-03 9.949027937511818465e-01
1.094552628297087715e-01 -8.757976069364415903e-03 9.939531393853795471e-01
1.182906514009795101e-01 -7.805137318756335749e-03 9.929483378416883443e-01
1.267943315286727268e-01 -6.665507250666335981e-03 9.919066329576049501e-01
1.348744765857370631e-01 -5.358279047361589990e-03 9.908482045254857207e-01
1.424506586783525486e-01 -3.906526750117520624e-03 9.897941952198239246e-01
1.494556268318983361e-01 -2.336574934063801682e-03 9.887656729609227702e-01
1.558367104391563396e-01 -6.773064876123685834e-04 9.877825980120469307e-01
1.615568332335877988e-01 1.040571000643210429e-03 9.868628612160518232e-01
1.665951352576838518e-01 2.785280896179699248e-03 9.860214516524519190e-01
1.709472098604298829e-01 4.524737574580803105e-03 9.852697996948959203e-01
1.746249695805638658e-01 6.227295168071020522e-03 9.846153263045837045e-01
1.776561591828972608e-01 7.862471134687968460e-03 9.840612128582461038e-01
1.800835367592251990e-01 9.401632326396897402e-03 9.836063893132727110e-01
1.819637454952056088e-01 1.081863237258327663e-02 9.832457233667220020e-01
1.833659002580337594e-01 1.209038993987380031e-02 9.829703805780050097e-01
1.843699152574895250e-01 1.319739788436578160e-02 9.827683160526864414e-01
1.850646021127146101e-01 1.412415365255817283e-02 9.826248527940183441e-01
1.855455718583019220e-01 1.485950171762200761e-02 9.825233004730647979e-01
1.859129795857447642e-01 1.539687955480309282e-02 9.824455710732937774e-01
1.862691561277469987e-01 1.573445981816597519e-02 9.823727542280946690e-01
1.867161768728943794e-01 1.587518306906357882e-02 9.822856243763818940e-01
1.871166201567398268e-01 1.582037185736725679e-02 9.822103065512078901e-01
1.873781121607833999e-01 1.556309639446639900e-02 9.821645651893995410e-01
1.876055371341425193e-01 1.510040490356749816e-02 9.821283725706955181e-01
1.879040778482026774e-01 1.443426321383790671e-02 9.820813151534319996e-01
1.883766978641758516e-01 1.357150005350387864e-02 9.820030723414724383e-01
1.891216601910116479e-01 1.252363457401747468e-02 9.818737985218144448e-01
1.902301453314726998e-01 1.130658764238482057e-02 9.816744128696931471e-01
1.917840322373280670e-01 9.940281850762575436e-03 9.813868125135593035e-01
1.938539038231774370e-01 8.448138679991650662e-03 9.809940330732715985e-01
1.964973344099644748e-01 6.856484636416231709e-03 9.804803854173801403e-01
1.997575099171938484e-01 5.193881299840348749e-03 9.798315981987569812e-01
2.036622230231832364e-01 3.490396943954025399e-03 9.790349922461574206e-01
2.082232751366683010e-01 1.776839614603976329e-03 9.780797056131714795e-01
2.134363051607122974e-01 8.397318959394012012e-05 9.769569778592359643e-01
2.192810519903543864e-01 -1.558261081740195579e-03 9.756604901605935298e-01
2.257220438222877767e-01 -3.121494826038567674e-03 9.741867455486884486e-01
2.327096931038069860e-01 -4.579632424445056506e-03 9.725354624394906278e-01
2.401817618604110416e-01 -5.909479813134575765e-03 9.707099460281489733e-01
2.480651488935063653e-01 -7.091283839111950371e-03 9.687173971793635596e-01
2.562779387077276927e-01 -8.109167013050588846e-03 9.665691178296966779e-01
2.649641471205315124e-01 -8.945236848730869078e-03 9.642167720374995588e-01
2.742123388525680716e-01 -9.573773953092746050e-03 9.616215139405449586e-01
2.839077070704066896e-01 -9.973747844453180814e-03 9.587997383291082532e-01
2.939270836719123925e-01 -1.013001651006871333e-02 9.557741638324598332e-01
3.041423025100178368e-01 -1.003354039288886952e-02 9.525737703144553370e-01
3.144235702150862677e-01 -9.681414613177398779e-03 9.492334216115099199e-01
3.246427277338146400e-01 -9.076727886796557773e-03 9.457931657293923156e-01
3.346762975896132586e-01 -8.228264054100535574e-03 9.422972309745867303e-01
3.444082298816423804e-01 -7.150068208671147077e-03 9.387927607914403616e-01
3.537322824398460019e-01 -5.860903618204905442e-03 9.353283499224668285e-01
3.625539951222687129e-01 -4.383627682163147334e-03 9.319524582451810257e-01
3.707922425946842404e-01 -2.744515046844957923e-03 9.287117854688679008e-01
3.783803718533271243e-01 -9.725539194829729665e-04 9.256496898584378741e-01
3.852669484708232117e-01 9.012619881976536868e-04 9.228047280670051977e-01
3.914161479339960392e-01 2.844628046149912971e-03 9.202093822754697783e-01
3.968078350866371951e-01 4.824596947246837832e-03 9.178890266683459309e-01
4.014373758611735621e-01 6.808212499747067631e-03 9.158611693396897513e-01
4.053152220184992882e-01 8.763104964159303470e-03 9.141349893705486007e-01
4.084663027520423761e-01 1.065804700787654699e-02 9.127111731265624694e-01
4.109292481992167234e-01 1.246347122623495118e-02 9.115820395660669817e-01
4.127554606223583500e-01 1.415195081552953274e-02 9.107319320275044650e-01
4.140080406334382124e-01 1.569864448735322840e-02 9.101378438742848687e-01
4.147605694650479680e-01 1.708170530249963209e-02 9.097702376759744247e-01
4.150957447371842468e-01 1.828265107518253080e-02 9.095940123872611194e-01
4.151038668724465475e-01 1.928669169865929525e-02 9.095695703083268580e-01
4.148811763306810008e-01 2.008300652607358100e-02 9.096539355025929918e-01
4.145280478677191849e-01 2.066496313697702841e-02 9.098018777896299536e-01
4.141470564590126746e-01 2.103026770928934780e-02 9.099670013063235752e-01
4.138409395142297886e-01 2.118103700041935530e-02 9.101027636775850249e-01
4.137104905399267007e-01 2.112378272907411078e-02 9.101634006157576229e-01
4.138524294323550623e-01 2.086930095064510118e-02 9.101047406374612736e-01
4.143573031020922337e-01 2.043246174774370968e-02 9.098849047395498602e-01
4.153074762890243687e-01 1.983189804422575558e-02 9.094648953964175053e-01
4.167752755718879265e-01 1.908959636389318329e-02 9.088090872029462863e-01
4.188213493109452790e-01 1.823039662345414536e-02 9.078856370712793389e-01
4.214933024439094789e-01 1.728141228872232676e-02 9.066668345011007490e-01
4.248246577874126850e-01 1.627138615648674944e-02 9.051294118126790300e-01
4.288341850985648018e-01 1.523000039927429293e-02 9.032548304762616498e-01
4.335256261240305609e-01 1.418716210932609474e-02 9.010295533028110926e-01
4.388878288562781393e-01 1.317228722758579003e-02 8.984453041398952067e-01
4.446793294332525015e-01 1.220781299318418611e-02 8.956066453955826567e-01
4.506930159186092744e-01 1.130380332563489174e-02 8.926074329920047346e-01
4.568962018871648434e-01 1.046845009606164889e-02 8.894584151345593659e-01
4.632530385257770944e-01 9.708319747158657836e-03 8.861728786327952578e-01
4.697253968740510155e-01 9.028262589014042841e-03 8.827664141810970255e-01
4.762737670338548224e-01 8.431366579858974239e-03 8.792566240256541876e-01
4.828581488966093849e-01 7.918954432214650105e-03 8.756627765326406854e-01
4.894389109053255971e-01 7.490621522763224460e-03 8.720054145938688217e-01
4.959775961888804319e-01 7.144310929472256176e-03 8.683059270211488379e-01
5.024376588648076236e-01 6.876421019697399710e-03 8.645860939133970247e-01
5.087851171602952860e-01 6.681940395699383778e-03 8.608676182949080991e-01
5.149891139973062915e-01 6.554604675510707600e-03 8.571716570336610497e-01
5.210223795876246511e-01 6.487069533319157755e-03 8.535183641244834529e-01
5.268615941791343626e-01 6.471094612889346197e-03 8.499264588854424929e-01
5.324876522226813513e-01 6.497733315050472150e-03 8.464128305337523805e-01
5.378858317799386501e-01 6.557523992644431927e-03 8.429921890797712480e-01
5.430458749134527974e-01 6.640678707201780329e-03 8.396767706241525797e-01
5.479619860907123385e-01 6.737266356508210541e-03 8.364761030905659700e-01
5.526327563413178101e-01 6.837387622659693229e-03 8.333968362965573640e-01
5.570610211131760137e-01 6.931339776764956079e-03 8.304426381666951684e-01
5.614532670928183977e-01 7.015116728182967110e-03 8.274787109092938131e-01
5.659761880456242178e-01 7.094013253334137230e-03 8.243910659033866217e-01
5.706290420424150467e-01 7.173199683836339879e-03 8.211766202127697145e-01
5.754088084771709077e-01 7.257686399053248083e-03 8.178337417317967928e-01
5.803103168541237089e-01 7.352235307628528053e-03 8.143622540299028101e-01
5.853264143874195025e-01 7.461279489417957031e-03 8.107634167429881300e-01
5.904481672368536715e-01 7.588852521019162807e-03 8.070398819910150623e-01
5.956650894886880154e-01 7.738528702055534961e-03 8.031956276885340307e-01
6.009653934838672384e-01 7.913375062891506509e-03 7.992358690210994432e-01
6.063362548124213713e-01 8.115915681640096385e-03 7.951669497738902415e-01
6.117640852365189286e-01 8.348108483763373028e-03 7.909962156037704251e-01
6.172348069683185612e-01 8.611334355476826796e-03 7.867318717246803983e-01
6.227341220947781864e-01 8.906398085561702954e-03 7.823828278100213307e-01
6.282477714832710447e-01 9.233540370165185113e-03 7.779585331870553233e-01
6.337617781856764720e-01 9.592459880366662611e-03 7.734688055923081285e-01
6.392626711464203249e-01 9.982344208539946362e-03 7.689236568625423818e-01
6.447376858716158399e-01 1.040190837972976810e-02 7.643331189468320908e-01
6.501749395923855923e-01 1.084943953839750258e-02 7.597070735406900033e-01
6.555635793186979088e-01 1.132284639637452101e-02 7.550550884672987406e-01
6.608939019983345320e-01 1.181971204988960071e-02 7.503862636725784352e-01
6.659775311796236608e-01 1.233247417574760869e-02 7.458698532885057464e-01
6.706678252267896934e-01 1.284646584221111124e-02 7.416465711651016868e-01
6.749728220630384357e-01 1.334806879657679003e-02 7.377218436075205776e-01
6.789052300431059894e-01 1.382432963508824914e-02 7.340957543333684887e-01
6.824820299341879393e-01 1.426306872572762063e-02 7.307631926195072847e-01
6.857240778192497110e-01 1.465297387672983426e-02 7.277140780935377196e-01
6.886557114172277005e-01 1.498368141332475333e-02 7.249336524287972594e-01
6.913043598108004062e-01 1.524584692157041413e-02 7.224028282462935380e-01
6.937001546784357098e-01 1.543120738320803188e-02 7.200985857768579246e-01
6.958755398826189653e-01 1.553263581196342828e-02 7.179944082079097178e-01
6.978648756737991787e-01 1.554418885953325405e-02 7.160607470693476362e-01
6.997040338020362737e-01 1.546114723449615834e-02 7.142655094622535339e-01
7.014299804315183851e-01 1.528004821056668308e-02 7.125745593820642654e-01
7.030803448501891095e-01 1.499870902735833331e-02 7.109522258301694819e-01
7.046929734613285312e-01 1.461623963624644057e-02 7.093618108505332920e-01
7.063054703236026910e-01 1.413304303808871586e-02 7.077660910819750795e-01
7.079547274460564754e-01 1.355080141273893972e-02 7.061278068932514973e-01
7.096764500123082797e-01 1.287244635823941129e-02 7.044101336740569153e-01
7.115046835692002691e-01 1.210211183704275155e-02 7.025771303908181498e-01
7.134713518389868003e-01 1.124506885512329205e-02 7.005941610743791070e-01
7.156058150816554386e-01 1.030764145596919576e-02 6.984282854731440615e-01
7.179344597443400033e-01 9.297104265621866995e-03 6.960486156612177844e-01
7.204803304121383256e-01 8.221562540794995558e-03 6.934266359166084692e-01
7.232628147737450997e-01 7.089816408455942333e-03 6.905364836624309222e-01
7.262973914254282626e-01 5.911211698417114489e-03 6.873551896835403685e-01
7.295954488837282925e-01 4.695480417025351023e-03 6.838628761907065146e-01
7.331641822223625704e-01 3.452574449566529324e-03 6.800429116136026408e-01
7.370065713864110135e-01 2.192496476909873079e-03 6.758820212821671225e-01
7.411214425882859391e-01 9.251323217786834021e-04 6.713703534310010435e-01
7.455036113960671340e-01 -3.399110144911842183e-04 6.665015002653379428e-01
7.501441033364938393e-01 -1.593457507815113040e-03 6.612724741909957737e-01
7.550304452032358116e-01 -2.826900669747944850e-03 6.556836397599300481e-01
7.601470179267229010e-01 -4.032325210065045018e-03 6.497386024321887277e-01
7.654754599456617958e-01 -5.202609134179302618e-03 6.434440559047831520e-01
7.709951086154168687e-01 -6.331504336581630574e-03 6.368095904930773932e-01
7.766834663539637917e-01 -7.413694542723731594e-03 6.298474658404542570e-01
7.825166779846866039e-01 -8.444830260533041713e-03 6.225723520344486062e-01
7.884700060724089132e-01 -9.421541186727269354e-03 6.150010439713633481e-01
7.945182919161147828e-01 -1.034142723365957632e-02 6.071521544831205430e-01
8.006363911812716117e-01 -1.120302996713805864e-02 5.990457922695145987e-01
8.069421409334029960e-01 -1.200148422424784922e-02 5.905085482550244125e-01
8.135177985302135539e-01 -1.272834093288128209e-02 5.814007058919666848e-01
8.203233616534503225e-01 -1.337790972133593749e-02 5.717434860644207140e-01
8.273177705940969462e-01 -1.394615326192428714e-02 5.615610485676822972e-01
8.344597023645849987e-01 -1.443064686107812730e-02 5.508799883466510838e-01
8.417083047356955783e-01 -1.483050235716207831e-02 5.397288077718510602e-01
8.490238524777418139e-01 -1.514626162248583659e-02 5.281373767143787701e-01
8.563683126785995858e-01 -1.537976564122422486e-02 5.161363926801316726e-01
8.637058107598430956e-01 -1.553400545550024867e-02 5.037568531883424017e-01
8.710029934283842756e-01 -1.561296125823712772e-02 4.910295519411985166e-01
8.782292890397850327e-01 -1.562143560411101591e-02 4.779846091898488636e-01
8.853570695233520249e-01 -1.556488616395963753e-02 4.646510451551343901e-01
8.923617210047612991e-01 -1.544926272631934328e-02 4.510564035313851527e-01
8.992216324998827393e-01 -1.528085231736076716e-02 4.372264301214374149e-01
9.059181135424932974e-01 -1.506613542906329317e-02 4.231848096504401413e-01
9.124352523959252670e-01 -1.481165546932704420e-02 4.089529619008513417e-01
9.187597266676533758e-01 -1.452390272112558285e-02 3.945498965953029846e-01
9.248805778029268732e-01 -1.420921335365775591e-02 3.799921249958125302e-01
9.307889601961422121e-01 -1.387368338825285298e-02 3.652936250282321495e-01
9.364778746446518198e-01 -1.352309699649781316e-02 3.504658558956917913e-01
9.419371945768743037e-01 -1.308062696143860205e-02 3.355342287621116970e-01
9.471429201120268315e-01 -1.249400943251163104e-02 3.205685396448096358e-01
9.520743488632730234e-01 -1.178220227000710899e-02 3.056396799276667742e-01
9.567179068904259065e-01 -1.096358360701710048e-02 2.908103273092932928e-01
9.610662732063264269e-01 -1.005572160613582393e-02 2.761349325390165532e-01
9.651174869258069000e-01 -9.075207202493393646e-03 2.616598498896848257e-01
9.688740717044032058e-01 -8.037543338426692344e-03 2.474235863373984989e-01
9.723422036285896963e-01 -6.957083245634077505e-03 2.334571438946743405e-01
9.755309408898189538e-01 -5.847010004442216267e-03 2.197844303873238703e-01
9.784515267161828511e-01 -4.719349764380049127e-03 2.064227158154380570e-01
9.811167713031107018e-01 -3.585011507932423912e-03 1.933831139481853034e-01
9.835405139080909409e-01 -2.453846957477922881e-03 1.806710716649667370e-01
9.857371627943064540e-01 -1.334725061866987158e-03 1.682868515223049644e-01
9.877213082077382911e-01 -2.356163740225702551e-04 1.562259959077517690e-01
9.895074019049686642e-01 8.363165140736835042e-04 1.444797638080101421e-01
9.911094957582629039e-01 1.874625517092732988e-03 1.330355335879263579e-01
9.925410314987912486e-01 2.873482908552337216e-03 1.218771672108526771e-01
9.938146735799476827e-01 3.827588187900412935e-03 1.109853330215242462e-01
9.949421773308242400e-01 4.732077151215046025e-03 1.003377855749590652e-01
9.959342849250236718e-01 5.582433929042848221e-03 8.990960205874860833e-02
9.968006421315306342e-01 6.374406417289880597e-03 7.967337565993075355e-02
9.975497292791537518e-01 7.103925268399736113e-03 6.959936681408586401e-02
9.981888003059532499e-01 7.767026421226110207e-03 5.965561368712399282e-02
9.987238241442566444e-01 8.359777020560756750e-03 4.980800352244965645e-02
9.991594229842095665e-01 8.878204504058113608e-03 4.002030667923073964e-02
9.994988021456834293e-01 9.318228609973095919e-03 3.025417533119822977e-02
9.997436663566361403e-01 9.675596080560391540e-03 2.046910892861342895e-02
9.998941171768491731e-01 9.945817902534560134e-03 1.062238868775664501e-02
9.999485261137912584e-01 1.012410903982007178e-02 6.689836032000495356e-04
9.999033776498623682e-01 1.020533078021984390e-02 -9.438569177474938343e-03
9.997530759387373012e-01 1.018393604542268578e-02 -1.975030626879464152e-02
9.994897083393426973e-01 1.005391831580672822e-02 -3.031899817425008636e-02
9.991027582530834783e-01 9.808765215256025349e-03 -4.120032252408236534e-02
9.985787589386797558e-01 9.441418309482932369e-03 -5.245304392356237022e-02
9.979008791421289937e-01 8.944241322974728903e-03 -6.413919203246859491e-02
9.970484305653063428e-01 8.308999810213352211e-03 -7.632422701520853725e-02
9.959962865114069253e-01 7.526856368966185901e-03 -8.907717827111497066e-02
9.947142006480426124e-01 6.588386806985840026e-03 -1.024707382059046046e-01
9.931660149532869353e-01 5.483624324071377683e-03 -1.165812875470855214e-01
9.913087468929007162e-01 4.202140807749195697e-03 -1.314888221344892860e-01
9.891271096571304655e-01 2.731119947113420845e-03 -1.470377568015193148e-01
9.866053342533321890e-01 1.061269610541428496e-03 -1.631220038184371113e-01
9.836966760545063915e-01 -8.137318397099466962e-04 -1.798337770271953850e-01
9.803457171864555786e-01 -2.900162691811484800e-03 -1.972659723586261404e-01
9.764874380375532237e-01 -5.203963926360386655e-03 -2.155114895182363710e-01
9.720462252812626103e-01 -7.730350091042160338e-03 -2.346622628459456572e-01
9.669348575206428986e-01 -1.048330498377098019e-02 -2.548079308581524538e-01
9.610535312139921738e-01 -1.346493987675591135e-02 -2.760340658963927885e-01
9.542890180714590498e-01 -1.667469076618142282e-02 -2.984198798272771347e-01
9.465140816517290112e-01 -2.010833170947306028e-02 -3.220353214026547284e-01
9.375873259017399874e-01 -2.375678488704552338e-02 -3.469374892978879243e-01
9.273537011862389434e-01 -2.760471616220610408e-02 -3.731663068148794449e-01
9.156459512560575220e-01 -3.162891955899061608e-02 -4.007394457699310353e-01
9.022873417714327715e-01 -3.579651744031095428e-02 -4.296465549940566842e-01
8.870960571354045143e-01 -4.006303739377068546e-02 -4.598429497662022136e-01
8.698916715154474399e-01 -4.437047338871252106e-02 -4.912430568663583297e-01
8.505040697796379945e-01 -4.864549745338454106e-02 -5.237140850367421052e-01
8.287850871103397132e-01 -5.279805568235738933e-02 -5.570705922051188974e-01
8.046229232792704300e-01 -5.672065091905365702e-02 -5.910708240921211942e-01
7.779590463606100847e-01 -6.028867006664642703e-02 -6.254158604060121585e-01
7.488068272120600444e-01 -6.336213652310360156e-02 -6.597526621211555753e-01
7.172705708934428159e-01 -6.578923337097038193e-02 -6.936819911910503400e-01
6.835630132313025298e-01 -6.741182755914885971e-02 -7.267718021823732499e-01
6.480188616030622129e-01 -6.807301654576600192e-02 -7.585760472261031673e-01
6.111017476317935904e-01 -6.762642517682637688e-02 -7.886579237282351773e-01
5.734021902536240445e-01 -6.594664046663215040e-02 -8.166155575444812298e-01
5.356249363519273166e-01 -6.293985442748868675e-02 -8.421071798071932957e-01
4.985653142528242432e-01 -5.855357658124210607e-02 -8.648723062358526503e-01
4.630757961156179436e-01 -5.278425544463064695e-02 -8.847455167613156313e-01
4.300254737474099587e-01 -4.568184795060694497e-02 -9.016602800924229388e-01
4.002562261382833775e-01 -3.735076922769017121e-02 -9.156417822903557546e-01
3.745397146316663539e-01 -2.794715101748348335e-02 -9.267895979745677248e-01
3.535389170434627970e-01 -1.767280937557476686e-02 -9.352528566888947958e-01
3.377768851278382667e-01 -6.766656535019271307e-03 -9.412018849497183481e-01
3.276141340922306133e-01 4.505573553130040598e-03 -9.448008673525798429e-01
3.232349340651507474e-01 1.586247098236239286e-02 -9.461857953988020986e-01
3.246420451469172463e-01 2.701832453229081540e-02 -9.454509784555346075e-01
3.316591955401733682e-01 3.769427564723618063e-02 -9.426459142208747366e-01
3.439407228247282622e-01 4.762893066963048982e-02 -9.377826316083625047e-01
3.609880314358994702e-01 5.658813295494853624e-02 -9.308519884326101890e-01
3.819501979468794550e-01 6.437970954361572906e-02 -9.219377957799860246e-01
4.059318935995728239e-01 7.086575020744317888e-02 -9.111516576324957262e-01
4.321693783789020138e-01 7.595403454853394409e-02 -8.985881220156659577e-01
4.598790968581896177e-01 7.959835223344081945e-02 -8.844067608260747226e-01
4.882914061146043094e-01 8.179694222991336361e-02 -8.688387439316438421e-01
5.166810472552431088e-01 8.258838103452220691e-02 -8.521853405953334626e-01
5.443919077252599159e-01 8.204535674978157000e-02 -8.348089663146418538e-01
5.708543169756817859e-01 8.026701239508363117e-02 -8.171184464394787295e-01
5.955940898769555014e-01 7.737067331124389269e-02 -7.995507857636571236e-01
6.182335576268264132e-01 7.348376884038368417e-02 -7.825518538354946374e-01
6.384856936483824796e-01 6.873663416666837833e-02 -7.665580826852343987e-01
6.561430136676952296e-01 6.325667737154526404e-02 -7.519806768682757436e-01
6.710631635059928213e-01 5.716417139387746510e-02 -7.391931331488850176e-01
6.831530487814865271e-01 5.056972545147882248e-02 -7.285222129822862547e-01
6.923531020456947793e-01 4.357333356880125491e-02 -7.202420056409456484e-01
6.986229318151718770e-01 3.626479852420100292e-02 -7.145704048799246255e-01
7.019292451940756239e-01 2.872528219140183664e-02 -7.116671925166890844e-01
7.022366410361254863e-01 2.102972342500300171e-02 -7.116329466229445178e-01
6.995016601264586464e-01 1.324987477250187499e-02 -7.145081303240210513e-01
6.936703503288329520e-01 5.457722991186667386e-03 -7.202719336019647312e-01
6.848554300662319516e-01 -2.275111006240958071e-03 -7.286754173011420477e-01
6.731407293413931292e-01 -9.874754860740211221e-03 -7.394484753642179831e-01
6.584759975571878865e-01 -1.725724278327397596e-02 -7.524038464899521772e-01
6.408291386280339230e-01 -2.432784224131662870e-02 -7.672979676614721800e-01
6.201994592344343138e-01 -3.098006501532361845e-02 -7.838321671998768059e-01
5.966329965355946507e-01 -3.709583405516105742e-02 -8.016563893221376746e-01
5.702389332239563569e-01 -4.254709429336003129e-02 -8.203763184070456127e-01
5.412056681331711694e-01 -4.719908838207748786e-02 -8.395645721662722272e-01
5.098147061336693042e-01 -5.091538524389256637e-02 -8.587762158767668907e-01
4.764502770087028494e-01 -5.356454851172610249e-02 -8.775682154005950419e-01
4.416026171435389891e-01 -5.502808105605825478e-02 -8.955216573749581466e-01
4.058632511059885317e-01 -5.520902153854918143e-02 -9.122647561660858218e-01
3.699114181741853247e-01 -5.404035857456222086e-02 -9.274940335925824231e-01
3.344919133594537741e-01 -5.149233119355307864e-02 -9.409908074608036577e-01
3.003858464999165090e-01 -4.757774696484258492e-02 -9.526304116584957127e-01
2.683768849079521956e-01 -4.235467881831510989e-02 -9.623824233794298078e-01
2.392161651538375344e-01 -3.592625671122871844e-02 -9.703014636741400523e-01
2.135890776309531947e-01 -2.843766866223336465e-02 -9.765096030854929499e-01
1.920865570993790794e-01 -2.007083019658000705e-02 -9.811727250373917242e-01
1.751825395233534977e-01 -1.103739310145581895e-02 -9.844741001164269978e-01
1.629803083704261801e-01 -1.564344745157577633e-03 -9.866280818572802369e-01
1.554903698973881809e-01 8.121115108734543869e-03 -9.878040252797828380e-01
1.527843968010122455e-01 1.778670079168320761e-02 -9.880994693701014020e-01
1.548008929262800482e-01 2.720126693195422038e-02 -9.875711491466836467e-01
1.613488849376755740e-01 3.614170993766737533e-02 -9.862354253080393152e-01
1.721151116454521512e-01 4.439951697137037301e-02 -9.840757446641810180e-01
1.866746922964241384e-01 5.178689626688968983e-02 -9.810558988311822715e-01
2.045053912747690217e-01 5.814234232792062779e-02 -9.771371515649986961e-01
2.250054929556352945e-01 6.333538834564979292e-02 -9.722968459906070615e-01
2.475149534476656921e-01 6.727022336073196218e-02 -9.665459455551941303e-01
2.713389889870245208e-01 6.988784390183615247e-02 -9.599431453636416700e-01
2.957727396314245860e-01 7.116648984377503540e-02 -9.526037041785161419e-01
3.201252748077162980e-01 7.112027554150354702e-02 -9.447019185100558047e-01
3.437411121970168626e-01 6.979613744827883881e-02 -9.364670560053123261e-01
3.660176549005192959e-01 6.726943013245620384e-02 -9.281734213341700235e-01
3.864174742301849097e-01 6.363866513824298354e-02 -9.201258913373694392e-01
4.044750631670931407e-01 5.901996702072288825e-02 -9.126426281788790895e-01
4.197984108463484465e-01 5.354180648320734648e-02 -9.060367372296770361e-01
4.320663651341346001e-01 4.734047303851501853e-02 -9.005984320065579807e-01
4.410231672460822594e-01 4.055659584190007827e-02 -8.965789025436390336e-01
4.464717253999724855e-01 3.333284347928314184e-02 -8.941766715612540217e-01
4.482671586718187662e-01 2.581275995528653153e-02 -8.935268635470289267e-01
4.463119313329292903e-01 1.814054445839149640e-02 -8.946935679868438518e-01
4.405535629702166389e-01 1.046146680897934618e-02 -8.976653696488786638e-01
4.309854836628307928e-01 2.922532313705410861e-03 -9.023541276445725678e-01
4.176511364655692837e-01 -4.327029928976839496e-03 -9.085971632254964403e-01
4.006509331799879559e-01 -1.113588030463890516e-02 -9.161630978773672718e-01
3.801511683687637255e-01 -1.735166234384257974e-02 -9.247615957651894592e-01
3.563935304964097051e-01 -2.282335802257477037e-02 -9.340571426573920366e-01
3.297034808274137974e-01 -2.740503386651422374e-02 -9.436866952805257336e-01
3.004955837913977912e-01 -3.096090586560588248e-02 -9.532805601869104306e-01
2.692739541321367835e-01 -3.337142066062359635e-02 -9.624852652947795129e-01
2.366263966441640998e-01 -3.453982649067383753e-02 -9.709865852820135368e-01
2.032115512996211515e-01 -3.439853793494857676e-02 -9.785304318245688915e-01
1.697393291070123933e-01 -3.291453180508693843e-02 -9.849391827675438860e-01
1.369459537581047548e-01 -3.009307968963015334e-02 -9.901213119131038187e-01
1.055657829695391126e-01 -2.597932623030742641e-02 -9.940729048088482456e-01
7.630256089357374816e-02 -2.065752408050338176e-02 -9.968706966805694902e-01
4.980272830899189901e-02 -1.424806921717687233e-02 -9.986574391536992001e-01
2.663290523931876805e-02 -6.902766023525126575e-03 -9.996214484394588817e-01
7.403769606477241839e-03 1.318389308536193228e-03 -9.999717226230504519e-01
-7.331976540552472173e-03 1.030418810444376672e-02 -9.999200297163688411e-01
-1.722621448896086843e-02 1.982627233459504160e-02 -9.996550287274917901e-01
-2.205858207566533183e-02 2.964518673285728920e-02 -9.993170577253513986e-01
-2.173756282565367931e-02 3.951649403163472185e-02 -9.989824448218882491e-01
-1.629967746680813581e-02 4.919638371373676045e-02 -9.986561151589858909e-01
-5.907543812005677450e-03 5.844700296390692440e-02 -9.982730331783563615e-01
9.153168167962803109e-03 6.704179344809600705e-02 -9.977081825084037625e-01
2.847856187791268992e-02 7.477104421591360128e-02 -9.967939919866593002e-01
5.155425970218470433e-02 8.144769184252079186e-02 -9.953433738165740063e-01
7.776728559820036968e-02 8.691316214208605340e-02 -9.931758915406824206e-01
1.064229354444467535e-01 9.104281872804488585e-02 -9.901441127280012910e-01
1.367667320800818043e-01 9.375043099094015897e-02 -9.861570451432336570e-01
1.680105896394681886e-01 9.499105171398639080e-02 -9.811978097528342158e-01
1.993613688515079307e-01 9.476182433661839433e-02 -9.753334000527940084e-01
2.300493506667408428e-01 9.310050116940402076e-02 -9.687154344493100755e-01
2.593539795285763061e-01 9.008178685536175068e-02 -9.615720383726528153e-01
2.866245870906023452e-01 8.581194468744032799e-02 -9.541921484819539945e-01
3.112946102754078903e-01 8.042233990456748582e-02 -9.469043842216935403e-01
3.328888598489752049e-01 7.406269443731020030e-02 -9.400530433340691383e-01
3.508939546133248988e-01 6.678479890438678013e-02 -9.340306329300094301e-01
3.648452475399857620e-01 5.867733696711954078e-02 -9.292173671829677684e-01
3.744440116162049415e-01 4.992778759205307448e-02 -9.259043677353722135e-01
3.794701969292848531e-01 4.072580744112010154e-02 -9.243071882503305359e-01
3.797742030453477580e-01 3.126198359597091858e-02 -9.245508331527421131e-01
3.752716654173300914e-01 2.172782351897180678e-02 -9.266601744008131636e-01
3.659425729406730055e-01 1.231640894264329246e-02 -9.305559302808360522e-01
3.518352164096151258e-01 3.223033757344809409e-03 -9.360564045760885188e-01
3.330745753222102423e-01 -5.354877307374206891e-03 -9.428852807014593829e-01
3.098738455988557239e-01 -1.321920563962115762e-02 -9.506857800643461198e-01
2.825469769495329575e-01 -2.017440247590480268e-02 -9.590412917606541132e-01
2.515194494590807239e-01 -2.603278373108922072e-02 -9.675020727189889147e-01
2.173342344421158034e-01 -3.062170631329521470e-02 -9.756168006151064720e-01
1.806501149054023925e-01 -3.379207820604192974e-02 -9.829667499136089948e-01
1.422303803372965136e-01 -3.542728689290052663e-02 -9.891993865005505038e-01
1.029213134836317045e-01 -3.545138769560052944e-02 -9.940575447839112844e-01
6.362162433348210466e-02 -3.383536151609466136e-02 -9.974003495231040795e-01
2.524567133292881030e-02 -3.060047282285862855e-02 -9.992128237480446540e-01
-1.131549854089248033e-02 -2.581820518387255639e-02 -9.996026109281803684e-01
-4.523090051915253096e-02 -1.960682210205170681e-02 -9.987841299129013306e-01
-7.574003493537920240e-02 -1.200487167334775285e-02 -9.970553295402841965e-01
-1.021204818815268506e-01 -3.109523462141450430e-03 -9.947671778083138072e-01
-1.237628872602539731e-01 6.853911792264417990e-03 -9.922881494962773052e-01
-1.401957617575600445e-01 1.763994555292872080e-02 -9.899666563610642900e-01
-1.510853088289861867e-01 2.899082794570090327e-02 -9.880955223821590305e-01
-1.562310232781275177e-01 4.064287253017555973e-02 -9.868839973768772644e-01
-1.555601038745572096e-01 5.233122121161286333e-02 -9.864393024254646258e-01
-1.491230349895765750e-01 6.379348248196910209e-02 -9.867586898674466367e-01
-1.370915435579267705e-01 7.477292156283779634e-02 -9.877322101088247264e-01
-1.197588029748794525e-01 8.502193841223831816e-02 -9.891557506779464770e-01
-9.754050500618115238e-02 9.430643926677950706e-02 -9.907533221728629380e-01
-7.097450082554683515e-02 1.024114169425211357e-01 -9.922068947114794923e-01
-4.071632823140625829e-02 1.091476581885334335e-01 -9.931913055035886950e-01
-7.528225210784978381e-03 1.143590723557527666e-01 -9.934109564504126633e-01
2.773981152211762655e-02 1.179297826058494786e-01 -9.926344086479556017e-01
6.417688836376922445e-02 1.197899366660047094e-01 -9.907228159652561317e-01
1.008442937380606419e-01 1.199192468955421753e-01 -9.876486230664787147e-01
1.368116552276763542e-01 1.183475685198096955e-01 -9.835021220210720116e-01
1.711922332792163992e-01 1.151523075407600016e-01 -9.784851380238520635e-01
2.031734734540297238e-01 1.104529948702399483e-01 -9.728929414943189302e-01
2.320398490614972442e-01 1.044038297674129839e-01 -9.670870430204649981e-01
2.571865185170330581e-01 9.718527067220958382e-02 -9.614624890541033642e-01
2.781239931858972558e-01 8.899578464708153558e-02 -9.564135061415841577e-01
2.944754620746409257e-01 8.004467791188506209e-02 -9.523009250098246614e-01
3.059693718806845153e-01 7.054659112440110624e-02 -9.494239948265080775e-01
3.124302082613825693e-01 6.071784545392835963e-02 -9.479982638221664537e-01
3.137702104474158760e-01 5.077445073158648459e-02 -9.481403958219216666e-01
3.099841088309212012e-01 4.093129092477414133e-02 -9.498602432443374877e-01
3.011480615104034642e-01 3.140181375535886638e-02 -9.530602138071136986e-01
2.874229249731232172e-01 2.239748038017881637e-02 -9.575418607419606820e-01
2.690609490182457875e-01 1.412627829786965855e-02 -9.630195501522887946e-01
2.464140527403145264e-01 6.789762485019130295e-03 -9.691408637232039602e-01
2.199411440252029559e-01 5.783564455151937777e-04 -9.755129720661730452e-01
1.902116300622361256e-01 -4.335007312720735688e-03 -9.817335399696505149e-01
1.579024591763419083e-01 -7.802444936963866262e-03 -9.874238883274754075e-01
1.237867989279414355e-01 -9.709067029615603417e-03 -9.922613377680675750e-01
8.871373238663465832e-02 -9.980274847401795352e-03 -9.960071625247965965e-01
5.357992708510467966e-02 -8.587335886490007897e-03 -9.985266391422051857e-01
1.929575013025527919e-02 -5.550363875565688526e-03 -9.997984134256595601e-01
-1.325062151573894176e-02 -9.382261007200634866e-04 -9.999117664883949708e-01
-4.322721298860716238e-02 5.134589925476644272e-03 -9.990520727390796996e-01
-6.988700465707040066e-02 1.251362668938076073e-02 -9.974764236451213462e-01
-9.258923036315476474e-02 2.101174928027263467e-02 -9.954826672592871351e-01
-1.108125526074711098e-01 3.041707383954848215e-02 -9.933757495552126837e-01
-1.241609114872435915e-01 4.050062255808975498e-02 -9.914352059674852446e-01
-1.323639064053180325e-01 5.102307097985290391e-02 -9.898870857373762711e-01
-1.352740407521318411e-01 6.174031796180968340e-02 -9.888827367475337971e-01
-1.328630212405839950e-01 7.240796830354527536e-02 -9.884859653600065466e-01
-1.252186710314182050e-01 8.278509570438966070e-02 -9.886692633813739528e-01
-1.125430826759069164e-01 9.263780085903267070e-02 -9.893191054429985032e-01
-9.515162408341930333e-02 1.017430774552168932e-01 -9.902497233652528541e-01
-7.347153310736800891e-02 1.098933553610245417e-01 -9.912241846681710822e-01
-4.803828114216611433e-02 1.169018364431178569e-01 -9.919809898288715067e-01
-1.948779072784411967e-02 1.226084262387679424e-01 -9.922637753281832174e-01
1.145698514309442459e-02 1.268857627210227268e-01 -9.918511686290832907e-01
4.400572489617161909e-02 1.296446266818562787e-01 -9.905835486972472959e-01
7.732606300587845094e-02 1.308379509006246111e-01 -9.883835847407059783e-01
1.105728011800774513e-01 1.304627596646426024e-01 -9.852680467672910725e-01
1.429183246070157010e-01 1.285596515220923108e-01 -9.813494629808496850e-01
1.735811773831461846e-01 1.252098230586112526e-01 -9.768275564646384801e-01
2.020651973045397287e-01 1.204065175605742721e-01 -9.719423473478147057e-01
2.278375143981712370e-01 1.141862750011129329e-01 -9.669806418098573220e-01
2.502488265379280707e-01 1.067099861552525258e-01 -9.622829644506381008e-01
2.687518477042467602e-01 9.815955785784560850e-02 -9.581947325870036059e-01
2.829019032658559585e-01 8.873139492051176913e-02 -9.550357337214095965e-01
2.923529821378632598e-01 7.863121617366983229e-02 -9.530723297205322408e-01
2.968517981064311972e-01 6.807046167348541899e-02 -9.524943161034151728e-01
2.962323954086747424e-01 5.726419828011476004e-02 -9.533977026962831003e-01
2.904133771124809416e-01 4.643012575661253916e-02 -9.557741960406369586e-01
2.793990490669841509e-01 3.578806344920007487e-02 -9.595078873546576403e-01
2.632847762258804791e-01 2.555918141329287935e-02 -9.643795180601613115e-01
2.422657608217681502e-01 1.596424382328882896e-02 -9.700785762263699485e-01
2.166474033675803157e-01 7.220265677531222115e-03 -9.762232174960883135e-01
1.868545557885792352e-01 -4.647534366915818081e-04 -9.823874790458622108e-01
1.534365079245721686e-01 -6.898980483037585494e-03 -9.881344251188710626e-01
1.170646485423717520e-01 -1.191530898188238215e-02 -9.930528150477788696e-01
7.852052609949711215e-02 -1.538043201135079995e-02 -9.967938449313434868e-01
3.867347083493115345e-02 -1.720323588551853078e-02 -9.991038040811697218e-01
-1.551205101291250506e-03 -1.734124881496326015e-02 -9.998484259392009799e-01
-4.121055530453712062e-02 -1.580408346954810528e-02 -9.990254856999466471e-01
-7.960466569610184784e-02 -1.252661590131700503e-02 -9.967478021517356401e-01
-1.159661557982291508e-01 -7.505425294466073517e-03 -9.932248080376264721e-01
-1.493982214287611909e-01 -8.838062871986613386e-04 -9.887767140872733007e-01
-1.791186677007972350e-01 7.155079633920580044e-03 -9.838014574686215763e-01
-2.044768877583634792e-01 1.639835306901300457e-02 -9.787340273997535700e-01
-2.249597202257820894e-01 2.661337552719975075e-02 -9.740045444041069977e-01
-2.401883793407707246e-01 3.755636315000254744e-02 -9.699995165037280653e-01
-2.499098136130021020e-01 4.897897224855693454e-02 -9.670295472932859404e-01
-2.539861582351542468e-01 6.063270491028078385e-02 -9.653054990629021948e-01
-2.523854995764150955e-01 7.227145845441405869e-02 -9.649240363351430094e-01
-2.451761839558979084e-01 8.365288762049140348e-02 -9.658627403593362803e-01
-2.325256232549158530e-01 9.453942900250224268e-02 -9.679845716201598282e-01
-2.147031990815499169e-01 1.046998476833460451e-01 -9.710512232627610540e-01
-1.920856353671538674e-01 1.139120164433429366e-01 -9.747446646154483973e-01
-1.651622692327059105e-01 1.219673493309188922e-01 -9.786957599376685524e-01
-1.345371666589930959e-01 1.286769192798388750e-01 -9.825181938431988282e-01
-1.009251426572026072e-01 1.338788511348214250e-01 -9.858451038572589864e-01
-6.513952096514055712e-02 1.374461785583583895e-01 -9.883650088955129309e-01
-2.807083581688927035e-02 1.392940816168683760e-01 -9.898531138527330020e-01
9.342604881088225829e-03 1.393853660798416716e-01 -9.901941402865033215e-01
4.616951875993687004e-02 1.378525759943206030e-01 -9.893760876583356234e-01
8.157580352364277032e-02 1.348526927706970857e-01 -9.875019693817720379e-01
1.147983427537372647e-01 1.304856637293407284e-01 -9.847816164323072163e-01
1.451530221756831551e-01 1.248869444966731052e-01 -9.814957214621330417e-01
1.720527922813133159e-01 1.182206439923744051e-01 -9.779681569474321101e-01
1.950179879551459106e-01 1.106721845360248979e-01 -9.745356083514231660e-01
2.136796328727954553e-01 1.024413215471360467e-01 -9.715177765414036992e-01
2.277774426041705158e-01 9.373613794415099065e-02 -9.691908857830582313e-01
2.371547434753805972e-01 8.476831622632605145e-02 -9.677664802069818606e-01
2.417525221315434403e-01 7.574967168733051648e-02 -9.673767132214989850e-01
2.416043961440809962e-01 6.688966417877888204e-02 -9.680666756948280716e-01
2.368335877151561408e-01 5.839343163550159838e-02 -9.697938228678966155e-01
2.276521433901456948e-01 5.045982283223390125e-02 -9.724342177703046985e-01
2.143618161102850417e-01 4.327894965125675397e-02 -9.757950319159846009e-01
1.973553388849759171e-01 3.702891861010399605e-02 -9.796324460740860607e-01
1.771163813850838431e-01 3.187161529425815154e-02 -9.836737200843197471e-01
1.542163778524149043e-01 2.794767043011956928e-02 -9.876417551524183658e-01
1.293066924516064475e-01 2.537098834076944448e-02 -9.912800271561916787e-01
1.031052278599088740e-01 2.422341614268051085e-02 -9.943754512754626740e-01
7.637748340498105859e-02 2.455022683287745935e-02 -9.967766883269917333e-01
