0.000000000000000000e+00 0.000000000000000000e+00 1.000000000000000000e+00
1.319930819319727774e-05 -7.025210074877952194e-05 9.999999974452570273e-01
6.451276888653920344e-05 -2.104168049751049916e-04 9.999999757817000789e-01
1.787183326782639165e-04 -4.200685082707955728e-04 9.999998958019229445e-01
3.804265791688115489e-04 -6.986963238888106893e-04 9.999996835514256555e-01
6.940505229173050353e-04 -1.045704996355256711e-03 9.999992124010327332e-01
1.143775707697435896e-03 -1.460415894219752996e-03 9.999982794867177116e-01
1.753530576733958006e-03 -1.942068069919600844e-03 9.999965767566287855e-01
2.546957085309483303e-03 -2.489819372766270862e-03 9.999936569021792288e-01
3.547381497526346135e-03 -3.102747599543073925e-03 9.999888944855608308e-01
4.777785281775991100e-03 -3.779851666186959634e-03 9.999814426099339348e-01
6.260775990364562602e-03 -4.520052783561933317e-03 9.999701855108563686e-01
8.018557978582734752e-03 -5.322195620453037956e-03 9.999536874783152562e-01
1.007290278815251884e-02 -6.185049437643710957e-03 9.999301385481303983e-01
1.244511899033201238e-02 -7.107309178299750854e-03 9.998972974296703731e-01
1.515602125593430195e-02 -8.087596501872578933e-03 9.998524321639330470e-01
1.822589839405631615e-02 -9.124460751343469248e-03 9.997922590323046199e-01
2.167448007935827980e-02 -1.021637984683733229e-02 9.997128802619112964e-01
2.552090197021782830e-02 -1.136176110240551262e-02 9.996097210986025772e-01
2.978366890792006477e-02 -1.255894196706548900e-02 9.994774668433918929e-01
3.448061588112127929e-02 -1.380619069593231295e-02 9.993100004727176744e-01
3.962886644098370659e-02 -1.510170696241030716e-02 9.991003414871740818e-01
4.524478826141019316e-02 -1.644362242784920894e-02 9.988405866573044634e-01
5.134394555643011920e-02 -1.783000129070888909e-02 9.985218533584387934e-01
5.794104809363333219e-02 -1.925884084301015403e-02 9.981342262090272532e-01
6.504989657914346524e-02 -2.072807206755226256e-02 9.976667077479867141e-01
7.268332423636461592e-02 -2.223556031491398174e-02 9.971071739055532568e-01
8.085313445787239983e-02 -2.377910610447589099e-02 9.964423350381990119e-01
8.957003447742049873e-02 -2.535644609844720995e-02 9.956577033103140018e-01
9.884356508695801846e-02 -2.696525430198107309e-02 9.947375672124142421e-01
1.086820265114250422e-01 -2.860314354574064466e-02 9.936649740063026037e-01
1.190924006512717875e-01 -3.026766730955225693e-02 9.924217208804535506e-01
1.300802700081899188e-01 -3.195632194686682387e-02 9.909883555823930656e-01
1.416497337221934993e-01 -3.366654936946626708e-02 9.893441872674548776e-01
1.538033212663364457e-01 -3.539574025002428098e-02 9.874673082634589649e-01
1.665419044670438387e-01 -3.714123779660225000e-02 9.853346273971252955e-01
1.798646086409470823e-01 -3.890034214779371224e-02 9.829219154590893570e-01
1.937687237605785762e-01 -4.067031542991680904e-02 9.802038632991627587e-01
2.082496166783098512e-01 -4.244838750832233276e-02 9.771541529412246518e-01
2.233006455472352214e-01 -4.423176245351081309e-02 9.737455419875139517e-01
2.389130776758230101e-01 -4.601762572936420048e-02 9.699499614452766760e-01
2.550760121364593624e-01 -4.780315209548768179e-02 9.657386269554606439e-01
2.717763085128493961e-01 -4.958551419858430592e-02 9.610821632348292010e-01
2.889985232140709903e-01 -5.136189180918288716e-02 9.559507413615943028e-01
3.067248548005994113e-01 -5.312948164021739916e-02 9.503142283432548520e-01
3.249350997569332433e-01 -5.488550766329989422e-02 9.441423482073272311e-01
3.436066201042210499e-01 -5.662723181749816648e-02 9.374048536552933575e-01
3.627143241729110512e-01 -5.835196498454902486e-02 9.300717071222175392e-01
3.822306617492051140e-01 -6.005707808428959599e-02 9.221132698944305428e-01
4.021256346703032114e-01 -6.174001312529486113e-02 9.135004977611321797e-01
4.223668237735160869e-01 -6.339829402891446197e-02 9.042051415185424768e-01
4.429194329059514823e-01 -6.502953703075306513e-02 8.941999505130869830e-01
4.637463504785119262e-01 -6.663146045276074902e-02 8.834588773084444124e-01
4.848082288054475497e-01 -6.820189363207034006e-02 8.719572814949364536e-01
5.060635812148465140e-01 -6.973878479004290420e-02 8.596721306326479128e-01
5.274688966533194190e-01 -7.124020762706850807e-02 8.465821963346734647e-01
5.489787712475621140e-01 -7.270436643580768799e-02 8.326682435554841888e-01
5.705460560347336285e-01 -7.412959953790387857e-02 8.179132112515591357e-01
5.921220198410439561e-01 -7.551438086675647809e-02 8.023023827254647244e-01
6.136565260817772316e-01 -7.685731954157029588e-02 7.858235441470922122e-01
6.350982220837260162e-01 -7.815715730529297633e-02 7.684671299617362727e-01
6.563947393992847212e-01 -7.941276373077342521e-02 7.502263541374748490e-01
6.774929034954989548e-01 -8.062312913495171818e-02 7.310973264658767734e-01
6.983389511648621095e-01 -8.178735517944565880e-02 7.110791534012924631e-01
7.188787540193538605e-01 -8.290464317677323502e-02 6.901740231949331505e-01
7.390580464948736106e-01 -8.397428016383555460e-02 6.683872753403012901e-01
7.588226569074236760e-01 -8.499562284735312501e-02 6.457274545859624792e-01
7.781187402605934667e-01 -8.596807956888409541e-02 6.222063499802845676e-01
7.968930116994874524e-01 -8.689109047907958572e-02 5.978390195816126740e-01
8.150929797307298053e-01 -8.776410615123446390e-02 5.726438015886927690e-01
8.326671785714602203e-01 -8.858656490233779435e-02 5.466423127139523608e-01
8.495653992408720434e-01 -8.935786912516921476e-02 5.198594346324277859e-01
8.657389192534895583e-01 -9.007736096706983608e-02 4.923232892898434798e-01
8.811407310011660776e-01 -9.074429771946515566e-02 4.640652037451845624e-01
8.957257691077856743e-01 -9.135782730672549479e-02 4.351196650591422355e-01
9.094511371943521105e-01 -9.191696428325740742e-02 4.055242655257078610e-01
9.222744725972762403e-01 -9.239319905483299455e-02 3.753309517457310007e-01
9.341555097584948175e-01 -9.278962918922527281e-02 3.445919294089736518e-01
9.450584681699979450e-01 -9.310926767136766535e-02 3.133611105813527420e-01
9.549520763915402277e-01 -9.335500578703266605e-02 2.816938131517358057e-01
9.638095695637924898e-01 -9.352957899882231863e-02 2.496464724071377206e-01
9.716080805214173388e-01 -9.361920130237012805e-02 2.172860159641239186e-01
9.783293691108834178e-01 -9.363085503269866217e-02 1.846752236224350474e-01
9.839604796932748254e-01 -9.357132220301717096e-02 1.518756455789120330e-01
9.884934019059025134e-01 -9.344714522524792677e-02 1.189472783939396761e-01
9.919247131263544404e-01 -9.326459328880781774e-02 8.594829060949858712e-02
9.942552105991165901e-01 -9.302963434603570003e-02 5.293479747916191025e-02
9.954895404858943309e-01 -9.274791255040060189e-02 1.996068318445569367e-02
9.956358302969556817e-01 -9.242473090953164105e-02 -1.292253198324105207e-02
9.947053302930423113e-01 -9.206503884919382819e-02 -4.566578270044623078e-02
9.927120685522132781e-01 -9.167342433587000183e-02 -7.822251169480382016e-02
9.896725235047876268e-01 -9.125411017330382901e-02 -1.105486889293391117e-01
9.856053168780939400e-01 -9.081095407051117951e-02 -1.426028011788773309e-01
9.805309291811272754e-01 -9.034745207342617657e-02 -1.743458163504871539e-01
9.744714391121547248e-01 -8.986674495744600977e-02 -2.057411268460632714e-01
9.674502875995826257e-01 -8.937162719160231250e-02 -2.367544761173724366e-01
9.594920665934896231e-01 -8.886455810492793761e-02 -2.673538723416629126e-01
9.506223322140298082e-01 -8.834767490996757455e-02 -2.975094928674409944e-01
9.408674414324270652e-01 -8.782280726565280804e-02 -3.271935827615628511e-01
9.302544111073212107e-01 -8.729149309050059091e-02 -3.563803504446148018e-01
9.188107979190330843e-01 -8.675499536610267737e-02 -3.850458630437564866e-01
9.065645975310980820e-01 -8.621431969918368077e-02 -4.131679437307858582e-01
8.935441611558352371e-01 -8.567023243736864024e-02 -4.407260729561977564e-01
8.797781276022267338e-01 -8.512327915866735317e-02 -4.677012951437362620e-01
8.652953688335384141e-01 -8.457380337718699292e-02 -4.940761320791338118e-01
8.501249470527426633e-01 -8.402196532751698976e-02 -5.198345039148362101e-01
8.342960813601874026e-01 -8.346776070751855958e-02 -5.449616584219282300e-01
8.178381220848336408e-01 -8.291103927393563000e-02 -5.694441088527456563e-01
8.007805309730372523e-01 -8.235152319745508986e-02 -5.932695805336964945e-01
7.831528655230595160e-01 -8.178882509378587740e-02 -6.164269660880598023e-01
7.649847658754972413e-01 -8.122246565525313711e-02 -6.389062889930796629e-01
7.463059428062841505e-01 -8.065189081360892021e-02 -6.606986750044190337e-01
7.271461655168274252e-01 -8.007648836955842675e-02 -6.817963308337140482e-01
7.075352480724794724e-01 -7.949560402821428950e-02 -7.021925293412263347e-01
6.875030335033898155e-01 -7.890855678264159512e-02 -7.218816004050131463e-01
6.670793747484679015e-01 -7.831465359015150896e-02 -7.408589265501532850e-01
6.462941117914551281e-01 -7.771320328832884150e-02 -7.591209423658544786e-01
6.251770445057688308e-01 -7.710352970019704322e-02 -7.766651367041095266e-01
6.037579008896966082e-01 -7.648498388065730347e-02 -7.934900566402541822e-01
5.820663005336043083e-01 -7.585695545957103769e-02 -8.095953121824519538e-01
5.601317133140253368e-01 -7.521888304072932296e-02 -8.249815807427787195e-01
5.379925432088392689e-01 -7.451175225185101281e-02 -8.396499551363826308e-01
5.156961663738645063e-01 -7.373338092650660869e-02 -8.535929223957817724e-01
4.932912413100832283e-01 -7.288188605076927062e-02 -8.668056334865383850e-01
4.708274647870349661e-01 -7.195569757405383127e-02 -8.792860171390720625e-01
4.483553125415530305e-01 -7.095356926329518532e-02 -8.910348636680427425e-01
4.259257686634841389e-01 -6.987458642636262818e-02 -9.020558768014182993e-01
4.035900478375592515e-01 -6.871817039020196305e-02 -9.123556921434468059e-01
3.813993147636861036e-01 -6.748407968273609225e-02 -9.219438615372639312e-01
3.594044051205209089e-01 -6.617240793304397795e-02 -9.308328032541272057e-01
3.376555523673476777e-01 -6.478357856969192696e-02 -9.390377185967268003e-01
3.162021244994338565e-01 -6.331833646023007911e-02 -9.465764761431880725e-01
2.950923745886924188e-01 -6.177773669380776794e-02 -9.534694654567688055e-01
2.743732085650341102e-01 -6.016313076181012409e-02 -9.597394226262706551e-01
2.540899732378709142e-01 -5.847615043684445402e-02 -9.654112304688947654e-01
2.342862670380382317e-01 -5.671868968710283565e-02 -9.705116966090054920e-01
2.150037753958797537e-01 -5.489288499025830881e-02 -9.750693129350194166e-01
1.962821320802128899e-01 -5.300109442816259425e-02 -9.791140001282884198e-01
1.781588072241955256e-01 -5.104587595063610900e-02 -9.826768410521222741e-01
1.606690221757695880e-01 -4.902996519387221169e-02 -9.857898067893722249e-01
1.438456907488724346e-01 -4.695625322704028576e-02 -9.884854790299144600e-01
1.277064731518709473e-01 -4.489729850013265966e-02 -9.907952883566294444e-01
1.122550240624224233e-01 -4.285620259522084086e-02 -9.927548383390957243e-01
9.749255325237814185e-02 -4.083599805537484195e-02 -9.943981277033380195e-01
8.341798100601716115e-02 -3.883964087847052021e-02 -9.957574681200153099e-01
7.002809215080131600e-02 -3.687000429769116822e-02 -9.968634215488439976e-01
5.731768712435170859e-02 -3.492987376964456353e-02 -9.977447561267143161e-01
4.527972872859769432e-02 -3.302194307691683206e-02 -9.984284194572589088e-01
3.390548344959128796e-02 -3.114881144173110503e-02 -9.989395280641102381e-01
2.318465644408042661e-02 -2.931298154087284141e-02 -9.993013717059235912e-01
1.310551950723908704e-02 -2.751685830883367906e-02 -9.995354312151467635e-01
3.655031536480318061e-03 -2.576274841582799555e-02 -9.996614085109056802e-01
-5.181048808618866908e-03 -2.405286030955212928e-02 -9.996972674455475438e-01
-1.341805838245181855e-02 -2.238930471388550503e-02 -9.996592841706876120e-01
-2.107233274843615944e-02 -2.077409548378623960e-02 -9.995621057485358785e-01
-2.816111714560905546e-02 -1.920915072304150636e-02 -9.994188157845868004e-01
-3.470248496828835794e-02 -1.769629407995082157e-02 -9.992410059154970270e-01
-4.071526340801442934e-02 -1.623725614513441690e-02 -9.990388520485706803e-01
-4.621896583277113058e-02 -1.483367588518744347e-02 -9.988211943145114402e-01
-5.123373042140581118e-02 -1.348710205559504327e-02 -9.985956197611640661e-01
-5.578026453007568775e-02 -1.219899454596753106e-02 -9.983685468813974229e-01
-5.987979424115545679e-02 -1.097072562006441536e-02 -9.981453111319789073e-01
-6.355401853197373274e-02 -9.803581022095834291e-03 -9.979302506614770030e-01
-6.682506749958287695e-02 -8.698760929292507355e-03 -9.977267915234080409e-01
-6.971546408707088305e-02 -7.657380738617824978e-03 -9.975375317057801894e-01
-7.224808877526668616e-02 -6.680471682678211162e-03 -9.973643233598421531e-01
-7.444614672967012070e-02 -5.768981276310701165e-03 -9.972083526593616964e-01
-7.633313692469417822e-02 -4.923773600948317362e-03 -9.970702167674017069e-01
-7.793282280452906718e-02 -4.145629438659440870e-03 -9.969499974307003409e-01
-7.926920408087162473e-02 -3.435246271716742728e-03 -9.968473307628127333e-01
-8.036648931121903594e-02 -2.793238166677708498e-03 -9.967614728165992144e-01
-8.123595624786557334e-02 -2.150113263347836097e-03 -9.966925829446894314e-01
-8.187740410417330972e-02 -1.506663202267291991e-03 -9.966412740468064690e-01
-8.229090042884731893e-02 -8.636764283706195372e-04 -9.966079822285907053e-01
-8.247677926472697651e-02 -2.219374603954359267e-04 -9.965929661111558868e-01
-8.243563930483881197e-02 4.177738260245232767e-04 -9.965963070976213700e-01
-8.218145202984923625e-02 9.846689059184018846e-04 -9.966169012515260217e-01
-8.174008960944705027e-02 1.478311712602352725e-03 -9.966525878377262559e-01
-8.113755663706787025e-02 1.898354102500140854e-03 -9.967011094909656865e-01
-8.039996266177852624e-02 2.244536529847647628e-03 -9.967601600044585508e-01
-7.955349391917919399e-02 2.516688684870992815e-03 -9.968274255863104338e-01
-7.861126733227948027e-02 2.784762161118292407e-03 -9.969014606627690789e-01
-7.757476764129352109e-02 3.048439956760732716e-03 -9.969818809631116885e-01
-7.644558972087502069e-02 3.307411335379218439e-03 -9.970682731781139729e-01
-7.522543657307009801e-02 3.561372174000597933e-03 -9.971601971916027596e-01
-7.391611720631155458e-02 3.810025305693342038e-03 -9.972571884292412703e-01
-7.251954439913678441e-02 4.053080856414648971e-03 -9.973587603126198298e-01
-7.103773234739915732e-02 4.290256575762874981e-03 -9.974644068062661351e-01
-6.947279419388076305e-02 4.521278161251511378e-03 -9.975736050447908676e-01
-6.782693943940182324e-02 4.745879575684156318e-03 -9.976858180270360421e-01
-6.610247123475779252e-02 4.963803357174641565e-03 -9.978004973638077146e-01
-6.430178355309777716e-02 5.174800921323162092e-03 -9.979170860655489639e-01
-6.242735824268462463e-02 5.378632855028476351e-03 -9.980350213561434147e-01
-6.048176196034570767e-02 5.575069201388386207e-03 -9.981537374989420952e-01
-5.846764298633035095e-02 5.763889735116362219e-03 -9.982726686210701139e-01
-5.638772792173130100e-02 5.944884227881588705e-03 -9.983912515221041728e-01
-5.424481827009982465e-02 6.117852702963416656e-03 -9.985089284533106291e-01
-5.204178690538200508e-02 6.282605678599409438e-03 -9.986251498538034621e-01
-4.978157442882273631e-02 6.438964399399226511e-03 -9.987393770302179785e-01
-4.746718541801903113e-02 6.586761055194686500e-03 -9.988510847668006232e-01
-4.510168457184958457e-02 6.725838986699692913e-03 -9.989597638531884094e-01
-4.268819275555802567e-02 6.856052877362357745e-03 -9.990649235175893539e-01
-4.022988295081698917e-02 6.977268930805737186e-03 -9.991660937535803422e-01
-3.772997611614347518e-02 7.089365033273037353e-03 -9.992628275293048423e-01
-3.519173696356715786e-02 7.192230900517938841e-03 -9.993547028684793831e-01
-3.261846965796710851e-02 7.285768208610656285e-03 -9.994413247933036093e-01
-3.001351344598274934e-02 7.369890708165351481e-03 -9.995223271201072457e-01
-2.738023822186736594e-02 7.444524321534290619e-03 -9.995973740993555623e-01
-2.472204003808156983e-02 7.509607222558376850e-03 -9.996661618924713721e-01
-2.204233656881549389e-02 7.565089898512089052e-03 -9.997284198788073395e-01
-1.934456253497807143e-02 7.610935193932969606e-03 -9.997839117870168657e-01
-1.663216509949544397e-02 7.647118336081261403e-03 -9.998324366460136225e-01
-1.390859924201555756e-02 7.673626941833547148e-03 -9.998738295516825803e-01
-1.117732312231916811e-02 7.690461005874872635e-03 -9.999079622464908113e-01
-8.441793441886976182e-03 7.697632870116233664e-03 -9.999347435101528792e-01
-5.705460813166645870e-03 7.695167174327986227e-03 -9.999541193605121503e-01
-2.971765146121132465e-03 7.683100788044116072e-03 -9.999660730648115559e-01
-2.441310616206576571e-04 7.661482723856792923e-03 -9.999706249625338605e-01
2.474036658834957280e-03 7.630374032284712761e-03 -9.999678321019827010e-01
5.179357577708225760e-03 7.589847678461814767e-03 -9.999577876937537635e-01
7.868480051160428937e-03 7.539988400954498841e-03 -9.999406203851968211e-01
1.052488893503227170e-02 7.410645423692650835e-03 -9.999171554389177929e-01
1.312039613003468386e-02 7.202269636731447808e-03 -9.998879893278121989e-01
1.562699743680746878e-02 6.915410273254353479e-03 -9.998539807014467096e-01
1.801690851379206953e-02 6.550713514669940021e-03 -9.998162270231594206e-01
2.026259984020133131e-02 6.108920886434290008e-03 -9.997760333079344086e-01
2.235002281427365609e-02 5.661102458934894749e-03 -9.997341831850964367e-01
2.427715560152176461e-02 5.207840257881883421e-03 -9.996917058436372017e-01
2.604218661008381175e-02 4.749720489720637116e-03 -9.996495652362876738e-01
2.764351505001945777e-02 4.287332788899347359e-03 -9.996086551487340932e-01
2.907975125939116917e-02 3.821269476040038953e-03 -9.995697947379273973e-01
3.036290399208206592e-02 3.422345468053944809e-03 -9.995330860916508131e-01
3.151689483165053679e-02 3.090812502330674092e-03 -9.994984446171885084e-01
3.256571536145729667e-02 2.826837695680845843e-03 -9.994656030807572700e-01
3.353339730299347704e-02 2.630503652256604812e-03 -9.994341400427126931e-01
3.444398273665393029e-02 2.501808614145125710e-03 -9.994035028816286026e-01
3.529512838461290603e-02 2.300248394434599528e-03 -9.993742899095910959e-01
3.606104512933363399e-02 2.026339487644291098e-03 -9.993475389134868214e-01
3.671614619889033981e-02 1.680685945928779654e-03 -9.993243259626677366e-01
3.723507713690529103e-02 1.263977982389684687e-03 -9.993057389741585306e-01
3.759274496283879913e-02 7.769904878476487520e-04 -9.992928451504341503e-01
3.779070758825904541e-02 3.609859912927957607e-04 -9.992856151607382165e-01
3.785423795733627861e-02 1.622577771048767199e-05 -9.992832756355504165e-01
3.780868276413740237e-02 -2.571173466237092393e-04 -9.992849673437593783e-01
3.767943208799982152e-02 -4.589591483936967392e-04 -9.992897769496308369e-01
3.749188881869246898e-02 -5.893039894508015708e-04 -9.992967625066860871e-01
3.725825697222732991e-02 -7.184478031569813388e-04 -9.993054161184595774e-01
3.697899150602369095e-02 -8.462340214574268346e-04 -9.993156891791649121e-01
3.665460239351229360e-02 -9.725083102910775205e-04 -9.993275253471260999e-01
3.628565381569517911e-02 -1.097118751208374593e-03 -9.993408608798853843e-01
3.587276329085275356e-02 -1.219916019617107343e-03 -9.993556250036755850e-01
3.541660074336607650e-02 -1.340753559473250364e-03 -9.993717403151951562e-01
3.491788751266962365e-02 -1.459487754234938374e-03 -9.993891232134759495e-01
3.437739530340014338e-02 -1.575978093898974114e-03 -9.994076843595026682e-01
3.379594507786048974e-02 -1.690087337940559490e-03 -9.994273291611202037e-01
3.317440589197358930e-02 -1.801681673978331767e-03 -9.994479582806584661e-01
3.250050860068830205e-02 -1.980845020298352150e-03 -9.994697603084031767e-01
3.175032460144942836e-02 -2.227114929123542950e-03 -9.994933543692845479e-01
3.090010251614992362e-02 -2.539947342296418505e-03 -9.995192549020549544e-01
2.992629663106127075e-02 -2.918717650850370920e-03 -9.995478510077371315e-01
2.880559493508364627e-02 -3.362721797528034871e-03 -9.995793807455671809e-01
2.754132411935082334e-02 -3.730729732863041423e-03 -9.996137082599459989e-01
2.616051850543864299e-02 -4.022550116451161818e-03 -9.996496661283922336e-01
2.469026633130972162e-02 -4.238086541803734106e-03 -9.996861697583058204e-01
2.315767648187357433e-02 -4.377337695621116506e-03 -9.997222462134092158e-01
2.158984482155442558e-02 -4.440397368017793764e-03 -9.997570555455087549e-01
2.000062699824120896e-02 -4.497690577603245116e-03 -9.997898550906221260e-01
1.839208450217029445e-02 -4.549165764636130434e-03 -9.998205063725607022e-01
1.676629628155116083e-02 -4.594778845502662558e-03 -9.998488825629385790e-01
1.512535604277365393e-02 -4.634493248186327338e-03 -9.998748690332005529e-01
1.347136953476246735e-02 -4.668279937700775539e-03 -9.998983638418474928e-01
1.180645182156997951e-02 -4.696117431421537904e-03 -9.999192781548276177e-01
1.013272454736408902e-02 -4.717991804272592474e-03 -9.999375365974161323e-01
8.452313198019152651e-03 -4.733896683744761788e-03 -9.999530775362625024e-01
6.767344363554840536e-03 -4.743833234744327526e-03 -9.999658532906501307e-01
5.079943005689414176e-03 -4.747810134292014886e-03 -9.999758302723789072e-01
3.392229734780112700e-03 -4.745843536114430217e-03 -9.999829890540499200e-01
1.706318100414009210e-03 -4.737957025192070758e-03 -9.999873243658986555e-01
2.431189988768580300e-05 -4.724181562349932285e-03 -9.999888450216859459e-01
-1.651697491226386321e-03 -4.704555418998491306e-03 -9.999875737745171911e-01
-3.319633762284624964e-03 -4.679124102154185935e-03 -9.999835471038103218e-01
-4.990636780036189837e-03 -4.718190979233420623e-03 -9.999764201563280386e-01
-6.687580555740228402e-03 -4.821475072880220501e-03 -9.999660185716836569e-01
-8.433222920689032592e-03 -4.988615576995435001e-03 -9.999520004106707827e-01
-1.025017645409375538e-02 -5.219172496932216951e-03 -9.999338492066280892e-01
-1.216087949909241614e-02 -5.512627335422542151e-03 -9.999108623419600272e-01
-1.416117503311964398e-02 -5.727894291652907421e-03 -9.998833237118847084e-01
-1.622325514056285542e-02 -5.864988133812923214e-03 -9.998511972292851713e-01
-1.831933743504300660e-02 -5.924022317012586462e-03 -9.998146410869900302e-01
-2.042170122640810798e-02 -5.905208453928246018e-03 -9.997740201304681218e-01
-2.250272343337488337e-02 -5.808855577641432871e-03 -9.997299101893292184e-01
-2.454810504662515921e-02 -5.705600647450079568e-03 -9.996823722305014925e-01
-2.655541854886524569e-02 -5.595598573888431806e-03 -9.996316860259064629e-01
-2.852229426019360289e-02 -5.479012165913427213e-03 -9.995781449374325778e-01
-3.044642310957746886e-02 -5.356011881262953168e-03 -9.995220543505893840e-01
-3.232555930099025032e-02 -5.226775568125398633e-03 -9.994637300600429652e-01
-3.415752287144217109e-02 -5.091488198683084658e-03 -9.994034966155916910e-01
-3.594020213850119411e-02 -4.950341595095979035e-03 -9.993416856372584478e-01
-3.767155603526026186e-02 -4.803534148492913207e-03 -9.992786341082479096e-01
-3.934961633105758111e-02 -4.651270531535486516e-03 -9.992146826545421634e-01
-4.097248973659670113e-02 -4.493761405115057582e-03 -9.991501738198889093e-01
-4.253835989243970328e-02 -4.331223119735909052e-03 -9.990854503448680646e-01
-4.404548924015829620e-02 -4.163877412127927127e-03 -9.990208534586156874e-01
-4.549222077572134121e-02 -3.991951097620283044e-03 -9.989567211916303702e-01
-4.687697968497239048e-02 -3.815675758793738055e-03 -9.988933867178958481e-01
-4.819827486130517230e-02 -3.635287430913666795e-03 -9.988311767343214242e-01
-4.945470030587753585e-02 -3.451026284628851137e-03 -9.987704098852331347e-01
-5.064493641091472736e-02 -3.263136306402877277e-03 -9.987113952393454896e-01
-5.176775112683958124e-02 -3.071864977125764954e-03 -9.986544308263070047e-01
-5.282200101413081494e-02 -2.877462949333569123e-03 -9.985998022395472518e-01
-5.380663218095035200e-02 -2.680183723443368624e-03 -9.985477813117561441e-01
-5.472068110769703897e-02 -2.480283323390538100e-03 -9.984986248689099453e-01
-5.556327535973773490e-02 -2.278019972034747882e-03 -9.984525735683108527e-01
-5.633363418963801411e-02 -2.073653766680994687e-03 -9.984098508256477045e-01
-5.703106903026498864e-02 -1.867446355042330858e-03 -9.983706618356003037e-01
-5.765498388016461473e-02 -1.659660611952091516e-03 -9.983351926900146944e-01
-5.820487558262754657e-02 -1.450560317115458069e-03 -9.983036095971657975e-01
-5.868033399985157078e-02 -1.240409834173372347e-03 -9.982760582051037890e-01
-5.908104208358786608e-02 -1.029473791336245163e-03 -9.982526630315516902e-01
-5.940677584362347857e-02 -8.180167638307536074e-04 -9.982335270022877349e-01
-5.965740421540637745e-02 -6.063029583903883956e-04 -9.982187310994088403e-01
-5.983288882806363923e-02 -3.945959000094023715e-04 -9.982083341203331628e-01
-5.993328367400048429e-02 -1.831581211704829597e-04 -9.982023725478642584e-01
-5.995873468119941596e-02 2.774914625112303679e-05 -9.982008605311037952e-01
-5.990947918926773502e-02 2.378662762101447245e-04 -9.982037899764759636e-01
-5.978584533020937786e-02 4.469355506476862237e-04 -9.982111307476047024e-01
-5.960140364063797741e-02 5.845745261210496440e-04 -9.982220892963118430e-01
-5.938148915963106789e-02 6.508667388978699175e-04 -9.982351545204234400e-01
-5.915139175133640043e-02 6.459836117208254003e-04 -9.982488187630248477e-01
-5.893632527450376468e-02 5.701843615858076834e-04 -9.982615854852086024e-01
-5.876139642171777228e-02 4.238157967178865092e-04 -9.982719705937412868e-01
-5.862526555615753948e-02 3.475740117169145646e-04 -9.982800038230992268e-01
-5.850307138772316978e-02 3.413038631014791166e-04 -9.982871744904535660e-01
-5.837002314154383226e-02 4.047634443717341123e-04 -9.982949389671794682e-01
-5.820143120754601995e-02 5.376250991547075735e-04 -9.983047194959088211e-01
-5.797273706117697656e-02 7.394765235256567240e-04 -9.983178970331758606e-01
-5.767269768683020575e-02 9.396872822385524387e-04 -9.983351068332179112e-01
-5.730193733044556398e-02 1.138014795414011042e-03 -9.983562497970439598e-01
-5.686116499370239691e-02 1.334219632407017582e-03 -9.983812079481603208e-01
-5.635117332815919866e-02 1.528065787349662356e-03 -9.984098451499667792e-01
-5.577283744056936443e-02 1.719320950409535236e-03 -9.984420079077123145e-01
-5.512711361003803934e-02 1.907756774550897197e-03 -9.984775262505335425e-01
-5.441503791768916715e-02 2.093149137579050894e-03 -9.985162146887399670e-01
-5.363772478952980732e-02 2.275278399240992198e-03 -9.985578732411795055e-01
-5.279636545323127678e-02 2.453929653147613778e-03 -9.986022885272097804e-01
-5.189222630959462734e-02 2.628892973274639128e-03 -9.986492349175182248e-01
-5.092664721953129442e-02 2.799963654791259339e-03 -9.986984757377849187e-01
-4.990103970746898043e-02 2.966942448957338944e-03 -9.987497645189536977e-01
-4.881688508218760825e-02 3.129635791822205863e-03 -9.988028462876874514e-01
-4.767573247620061211e-02 3.287856026450675009e-03 -9.988574588904171048e-01
-4.647919680492194894e-02 3.441421618395211404e-03 -9.989133343442651025e-01
-4.522895664699887880e-02 3.590157364127228874e-03 -9.989702002080231846e-01
-4.392675204734360073e-02 3.733894592135608096e-03 -9.990277809663004049e-01
-4.257438224456227410e-02 3.872471356396740404e-03 -9.990857994199231484e-01
-4.117370332465666166e-02 4.005732621917949994e-03 -9.991439780756697919e-01
-3.972662580306020319e-02 4.133530442055108507e-03 -9.992020405284592899e-01
-3.823511213726533964e-02 4.255724127305795905e-03 -9.992597128291781372e-01
-3.670117417250045450e-02 4.372180405281532976e-03 -9.993167248314351880e-01
-3.512687052312161301e-02 4.482773571566566438e-03 -9.993728115106660370e-01
-3.351430389259414666e-02 4.587385631176426476e-03 -9.994277142491776456e-01
-3.186561833515028086e-02 4.685906430337095918e-03 -9.994811820809220704e-01
-3.018299646241958886e-02 4.778233778315136085e-03 -9.995329728900181898e-01
-2.846865659853693720e-02 4.864273559040531436e-03 -9.995828545573006707e-01
-2.672484988743610915e-02 4.943939832277294451e-03 -9.996306060494628554e-01
-2.495385735623401394e-02 5.017154924112042329e-03 -9.996760184456756626e-01
-2.315798693879893635e-02 5.083849506547697544e-03 -9.997188958969058792e-01
-2.133957046377444461e-02 5.143962666008154196e-03 -9.997590565135201501e-01
-1.950096061149673987e-02 5.197441960580065703e-03 -9.997963331771499984e-01
-1.764452784439572361e-02 5.244243465839760858e-03 -9.998305742731948831e-01
-1.577265731560727538e-02 5.284331809136543108e-03 -9.998616443407680743e-01
-1.388774576064490118e-02 5.317680192228138765e-03 -9.998894246373251082e-01
-1.199219837708164274e-02 5.344270402189664308e-03 -9.999138136156682233e-01
-1.008842569727693046e-02 5.364092810544047671e-03 -9.999347273114806978e-01
-8.178840459246978709e-03 5.377146360589135123e-03 -9.999520996400145245e-01
-6.265854480820710892e-03 5.383438542924607120e-03 -9.999658826010290325e-01
-4.351875542245430689e-03 5.382985359210084274e-03 -9.999760463915550179e-01
-2.439304282407322999e-03 5.375811274214273988e-03 -9.999825794265352341e-01
-5.305311138111795492e-04 5.361949156243426585e-03 -9.999854882678662626e-01
1.372066838578379607e-03 5.341440206065620547e-03 -9.999847974628325309e-01
3.266128769595188445e-03 5.314333874475224082e-03 -9.999805492933862006e-01
5.149313192274267668e-03 5.280687768669107586e-03 -9.999728034381726305e-01
7.019300897547894533e-03 5.240567547632655164e-03 -9.999616365496380999e-01
8.873797870506974772e-03 5.194046806759123822e-03 -9.999471417489763647e-01
1.071053815864087856e-02 5.141206951950296096e-03 -9.999294280420731873e-01
1.252728668762704070e-02 5.082137063469500948e-03 -9.999086196599902276e-01
1.432184202041535993e-02 5.016933749839794753e-03 -9.998848553278883999e-01
1.609203905554039069e-02 4.945700992100274251e-03 -9.998582874666310794e-01
1.783575166079478386e-02 4.868549978752070503e-03 -9.998290813316150771e-01
1.955089523860903053e-02 4.785598931742359764e-03 -9.997974140936637388e-01
2.123542921970323141e-02 4.696972923849782044e-03 -9.997634738670728716e-01
2.288735948180492877e-02 4.602803687847802083e-03 -9.997274586901258031e-01
2.449154946306536518e-02 4.432997800585582356e-03 -9.996902126237513508e-01
2.602120887665417340e-02 4.188044212000190114e-03 -9.996526224887676282e-01
2.744974303520977127e-02 3.868523757367779183e-03 -9.996157035575515826e-01
2.875078501326074412e-02 3.475107741552461646e-03 -9.995805743650441055e-01
2.989822690275255671e-02 3.008556390471002658e-03 -9.995484246752308621e-01
3.087943692253779238e-02 2.539936630958032366e-03 -9.995198936221640906e-01
3.169380421231630246e-02 2.069839129236701603e-03 -9.994954863260520073e-01
3.234092611916100646e-02 1.598853936491087275e-03 -9.994756209169500805e-01
3.282060746820850833e-02 1.127569811872077953e-03 -9.994606270156506378e-01
3.313285967578708663e-02 6.565735547877161234e-04 -9.994507447415285073e-01
3.327789971117973283e-02 1.864493459256478711e-04 -9.994461242474019791e-01
3.325614891171599363e-02 -2.822219035855613885e-04 -9.994468257789640431e-01
3.306823165437032530e-02 -7.488631954904256078e-04 -9.994528202538797146e-01
3.271497388553948338e-02 -1.212902080811197872e-03 -9.994639903532370750e-01
3.219740150919859351e-02 -1.673771289940341380e-03 -9.994801321156862040e-01
3.152992453747869434e-02 -2.060692978674516247e-03 -9.995006883831693001e-01
3.073885515876045513e-02 -2.373447896949955598e-03 -9.995246361195846418e-01
2.985056737821439182e-02 -2.611908961037909434e-03 -9.995509643059390381e-01
2.889146512761850416e-02 -2.776041392062147863e-03 -9.995787040180684757e-01
2.788795004190274332e-02 -2.865902739722813852e-03 -9.996069515240536552e-01
2.685319963521681785e-02 -2.951868325152602612e-03 -9.996350338177266703e-01
2.578861465821082749e-02 -3.033844496983162040e-03 -9.996628190726730701e-01
2.469562843620831671e-02 -3.111742895734622132e-03 -9.996901778494717838e-01
2.357570498300810141e-02 -3.185480549105673340e-03 -9.997169837240227341e-01
2.243033707877400279e-02 -3.254979960356641291e-03 -9.997431138965523489e-01
2.126104431442112086e-02 -3.320169189652617814e-03 -9.997684497783867474e-01
2.006937110499182678e-02 -3.380981928242230827e-03 -9.997928775537071600e-01
1.885688467459576551e-02 -3.437357565356828452e-03 -9.998162887136464727e-01
1.762517301556573018e-02 -3.489241247724708932e-03 -9.998385805602383325e-01
1.637584282455405854e-02 -3.536583931605493097e-03 -9.998596566778983341e-01
1.511051741836206067e-02 -3.579342427260827093e-03 -9.998794273702917845e-01
1.383083463235706273e-02 -3.617479435789227888e-03 -9.998978100606312758e-01
1.253844470438734114e-02 -3.650963578265050986e-03 -9.999147296536432528e-01
1.123500814715429688e-02 -3.679769417134182933e-03 -9.999301188576453780e-01
9.922193612042794209e-03 -3.703877469832112402e-03 -9.999439184653896584e-01
8.601675747444630094e-03 -3.723274214603436091e-03 -9.999560775925402378e-01
7.275133054636018400e-03 -3.737952088515557846e-03 -9.999665538728788050e-01
5.944245744287476180e-03 -3.747909477673283529e-03 -9.999753136095522743e-01
4.610693596693535637e-03 -3.753150699655101886e-03 -9.999823318819061058e-01
3.276153828809853612e-03 -3.753685978206151158e-03 -9.999875926076735588e-01
1.942298971176674308e-03 -3.749531410237076472e-03 -9.999910885605185484e-01
6.107947577900319034e-04 -3.740708925192160438e-03 -9.999928213431561463e-01
-7.167019680442870185e-04 -3.727246236864155491e-03 -9.999928013164974816e-01
-2.038545328874132902e-03 -3.709176787747106921e-03 -9.999910474854866171e-01
-3.353102466325529572e-03 -3.686539686032046671e-03 -9.999875873425098094e-01
-4.658755569484141802e-03 -3.659379635363716431e-03 -9.999824566694683892e-01
-5.953903875589476764e-03 -3.627746857489350194e-03 -9.999756992998053429e-01
-7.236965640265278013e-03 -3.591697007942973568e-03 -9.999673668419724049e-01
-8.506380074584461021e-03 -3.551291084920593817e-03 -9.999575183660046607e-01
-9.760609246348592519e-03 -3.506595331513013159e-03 -9.999462200550482960e-01
-1.099813994304981758e-02 -3.457681131473735320e-03 -9.999335448238466650e-01
-1.221748549407675535e-02 -3.404624898709541440e-03 -9.999195719063448395e-01
-1.341718754982461001e-02 -3.347507960690719684e-03 -9.999043864147101335e-01
-1.459581781547295530e-02 -3.286416435986623009e-03 -9.998880788721939972e-01
-1.575197973730179529e-02 -3.221441106140189321e-03 -9.998707447223731393e-01
-1.688431013952683066e-02 -3.152677282102253013e-03 -9.998524838174077667e-01
-1.799148080974777297e-02 -3.080224665452909252e-03 -9.998333998880384321e-01
-1.907220003121848362e-02 -3.004187204642843213e-03 -9.998135999981149213e-01
-2.012521406026374429e-02 -2.924672946492426658e-03 -9.997931939865045692e-01
-2.114930854728442819e-02 -2.841793883190499043e-03 -9.997722938992686936e-01
-2.214330989990956691e-02 -2.755665795038122600e-03 -9.997510134150213723e-01
-2.310608658697020645e-02 -2.666408089185242844e-03 -9.997294672663949999e-01
-2.403655038208511383e-02 -2.574143634610107177e-03 -9.997077706605330683e-01
-2.493365754576202034e-02 -2.478998593592554502e-03 -9.996860387015106264e-01
-2.579640994502952964e-02 -2.381102249932895518e-03 -9.996643858175510156e-01
-2.662385610972377997e-02 -2.280586834168101592e-03 -9.996429251958588447e-01
-2.741509222465990728e-02 -2.177587346036457660e-03 -9.996217682278280003e-01
-2.816926305702107183e-02 -2.072241374440746912e-03 -9.996010239673095432e-01
-2.888556281839688850e-02 -1.964688915158469863e-03 -9.995807986045365245e-01
-2.956323596099841300e-02 -1.855072186545611351e-03 -9.995611949582049460e-01
-3.020157790766808334e-02 -1.743535443478101731e-03 -9.995423119880971763e-01
-3.079993571539014346e-02 -1.630224789772413262e-03 -9.995242443305142332e-01
-3.135770867208996504e-02 -1.515287989323760428e-03 -9.995070818586522243e-01
-3.187434882658934931e-02 -1.398874276197164786e-03 -9.994909092699145736e-01
-3.234936145165927951e-02 -1.281134163903254429e-03 -9.994758057020058928e-01
-3.278230544018192333e-02 -1.162219254087147081e-03 -9.994618443794925922e-01
-3.317279363449981977e-02 -1.042282044855148736e-03 -9.994490922923542353e-01
-3.352049308909268999e-02 -9.214757389603422943e-04 -9.994376099078776665e-01
-3.382512526678100456e-02 -7.999540520644670685e-04 -9.994274509170714138e-01
-3.408646616871066626e-02 -6.778710212898452414e-04 -9.994186620165981250e-01
-3.430434639842550038e-02 -5.553808142715293932e-04 -9.994112827270411614e-01
-3.447865116038346250e-02 -4.326375389163419839e-04 -9.994053452481345134e-01
-3.460932019331944276e-02 -3.097950540720939409e-04 -9.994008743513996817e-01
-3.469634763890210027e-02 -1.870067813070085973e-04 -9.993978873104459870e-01
-3.473978184617521059e-02 -6.442551799626581558e-05 -9.993963938690024751e-01
-3.473972511231533666e-02 5.779674809037619937e-05 -9.993963962465651774e-01
-3.469633336027810183e-02 1.795090225087205330e-04 -9.993978891813583010e-01
-3.460981575394506127e-02 3.005614859795046560e-04 -9.994008600101270678e-01
-3.448043425142248430e-02 4.208056741609542280e-04 -9.994052887841039512e-01
-3.430850309718286306e-02 5.400946551707879253e-04 -9.994111484203144213e-01
-3.409438825377957005e-02 6.582832046761268084e-04 -9.994184048872234438e-01
-3.383850677390566608e-02 7.752279783718218952e-04 -9.994270174235611037e-01
-3.354132611360908373e-02 8.907876816696703439e-04 -9.994369387890095213e-01
-3.320336338751912753e-02 1.004823236422863449e-03 -9.994481155452893395e-01
-3.282518456698317599e-02 1.117197944511831055e-03 -9.994604883660404004e-01
-3.240740362205813546e-02 1.227777648119435716e-03 -9.994739923737642195e-01
-3.195068160834872023e-02 1.336430886525272243e-03 -9.994885575019714086e-01
-3.145572569973394128e-02 1.443029049250653438e-03 -9.995041088805678431e-01
-3.092328816807451281e-02 1.547446525387774366e-03 -9.995205672424106735e-01
-3.035416531104729448e-02 1.649560848948549265e-03 -9.995378493488743521e-01
-2.974919632930820429e-02 1.749252840070770294e-03 -9.995558684321879106e-01
-2.910926215424236921e-02 1.846406741921559650e-03 -9.995745346522366681e-01
-2.843528422761940067e-02 1.940910353140623849e-03 -9.995937555654624829e-01
-2.772822323453261531e-02 2.032655155668601239e-03 -9.996134366034561403e-01
-2.698907779106335739e-02 2.121536437808848458e-03 -9.996334815587982758e-01
-2.621888308817534388e-02 2.207453412374381450e-03 -9.996537930756882462e-01
-2.541870949340871780e-02 2.290309329775380535e-03 -9.996742731428900353e-01
-2.458966111200903276e-02 2.370011585906740218e-03 -9.996948235865289467e-01
-2.373287430919242269e-02 2.446471824699581171e-03 -9.997153465602893752e-01
-2.284951619531428932e-02 2.519606035205500163e-03 -9.997357450305908166e-01
-2.194078307577465581e-02 2.589334643087590551e-03 -9.997559232543611341e-01
-2.100789886755857760e-02 2.655582596397978827e-03 -9.997757872470756091e-01
-2.005211348437404423e-02 2.718279445527747602e-03 -9.997952452387958155e-01
-1.907470119241244655e-02 2.777359417221700842e-03 -9.998142081160138472e-01
-1.807695893881742372e-02 2.832761482557451076e-03 -9.998325898471933648e-01
-1.706020465500623570e-02 2.884429418795758909e-03 -9.998503078899932950e-01
-1.602577553704347471e-02 2.932311865016946906e-03 -9.998672835782643764e-01
-1.497502630531927920e-02 2.976362371466506618e-03 -9.998834424870213233e-01
-1.390932744583314902e-02 3.016539442541712850e-03 -9.998987147737157244e-01
-1.283006343542925087e-02 3.052806573360125793e-03 -9.999130354942641352e-01
-1.173863095336966089e-02 3.085132279860281195e-03 -9.999263448924221587e-01
-1.063643708166778570e-02 3.113490122394605309e-03 -9.999385886612380814e-01
-9.524897496635030894e-03 3.137858722784608520e-03 -9.999497181754681829e-01
-8.405434654119265520e-03 3.158221774818685025e-03 -9.999596906939896002e-01
-7.279475970933597939e-03 3.174568048183331031e-03 -9.999684695314023930e-01
-6.148452004988149214e-03 3.186891385829237772e-03 -9.999760241981748843e-01
-5.013794636645725958e-03 3.195190694784505632e-03 -9.999823305088471059e-01
-3.876935253824465542e-03 3.199469930438074167e-03 -9.999873706579723853e-01
-2.739302943366459051e-03 3.199738074327371229e-03 -9.999911332636418626e-01
-1.602322691181118841e-03 3.196009105475058898e-03 -9.999936133786002657e-01
-4.674135936555512232e-04 3.188301965330593395e-03 -9.999948124691259155e-01
6.640129171985055794e-04 3.176640516383033228e-03 -9.999947383620076957e-01
1.790554832420425098e-03 3.161053494522106898e-03 -9.999934051601119256e-01
2.910821306193170713e-03 3.141574455234925987e-03 -9.999908331271852857e-01
4.023434374987207296e-03 3.118241713735875418e-03 -9.999870485426924915e-01
5.127030653436799763e-03 3.091098279137062445e-03 -9.999820835276305164e-01
6.220263004681317147e-03 3.060191782776249501e-03 -9.999759758424021650e-01
7.301802182960918583e-03 3.025574400828368385e-03 -9.999687686579652457e-01
8.370338446317585057e-03 2.987302771335507891e-03 -9.999605103015969387e-01
9.424583137318502321e-03 2.945437905798625744e-03 -9.999512539787334120e-01
1.046327022978899880e-02 2.900045095482149931e-03 -9.999410574724537648e-01
1.148515783961611726e-02 2.851193812590075219e-03 -9.999299828222765196e-01
1.248902969776118782e-02 2.798957606479101235e-03 -9.999180959840310301e-01
1.347369658369996365e-02 2.743413995080792606e-03 -9.999054664726452213e-01
1.443799771759157920e-02 2.684644351710650540e-03 -9.998921669897653519e-01
1.538080210956240847e-02 2.622733787447359410e-03 -9.998782730381827744e-01
1.630100986457740792e-02 2.557771029270314821e-03 -9.998638625250957368e-01
1.719755344145923459e-02 2.489848294147837399e-03 -9.998490153562721305e-01
1.806939886470408305e-02 2.419061159272253500e-03 -9.998338130232109489e-01
1.891554688783212909e-02 2.345508428641256658e-03 -9.998183381854172103e-01
1.973503410709965752e-02 2.269291996187699709e-03 -9.998026742499142028e-01
2.052693402448865431e-02 2.190516705662181457e-03 -9.997869049501120209e-01
2.129035805897781103e-02 2.109290207474544265e-03 -9.997711139261411528e-01
2.202445650518602277e-02 2.025722812701656605e-03 -9.997553843087312320e-01
2.272841943856535041e-02 1.939927344469703774e-03 -9.997397983086864226e-01
2.340147756640469090e-02 1.852018986919604614e-03 -9.997244368139591719e-01
2.404290302398799303e-02 1.762115131964210471e-03 -9.997093789962744337e-01
2.465201011533141306e-02 1.670335224045586342e-03 -9.996947019291916314e-01
2.522815599800213096e-02 1.576800603100005430e-03 -9.996804802194194650e-01
2.577074131159771270e-02 1.481634345937303879e-03 -9.996667856531197272e-01
2.627921074953853617e-02 1.384961106239988035e-03 -9.996536868588461466e-01
2.675305357389700864e-02 1.286906953385986031e-03 -9.996412489886715713e-01
2.719180407305596056e-02 1.187599210297226584e-03 -9.996295334189501114e-01
2.759504196205475601e-02 1.087166290514333163e-03 -9.996185974720570577e-01
2.796239272554526534e-02 9.857375346956705371e-04 -9.996084941603308183e-01
2.829352790334103626e-02 8.834430467368098753e-04 -9.995992719533240978e-01
2.858816531860174440e-02 7.804135297041995406e-04 -9.995909745693464243e-01
2.884606924875154216e-02 6.767801217744820810e-04 -9.995836407921527833e-01
2.906705053928429483e-02 5.726742323684916487e-04 -9.995773043135024460e-01
2.925096666066097709e-02 4.682273786665300318e-04 -9.995719936021781882e-01
2.939772170855509820e-02 3.635710226890692979e-04 -9.995677317999213107e-01
2.950726634775080459e-02 2.588364091245765834e-04 -9.995645366446015423e-01
2.957959770004576355e-02 1.541544040837188934e-04 -9.995624204208031216e-01
2.961475917655696441e-02 4.965533495679243041e-05 -9.995613899378742451e-01
2.961284025487269725e-02 -5.453116845116649173e-05 -9.995614465353470646e-01
2.957397620153811441e-02 -1.582763313354785043e-04 -9.995625861155063019e-01
2.949834774040533888e-02 -2.614523896873319534e-04 -9.995647992027467676e-01
2.938618066742218135e-02 -3.639327443021898932e-04 -9.995680710292353943e-01
2.923774541247631947e-02 -4.655921128358237165e-04 -9.995723816462640521e-01
2.905335654895464456e-02 -5.663066797449248799e-04 -9.995777060605579578e-01
2.883337225172024829e-02 -6.659542439514522065e-04 -9.995840143946876921e-01
2.857819370425275160e-02 -7.644143640720710373e-04 -9.995912720706174870e-01
2.828826445574112586e-02 -8.615685010562484144e-04 -9.995994400153181969e-01
2.796406972896226320e-02 -9.573001580787970271e-04 -9.996084748872691161e-01
2.760613567982321548e-02 -1.051495017534927233e-03 -9.996183293225793243e-01
2.721502860949038399e-02 -1.144041074988190725e-03 -9.996289521993708682e-01
2.679135413007506517e-02 -1.234828769924097231e-03 -9.996402889189845986e-01
2.633575628489165030e-02 -1.323751113164675077e-03 -9.996522817024965368e-01
2.584891662435247900e-02 -1.410703810801855473e-03 -9.996648699009670347e-01
2.533155323861174119e-02 -1.495585384510297097e-03 -9.996779903177874793e-01
2.478441974811994644e-02 -1.578297288103160893e-03 -9.996915775414403349e-01
2.420830425330028346e-02 -1.658744020197416196e-03 -9.997055642869479009e-01
2.360402824460840557e-02 -1.736833232858512113e-03 -9.997198817442536356e-01
2.297244547428789821e-02 -1.812475836097724065e-03 -9.997344599317565805e-01
2.231444079118456367e-02 -1.885586098099181198e-03 -9.997492280532062070e-01
2.163092894003365921e-02 -1.956081741057517139e-03 -9.997641148561592361e-01
2.092285332668511119e-02 -2.023884032511288466e-03 -9.997790489902047550e-01
2.019118475078222202e-02 -2.088917872061764845e-03 -9.997939593631753885e-01
1.943692010745941279e-02 -2.151111873371438360e-03 -9.998087754935861549e-01
1.866108105967367869e-02 -2.210398441341624842e-03 -9.998234278575698353e-01
1.786471268283261818e-02 -2.266713844373849113e-03 -9.998378482286187641e-01
1.704888208342864378e-02 -2.319998281625310077e-03 -9.998519700084887996e-01
1.621467699343430782e-02 -2.370195945174626787e-03 -9.998657285476755252e-01
1.536320434225699368e-02 -2.417255077020247916e-03 -9.998790614539357913e-01
1.449558880809256531e-02 -2.461128020840390972e-03 -9.998919088873968741e-01
1.361297135055640484e-02 -2.501771268450111822e-03 -9.999042138408726910e-01
1.271650772650655473e-02 -2.539145500898128127e-03 -9.999159224040877758e-01
1.180736699100700532e-02 -2.573215624153271392e-03 -9.999269840106018714e-01
1.088672998540937339e-02 -2.603950799337947236e-03 -9.999373516663184747e-01
9.955787814558072699e-03 -2.631324467473689522e-03 -9.999469821585638130e-01
9.015740315147270645e-03 -2.655314368711800006e-03 -9.999558362448248694e-01
8.067794517277453170e-03 -2.675902556030149409e-03 -9.999638788203435436e-01
7.113163101274883916e-03 -2.693075403385434066e-03 -9.999710790638753899e-01
6.153062851848656659e-03 -2.706823608318535430e-03 -9.999774105610361730e-01
5.188713111667225993e-03 -2.717142189019067840e-03 -9.999828514047750527e-01
4.221334236439092460e-03 -2.724030475863701423e-03 -9.999873842726312301e-01
3.252146053580758783e-03 -2.727492097451391338e-03 -9.999909964805505647e-01
2.282366326548986718e-03 -2.727534961167180343e-03 -9.999936800131578041e-01
1.313209226903850170e-03 -2.724171228314759951e-03 -9.999954315304976360e-01
3.458838161540405721e-04 -2.717417283866427509e-03 -9.999962523513787893e-01
-6.184074605836201426e-04 -2.707293700887448713e-03 -9.999961484135692080e-01
-1.578470267102372558e-03 -2.693825199700071969e-03 -9.999951302112062290e-01
-2.533119852821528583e-03 -2.677040601860542629e-03 -9.999932127098984935e-01
-3.481182511752786615e-03 -2.656972779030378467e-03 -9.999904152401032364e-01
-4.421497021805778464e-03 -2.633658596830877347e-03 -9.999867613694686241e-01
-5.352916062562106635e-03 -2.607138853777305528e-03 -9.999822787549321745e-01
-6.274307609691174084e-03 -2.577458215396426743e-03 -9.999769989754608845e-01
-7.184556304228654350e-03 -2.544665143637979757e-03 -9.999709573464102830e-01
-8.082564794989310908e-03 -2.508811821697334854e-03 -9.999641927165654476e-01
-8.967255052439736945e-03 -2.469954074372886221e-03 -9.999567472490039632e-01
-9.837569652413329091e-03 -2.428151284087705971e-03 -9.999486661869971815e-01
-1.069247302810900045e-02 -2.383466302710621643e-03 -9.999399976062274265e-01
-1.153095268887670971e-02 -2.335965359317134817e-03 -9.999307921546629618e-01
-1.235202040435635223e-02 -2.285717964035503813e-03 -9.999211027814801644e-01
-1.315471335260184546e-02 -2.232796808127815533e-03 -9.999109844564691985e-01
-1.393809523088888717e-02 -2.177277660460022642e-03 -9.999004938813956800e-01
-1.470125732797273981e-02 -2.119239260518655885e-03 -9.998896891948191312e-01
-1.544331955663114445e-02 -2.058763208135304477e-03 -9.998786296718917832e-01
-1.616343144539682600e-02 -1.995933850082939453e-03 -9.998673754206734987e-01
-1.686077308845381276e-02 -1.930838163710774580e-03 -9.998559870765044710e-01
-1.753455605274164067e-02 -1.863565637786609303e-03 -9.998445254959762440e-01
-1.818402424138131773e-02 -1.794208150717492133e-03 -9.998330514520302748e-01
-1.880845471260628177e-02 -1.722859846321097383e-03 -9.998216253316962732e-01
-1.940715845345055562e-02 -1.649617007321422038e-03 -9.998103068379587954e-01
-1.997948110751442130e-02 -1.574577926743315950e-03 -9.997991546972069266e-01
-2.052480365619524516e-02 -1.497842777380958314e-03 -9.997882263736835862e-01
-2.104254305283735985e-02 -1.419513479515711494e-03 -9.997775777923058049e-01
-2.153215280931995018e-02 -1.339693567058834224e-03 -9.997672630711730291e-01
-2.199312353466575248e-02 -1.258488052294338662e-03 -9.997573342650248884e-01
-2.242498342531580244e-02 -1.176003289396851002e-03 -9.997478411208435833e-01
-2.282729870677653247e-02 -1.092346836898696943e-03 -9.997388308467269891e-01
-2.319967402640504828e-02 -1.007627319279602628e-03 -9.997303478950849698e-01
-2.354175279715649619e-02 -9.219542878514030895e-04 -9.997224337611306799e-01
-2.385321749217400936e-02 -8.354380811089878863e-04 -9.997151267975566968e-01
-2.413378989015672535e-02 -7.481896847174179799e-04 -9.997084620461973437e-01
-2.438323127149505734e-02 -6.603205913037299857e-04 -9.997024710873902986e-01
-2.460134256521448112e-02 -5.719426602204172707e-04 -9.996971819076546639e-01
-2.478796444681998640e-02 -4.831679774459598413e-04 -9.996926187862099633e-01
-2.494297738718280477e-02 -3.941087157860772216e-04 -9.996888022007617280e-01
-2.506630165265935628e-02 -3.048769955376134325e-04 -9.996857487528806319e-01
-2.515789725667951990e-02 -2.155847457751395343e-04 -9.996834711132044360e-01
-2.521776386308750839e-02 -1.263435664184853094e-04 -9.996819779865890876e-01
-2.524594064156383127e-02 -3.726459123749659770e-05 -9.996812740972393918e-01
-2.524250607550127673e-02 5.154164805163977624e-05 -9.996813601937476479e-01
-2.520757772275155836e-02 1.399653564461495934e-04 -9.996822330738717177e-01
-2.514131192970235282e-02 2.278976089221697028e-04 -9.996838856287884045e-01
-2.504390349918715619e-02 3.152304821577111118e-04 -9.996863069064616525e-01
-2.491558531277253061e-02 4.018571845668933830e-04 -9.996894821936757047e-01
-2.475662790800934807e-02 4.876721845013800780e-04 -9.996933931161914311e-01
-2.456733901127631722e-02 5.725713364771102976e-04 -9.996980177564004366e-01
-2.434806302688572247e-02 6.564520052866322118e-04 -9.997033307877680741e-01
-2.409918048316286865e-02 7.392131878596091199e-04 -9.997093036252799880e-01
-2.382110743625227497e-02 8.207556327363965329e-04 -9.997159045910302133e-01
-2.351429483244524971e-02 9.009819570219841471e-04 -9.997230990940236817e-01
-2.317922782986521490e-02 9.797967606900732235e-04 -9.997308498231985974e-01
-2.281642508038886352e-02 1.057106738109628470e-03 -9.997391169526181898e-01
-2.242643797272314207e-02 1.132820786668909795e-03 -9.997478583577259492e-01
-2.200984983759995961e-02 1.206850112374768108e-03 -9.997570298415136003e-01
-2.156727511609253869e-02 1.279108332307893163e-03 -9.997665853694073235e-01
-2.109935849209932865e-02 1.349511573817732332e-03 -9.997764773116449843e-01
-2.060677399008327762e-02 1.417978570343982406e-03 -9.997866566918859332e-01
-2.009022403919611191e-02 1.484430753754886322e-03 -9.997970734407747306e-01
-1.955043850495880031e-02 1.548792343096060901e-03 -9.998076766531618365e-01
-1.898817368971060862e-02 1.610990429647252099e-03 -9.998184148476776389e-01
-1.840421130307995021e-02 1.670955058188258041e-03 -9.998292362273500933e-01
-1.779935740377037653e-02 1.728619304379293503e-03 -9.998400889399621239e-01
-1.717444131399458590e-02 1.783919348165291649e-03 -9.998509213368542703e-01
-1.653031450792786725e-02 1.836794543118060175e-03 -9.998616822288942663e-01
-1.586784947558998390e-02 1.887187481634820590e-03 -9.998723211383572229e-01
-1.518793856360085154e-02 1.935044055916477742e-03 -9.998827885454902864e-01
-1.449149279429040246e-02 1.980313514653977026e-03 -9.998930361285697233e-01
-1.377944066467644973e-02 2.022948515356317190e-03 -9.999030169962971337e-01
-1.305272692685615840e-02 2.062905172259181172e-03 -9.999126859114310095e-01
-1.231231135138661538e-02 2.100143099758742995e-03 -9.999219995045965925e-01
-1.155916747525780747e-02 2.134625451320962611e-03 -9.999309164772769432e-01
-1.079428133608696487e-02 2.166318953822626327e-03 -9.999393977930467470e-01
-1.001865019418645732e-02 2.195193937286474793e-03 -9.999474068561750029e-01
-9.233281244178192723e-03 2.221224359979010951e-03 -9.999549096767944567e-01
-8.439190317845514724e-03 2.244387828845949805e-03 -9.999618750219049224e-01
-7.637400579928869601e-03 2.264665615266767129e-03 -9.999682745515559024e-01
-6.828941218583898208e-03 2.282042666116404408e-03 -9.999740829396311925e-01
-6.014846132229919630e-03 2.296507610128865548e-03 -9.999792779787400887e-01
-5.196152614523021768e-03 2.308052759564187262e-03 -9.999838406688024151e-01
-4.373900039191016761e-03 2.316674107187069887e-03 -9.999877552889986365e-01
-3.549128546467299715e-03 2.322371318572269850e-03 -9.999910094528428051e-01
-2.722877732857187979e-03 2.325147719758692381e-03 -9.999935941462220201e-01
-1.896185345963484307e-03 2.325010280280937966e-03 -9.999955037483324594e-01
-1.070085986087895933e-03 2.321969591613835728e-03 -9.999967360355282997e-01
-2.456098163115048687e-04 2.316039841072232031e-03 -9.999972921681851146e-01
5.762187172592366825e-04 2.307238781214942212e-03 -9.999971766607651524e-01
1.394382153414467545e-03 2.295587694808330637e-03 -9.999963973353527269e-01
2.207871270287444041e-03 2.281111355411422244e-03 -9.999949652590109928e-01
3.015686324708463303e-03 2.263837983650733663e-03 -9.999928946653880990e-01
3.816838274878235106e-03 2.243799199259169808e-03 -9.999902028610788696e-01
4.610349984804865825e-03 2.221029968959281967e-03 -9.999869101173183283e-01
5.395257408983489961e-03 2.195568550276971731e-03 -9.999830395476554390e-01
6.170610755835082006e-03 2.167456431377289255e-03 -9.999786169723188234e-01
6.935475628460970737e-03 2.136738267019323758e-03 -9.999736707700495053e-01
7.688934141311863819e-03 2.103461810732301651e-03 -9.999682317182307933e-01
8.430086011414657243e-03 2.067677843319874840e-03 -9.999623328222009278e-01
9.158049622846720084e-03 2.029440097804203948e-03 -9.999560091346783031e-01
9.871963063195599020e-03 1.988805180925781475e-03 -9.999492975662748195e-01
1.057098513079189617e-02 1.945832491319035356e-03 -9.999422366881082214e-01
1.125429631155438169e-02 1.900584134487550954e-03 -9.999348665275572534e-01
1.192109972433890233e-02 1.853124834706280704e-03 -9.999272283582295584e-01
1.257062203373620311e-02 1.803521843981356794e-03 -9.999193644852342189e-01
1.320211432931824025e-02 1.751844848201092276e-03 -9.999113180268638379e-01
1.381485297038767372e-02 1.698165870614436624e-03 -9.999031326938038200e-01
1.440814039534088313e-02 1.642559172775566456e-03 -9.998948525669871801e-01
1.498130589481081777e-02 1.585101153095425227e-03 -9.998865218752147621e-01
1.553370634781219353e-02 1.525870243142894407e-03 -9.998781847736505357e-01
1.606472692016771425e-02 1.464946801839886979e-03 -9.998698851242910912e-01
1.657378172455010665e-02 1.402413007696004131e-03 -9.998616662794885812e-01
1.706031444153060725e-02 1.338352749229506028e-03 -9.998535708695849289e-01
1.752379890107999202e-02 1.272851513722215782e-03 -9.998456405956842596e-01
1.796373962402328037e-02 1.205996274456625156e-03 -9.998379160285592038e-01
1.837967232300362699e-02 1.137875376583893624e-03 -9.998304364146476386e-01
1.877116436256475590e-02 1.068578421771664835e-03 -9.998232394900538056e-01
1.913781517801427939e-02 9.981961517806503537e-04 -9.998163613034213304e-01
1.947925665278253324e-02 9.268203311187824239e-04 -9.998098360484956038e-01
1.979515345404299353e-02 8.545436289214192096e-04 -9.998036959071365803e-01
2.008520332641086648e-02 7.814595002056024973e-04 -9.997979709034885420e-01
2.034913734358615930e-02 7.076620666457443315e-04 -9.997926887699493115e-01
2.058672011785625186e-02 6.332459970173520865e-04 -9.997878748255206727e-01
2.079774996742090459e-02 5.583063874545112415e-04 -9.997835518670536992e-01
2.098205904154957710e-02 4.829386416658374109e-04 -9.997797400738371865e-01
2.113951340362702283e-02 4.072383512524902350e-04 -9.997764569259055545e-01
2.127001307218840884e-02 3.313011762706281850e-04 -9.997737171363731967e-01
2.137349202008960100e-02 2.552227261793721044e-04 -9.997715325980297552e-01
2.144991813200191819e-02 1.790984413139525705e-04 -9.997699123443591906e-01
2.149929312046359661e-02 1.030234750222401498e-04 -9.997688625250705785e-01
2.152165240076239078e-02 2.709257660130818081e-05 -9.997683863961595030e-01
2.151706492496539488e-02 -4.860002483094382191e-05 -9.997684843244434294e-01
2.148563297545311168e-02 -1.239607353957692358e-04 -9.997691538064444883e-01
2.142749191835529449e-02 -1.988967103135759712e-04 -9.997703895014236064e-01
2.134280991732605964e-02 -2.733159664341954149e-04 -9.997721832782996421e-01
2.123178760813531490e-02 -3.471274933095527923e-04 -9.997745242761210127e-01
2.109465773459266724e-02 -4.202413626828316469e-04 -9.997773989776936876e-01
2.093168474635878976e-02 -4.925688362702510502e-04 -9.997807912959038035e-01
2.074316435923763413e-02 -5.640224717136731831e-04 -9.997846826722177616e-01
2.052942307858108065e-02 -6.345162265844313471e-04 -9.997890521867817126e-01
2.029081768647548675e-02 -7.039655603210218668e-04 -9.997938766794925991e-01
2.002773469341718321e-02 -7.722875339856375820e-04 -9.997991308813599654e-01
1.974058975522136397e-02 -8.394009077269434359e-04 -9.998047875554332276e-01
1.942982705594588008e-02 -9.052262358390128928e-04 -9.998108176465261288e-01
1.909591865764830379e-02 -9.696859593089554846e-04 -9.998171904389318021e-01
1.873936381783108951e-02 -1.032704495748487574e-03 -9.998238737212878924e-01
1.836068827546588275e-02 -1.094208326607522003e-03 -9.998308339577209880e-01
1.796044350652386754e-02 -1.154126081570798403e-03 -9.998380364643754126e-01
1.753920594997436522e-02 -1.212388620041633712e-03 -9.998454455904097760e-01
1.709757620524889749e-02 -1.268929109620061313e-03 -9.998530249025293637e-01
1.663617820220221477e-02 -1.323683101485938554e-03 -9.998607373721113412e-01
1.615565834463561848e-02 -1.376588602601051077e-03 -9.998685455639729769e-01
1.565668462848085474e-02 -1.427586144647824970e-03 -9.998764118258310907e-01
1.513994573577517530e-02 -1.476618849625974464e-03 -9.998842984775048182e-01
1.460615010558949205e-02 -1.523632492032275191e-03 -9.998921679989208888e-01
1.405602498310189880e-02 -1.568575557552652489e-03 -9.998999832159933820e-01
1.349031544803812321e-02 -1.611399298199911716e-03 -9.999077074834660239e-01
1.290978342372853943e-02 -1.652057783834718664e-03 -9.999153048638275143e-01
1.231520666805810751e-02 -1.690507950011853203e-03 -9.999227403014350202e-01
1.172057510888835363e-02 -1.656462695375528899e-03 -9.999299440233010428e-01
1.115160690446668004e-02 -1.550223289630300308e-03 -9.999366215787139911e-01
1.063389699218740027e-02 -1.372180211975821199e-03 -9.999425213771406806e-01
1.019288534708708525e-02 -1.122812416878325422e-03 -9.999474251586254470e-01
9.853825478361319390e-03 -8.026864802232731941e-04 -9.999511320650781299e-01
9.615357100366497822e-03 -5.529531489572004320e-04 -9.999536228500256474e-01
9.452442220114213450e-03 -3.736726358489458931e-04 -9.999552592016506258e-01
9.340037624577678457e-03 -2.648167090807379944e-04 -9.999563501820687428e-01
9.253126437413878094e-03 -2.262691365742544537e-04 -9.999571676594625202e-01
9.166749414884970207e-03 -2.578262249949784396e-04 -9.999579555816291432e-01
9.069234176066292424e-03 -2.889482721156232461e-04 -9.999588362530807961e-01
8.960742377058338384e-03 -3.195979728685424768e-04 -9.999598050189435483e-01
8.841448799702686032e-03 -3.497387452921320913e-04 -9.999608568170799128e-01
8.711541086798479591e-03 -3.793347735960450758e-04 -9.999619862062374409e-01
8.571219462232075245e-03 -4.083510501211186209e-04 -9.999631873958856332e-01
8.420696436416925251e-03 -4.367534161457818534e-04 -9.999644542775806277e-01
8.260196497457588174e-03 -4.645086014922551244e-04 -9.999657804576900233e-01
8.089955788468002063e-03 -4.915842628874465001e-04 -9.999671592913059737e-01
7.910221771489900008e-03 -5.179490210350978958e-04 -9.999685839171682522e-01
7.721252878472484489e-03 -5.435724963574271439e-04 -9.999700472934160977e-01
7.536516689494698364e-03 -4.981752911965100540e-04 -9.999714803125712148e-01
7.381206006355828589e-03 -3.820684168936699780e-04 -9.999726898882990156e-01
7.280386767922247294e-03 -1.956501414469013773e-04 -9.999734828436938061e-01
7.258967087789037174e-03 6.059476457842812654e-05 -9.999736558665049957e-01
7.341666528044808564e-03 3.860958827805157159e-04 -9.999729794182569131e-01
7.526588507199587740e-03 6.396978341821533097e-04 -9.999714745721741682e-01
7.788157999687963899e-03 8.213415911455018616e-04 -9.999693388800841021e-01
8.100795980303285640e-03 9.310583815708272509e-04 -9.999667589189673578e-01
8.438951566874471066e-03 9.689692716968438145e-04 -9.999639263010393631e-01
8.777133948830131982e-03 9.352846376496138682e-04 -9.999610471765828512e-01
9.103142281042128636e-03 9.005527889043296597e-04 -9.999581643815376175e-01
9.416613162192199668e-03 8.648208622295755835e-04 -9.999552930952729790e-01
9.717200160239318832e-03 8.281370732327716835e-04 -9.999524483282573595e-01
1.000457418287380856e-02 7.905506521885660633e-04 -9.999496448484553879e-01
1.027842382490604112e-02 7.521117788455092138e-04 -9.999468971094636061e-01
1.053845569225587801e-02 7.128715162967949343e-04 -9.999442191807285107e-01
1.078439470223996159e-02 6.728817440015258172e-04 -9.999416246801823283e-01
1.101598435988502753e-02 6.321950900435182154e-04 -9.999391267096119362e-01
1.123298701002644132e-02 5.908648627151057067e-04 -9.999367377930661327e-01
1.143518406498223242e-02 5.489449815137387688e-04 -9.999344698185833602e-01
1.162237620762385064e-02 5.064899076394014038e-04 -9.999323339835092250e-01
1.179438356969579604e-02 4.635545740809902384e-04 -9.999303407436475055e-01
1.195104588526704412e-02 4.201943153798181631e-04 -9.999284997664729113e-01
1.209222261922782149e-02 3.764647971583207097e-04 -9.999268198886073211e-01
1.221779307077574053e-02 3.324219455018616537e-04 -9.999253090777421304e-01
1.232765645186559463e-02 2.881218762812549298e-04 -9.999239743991632512e-01
1.242173194062711448e-02 2.436208245032462781e-04 -9.999228219870132106e-01
1.249995870978484226e-02 1.989750737757317242e-04 -9.999218570203990408e-01
1.256229593014377560e-02 1.542408859739337985e-04 -9.999210837044301137e-01
1.260872274923374899e-02 1.094744311931117634e-04 -9.999205052562448737e-01
1.263923824523445309e-02 6.473171807265072554e-05 -9.999201238960604421e-01
1.265386135633171129e-02 2.006852457555909606e-05 -9.999199408432536407e-01
1.265263078568392048e-02 -2.445967069349544914e-05 -9.999199563174565597e-01
1.263560488220563487e-02 -6.879775654946109799e-05 -9.999201695446253702e-01
1.260286149740287923e-02 -1.128910565863983144e-04 -9.999205787680169877e-01
1.255449781852212114e-02 -1.566853957552466568e-04 -9.999211812639832164e-01
1.249063017830171970e-02 -2.001271660811276137e-04 -9.999219733624692408e-01
1.241139384164122172e-02 -2.431633914427423857e-04 -9.999229504720813511e-01
1.231694276952999788e-02 -2.857417913377913567e-04 -9.999241071095659183e-01
1.220744936060242508e-02 -3.278108435597859279e-04 -9.999254369335212056e-01
1.208310417071209626e-02 -3.693198457131393903e-04 -9.999269327821443953e-01
1.194411561094236088e-02 -4.102189754950135510e-04 -9.999285867147968965e-01
1.179070962449487760e-02 -4.504593496740598945e-04 -9.999303900571532289e-01
1.162312934292171300e-02 -4.899930816979268348e-04 -9.999323334496836857e-01
1.144163472218990944e-02 -5.287733378632099171e-04 -9.999344068992055412e-01
1.125969976987075023e-02 -4.965068174173839629e-04 -9.999364886577576383e-01
1.110252875936789188e-02 -3.934881323461409341e-04 -9.999382919606774056e-01
1.099520497347812424e-02 -2.200992729597935971e-04 -9.999395310372641843e-01
1.096265966567680494e-02 2.319110002700874558e-05 -9.999399123262957545e-01
1.102964121942272974e-02 3.358284659750638028e-04 -9.999391196185909436e-01
1.119428920936340471e-02 5.766778852414189546e-04 -9.999371800483929373e-01
1.143107186235492977e-02 7.456958832060648105e-04 -9.999343894707918290e-01
1.171445892108762162e-02 8.429290851759274747e-04 -9.999310324397355787e-01
1.201895376767492772e-02 8.685137524831244328e-04 -9.999273969381970995e-01
1.231912529065713399e-02 8.226752076392006806e-04 -9.999237826308376986e-01
1.260283668413152321e-02 7.759737746918802040e-04 -9.999202843653047790e-01
1.286979285562208503e-02 7.284708686762849262e-04 -9.999169197862526337e-01
1.311972069470926892e-02 6.802286830781157246e-04 -9.999137057418638896e-01
1.335236933278777585e-02 6.313101093928326270e-04 -9.999106582056069836e-01
1.356751037416153646e-02 5.817786561279098424e-04 -9.999077922029152576e-01
1.376493809831759452e-02 5.316983673505676529e-04 -9.999051217431177419e-01
1.394446963325609613e-02 4.811337408833007436e-04 -9.999026597569220520e-01
1.410594509978877961e-02 4.301496462493313968e-04 -9.999004180397211838e-01
1.424922772675331177e-02 3.788112424698094781e-04 -9.998984072009641233e-01
1.437420393712541579e-02 3.271838958141739672e-04 -9.998966366197989952e-01
1.448078340504505360e-02 2.753330976045779044e-04 -9.998951144071640540e-01
1.456889908380686396e-02 2.233243821746654816e-04 -9.998938473744690691e-01
1.463850720489869896e-02 1.712232450822829427e-04 -9.998928410089751306e-01
1.468958724820530054e-02 1.190950616748997224e-04 -9.998920994559482578e-01
1.472214188352707204e-02 6.700500610562250411e-05 -9.998916255076254478e-01
1.473619688359635582e-02 1.501797089670056266e-05 -9.998914205990007131e-01
1.473180100880574876e-02 -3.680151285365173327e-05 -9.998914848104021313e-01
1.470902586389469073e-02 -8.838935452644601184e-05 -9.998918168767985115e-01
1.466796572687185073e-02 -1.396819822056972072e-04 -9.998924142037415308e-01
1.460873735048174096e-02 -1.906164199786838888e-04 -9.998932728898161093e-01
1.453147973655449093e-02 -2.411303642219939721e-04 -9.998943877554409276e-01
1.443635388360773285e-02 -2.911622587841454545e-04 -9.998957523778302381e-01
1.432354250809922055e-02 -3.406513689771379890e-04 -9.998973591318986998e-01
1.419324973975797863e-02 -3.895378542909377082e-04 -9.998991992368635451e-01
1.404570079145052094e-02 -4.377628397466237602e-04 -9.999012628082716292e-01
1.388114160406695580e-02 -4.852684858057289405e-04 -9.999035389151528230e-01
1.369983846693960915e-02 -5.319980567551906058e-04 -9.999060156419798950e-01
1.350207761433408309e-02 -5.778959874892916539e-04 -9.999086801550910453e-01
1.328816479857948193e-02 -6.229079486120099249e-04 -9.999115187732133814e-01
1.305842484043076047e-02 -6.669809097853178969e-04 -9.999145170417071959e-01
1.281320115728189213e-02 -7.100632012511711453e-04 -9.999176598101339186e-01
1.255285526987362857e-02 -7.521045734572021557e-04 -9.999209313127388477e-01
1.227776628816413911e-02 -7.930562547184936842e-04 -9.999243152514268873e-01
1.198833037705465850e-02 -8.328710068502391279e-04 -9.999277948807997474e-01
1.168496020268546334e-02 -8.715031787086109866e-04 -9.999313530948177320e-01
1.136808436003994977e-02 -9.089087575797471369e-04 -9.999349725146411405e-01
1.103814678261630204e-02 -9.450454183594325349e-04 -9.999386355772068580e-01
1.069560613494715227e-02 -9.798725704687942864e-04 -9.999423246240928265e-01
1.034093518876776953e-02 -1.013351402454144238e-03 -9.999460219902256419e-01
9.974620183652489064e-03 -1.045444924221990580e-03 -9.999497100919905179e-01
9.597160172957464735e-03 -1.076118006863200369e-03 -9.999533715143084089e-01
9.209066355925157529e-03 -1.105337420023318499e-03 -9.999569890962540786e-01
8.810861396822364591e-03 -1.133071866779143504e-03 -9.999605460147982239e-01
8.403078731998910728e-03 -1.159292015984815169e-03 -9.999640258662695347e-01
7.986261865768397653e-03 -1.183970532053882406e-03 -9.999674127451468886e-01
7.560963656025517302e-03 -1.207082102147091079e-03 -9.999706913198077585e-01
7.127745590526425069e-03 -1.228603460738951969e-03 -9.999738469048763401e-01
6.687177054769431923e-03 -1.248513411539521568e-03 -9.999768655298346687e-01
6.239834592422817926e-03 -1.266792846751237361e-03 -9.999797340035817550e-01
5.786301159254842591e-03 -1.283424763644103270e-03 -9.999824399746463088e-01
5.313966503130099911e-03 -1.368645240098477055e-03 -9.999849485311977926e-01
4.798509911073343785e-03 -1.522102379823516826e-03 -9.999873330335403709e-01
4.215751384306140083e-03 -1.743360303610443649e-03 -9.999895983753053219e-01
3.541681400969764852e-03 -2.031899982570929773e-03 -9.999916682672272961e-01
2.752490414126154174e-03 -2.387120141821595220e-03 -9.999933670728130553e-01
1.850996254338087201e-03 -2.667834908738600432e-03 -9.999947325917885044e-01
8.637055975912405828e-04 -2.873960356584344140e-03 -9.999955015451208462e-01
-1.828621571825189522e-04 -3.005506085564087736e-03 -9.999954711114354966e-01
-1.262208209423022883e-03 -3.062574952382016331e-03 -9.999945180925112753e-01
-2.347887637311690291e-03 -3.045362657292867078e-03 -9.999926109424899234e-01
-3.439940454898607336e-03 -3.094660142734884187e-03 -9.999892992622263499e-01
-4.561956298675748020e-03 -3.210166979827893275e-03 -9.999844459470287328e-01
-5.737401950601180717e-03 -3.391500806068989318e-03 -9.999777941028896722e-01
-6.989591919852100599e-03 -3.638198018606720371e-03 -9.999689584603901338e-01
-8.341659163818147815e-03 -3.949714525795558137e-03 -9.999574117187296496e-01
-9.790130448048859485e-03 -4.184929474537868628e-03 -9.999433226397961283e-01
-1.130786799341876661e-02 -4.343824115620057401e-03 -9.999266333582490507e-01
-1.286774610017377835e-02 -4.426475689014620560e-03 -9.999074138196228922e-01
-1.444268582267850543e-02 -4.433056978223045425e-03 -9.998858762981120973e-01
-1.600568945758775938e-02 -4.363835690319070940e-03 -9.998623823454672044e-01
-1.754306973828034452e-02 -4.289415199840337402e-03 -9.998369119040892983e-01
-1.905299779849905020e-02 -4.209907580374002908e-03 -9.998096162447496216e-01
-2.053368626421552337e-02 -4.125430872102834635e-03 -9.997806546081865475e-01
-2.198339134923464958e-02 -4.036108905591809931e-03 -9.997501933521718565e-01
-2.340041488069546233e-02 -3.942071118917889541e-03 -9.997184050693620483e-01
-2.478310625221887692e-02 -3.843452368482049367e-03 -9.996854676805952966e-01
-2.612986430264275378e-02 -3.740392733848066885e-03 -9.996515635083768059e-01
-2.743913911847453702e-02 -3.633037316956569916e-03 -9.996168783353569509e-01
-2.870943375837968839e-02 -3.521536036065477451e-03 -9.995816004526391074e-01
-2.993930589820921126e-02 -3.406043414769306665e-03 -9.995459197027627418e-01
-3.112736939525075769e-02 -3.286718366449867517e-03 -9.995100265221921187e-01
-3.227229577056391768e-02 -3.163723974509756107e-03 -9.994741109881001284e-01
-3.337281560843054912e-02 -3.037227268737818005e-03 -9.994383618741725650e-01
-3.442771987211453583e-02 -2.907398998152492791e-03 -9.994029657200720340e-01
-3.543586113528142401e-02 -2.774413400664755593e-03 -9.993681059190893112e-01
-3.639615472857633816e-02 -2.638447969897339020e-03 -9.993339618283801906e-01
-3.730757980099805998e-02 -2.499683219491148720e-03 -9.993007079060344244e-01
-3.816918029583748345e-02 -2.358302445223386858e-03 -9.992685128790501636e-01
-3.898006584106996492e-02 -2.214491485254969742e-03 -9.992375389461013446e-01
-3.973941255420278262e-02 -2.068438478817490565e-03 -9.992079410187753030e-01
-4.045964163265361457e-02 -1.990529074575109539e-03 -9.991791951071155031e-01
-4.116493604388136301e-02 -1.980612362843068609e-03 -9.991504060735761916e-01
-4.187940656228755776e-02 -2.038453205335417472e-03 -9.991205977043805531e-01
-4.262706180109376852e-02 -2.163732585837168081e-03 -9.990887150839582453e-01
-4.343177814111385399e-02 -2.356048039239447972e-03 -9.990536214003635784e-01
-4.429092236294483731e-02 -2.474545812777141900e-03 -9.990156152780610421e-01
-4.517829114055488954e-02 -2.519348087994862512e-03 -9.989757672965567936e-01
-4.606774564460754118e-02 -2.490668987665109989e-03 -9.989352171836187733e-01
-4.693324434289244257e-02 -2.388813620752447322e-03 -9.988951761290830733e-01
-4.774887512231342640e-02 -2.214176990417794644e-03 -9.988569222324547026e-01
-4.850205514360072384e-02 -2.037413333862084751e-03 -9.988210091596421147e-01
-4.919207809417494581e-02 -1.858750401490846154e-03 -9.987876116787253178e-01
-4.981831853402719779e-02 -1.678417401576432020e-03 -9.987568907372185167e-01
-5.038023228839975942e-02 -1.496644714617924614e-03 -9.987289927650121468e-01
-5.087735674451559359e-02 -1.313663608231230425e-03 -9.987040490544334403e-01
-5.130931105328000175e-02 -1.129705952841152930e-03 -9.986821752198604685e-01
-5.167579623689611684e-02 -9.450039384362454113e-04 -9.986634707389184795e-01
-5.197659520334479283e-02 -7.597897926370874482e-04 -9.986480185768724649e-01
-5.221157266867985924e-02 -5.742955003193739869e-04 -9.986358848954162148e-01
-5.238067498808331168e-02 -3.887525250249350070e-04 -9.986271188466369075e-01
-5.248392989661296304e-02 -2.033915323865504582e-04 -9.986217524525197176e-01
-5.252144616055880177e-02 -1.844211578624696123e-05 -9.986198005699387092e-01
-5.249341314030554762e-02 1.658674755383362641e-04 -9.986212609406706076e-01
-5.240010026557861966e-02 3.493106057289328066e-04 -9.986261143255599215e-01
-5.224185642393094908e-02 5.316625186753354488e-04 -9.986343247215668795e-01
-5.201910926330943763e-02 7.127006013120143176e-04 -9.986458396600389475e-01
-5.173236440952466708e-02 8.922046436377668475e-04 -9.986605905841666742e-01
-5.138220459943593915e-02 1.069957095253420021e-03 -9.986784933032201161e-01
-5.096928873065800780e-02 1.245743318211643344e-03 -9.986994485208051664e-01
-5.049435082859635854e-02 1.419351835971164157e-03 -9.987233424340442589e-01
-4.995819893162607717e-02 1.590574578245215363e-03 -9.987500474002610762e-01
-4.936171389524583036e-02 1.759207121530966759e-03 -9.987794226674476805e-01
-4.870584811606409187e-02 1.925048925103136624e-03 -9.988113151645049426e-01
-4.799162417651029605e-02 2.087903562251049432e-03 -9.988455603469843513e-01
-4.722013341120916835e-02 2.247578946534233013e-03 -9.988819830938149291e-01
-4.639253439601291606e-02 2.403887552827366735e-03 -9.989203986502785959e-01
-4.551005136075310376e-02 2.556646632921127059e-03 -9.989606136122991531e-01
-4.457397252685198208e-02 2.705678425441381766e-03 -9.990024269469373053e-01
-4.358564837102189837e-02 2.850810359845364073e-03 -9.990456310438351473e-01
-4.254648981638055327e-02 2.991875254250078199e-03 -9.990900127922316409e-01
-4.145796635241943973e-02 3.128711506845361853e-03 -9.991353546780726846e-01
-4.032160408538156687e-02 3.261163280641883946e-03 -9.991814358956714326e-01
-3.913898372073245507e-02 3.389080681303005375e-03 -9.992280334683297793e-01
-3.791173847954429355e-02 3.512319927809013070e-03 -9.992749233723182689e-01
-3.664155195075623206e-02 3.630743515702803022e-03 -9.993218816586216802e-01
-3.533015588142281865e-02 3.744220372667792385e-03 -9.993686855668983959e-01
-3.397932790721685387e-02 3.852626006191712561e-03 -9.994151146261676111e-01
-3.259088922561075713e-02 3.955842643074070769e-03 -9.994609517368300278e-01
-3.116670221432083290e-02 4.053759360540521578e-03 -9.995059842287513652e-01
-2.970866799776043787e-02 4.146272208734189113e-03 -9.995500048902792312e-01
-2.821872396440905373e-02 4.233284324362165951e-03 -9.995928129632384307e-01
-2.669884123816383334e-02 4.314706035285002968e-03 -9.996342150991430753e-01
-2.515102210689651799e-02 4.390454955847972185e-03 -9.996740262720841264e-01
-2.357729741159038730e-02 4.460456072765238075e-03 -9.997120706439908133e-01
-2.197972389957765157e-02 4.524641821381775349e-03 -9.997481823782274901e-01
-2.036038154553624149e-02 4.582952152152860135e-03 -9.997822063977688245e-01
-1.872137084403466267e-02 4.635334587197193282e-03 -9.998139990844966407e-01
-1.706481007753347240e-02 4.681744266797124160e-03 -9.998434289164794819e-01
-1.539283256386072760e-02 4.722143985737909527e-03 -9.998703770404246960e-01
-1.370758388727531807e-02 4.756504219397407300e-03 -9.998947377768420131e-01
-1.201121911731554276e-02 4.784803139517932596e-03 -9.999164190558095244e-01
-1.030590001969973468e-02 4.807026619613086367e-03 -9.999353427816016771e-01
-8.593792263600352754e-03 4.823168229984083066e-03 -9.999514451248099345e-01
-6.877062629652300543e-03 4.833229222342304808e-03 -9.999646767409652304e-01
-5.157876223079665458e-03 4.837218504057372997e-03 -9.999750029150529240e-01
