-4.344888100367137253e-06 -4.453780797090544581e-06 9.999999999806429285e-01
-2.350901326116529148e-04 -2.973010286140597216e-04 9.999999281723612743e-01
-6.396671256448870860e-04 -1.047920616514986126e-03 9.999992463438908130e-01
-9.782560053114390530e-04 -2.256476052797466367e-03 9.999969756609322635e-01
-1.013766123434369209e-03 -3.911800186116188432e-03 9.999918350154419766e-01
-5.176941522197283253e-04 -5.991720630277650242e-03 9.999819154748016414e-01
7.242507223775259198e-04 -8.463654451157088393e-03 9.999639203562408207e-01
2.906886647326760789e-03 -1.128545468255457915e-02 9.999320919555624299e-01
6.200781668668520555e-03 -1.440648565797652408e-02 9.998769941736252997e-01
1.074806086810953069e-02 -1.776890052798306766e-02 9.997843494282165899e-01
1.665888583061436376e-02 -2.130909241811450652e-02 9.996341351230454420e-01
2.400868402494501022e-02 -2.495928971006476996e-02 9.994001285514023669e-01
3.283619987843217070e-02 -2.864926484236584789e-02 9.990500505988356705e-01
4.314243631829513259e-02 -3.230812377734661178e-02 9.985464011885027968e-01
5.489055188659428680e-02 -3.586613915841513345e-02 9.978480081532737911e-01
6.800676963197876956e-02 -3.925658409411086902e-02 9.969122327915768134e-01
8.238233526431333609e-02 -4.241751613169893187e-02 9.956976976781750643e-01
9.787653028659640264e-02 -4.529345374292431670e-02 9.941673339368471973e-01
1.143207002820963297e-01 -4.783688246852042802e-02 9.922914945532433917e-01
1.315232017979091339e-01 -5.000952679694306569e-02 9.900508545617134892e-01
1.492751091928054552e-01 -5.178332854403288471e-02 9.874388227431534215e-01
1.678312242659281417e-01 -5.312840779696224175e-02 9.843830821618018145e-01
1.873352683387802531e-01 -5.400055766446477945e-02 9.808106020065110453e-01
2.075191333954828354e-01 -5.436712322222590765e-02 9.767190103542263691e-01
2.281033410366450631e-01 -5.420953283710761711e-02 9.721266339101694021e-01
2.488057460064643511e-01 -5.352339253772953748e-02 9.670733928743125984e-01
2.693500104113596416e-01 -5.231805146673430829e-02 9.616201918544253768e-01
2.894734222201765239e-01 -5.061568084092497866e-02 9.558468447827652703e-01
3.089336937050303211e-01 -4.844994402162988018e-02 9.498487120684471208e-01
3.275144748841361531e-01 -4.586436143814043298e-02 9.437323397506636180e-01
3.450294386909856237e-01 -4.291048779733572238e-02 9.376104609450566230e-01
3.613249205060621860e-01 -3.964601913668455019e-02 9.315967448354066649e-01
3.762812076804429862e-01 -3.613293503965104431e-02 9.258006609157247713e-01
3.898126615606483103e-01 -3.243575975959569341e-02 9.203227751043907556e-01
4.018669078684125595e-01 -2.861999913199036669e-02 9.152507219390716431e-01
4.124233497370486945e-01 -2.475078218142844760e-02 9.106560159429609724e-01
4.214912450062988092e-01 -2.089171086604358143e-02 9.065917861971600766e-01
4.291075527149430524e-01 -1.710390105441571273e-02 9.030914487313786987e-01
4.353347018906952304e-01 -1.344518404786528357e-02 9.001682755772310029e-01
4.402583775318307246e-01 -9.969431119419872381e-03 8.978157781283543359e-01
4.439853618464323914e-01 -6.725963162713593201e-03 8.960087945358869987e-01
4.462097743968919117e-01 -3.770258401363518232e-03 8.949204558977791324e-01
4.467329737514937893e-01 -1.172449387079183480e-03 8.946665722634378204e-01
4.457383806098077494e-01 1.003531405949457641e-03 8.951627164801330139e-01
4.434340089090870185e-01 2.701149408817915196e-03 8.963029529878357993e-01
4.400505206775447986e-01 3.872121870302772193e-03 8.979646685274821349e-01
4.358388506266930862e-01 4.477369317619403141e-03 9.000135829244046981e-01
4.310671659173148651e-01 4.488018997316309266e-03 9.023086811914875494e-01
4.260169890831126960e-01 3.886390286492094354e-03 9.047068149312946783e-01
4.209783977646919251e-01 2.666875502168342040e-03 9.070667430738250658e-01
4.162443142510482419e-01 8.366225282690349348e-04 9.092524242015788127e-01
4.121039999289883848e-01 -1.584071139983866559e-03 9.111354366729349508e-01
4.088359635746121601e-01 -4.561730525775250546e-03 9.125964855853088142e-01
4.067005684531208032e-01 -8.050098327297323247e-03 9.135260497308532734e-01
4.059326748115762995e-01 -1.199098382166365918e-02 9.138243156249102883e-01
4.067346786588193486e-01 -1.631556759819756744e-02 9.134006259195817101e-01
4.092703054444487010e-01 -2.094613575457765497e-02 9.121727229414320348e-01
4.136594917149832851e-01 -2.579819099875688485e-02 9.100660845539303434e-01
4.199746434725047384e-01 -3.078286541617123589e-02 9.070136239533235223e-01
4.282385007937459798e-01 -3.580954102192630828e-02 9.029559586213232736e-01
4.384237669244889224e-01 -4.078856979386148718e-02 8.978423542972019389e-01
4.508847156813813317e-01 -4.562210187915858445e-02 8.914155018761329430e-01
4.658268464026253386e-01 -5.019675831706220392e-02 8.834509803181357368e-01
4.830360032808427850e-01 -5.440971644568335513e-02 8.739083489078265377e-01
5.022451073039222447e-01 -5.817295907761118462e-02 8.627663409182478871e-01
5.231454653403048161e-01 -6.141579371656025188e-02 8.500276009495689733e-01
5.453996555854387918e-01 -6.408652014086888005e-02 8.357225219075774536e-01
5.686552292268616249e-01 -6.615315333720907243e-02 8.199115748521517144e-01
5.925583842371108245e-01 -6.760317886433715728e-02 8.026857239778164566e-01
6.167667676241666008e-01 -6.844239494962017778e-02 7.841647740928255894e-01
6.409606547740226423e-01 -6.869296911870113875e-02 7.644937638891323717e-01
6.648519283471797658e-01 -6.839089592961075659e-02 7.438377502702085975e-01
6.881905082629571346e-01 -6.758307800848559199e-02 7.223754923194303235e-01
7.107681329054645891e-01 -6.632426117928984233e-02 7.002926199990779921e-01
7.324196232978280596e-01 -6.467403728495586812e-02 6.777748625536417215e-01
7.530219472473835829e-01 -6.269409087229600719e-02 6.550018304810566461e-01
7.724915221594432779e-01 -6.044581636756349297e-02 6.321417178730800446e-01
7.907802495229245832e-01 -5.798837929902086324e-02 6.093471464041008145e-01
8.078707684309657244e-01 -5.537724587012804456e-02 5.867522323389062766e-01
8.237713645646884686e-01 -5.266316479896129832e-02 5.644708406965596170e-01
8.385108922184365543e-01 -4.989155628700746303e-02 5.425959051102364761e-01
8.521339765796573928e-01 -4.710224547852850940e-02 5.211996397058593633e-01
8.646966746674404902e-01 -4.432947043380557062e-02 5.003344470154224011e-01
8.762626948770211310e-01 -4.160209520936353211e-02 4.800343271487496066e-01
8.869002116375250822e-01 -3.894396461819427113e-02 4.603166108421820057e-01
8.966792645891881186e-01 -3.637434633426197411e-02 4.411838657347433856e-01
9.056696999380436930e-01 -3.390841634968467383e-02 4.226258557103385050e-01
9.139395929454295908e-01 -3.155775405104750686e-02 4.046214633532221328e-01
9.215540820240979425e-01 -2.933082250457949916e-02 3.871405129355942609e-01
9.285745438276329367e-01 -2.723341748255228914e-02 3.701454545548734654e-01
9.350580425568273402e-01 -2.526907517593019945e-02 3.535928886299302687e-01
9.410569934646587642e-01 -2.343943346750776424e-02 3.374349241114363296e-01
9.466189887190074037e-01 -2.174454524489461554e-02 3.216203739641014803e-01
9.517867423297792229e-01 -2.018314472472164042e-02 3.060957983939018301e-01
9.565981190877869134e-01 -1.875286935980929187e-02 2.908064106043674046e-01
9.610862200057062044e-01 -1.745044081709518080e-02 2.756968622065676944e-01
9.652795034117530593e-01 -1.627180892659767578e-02 2.607119263239244811e-01
9.692019265786663285e-01 -1.521226256044102589e-02 2.457970963703799139e-01
9.728730976155677279e-01 -1.426651122568404345e-02 2.308991177840540310e-01
9.763084313987461238e-01 -1.342874083838553091e-02 2.159664689236110158e-01
9.795193066820929717e-01 -1.269264675993163512e-02 2.009498060595678592e-01
9.825103026829411501e-01 -1.195920049572679784e-02 1.858237946160220533e-01
9.852740400303170443e-01 -1.116502083327368736e-02 1.706177257855974461e-01
9.878038786455557441e-01 -1.032998026209234338e-02 1.553601906561055401e-01
9.900962866679340335e-01 -9.473364764520890782e-03 1.400699771061861554e-01
9.921500276650190298e-01 -8.613839142353522937e-03 1.247562598816313595e-01
9.939653689140754977e-01 -7.769454091577492408e-03 1.094188328522418263e-01
9.955433169965648421e-01 -6.957688718428335119e-03 9.404836283156345345e-02
9.968848809680266321e-01 -6.195522357017858167e-03 7.862664688393106172e-02
9.979903581510587429e-01 -5.499529857565110466e-03 6.312685806367167307e-02
9.988586330977798911e-01 -4.885994860195630278e-03 4.751376790347291990e-02
9.994864763813606778e-01 -4.371035857898241707e-03 3.174393763265584423e-02
9.998678264844461649e-01 -3.970739997106022788e-03 1.576587407252071429e-02
9.999930350391088574e-01 -3.701299483264382413e-03 -4.798494900163973245e-04
9.998480529479397694e-01 -3.579145068686535782e-03 -1.706050224694155223e-02
9.994135324389222808e-01 -3.621070311767281367e-03 -3.405112373887198007e-02
9.986638179165838736e-01 -3.844339009345818393e-03 -5.153445296092211414e-02
9.975657967229759615e-01 -4.266766300438022512e-03 -6.960083270996524074e-02
9.960775799335930270e-01 -4.906761283279035581e-03 -8.834805287879984870e-02
9.941469836368702628e-01 -5.783315423824643593e-03 -1.078810835529170897e-01
9.917097836551073131e-01 -6.915916396657366058e-03 -1.283116327667377932e-01
9.886877226729353652e-01 -8.324361130004486950e-03 -1.497574440477488500e-01
9.849862601448318156e-01 -1.002843461040746169e-02 -1.723412249732955426e-01
9.804920748036362044e-01 -1.204741243314664915e-02 -1.961890697797947225e-01
9.750703606464279360e-01 -1.439933537133734377e-02 -2.214282071684752218e-01
9.685620045051461791e-01 -1.709999397256161888e-02 -2.481838706186399734e-01
9.607808022435503359e-01 -2.016155160006736363e-02 -2.765750564990603344e-01
9.515109673360023779e-01 -2.359072760909698349e-02 -3.067089118534404024e-01
9.405053156675121651e-01 -2.738646207776990193e-02 -3.386734900994791686e-01
9.274846768748196135e-01 -3.153699514310563667e-02 -3.725286460124976329e-01
9.121392822664227129e-01 -3.601632517842848907e-02 -4.082949351477318523e-01
8.941330973615478905e-01 -4.078007058360726134e-02 -4.459405678406034856e-01
8.731122689917972801e-01 -4.576086079606433293e-02 -4.853667781743665754e-01
8.487189803099042251e-01 -5.086353272690061905e-02 -5.263924329817344372e-01
8.206119551517107036e-01 -5.596061201320864931e-02 -5.687393330563460525e-01
7.884944970614441440e-01 -6.088880239310458242e-02 -6.120204096655180726e-01
7.521501474943652621e-01 -6.544745447674063521e-02 -6.557337770215350137e-01
7.114847000785632369e-01 -6.940016703624368732e-02 -6.992661427308508593e-01
6.665714322191654828e-01 -7.248068597893887743e-02 -7.419090752306213288e-01
6.176942519028900680e-01 -7.440398979434896531e-02 -7.828907059539506053e-01
5.653815371439455673e-01 -7.488279697768139564e-02 -8.214233282381474543e-01
5.106290778450647272e-01 -7.365419478911038043e-02 -8.566405339752362069e-01
4.546712821865934728e-01 -7.050905989268549390e-02 -8.878640085216793487e-01
3.987829448511984176e-01 -6.530758095841224242e-02 -9.147169413351471379e-01
3.443669480325649013e-01 -5.799680193308884985e-02 -9.370420353797660473e-01
2.928697826924196446e-01 -4.862026384468563084e-02 -9.549153681503780300e-01
2.456914947131278448e-01 -3.731863579703025013e-02 -9.686294486790589797e-01
2.041024868806431414e-01 -2.432167908628553310e-02 -9.786473475036823189e-01
1.691771361098211857e-01 -9.933529269422172042e-03 -9.855356013936654724e-01
1.417493941649950739e-01 5.485770069207068084e-03 -9.898873752003565230e-01
1.223902003380141906e-01 2.153952141417053712e-02 -9.922482995092101188e-01
1.114024103924823317e-01 3.781221896464138227e-02 -9.930557582815613404e-01
1.088271019289921426e-01 5.388495748004202418e-02 -9.925991503338916777e-01
1.144556608720894986e-01 6.934849643265887653e-02 -9.910048878473389777e-01
1.278443133858698788e-01 8.381479527184176881e-02 -9.882463820469522542e-01
1.483306700320532467e-01 9.692799891224652964e-02 -9.841762928231753138e-01
1.750543014462352942e-01 1.083754834170695680e-01 -9.785758765367917889e-01
2.069845307789369704e-01 1.178988516580610491e-01 -9.712143248513186444e-01
2.429581093328692931e-01 1.253039742122516731e-01 -9.619097001052065998e-01
2.817273779208714357e-01 1.304686003027367980e-01 -9.505827838044190736e-01
3.220165702497572169e-01 1.333459495806698925e-01 -9.372962104988503684e-01
3.623585150789808695e-01 1.339690277638788951e-01 -9.223603450659931813e-01
4.014337946709477523e-01 1.324479845940247646e-01 -9.062606909016704959e-01
4.382517035904475722e-01 1.289450427480705041e-01 -8.895552935322705856e-01
4.719855982731250288e-01 1.236583108282759413e-01 -8.728907246536524722e-01
5.019783416290661826e-01 1.168058926870787911e-01 -8.569563162550538626e-01
5.277312881601190497e-01 1.086115320541431589e-01 -8.424388539248656160e-01
5.488807515764798639e-01 9.929330701539008930e-02 -8.299823851933942898e-01
5.651670162106116058e-01 8.905623049823147008e-02 -8.201556142571795327e-01
5.764010285977588799e-01 7.808897585805286978e-02 -8.134272961251163281e-01
5.824332717811298021e-01 6.656444983530937498e-02 -8.101485406646014020e-01
5.831283839189881357e-01 5.464361377556529314e-02 -8.105401676302718128e-01
5.783481514855394190e-01 4.248177733081865554e-02 -8.146831987150638943e-01
5.679447437336343496e-01 3.023649223125276023e-02 -8.225111078905991135e-01
5.517654504747611099e-01 1.807608990482344885e-02 -8.338034196599778403e-01
5.296695968159006451e-01 6.187790269153409066e-03 -8.481814837999032131e-01
5.015575137569332487e-01 -5.215846331385718890e-03 -8.651085800878147714e-01
4.674102146454460205e-01 -1.589350168726942625e-02 -8.838976682002083196e-01
4.273366325435438706e-01 -2.557613952173403218e-02 -9.037307472771242134e-01
3.816230029599552154e-01 -3.397372664644351947e-02 -9.236934932704418122e-01
3.307766597454183111e-01 -4.078827980873218906e-02 -9.428271939218222375e-01
2.757864746204258255e-01 -4.573884873060245215e-02 -9.601300839645864338e-01
2.178611493106117902e-01 -4.859132078105053709e-02 -9.747694102537484140e-01
1.582373033717139055e-01 -4.917220275808380919e-02 -9.861759732918949917e-01
9.830301327849946813e-02 -4.738754056639006562e-02 -9.940276347165146742e-01
3.951645317562347409e-02 -4.323501964768913103e-02 -9.982831176601041356e-01
-1.668549604332373801e-02 -3.680660084924899239e-02 -9.991831005158295920e-01
-6.897419696103651576e-02 -2.828136201847539222e-02 -9.972174911806808151e-01
-1.161986933127810567e-01 -1.791031393850122874e-02 -9.930644915249819960e-01
-1.574293289773741888e-01 -5.996488157731710844e-03 -9.875120498040834693e-01
-1.919736386621251900e-01 7.125876894581079958e-03 -9.813742119793390506e-01
-2.193685225997118460e-01 2.110971998906092939e-02 -9.754136717389032540e-01
-2.393565992837100032e-01 3.560897457345525707e-02 -9.702785266664066821e-01
-2.518559116323390579e-01 5.028711056863154755e-02 -9.664573484056455666e-01
-2.569311892952372833e-01 6.482094997229183309e-02 -9.642533942967457250e-01
-2.547724622259706639e-01 7.890116706263808344e-02 -9.637767367644032301e-01
-2.456838289319110691e-01 9.223129138767809099e-02 -9.649522501611618175e-01
-2.300822431515992528e-01 1.045270340388776142e-01 -9.675413482338300897e-01
-2.085036868554761835e-01 1.155174391810506462e-01 -9.711755422237020596e-01
-1.816122873000979299e-01 1.249488049415228563e-01 -9.753998017459768466e-01
-1.502070062559038577e-01 1.325915989280488094e-01 -9.797230849409057640e-01
-1.151815804158726059e-01 1.384866721865761763e-01 -9.836435559491952807e-01
-7.740462452587473785e-02 1.426709755614314346e-01 -9.867388290906322634e-01
-3.781012976738940684e-02 1.450308637997776706e-01 -9.887044263243004449e-01
2.598729413820397363e-03 1.455030825832208663e-01 -9.893543852255476390e-01
4.278767473381991232e-02 1.440794470787795101e-01 -9.886406464540895556e-01
8.173352158856993233e-02 1.408078196864254172e-01 -9.866573819541951673e-01
1.184653398363830906e-01 1.357891656975407646e-01 -9.836296385009158927e-01
1.520996640450878457e-01 1.291711852811517902e-01 -9.798880023202983791e-01
1.818661882271270236e-01 1.211396056857591552e-01 -9.758329188518232167e-01
2.071224300535587926e-01 1.119085238941165267e-01 -9.718934001470461714e-01
2.273580263176315230e-01 1.017111654789694120e-01 -9.684849852665247116e-01
2.421910917791326723e-01 9.079211588474578321e-02 -9.659711521349090280e-01
2.513601005173154990e-01 7.940159658583603730e-02 -9.646312696198412473e-01
2.547149394928109878e-01 6.779182897236013527e-02 -9.646370133498912702e-01
2.522102401585935016e-01 5.621506106223762844e-02 -9.660382299214436141e-01
2.439030205653265615e-01 4.492249617279987089e-02 -9.687586313925455883e-01
2.299552954361274715e-01 3.416319345992266387e-02 -9.726013768828152273e-01
2.106408487244997019e-01 2.418201967426217291e-02 -9.772643771129400081e-01
1.863540145519806956e-01 1.521591802056003126e-02 -9.823648289204992556e-01
1.576172882275838349e-01 7.488108635968165547e-03 -9.874718824765051917e-01
1.253233218654410397e-01 1.194016954310745011e-03 -9.921152349001518544e-01
9.044317324574520367e-02 -3.514650032882533307e-03 -9.958954160198010275e-01
5.384949809076280958e-02 -6.527127455034507225e-03 -9.985277302926703902e-01
1.648323555376091445e-02 -7.780004561596811676e-03 -9.998338734387736126e-01
-2.068189191891499010e-02 -7.261891128213214704e-03 -9.997597332783433322e-01
-5.667891246297558638e-02 -5.014737869427824020e-03 -9.983798642235378606e-01
-9.058663765537304513e-02 -1.131566027788653188e-03 -9.958879357826961876e-01
-1.215637951042755766e-01 4.249013239381857487e-03 -9.925745259713462110e-01
-1.488749610862322992e-01 1.095058652053438296e-02 -9.887953937075850686e-01
-1.719067300645256979e-01 1.876783862468794570e-02 -9.849344365960566172e-01
-1.901744467831888163e-01 2.747536427582922269e-02 -9.813657749022693944e-01
-2.033213997473939938e-01 3.683543417221600558e-02 -9.784189078278379137e-01
-2.111133192809973302e-01 4.660416388744713367e-02 -9.763499466540810356e-01
-2.134312348636104861e-01 5.653598751359536351e-02 -9.753208652035351145e-01
-2.102653011310599007e-01 6.638674030344371424e-02 -9.753877710188207928e-01
-2.017112839114393319e-01 7.591593827042553144e-02 -9.764985039723491633e-01
-1.879702286026624369e-01 8.488897362148799253e-02 -9.784993895335195591e-01
-1.693506296471988248e-01 9.307991528685891081e-02 -9.811505968041843717e-01
-1.462713801107039246e-01 1.002754250192039176e-01 -9.841491363094563294e-01
-1.192630839141963495e-01 1.062799996705348915e-01 -9.871579805108351424e-01
-8.944245986760498979e-02 1.109349310180255815e-01 -9.897946693399523044e-01
-5.792867593482149691e-02 1.141387709468280193e-01 -9.917744751061694508e-01
-2.550829405026940749e-02 1.158293131017412714e-01 -9.929415376355045231e-01
7.000398301834950820e-03 1.159855257637639747e-01 -9.932262341671507233e-01
3.877585158257072784e-02 1.146290937716946262e-01 -9.926513004051680245e-01
6.902230261906411313e-02 1.118235808259938069e-01 -9.913281033610228388e-01
9.699656490047750546e-02 1.076713246302597321e-01 -9.894435568797362857e-01
1.220301995909477133e-01 1.023085232676747697e-01 -9.872393815359752356e-01
1.435456441075068090e-01 9.589920432784697357e-02 -9.849862895837702137e-01
1.610660191219341064e-01 8.862884070386158053e-02 -9.829560855301010536e-01
1.742194034479370435e-01 8.069828644600612888e-02 -9.813946127974624289e-01
1.827391296557235867e-01 7.231849060068216983e-02 -9.804980603809813067e-01
1.864619842244991110e-01 6.370616795205484573e-02 -9.803945392569698436e-01
1.853260789204891901e-01 5.508032830747974784e-02 -9.811322040920154031e-01
1.793696678030533287e-01 4.665934504792502296e-02 -9.826746296678677828e-01
1.687314436697766873e-01 3.865811615770579218e-02 -9.849036754795928994e-01
1.536520099975769715e-01 3.128485546422834357e-02 -9.876296459924889248e-01
1.344754465294835666e-01 2.473714990350725507e-02 -9.906081100497367009e-01
1.116493197809864252e-01 1.919711534126005564e-02 -9.935622276213924575e-01
8.572126474187702350e-02 1.482574664254351915e-02 -9.962088445745268528e-01
5.781182493774560116e-02 1.174405228690837688e-02 -9.982584185140755961e-01
2.901876277142381375e-02 1.001349851321304760e-02 -9.995287095705250868e-01
7.680500842184448743e-05 9.656696592396351794e-03 -9.999533700692720961e-01
-2.827406921709527121e-02 1.065779149677685902e-02 -9.995433899993054760e-01
-5.531438364737266411e-02 1.296300264824187289e-02 -9.983848353841529022e-01
-8.036930185364619950e-02 1.648311164653961519e-02 -9.966288588792708847e-01
-1.028291736781212773e-01 2.109756349378189358e-02 -9.944752655829582899e-01
-1.221652047094821253e-01 2.665965344760993019e-02 -9.921516646346665302e-01
-1.379398309515352805e-01 3.300219570940419317e-02 -9.898906293709510695e-01
-1.498122219023348689e-01 3.994311898254026411e-02 -9.879073060847513021e-01
-1.575399679788947460e-01 4.729058286662554678e-02 -9.863796222866438868e-01
-1.609783236734867173e-01 5.484741359197847776e-02 -9.854327681432880626e-01
-1.600783519089414852e-01 6.241486769006245050e-02 -9.851290806500169195e-01
-1.548849963958764120e-01 6.979590421995011951e-02 -9.854639362485912990e-01
-1.455355939195765447e-01 7.679824988204615732e-02 -9.863677913022756982e-01
-1.322587464575843696e-01 8.323756203304100154e-02 -9.877140943882818380e-01
-1.153729257866434182e-01 8.894093247140326397e-02 -9.893324004234106406e-01
-9.528379132911932170e-02 9.375084360461762023e-02 -9.910256194641862137e-01
-7.247905168789675612e-02 9.752951399296858059e-02 -9.925899359593182147e-01
-4.751983893754990057e-02 1.001633877844036180e-01 -9.938355802927905103e-01
-2.150760148322584248e-02 1.015800807891061863e-01 -9.945948472952829134e-01
4.513404176896990486e-03 1.017653668397886235e-01 -9.947981902354424699e-01
2.989217911818500134e-02 1.007397650398316746e-01 -9.944636531157390325e-01
5.399857187215640481e-02 9.855588287027038097e-02 -9.936653824041805638e-01
7.624232599876813732e-02 9.529627378330773890e-02 -9.925249255964976314e-01
9.608939701367866237e-02 9.107014119777515071e-02 -9.911977891242417238e-01
1.130747208621791233e-01 8.600926339146169886e-02 -9.898568149554861639e-01
1.268112075553148865e-01 8.026355295521019062e-02 -9.886742030145172500e-01
1.369952899636838473e-01 7.399662129664748289e-02 -9.878040243719747870e-01
1.434097629859816814e-01 6.738161066526730802e-02 -9.873668813695756219e-01
1.459248322702096923e-01 6.059741334498205262e-02 -9.874380470813505228e-01
1.444982389180794746e-01 5.382525399487244483e-02 -9.880400300509003531e-01
1.391750706758322076e-01 4.724549702847258975e-02 -9.891401127817700534e-01
1.300874798530918253e-01 4.103447836388632308e-02 -9.906530266303631427e-01
1.174540923025376715e-01 3.536116099881753128e-02 -9.924485500494356627e-01
1.015785046089040522e-01 3.038347630988821879e-02 -9.943634404832927265e-01
8.284601522323588318e-02 2.624432605470261928e-02 -9.962167299903131878e-01
6.171768588073462541e-02 2.306736171780510158e-02 -9.978270511836888623e-01
3.872101336044756620e-02 2.095279813773985936e-02 -9.990303615884608135e-01
1.443689198055968063e-02 1.997362420924716359e-02 -9.996962691172370796e-01
-1.003484479933752088e-02 2.015976967993264937e-02 -9.997464106348881163e-01
-3.367991354408456095e-02 2.148279043190340354e-02 -9.992017579748153633e-01
-5.590640448598734741e-02 2.388171825955068273e-02 -9.981503581482413789e-01
-7.616719182027489876e-02 2.726756255146688818e-02 -9.967221473027270129e-01
-9.397488118959373971e-02 3.152685540213318732e-02 -9.950752630303397739e-01
-1.089131618604526897e-01 3.652584929332255981e-02 -9.933799804244126674e-01
-1.206444879749179466e-01 4.211497805422619034e-02 -9.918020145905174223e-01
-1.289144962495712698e-01 4.813325042318893077e-02 -9.904868716249929372e-01
-1.335538878606231661e-01 5.441235532991226670e-02 -9.895466914834342154e-01
-1.344786133831017971e-01 6.078038954153541784e-02 -9.890506795866352840e-01
-1.316891047178745389e-01 6.706524125150924165e-02 -9.890198345410112779e-01
-1.252690410493094708e-01 7.309775264655798965e-02 -9.894262912989816305e-01
-1.153837874710648970e-01 7.871482469359351863e-02 -9.901972318499673298e-01
-1.022782866002496238e-01 8.376261304429678811e-02 -9.912229702479449234e-01
-8.627389466720825073e-02 8.809990004749097825e-02 -9.923684913940105101e-01
-6.776349978585270717e-02 9.160162857110365486e-02 -9.934874180083743678e-01
-4.720428244458008127e-02 9.416247010014539010e-02 -9.944371196534175228e-01
-2.510768394865380004e-02 9.570019791845404966e-02 -9.950935012983248562e-01
-2.026505458674468692e-03 9.615857107051657693e-02 -9.953639648321414013e-01
2.146050113174250915e-02 9.550942494960340534e-02 -9.951971647055826153e-01
4.476576365701027960e-02 9.375371683444094772e-02 -9.945884912791791432e-01
6.731064017323705462e-02 9.092138180421038829e-02 -9.935806862310407883e-01
8.854256023751949645e-02 8.706999459621830861e-02 -9.922595583155978671e-01
1.079504175227043034e-01 8.228237579845194827e-02 -9.907453345793274524e-01
1.250773596590159520e-01 7.666339533549521024e-02 -9.891806598986008225e-01
1.395305335037791972e-01 7.033628924213422562e-02 -9.877165770791067612e-01
1.509877887391798124e-01 6.343880731133823281e-02 -9.864979500128917556e-01
1.592017251810695366e-01 5.611945416543815540e-02 -9.856497438566172997e-01
1.640017174437416736e-01 4.853399137925399481e-02 -9.852653898099600349e-01
1.652946283535025873e-01 4.084225681567717897e-02 -9.853981915432721284e-01
1.630648313439755637e-01 3.320525343592682643e-02 -9.860564243105401916e-01
1.573739353865169777e-01 2.578238378357823601e-02 -9.872024681636832888e-01
1.483602988382700938e-01 1.872867169145130822e-02 -9.887560157017328821e-01
1.362380969260525432e-01 1.219182515624094888e-02 -9.906011005174587547e-01
1.212954386409327151e-01 6.309051189484250755e-03 -9.925963995698686704e-01
1.038908718436751949e-01 1.203624324770903456e-03 -9.945879740058800600e-01
8.444761222285714075e-02 -3.018682007626683969e-03 -9.964233479550104189e-01
6.344499742172345080e-02 -6.273089956515870771e-03 -9.979656209738059225e-01
4.140698309429788337e-02 -8.498952930613281470e-03 -9.991062153500963605e-01
1.888790831694260597e-02 -9.662222546191177180e-03 -9.997749188572208068e-01
-3.543818610136623311e-03 -9.756969837140690854e-03 -9.999461199936433564e-01
-2.532311886335560785e-02 -8.805771992479928534e-03 -9.996405344081127353e-01
-4.590554568531560881e-02 -6.858902984739241593e-03 -9.989222373769991448e-01
-6.478332652259476132e-02 -3.992405807077982656e-03 -9.978913674852742943e-01
-8.149919286584371425e-02 -3.052459118961823128e-04 -9.966733609303717323e-01
-9.565740199426962798e-02 4.084175032417770509e-03 -9.954059377756925286e-01
-1.069317703258920726e-01 9.041842394018640219e-03 -9.942252469044363661e-01
-1.150709212441456825e-01 1.442201822461224893e-02 -9.932525804021089533e-01
-1.199012250421853248e-01 2.007100146835933199e-02 -9.925829190221521214e-01
-1.213280306549019832e-01 2.583065949374201836e-02 -9.922763153520381962e-01
-1.193357511060620518e-01 3.154172686809066095e-02 -9.923528092242329679e-01
-1.139871936621695975e-01 3.704694054401949654e-02 -9.927912388203509186e-01
-1.054222722690357078e-01 4.219411778958194470e-02 -9.935319828443816004e-01
-9.385596721635179607e-02 4.683927817754179879e-02 -9.944833530224562734e-01
-7.957516951746092249e-02 5.084986614422327272e-02 -9.955310560251146024e-01
-6.293392016944095169e-02 5.410805627453219718e-02 -9.965498682652049744e-01
-4.434656323599737299e-02 5.651403608854978916e-02 -9.974164356251796759e-01
-2.427848557488939893e-02 5.798908086180887961e-02 -9.980219544880235549e-01
-3.234392532250475460e-03 5.847818194282103366e-02 -9.982834471945898347e-01
1.825558444556532947e-02 5.795197953246578743e-02 -9.981524441216007570e-01
3.921083844541140701e-02 5.666116352249652571e-02 -9.976231867282316923e-01
5.891066138530366703e-02 5.485788337710642559e-02 -9.967548076671810531e-01
7.710100486786194973e-02 5.261160068887344582e-02 -9.956341971439264249e-01
9.357025928474636822e-02 5.000242221856441432e-02 -9.943562562536492067e-01
1.081537665499381212e-01 4.711862303032174348e-02 -9.930169173513105907e-01
1.207366202658576582e-01 4.405409615473473983e-02 -9.917065620131187975e-01
1.312549149430374817e-01 4.090583523516492376e-02 -9.905043462540296106e-01
1.396956701528659361e-01 3.777152367331838845e-02 -9.894738155914237776e-01
1.460956681442673044e-01 3.474727079740529134e-02 -9.886600441621606894e-01
1.505394134522937688e-01 3.192550850187152872e-02 -9.880883801085053042e-01
1.531563656991695999e-01 2.939304451299321400e-02 -9.877647374659581647e-01
1.541175299704633794e-01 2.722926230537504877e-02 -9.876772520571799330e-01
1.536314295922110995e-01 2.550446178466402730e-02 -9.877990211939076115e-01
1.519394467339529875e-01 2.427834639466010247e-02 -9.880915779540045962e-01
1.493105043316504121e-01 2.359867744041472398e-02 -9.885087130219970541e-01
1.460350794734820157e-01 2.350013099438142544e-02 -9.890002524810264095e-01
1.424185789646117695e-01 2.400340311344669603e-02 -9.895154293924816047e-01
1.387741632451403029e-01 2.511461271739669210e-02 -9.900055494010020496e-01
1.354151638649366829e-01 2.682504737909905887e-02 -9.904257419058003498e-01
1.326472912026774031e-01 2.911128609543779666e-02 -9.907357009614496945e-01
1.306806384359222861e-01 3.145796948216775246e-02 -9.909253084340677864e-01
1.294045447411135696e-01 3.343759169338191006e-02 -9.910279467619493854e-01
1.286222656732370073e-01 3.502399033391168787e-02 -9.910749885227082556e-01
1.281257146524498736e-01 3.620078021173766397e-02 -9.910970208602050135e-01
1.277007143740202799e-01 3.696166944202381593e-02 -9.911237876983565176e-01
1.271322873779474893e-01 3.731052068737718969e-02 -9.911837905016410710e-01
1.262098561514192752e-01 3.726116663829100867e-02 -9.913035244929296885e-01
1.247322371341315350e-01 3.683699518034012216e-02 -9.915063816268211427e-01
1.225123309625778811e-01 3.607032439516309752e-02 -9.918113028501220896e-01
1.193814308694345350e-01 3.500159015308881849e-02 -9.922313050148310332e-01
1.151930893647674925e-01 3.367836948797257174e-02 -9.927720380794099464e-01
1.098264971907682436e-01 3.215426155250272755e-02 -9.934305431080385773e-01
1.031893358065917449e-01 3.048764551146274787e-02 -9.941943796099810271e-01
9.522006442538707982e-02 2.874033232077345679e-02 -9.950412718224456166e-01
8.588959575590993101e-02 2.697612614087725735e-02 -9.959393886981435795e-01
7.520230380200788878e-02 2.525931217202473725e-02 -9.968483237948394526e-01
6.319629658946149253e-02 2.365309159939312997e-02 -9.977207822613913812e-01
4.994288163101790606e-02 2.221799111043488290e-02 -9.985049170868027790e-01
3.554515731498225639e-02 2.101028338834706050e-02 -9.991471912508743669e-01
2.013568300382310300e-02 2.008046469314357999e-02 -9.995955828277729438e-01
