-1.814537932186563562e+00
-2.278506028639418535e+00
-7.348337939563328591e-01
-1.478026879938346250e+00
-1.288463775004545120e+00
-3.391746817009132275e+00
-4.144659462515063453e+00
-1.084628023107627737e+00
-1.800427580077387901e+01
-2.860594362034154070e+00
-6.092078099920753553e-01
-2.678999658500677672e+00
-1.284558585894203464e+00
-2.003137226042715824e+00
-4.212769533128130073e-01
-1.764095095814607772e+00
-3.491033018111222130e+00
-1.610219279633565259e+00
-1.318920735213113815e+00
-1.000035016549999378e+00
-1.028553842870749691e-02
-3.375607049175756824e+00
-5.387900908479150708e-01
-2.062332994729553004e+00
6.394592334251479604e-02
-1.025238150512085333e+00
-1.900406574517689462e+00
-1.956896378938267622e+00
-1.399459006003330286e+00
-1.764438276323332611e+00
-1.457068701436773805e+00
-1.269517530639518110e+00
-1.245768248752904706e+00
-1.679183633264393682e+00
3.302601606996745875e+00
-2.025553809029213337e+00
-1.957124959264157527e+00
1.456175567357439027e+00
-1.553206639647376708e+00
-1.712040159844955500e+00
-1.929362754025752524e+00
-8.649442813552613574e-01
4.803616838470224915e-01
-9.384755216404185862e-01
4.907356021811042357e-01
5.156722938187656702e-01
-1.700110302989191968e+00
1.808549597255485031e+00
2.243375175629965579e+00
-1.257567815483094043e+00
6.260567190948292948e-01
-2.856631632039020374e+00
4.029268591411782063e-01
-1.138325688536471425e+00
1.874506555750923287e+00
-2.439101336179870239e-01
-2.082670406141218788e-01
-1.053277764766466174e+00
-1.876675327097264923e+00
-1.298381780292662269e+00
1.929357614902753149e+00
-1.930979276600508221e-01
-1.504048722739739885e+00
-3.074985688496037373e+00
-1.025742491053230010e+00
-2.099937511698767023e-02
-1.494037244982326262e+00
1.748552935314807488e+00
-4.467483773318240425e-01
-2.795706494841345702e+00
-1.769254387192084721e+00
-2.017877099730527757e+00
-1.518184069274824743e+00
-1.473306282281427126e+00
-2.976536132207060342e-02
1.599066940894804389e+00
1.182138088650609986e-01
1.167731370634622623e+00
-2.030959252375510449e-01
2.693014086085125935e-01
-5.756719011612062564e-01
-1.898446057625152950e+00
-2.083263887841298345e+00
-3.238360484768749714e-01
-1.102409066902311885e+00
-3.667397960843016280e-01
-1.663110619217361252e+00
8.778322492717648418e-01
-1.445929690262629963e+00
-4.037907923785275521e-01
-1.430279610992221118e+00
-8.970075205771937954e-01
-2.653296687897724881e-01
-1.292650423073532284e+00
-5.319853760053843139e-01
-8.158243703129800517e-01
2.717933235492730137e+00
-6.007942215985467849e-01
3.993225926015565808e+00
-1.254563870884226162e+00
2.511950261621861635e+00
1.971715771321304489e+00
-1.754778626363735272e+00
-5.265744780104539835e-01
-3.674176305646720264e-01
-3.754427594580062033e-01
-1.680847421577555290e+00
1.961447015312531406e+00
-1.002553310000059872e+00
1.249427269868713886e+00
3.168836797968618058e+00
-4.474011975525490903e-02
-2.028061734610506206e-01
1.933337269556862914e+00
-9.824171897289389888e-01
-1.725866296004188616e+00
-3.227499599882046599e-01
-6.611476586177477133e-01
-4.600795524896266753e-01
-3.177773493659283299e-01
-2.363655257946974952e-01
-1.499165451133536386e+00
-1.464445893366971063e+00
1.324704990099543622e-01
4.008432244565970359e-01
9.230403472258053021e-01
-2.747171167491061494e-01
-3.381973534312303076e-01
-3.724280263947393754e-01
2.323683589824117601e-01
1.616506011444114099e+00
4.863198364973891907e-01
4.337754189714501663e-01
-2.495899423577922160e+00
9.181654600305019231e-01
-1.139090131213021273e+00
1.167766243117970060e+00
-6.157969567612816775e+00
-1.647991691869644670e-01
-9.403994103991729636e-01
-2.156445191093622427e+00
-3.781972863598831447e-02
-5.256314514005300254e+00
-3.413036691429540137e-01
-3.861582401528481645e-01
3.752730962146396676e-01
5.017241075943408291e+00
-2.487997758432507922e+00
-2.910538300984840676e-01
3.146005903582585361e+00
-1.571387822057307204e+00
7.002571260725245494e+00
-4.215744873859526010e-01
2.633527330790599308e+00
-1.624708605552485530e+00
1.295167770211535507e-01
8.117929474433966064e+00
2.522404820037018602e+00
-8.016867597339335516e-01
-2.167357013378166941e-01
5.296272178047423118e-01
3.471304005659826775e+00
4.426636865893559758e+00
-1.022392857317636627e+00
-1.804315666624806691e-01
3.318905055450184882e+00
2.034828681996472266e+00
-3.130463546828613275e+00
-1.416464456674877193e+00
-2.087709495017813222e+00
1.020534766017527017e+00
-6.603549777758064288e-01
-1.033891125283873613e+00
-1.436420963820699503e+00
-5.926927349739408157e-02
5.647779990622457946e-01
-2.900131661182682730e-01
-1.088710269302127331e+00
-9.916301945790266803e-01
3.168614075800440522e-01
-2.227144096571918475e+00
-2.572402529292077578e+00
-1.104035841744713947e-01
-6.958537489381881880e-01
-1.018312420068412827e+00
-6.453559177228840316e-01
3.489020899636076645e-01
3.841429335297280034e-01
-1.716362988737225592e-01
3.247956400207097971e+00
-9.456795384060017184e-01
-5.286539187130212536e-02
-4.867798721144701857e-02
-1.426760621836775378e-01
-9.870674284262417331e-01
-8.996250467704363096e-01
-8.386338823520345098e-02
-6.252674388971727337e-01
1.570668390704613171e-01
-1.372170534156519572e+00
5.150201460750428062e+00
5.963510585180464840e-01
-9.626670308719911251e-01
3.986321664773305518e+00
-1.517340211305052033e+00
-3.809175214680128874e-01
-4.549754151461008478e-01
1.698930904554024846e+00
3.706310018008080576e+00
-6.346544472946681337e-01
-1.699776170380154827e+00
-9.605287442839618439e-01
-1.190926425266024324e+00
-8.334951148178619817e-01
-5.057619895952758515e-01
-1.726199273898197051e+00
-6.064695979234652201e-02
-5.624838565162371129e-01
5.736503122697995671e-01
5.733636194329220004e+00
-1.352215832144513019e+00
-2.239614309692394001e-01
1.832004158471618904e+00
2.064760835141981055e+00
4.613705628646115886e-01
6.716279819185240640e+00
3.996840629416116286e+00
-8.159926753692064993e-01
-1.456720213369122385e+00
6.237609291917418197e+00
-1.589580115348749212e+00
5.202687664266291145e-01
-1.451979700273785312e+00
-7.283665081021084564e-01
-8.310644891769548570e-01
-8.491571180687851328e-01
-1.713858665281592364e-01
-9.602891248812145397e-01
-2.496906466419807902e-01
-1.488320737993027998e-01
-1.028023571648470469e+00
-6.013118171068383422e-01
-3.943827373058821362e-01
-1.096020630220954972e+00
-5.738080865600665437e-01
-2.996956513266004762e-01
3.452985688046010804e-01
-1.802195642366116068e+00
-6.295539639357734529e-01
1.381936871887046170e-01
-3.506490976154071904e-01
-2.907698812866196247e-01
-6.691730014775565394e-01
2.717795530266271520e+00
-1.200652964430422243e+00
3.400674200066788888e-02
-2.134433704306904211e-01
-1.835171852942926840e+00
-9.826823243041800104e-01
-9.651401328522416501e-01
-5.825491616263063221e-01
-2.079794657360908017e-01
-4.749283466476876270e-01
-3.295668169012277993e-02
-2.692221360005659370e-01
1.532122109975432300e+00
-7.709426931615195322e-01
-9.771598748064003193e-01
-1.429272001307427264e-01
-1.241270061959115711e+00
-6.995565308841715790e-01
-1.061762655364020702e+00
-5.263668752405651352e-01
-1.330282348613137211e+00
-1.003233638117075444e+00
-2.565503424276672995e+00
-6.203833243308678469e-01
-1.879168271023182957e+00
-2.604658142533429199e-01
-1.512180900931946459e+00
-9.418540105390977857e-01
-1.734960180765427185e-01
-5.597317360172516798e-01
-1.946667945821518586e+00
1.276745235721521432e-02
1.807700852953849413e+00
-7.083931730621014777e-01
-1.044725411563865336e+00
-6.728697872378566203e-01
4.122731163963139878e+00
-2.952010185193715053e+00
-1.559722676230512528e+00
-6.256878119299468244e-01
-2.734329667418285981e-01
-4.434131834311623166e-01
-1.616267320651522399e-01
-8.404696143243768347e-01
-1.584667188702765017e+00
-1.412416884749769563e+00
-7.634669676521863568e-01
-1.017681873400010373e+00
-3.278525574745621007e-01
-1.497524689344044146e-01
-1.023081171453601224e+00
-9.015130555426667525e-02
-1.284201245127875035e+00
-8.116213656691994016e-01
7.134148964682449079e-02
-8.767803480724339904e-01
-1.399132529804371528e+00
-1.102690455973866390e+00
-1.682500273110282718e+00
-7.269534148486475056e-01
-5.507218060689221817e-01
-5.937677517295699703e-01
-5.918180479094277135e-01
-8.613101623725853973e-01
-5.634946132049577505e-01
-5.532052051344262811e-01
-2.160607423843242003e+00
5.138688496040566100e+00
-8.320302974013279451e-01
-1.127710884543437597e+00
-6.270179452342882209e-01
-5.295928118165539322e-01
-7.095973501663400684e-01
2.974422182070876275e+00
-8.007502913449296988e-01
-8.992414580314561645e-01
-1.211310891096608611e+00
-8.362751073586131012e-01
-9.748216100156791297e-01
-1.725948857764936450e+00
-9.174477467463748592e-01
-9.813728153508914920e-01
-9.432276922593247903e-01
-4.557783639176342105e-01
2.905246034142608735e+00
-1.325621297254009789e+00
-9.952423655025425253e-01
-6.900768624242111793e-01
3.585969174485676092e+00
3.910568141374041851e+00
4.748566140570862792e+00
-1.545963113909090136e+00
3.899086888665863615e+00
1.200279851702697353e+00
-1.143257647260220500e+00
4.060741273997161116e+00
2.983045269237591057e+00
-8.278281052883444957e-01
-1.658342178501087893e+00
1.846987485570102949e+00
2.033068566101510211e+00
1.223138260417596657e+00
6.628487598354556809e+00
-8.642019165247614154e-01
6.534155355569598811e+00
-4.344263315126073999e-01
-5.430754505243406971e-02
6.141698887751697811e+00
2.277904714021177224e+00
6.814036831399769234e+00
2.639434734966890961e+00
1.758314699042653029e+00
1.303564343140909854e+00
3.710640846281361149e+00
8.234618989707582770e-01
5.243352395164682989e+00
1.703003867857883491e-01
-3.836228524741127632e-01
4.119372311355554928e+00
2.598808535468543734e+00
2.506268189159304605e+00
2.749297166536635473e+00
2.992091671124876839e+00
6.930179220480733093e+00
4.057349961948395034e+00
3.530995725450152722e+00
4.226961709804919476e-01
6.469772597539599768e-02
3.325758319210522007e+00
4.117548765076820771e+00
1.493116669939561270e+00
6.143411155804282764e+00
7.219952594766814613e+00
2.514768096713941414e+00
3.598670148862320506e+00
5.253342817261875020e+00
3.831694503055441681e-01
6.633118072270340448e+00
2.533006871097338131e+00
5.439928435064419254e+00
4.000370281969769515e+00
8.313750454520429045e+00
2.310020131975375701e+00
-1.319722063696509018e+00
2.471407948170855295e+00
4.166620858578974129e+00
-2.287947005648770515e-01
3.078951208031463160e+00
5.511034980707942843e+00
9.659993848256371862e+00
5.647267111641198767e+00
1.606181820635697477e+00
6.222401043256061470e+00
1.706361991215533891e+00
5.060239250978395553e+00
9.072839587716391208e+00
9.122018240038629600e+00
6.979551181677261518e+00
9.489759386227646587e+00
3.467652826075798167e+00
6.194503423192755598e+00
1.914390124116152947e+00
2.012357583356354063e+00
5.613996520524942468e+00
1.042764197036120244e+01
9.286178365514050626e+00
5.453307192092252897e+00
3.139929776755175705e+00
1.396045828076672546e+00
-3.422786264771664477e-01
-2.587548378148119554e-01
8.760727490706747389e+00
5.717477050085487456e+00
6.885740221789371507e-01
-1.367192095038963329e+00
2.922958348781446780e+00
8.962613888086465863e+00
8.141232123361277218e+00
8.290179030566173779e+00
8.042927544419500308e+00
9.642196621559214975e+00
9.681829881219146117e+00
6.275977218486322506e+00
6.560232087210475349e+00
9.892227296544929160e+00
-1.467240483132119078e+00
1.110458389842344928e+01
4.416133949038244744e+00
9.775169879321582656e+00
9.594860309906520612e+00
2.597628880148171948e+00
7.699091995491599505e+00
1.132574022001292313e+01
3.308707014002194580e+00
1.036180627631141604e+01
1.084773227213926106e+01
-1.687965795904221800e+00
2.614097619084328361e+00
5.202937503995411106e+00
1.023779189716022664e+01
1.050623010105847754e+01
8.797909055841110160e+00
7.020363887665444835e+00
1.105434912880747333e+01
7.929003172501293051e+00
1.207728254935370238e+01
4.419850218643300188e+00
7.699091995491599505e+00
3.828061618886944295e+00
4.433202991466337117e+00
8.130179237128224656e+00
8.851964172949710274e+00
4.586443943329727269e+00
1.281725797081079499e+01
9.733430776984858923e+00
1.160508514305723260e+01
1.269958257903466858e+01
1.308434998310740838e+01
3.798782910382433098e+00
5.205985532897536849e+00
4.877791341565853145e+00
9.679682405415226398e+00
1.182224355115880421e+01
8.867842588818302119e+00
1.182224355115880421e+01
4.338221439245879552e+00
1.249658414881975688e+01
8.329109644689181025e+00
1.308434998310740838e+01
1.110290060652528865e+01
7.693205617423012121e+00
5.155129939798199779e-01
1.344227752590341218e+01
-8.462106904334890656e-01
1.294707209438183781e+01
9.155898222885461735e+00
3.383541891036681015e+00
2.278464472122350148e+00
1.165684776437718106e+01
1.191996017514865080e+01
1.236009275481583458e+01
8.682129401132936408e+00
8.787672653146652024e+00
1.370888025777425412e+01
1.371362129962419729e+01
1.091019712136601072e+01
-5.961518532719642938e-01
1.159028584630315883e+01
1.024949583657173413e+01
6.054825691097240892e+00
1.339593004988594416e+01
1.305495885013769986e+01
7.223676090261638372e+00
1.371362129962419729e+01
6.836668431246707200e+00
1.384604327690781744e+01
8.284591036719104906e+00
1.022146436540885617e+01
8.017911839966567200e+00
1.115544299531889649e+01
-3.613094252566855236e-01
1.116072774402274881e+01
1.371362129962419729e+01
9.105872465888243283e+00
2.395171455983042819e-01
3.416302319643445884e+00
1.281410347985858955e+01
1.293822271739527707e+01
8.038640917615929027e+00
1.371362129962419729e+01
1.140768780927751003e+01
4.230914463323170338e+00
1.371362129962419729e+01
1.371362129962419729e+01
1.363863704037651914e+01
1.189172206631801920e+01
1.049537853704630308e+01
8.277733819839694362e+00
1.371362129962419729e+01
-2.021112926573884749e-01
1.256891473868280329e+01
6.664551968149542205e+00
9.521176709971983954e+00
9.409039323531599663e+00
3.060140661889293234e+00
8.194941371247010053e+00
1.188670745181010702e+01
1.163019392891388826e+01
1.165682633879639951e+01
1.245506601867118945e+01
1.062823916674950020e+01
1.304945743485021659e+01
1.030574384735700555e+01
1.053034630784936709e+01
1.178711655708000450e+01
1.371362129962419729e+01
1.132003717058747938e+01
7.281664433325641284e+00
1.424319362886256712e+01
1.171201446453167883e+01
1.305921502427241698e+01
1.371362129962419729e+01
1.360916471805741601e+01
1.165867817214475011e+01
1.165182305324749024e+01
1.371977206133391292e+01
1.182337235429434052e+01
1.336724373748686290e+01
1.103018857917103190e+01
1.234748809340629450e+01
1.371362129962419729e+01
1.280690119434014740e+01
1.289636805843035994e+01
1.299330478435344105e+01
1.152587324714821904e+01
1.229247288112144254e+01
1.065968314346474699e+01
1.371362129962419729e+01
1.006673363011502076e+01
1.301488538340893797e+01
1.360203745633765848e+01
1.349595879236334284e+01
1.137508363088854324e+01
1.164607155300450003e+01
1.096772072889585559e+01
1.037214589891632066e+01
1.255095369872026545e+01
1.332612290013189238e+01
1.364018654629254002e+01
1.096885396893702591e+01
1.187637804459529178e+01
1.332224984263373635e+01
1.092309759657196189e+01
9.850574405715596171e+00
1.283597921838494749e+01
1.231152957283139493e+01
1.371362129962419729e+01
1.371362129962419729e+01
1.371362129962419729e+01
1.135708951699754543e+01
1.041247761342474298e+01
1.220480323683558233e+01
1.283719117718105096e+01
1.244981429039048670e+01
1.235223482811537643e+01
9.843794644394475435e-02
1.310211536724136039e+01
1.210539710421175741e+01
1.081766945950184144e+01
1.186893002454334400e+01
1.371362129962419729e+01
1.349739334812500680e+01
1.162309087739667568e+01
1.161758341273537098e+01
8.760654448178824438e+00
1.211789816163400779e+01
1.240428204321599281e+01
6.842954266525349105e+00
1.092145372809520865e+01
1.371362129962419729e+01
1.371362129962419729e+01
1.371362129962419729e+01
1.131353769552779553e+01
1.262815600301243180e+01
1.105777487318669827e+01
1.310344119313521460e+01
1.367363640693978510e+01
8.475801460753308092e+00
1.321619945327136492e+01
1.371362129962419729e+01
1.220457720147017611e+01
1.371362129962419729e+01
1.305921502427241698e+01
1.185374509884581684e+01
1.371362129962419729e+01
1.356400700977928864e+01
1.372297854863441380e+01
9.589246967560896451e+00
1.047420313100471034e+01
9.537392354695716890e+00
1.371362129962419729e+01
1.151962849710680459e+01
1.088865436414971199e+01
1.379381107240270410e+01
1.223234294564481672e+01
1.296076099325771658e+01
1.261007721760958766e+01
1.319635991488441640e+01
4.129905196499517039e+00
1.243058483787333302e+01
1.353870383017942913e+01
1.126907697823022758e+01
1.371362129962419729e+01
1.074744630819418312e+01
8.080459720670798873e+00
1.213238119116384084e+01
1.229156082017009410e+01
1.371362129962419729e+01
1.317605138599469328e+01
1.223432482496538221e+01
1.184070525196136536e+01
1.336698635858872386e+01
1.371362129962419729e+01
1.138599917267876194e+01
1.321445588444728436e+01
1.362903973506446142e+01
1.322835880443930634e+01
1.371362129962419729e+01
1.253573386891809527e+01
1.257053833235888973e+01
1.258574710962351872e+01
9.938206682604455722e+00
1.327071547906217752e+01
7.016324973221784056e+00
5.884038001327770218e+00
1.150683178949585894e+01
1.165766885884993798e+01
1.200876962166260498e+01
1.359504929414447894e+01
1.078664478235198665e+01
8.943005361724841507e+00
1.206782329870579851e+01
9.362054023606317443e+00
1.231869644253524498e+01
1.389218432800245751e+01
1.360922682684782714e+01
1.185063632903202979e+01
1.352561919951330438e+01
1.338576435726682767e+01
1.274407736795897961e+01
1.338935686447701912e+01
1.335549561632411653e+01
1.271644968640653950e+01
1.371362129962419729e+01
1.371362129962419729e+01
1.340735087600740272e+01
1.371362129962419729e+01
1.382701879561209957e+01
1.097166592920538797e+01
1.361394064854578545e+01
9.319907322684873208e+00
1.104891395753946703e+01
1.371362129962419729e+01
3.624217811518461119e+00
1.351739690720478038e+01
1.094630092661398280e+01
1.049174740713990595e+01
1.296692666671397909e+01
1.178274362571208833e+01
1.031214338287481525e+01
1.399895471940302549e+01
1.390008375877554769e+01
1.163843193730020786e+01
1.200873563315618675e+01
1.374782563068131580e+01
1.137683568066190531e+01
9.865435370846633134e+00
1.363757157786509389e+01
1.089769380037299484e+01
1.252992394879572302e+01
1.210040490127001789e+01
1.159276053933496442e+01
1.293365695728356890e+01
1.405477215476690844e+01
1.312207754387363323e+01
1.209735782855023345e+01
1.314265274921987192e+01
1.346535290586828992e+01
1.338129094921252182e+01
1.173849270745778028e+01
1.396913549754196104e+01
1.362020336112775709e+01
1.282756512097019730e+01
1.409099319853567955e+01
1.386969617297351576e+01
8.199230645789379324e+00
6.794160705667206201e+00
9.376292108514876489e+00
7.206708759758964078e+00
1.227658851905671789e+01
1.338743171144205135e+01
1.410536175121668556e+01
1.410015547875927489e+01
1.417224489676492638e+01
1.311978238456948098e+01
1.416880909057729632e+01
1.360146365668918023e+01
9.109835480513348571e+00
1.165350964748793317e+01
1.163798735989672650e+01
9.094259489056934598e+00
1.265344109601681133e+01
1.319456017354705146e+01
1.346240517371129819e+01
1.184591298797204573e+01
1.082360101627648952e+01
1.348665954345104190e+01
1.420584498760724657e+01
1.002004689525977454e+01
1.228530852731754663e+01
9.379007355882833963e+00
1.394430485264785702e+01
1.291179671892846414e+01
1.414873295900122407e+01
1.411939546816892843e+01
9.252099847638170615e+00
1.371362129962419729e+01
1.397779884583759191e+01
1.371362129962419729e+01
1.081338907832233431e+01
1.369174887661142037e+01
1.396102704612165901e+01
1.375970686179902636e+01
1.282422440362346450e+01
1.373942676373889782e+01
1.241301465127957471e+01
1.136616696318216668e+01
1.120010310890359584e+01
1.303016408248878477e+01
8.389379052536375170e+00
1.187310925885736523e+01
1.217234828511472777e+01
1.242843008090555834e+01
1.371240324448279679e+01
1.321648440123019164e+01
1.382159068579633221e+01
1.250987827265783814e+01
1.244966481083573662e+01
1.370004249816746444e+01
1.197103245478295008e+01
1.274079681562951549e+01
1.138320625632192851e+01
1.314320654180546910e+01
1.398024360554367007e+01
8.596885525048977073e+00
1.384217943510999582e+01
1.398048623611104802e+01
1.183938207864995817e+01
1.377542707216861828e+01
1.406519739003481817e+01
1.287257498658310162e+01
1.160937988916941421e+01
1.387467342800916903e+01
1.396576389356919101e+01
1.373824942052575970e+01
1.067268347773100423e+01
1.222876450174069518e+01
1.273223863402628631e+01
1.043602704536451675e+01
1.276002595807329598e+01
1.357628306729514733e+01
1.362346946054700325e+01
1.254055360690820464e+01
1.393675427139285716e+01
1.292735545787092555e+01
1.407275072332335419e+01
1.324825395307568243e+01
1.377542033259486942e+01
1.379505404606497088e+01
9.136114336630024368e+00
1.345779766707472547e+01
1.371650560085037718e+01
1.381873760028916109e+01
1.295063513938965905e+01
1.231260489102233180e+01
1.417377620195032861e+01
1.293184468290937161e+01
1.028308773216779137e+01
1.399992980757328098e+01
1.186321828538797618e+01
1.372472040878793820e+01
1.283046112278659834e+01
1.420912676768540628e+01
5.609774790748550899e+00
1.291119917678050655e+01
1.316771941343281149e+01
1.054420553541456229e+01
1.256991908953676251e+01
1.334523564480302404e+01
1.223453252062945040e+01
1.100927785252042135e+01
1.397779884583759191e+01
1.251558745444164344e+01
1.231233258147547183e+01
1.320990568812622357e+01
9.185313909519958742e+00
1.354923989342264612e+01
1.347362920081277515e+01
9.855095093394911743e+00
1.300363021823237730e+01
1.390663963001514603e+01
1.135170922429143125e+01
1.291147100723756402e+01
1.404006017118332394e+01
1.383299434651036464e+01
1.324088711966072118e+01
1.396424907738019705e+01
1.137771875677541544e+01
1.382614435066636993e+01
1.410627244406401637e+01
1.212224798312119489e+01
1.217020837906616570e+01
1.385579371832910134e+01
1.404497323435970557e+01
1.378943001086423870e+01
1.396264161767597578e+01
1.331597891537765754e+01
1.372903396310431390e+01
1.222476408442100571e+01
1.180122849322294343e+01
1.001847977288693414e+01
1.168287977767156072e+01
1.409792463754643954e+01
1.405008276427226122e+01
1.385871869736301321e+01
1.377439731685288749e+01
1.398941353669405707e+01
1.351822619298267369e+01
1.054682536094112422e+01
1.214201068082685531e+01
1.433218251251263275e+01
1.353838714334834492e+01
1.324597596940279942e+01
1.377706903251423753e+01
5.742091604030271412e+00
1.329343232946783537e+01
1.386427217694493486e+01
7.832131348422603168e+00
1.386272231136923594e+01
1.203945654292666134e+01
1.236881574983210186e+01
1.192880763242427378e+01
1.369899212286573054e+01
1.425004503182743321e+01
1.398929981464413075e+01
1.407799662678709751e+01
8.570083133397728758e+00
1.240751027483084989e+01
1.246795178411921512e+01
1.304946053423199004e+01
1.320085055059094259e+01
1.176851801038867329e+01
1.363556845749407032e+01
1.415146234270170211e+01
1.390823789358259077e+01
1.195260164883573495e+01
1.322573940033945661e+01
1.349546027732195697e+01
1.353912646503158079e+01
1.067778641215820734e+01
1.360456408951398721e+01
1.378981901953775058e+01
1.253504223388610050e+01
1.012915139333242998e+01
1.031731162148260061e+01
1.406827780053687604e+01
1.182678745143017807e+01
1.373303125019948467e+01
8.854544072260601695e+00
1.408405950921231664e+01
1.388347148851330637e+01
1.354149459255770616e+01
1.406464002907818767e+01
1.351727647357235362e+01
1.413082289730096264e+01
1.223853974864669247e+01
1.389360709839910157e+01
1.395098042681438422e+01
1.292166731639579957e+01
1.126143451341409474e+01
1.366535902724334051e+01
1.261819895100537181e+01
1.289105282688050202e+01
1.314578952062381845e+01
1.226770547282557011e+01
1.362995977582575513e+01
1.383738274444542071e+01
1.385909468630635644e+01
1.404966918933768483e+01
9.914094979754228376e+00
1.291793829673671112e+01
1.040504017280115967e+01
5.535249925126149328e+00
1.405735274712920280e+01
1.315715575190719555e+01
1.048091154756200361e+01
1.230954998446416759e+01
9.763180209975859114e+00
8.765764396771437816e+00
1.368835112718526048e+01
1.186172722533811275e+01
1.252869243425243440e+01
1.379829694440074661e+01
1.370791714298379738e+01
1.387853823092686767e+01
1.251302198601628923e+01
1.257971926605033097e+01
1.105701387704235117e+01
1.274416483000021572e+01
2.697782508613157049e+00
1.377811519299948273e+01
1.347633510813386692e+01
7.826007145019708844e+00
1.374501774345015548e+01
1.353411895722502045e+01
1.341784485012990302e+01
1.400260691255347467e+01
1.252562939713190460e+01
1.057042450693350411e+01
1.384371260367048428e+01
9.640169394847841744e+00
1.292101413393878673e+01
1.371559542053251590e+01
1.388368644247684891e+01
1.015321599847423073e+01
1.253316986066669614e+01
1.378047406695148780e+01
1.086938396132373441e+01
1.331828996978429558e+01
1.405965183935153995e+01
1.433218251251263275e+01
1.125716322874266595e+01
1.415179061302094965e+01
1.374453225335529716e+01
1.433218251251263275e+01
1.416758964454918335e+01
1.363117950660776678e+01
9.159009160073351197e+00
1.374820700030649334e+01
1.237676388342037370e+01
1.357768484889503746e+01
1.262260303131039052e+01
1.423833720063697328e+01
1.029710682573407254e+01
1.221605064045198041e+01
1.248989312132635199e+01
1.399541139504378151e+01
1.202113042143034427e+01
1.178642001676079332e+01
1.392164297553543406e+01
1.406102004111138193e+01
1.353608091585982010e+01
1.060490039389709160e+01
1.410014742029336965e+01
1.367227440258150573e+01
1.229330224300320928e+01
1.269472194735634218e+01
1.415146234270170211e+01
1.239762021448361295e+01
1.166141727339568845e+01
1.359723661019479124e+01
1.026115143147866604e+01
1.408287633037037345e+01
1.379057399169410481e+01
1.393558974297230790e+01
1.423685691280965138e+01
1.424518101820881988e+01
1.361230193436062130e+01
1.400993693246680749e+01
1.396010638414328042e+01
1.098262204013194143e+01
1.402394427372708030e+01
1.396234412279703818e+01
1.301066446189435233e+01
1.400576095741005034e+01
1.377191976258602502e+01
1.197507748416088447e+01
1.400291995173941473e+01
9.714236804571442008e+00
7.835509768028772193e+00
1.200327051273929513e+01
1.205805226534079466e+01
7.896757303018273610e+00
1.151040888459080236e+01
1.394965695386160220e+01
1.387321581841865381e+01
1.373174848780642776e+01
1.402678799625525841e+01
1.315614966041095180e+01
1.212286732000913148e+01
1.211538828462874839e+01
1.375582619254823769e+01
1.271979322201657858e+01
1.330571778187278120e+01
1.326640050233147861e+01
1.397234255450412377e+01
1.413897568435297281e+01
1.413222387176302774e+01
1.186085412223420121e+01
5.190209830102959998e+00
1.321275329642210039e+01
1.142582495420514022e+01
1.103403776567158445e+01
1.001897305793585247e+01
1.039532884073093122e+01
1.391810737904098971e+01
1.297823822020906093e+01
1.107193413789694247e+01
1.089058688452339752e+01
1.145956541930054406e+01
1.361541812890991032e+01
1.371513537642146119e+01
1.296251688633073051e+01
1.231890888350510771e+01
1.232481285412952587e+01
1.433218251251263275e+01
1.372786283758948045e+01
1.347680027183849916e+01
1.391057636892780636e+01
9.721773677442174133e+00
5.680200674037267028e+00
3.378706309905119554e+00
1.314978674638951439e+01
1.341995474391756460e+01
1.342183405672019347e+01
1.395080902788442145e+01
1.322526800523766966e+01
1.150204045955671361e+01
1.357803647584328388e+01
1.358235629230768993e+01
1.303101196697434894e+01
1.319336448870043910e+01
1.256780764238112269e+01
1.150373420827943960e+01
1.080934147018824554e+01
7.322725491485293503e+00
1.368997995073190665e+01
1.395181011334994636e+01
1.226725204571178196e+01
1.017810588349165180e+01
1.339207217898298019e+01
1.230882135446305625e+01
1.301157937095007711e+01
1.141570060758538396e+01
3.392670138978974848e+00
1.330426515460101200e+01
1.323119495898638220e+01
1.335287138273826812e+01
1.031610515999469513e+01
7.702453837417744253e+00
1.394461110503603862e+01
1.421626233345835999e+01
4.095191027805170414e+00
1.266690125983807746e+01
9.020107501987107312e+00
1.360518042404472716e+01
1.042775806392462457e+01
1.380117453356700530e+01
1.320493346520205868e+01
5.812690413793652588e+00
5.282414487407828929e+00
1.313519321366740478e+01
1.376508723481343566e+01
7.973673012055394693e+00
8.379785108975365659e+00
9.284990111504271226e+00
1.405176375280148093e+01
1.340592361752006489e+01
1.349321970347523347e+01
1.416961383561173449e+01
5.703092849819282328e+00
9.161859023890613685e+00
1.296139560216255404e+01
1.331490825342181594e+01
7.295901192515922062e+00
1.087227355878219370e+01
1.133715890827267891e+01
1.270405066759873591e+01
1.261824015052937931e+01
1.314030581505085493e+01
1.200011612404145467e+01
1.242717611008105472e+01
1.132096752716801191e+01
1.031899851948768365e+01
1.318813972979178040e+01
9.785045049483951374e+00
1.186793630470398675e+01
1.138255620830618220e+01
9.714545296948839948e+00
1.137675612299205774e+01
1.310829567672785601e+01
7.760231763737806432e+00
9.386886347804759723e+00
1.361766594333418823e+01
1.244608678412154923e+01
1.313734014348874979e+01
1.168895750282105794e+01
1.243998311706384285e+01
1.354177020181912106e+01
1.270903750493793893e+01
1.229778805730978952e+01
1.216230143219675597e+01
1.231877567707950405e+01
1.096096147228859508e+01
1.091147145539619068e+01
1.339890724247374187e+01
1.251215913706391269e+01
1.212281755170270614e+01
1.181310053105936397e+01
1.275520590984091740e+01
1.256450113037535132e+01
1.125738948157953701e+01
1.272030865540260436e+01
1.400854514793789107e+01
1.375961412361224667e+01
1.187572380545518236e+01
1.304247987385790175e+01
1.219981389531775129e+01
1.338439867794927096e+01
1.336741635922521532e+01
5.465253742460107311e+00
1.194088159590836895e+01
1.397525563941629123e+01
7.968484279265784842e+00
1.229340204880952925e+01
1.362948651663011468e+01
1.278781645377054943e+01
1.306913569568784084e+01
1.312339458441497086e+01
1.190820211185782007e+01
1.352861587909459118e+01
1.260575827250221081e+01
1.338608271898571900e+01
7.291625462196604790e-01
1.271752514488423635e+01
1.370743155521040180e+01
1.348751769982926874e+01
1.291282560466762064e+01
1.224766269808578301e+01
1.088498115835773561e+01
1.424713320064026334e+01
1.284396458763955629e+01
1.398734496309078423e+01
5.437627550132572374e+00
1.424319362886256712e+01
9.302321028599196850e+00
1.274543388888750428e+01
1.264580971226311412e+01
1.420403864459850674e+01
1.366562571319493635e+01
5.184268880758846620e+00
1.101934525009414045e+01
1.197037313208118547e+01
1.401886035394886854e+01
1.359123509000630214e+01
1.196488714480373439e+01
1.226131476915498730e+01
8.060957167232809084e+00
1.276123522963629853e+01
7.989964528869860416e+00
1.259620028747790421e+01
1.424157410277640778e+01
1.297714907896188308e+01
1.381241290774043584e+01
1.397072151974580301e+01
8.753352473987829896e+00
1.390539414767154902e+01
1.398789414352697591e+01
1.412918822027783250e+01
1.414508576483093805e+01
9.481880154943455707e+00
1.360275701962534356e+01
1.347368846311311508e+01
7.271506848427501168e+00
1.183047805673768949e+01
5.392101822764478136e+00
1.385717879086976723e+01
1.280751590991533817e+01
1.325112730468893218e+01
1.365280536306327974e+01
1.361048115567660943e+01
1.096852985330064989e+01
1.392731074622457399e+01
1.339729416626952840e+01
1.394706919423785685e+01
1.399626953019174636e+01
1.381634565002363857e+01
1.340566953588810506e+01
1.332901301985324594e+01
1.323757502423390875e+01
1.360110758346488780e+01
1.294835404913918886e+01
1.261568605164991119e+01
1.291090710886750692e+01
1.343792970800305753e+01
1.377743985356364753e+01
1.293949540864988634e+01
1.311424721645987823e+01
7.240936165940484059e+00
1.385538062931561143e+01
1.339312556894949857e+01
1.347512634694188094e+01
1.280860929020807681e+01
1.172542732318882841e+01
1.357963234941987984e+01
1.236821148509512192e+01
1.348258256302300317e+01
8.581748269813170182e+00
1.236711980921679555e+01
1.009953947834084254e+01
1.149142098440149162e+01
1.277431909018044109e+01
1.017832506240091028e+01
1.353251921137542979e+01
1.381762919178317617e+01
7.358841678509351780e+00
9.680794743098097399e+00
1.207947407079128510e+01
1.174212194743072857e+01
5.413109346160474900e+00
1.142867995925073998e+01
1.409641087968213569e+01
1.377960088819027362e+01
1.377860391801605111e+01
1.323730182865077865e+01
1.315068452311368219e+01
1.242727329298191918e+01
1.175954109796713354e+01
1.375700331123722364e+01
1.358392186942764646e+01
1.365187290116651830e+01
1.285144271443630970e+01
1.232458544399380784e+01
1.390654229912403927e+01
8.978990055278538662e+00
1.308037200080246976e+01
1.371637654995458533e+01
1.166620306390559136e+01
1.353362943199895874e+01
1.373761334861199224e+01
8.217871818954714414e+00
1.317740597219711240e+01
1.241072291654606907e+01
1.406051117306576437e+01
1.380092304892814603e+01
1.053247347245498666e+01
1.314752748262502635e+01
1.004068480644179573e+01
1.134796036904024774e+01
1.300481484170086688e+01
1.410665200153628618e+01
1.389440926340888893e+01
1.423833720063697328e+01
1.403895708048498925e+01
1.381445989203708713e+01
1.355815986488765112e+01
1.305094515013277245e+01
1.394508824429226479e+01
1.340702415019632987e+01
1.285316963274970448e+01
1.023772712389693496e+01
1.408455916699015553e+01
1.309876674270529762e+01
1.342148131652994536e+01
1.231380879221383573e+01
1.351614568369263303e+01
1.424113303797758157e+01
1.372661056583072003e+01
1.159160066216150042e+01
1.400827951030035301e+01
1.290218790927870884e+01
1.080306509516441693e+01
1.367371845918157724e+01
1.405678096807275246e+01
1.335741261670067281e+01
1.352996579815429357e+01
1.385470610230662381e+01
1.357084565775802076e+01
1.357411893904681222e+01
1.250299168953614348e+01
1.254211780909016660e+01
1.388899497097481728e+01
1.154959628018204576e+01
1.322787085453866140e+01
1.340720020712649507e+01
1.392581649125641619e+01
1.045080332195068706e+01
1.313006254556661645e+01
1.354841392654435062e+01
1.372032186638818629e+01
1.385017618468422285e+01
1.310126963514261789e+01
1.374129835514917097e+01
5.884621094592909607e+00
1.309706011517017998e+01
1.333397695552818618e+01
1.222708522205714310e+01
1.337859647022987986e+01
1.188680412757099170e+01
1.338211727564900144e+01
1.041572486903413797e+01
1.326256025664498850e+01
1.093342066624496134e+01
1.291085607702921223e+01
1.414400523599995196e+01
1.277237001770467728e+01
1.308249910976196340e+01
1.225428384728381559e+01
1.174604826923245682e+01
1.170116516074821966e+01
1.363199950920296821e+01
1.141831168012341280e+01
1.281287533182723593e+01
1.369000282044442862e+01
1.400756763060256738e+01
1.389601383360580300e+01
1.119333813458789351e+01
1.322056785316908822e+01
1.307527258176819096e+01
5.461076559223491778e+00
1.387725817470587941e+01
1.233531355760241510e+01
1.315291662330704270e+01
1.358542279990371604e+01
1.133946932461317481e+01
1.424457375759352651e+01
1.397583866774630579e+01
1.413106795611691702e+01
1.400100423696317087e+01
8.736666660831462039e+00
1.415806502329119887e+01
1.358703669152497895e+01
1.381377250433901338e+01
1.306550208426559934e+01
1.424457375759352651e+01
1.368103302106930030e+01
1.405088029337470701e+01
1.415373599621219292e+01
1.323673050078463298e+01
1.119199330406125092e+01
1.392751544078740977e+01
8.801345367804634279e+00
1.380925628644642700e+01
1.399691652466460035e+01
1.417693497728527419e+01
1.285765896428819310e+01
1.396300278664225480e+01
1.133954302897252120e+01
1.102745274160737310e+01
1.169551211499340937e+01
1.379371991675543185e+01
1.386418884018226194e+01
1.101589570112157368e+01
1.378670861514263279e+01
1.293330916013196763e+01
1.404362574200706071e+01
1.041891043988119314e+01
1.094228884148000525e+01
1.141735949525503457e+01
1.360716017765834884e+01
7.037463803081452696e+00
1.329373078447183154e+01
1.064340796669820577e+01
1.345555485199262691e+01
1.350738273360087760e+01
1.198040640868928364e+01
1.271064667089835787e+01
1.380523065641373037e+01
1.285317565189314593e+01
1.168299501645518568e+01
1.150364275297483019e+01
1.302152240009819550e+01
1.426913419205295419e+01
1.395407424104311467e+01
1.351645376623740979e+01
7.900846088496603414e+00
1.344433146087078867e+01
1.421843374064364873e+01
1.370832569869985917e+01
1.368731242219436872e+01
1.036637973136192592e+01
1.189508276480249727e+01
1.422552599370986215e+01
1.415024115534298232e+01
1.425169857529640893e+01
1.264025161261932517e+01
1.382021894916834981e+01
1.374758451428315453e+01
1.064118404120425332e+01
1.279413709811132982e+01
1.423880484283696291e+01
1.408475005820791637e+01
1.368901271931859398e+01
1.216507139320509090e+01
6.647182531101351266e+00
1.425846781194267088e+01
1.175226793914851875e+01
1.153465356851346080e+01
1.351947326967972884e+01
1.358272528364479470e+01
1.389612516651519591e+01
1.375318826053663557e+01
1.223935613358914942e+01
1.295062374035274289e+01
1.400100423696317087e+01
1.398527293219068923e+01
1.004056038651891924e+01
1.343833120202178932e+01
1.251607012301334620e+01
1.382518029206792320e+01
1.045561928372880800e+01
1.088628367863268309e+01
5.589173270796541360e+00
1.278302851997399436e+01
1.422415596627793200e+01
1.298762436731326630e+01
1.374410231774179536e+01
1.346026138336037192e+01
1.139282516572814608e+01
1.056518733599883753e+01
1.415146234270170211e+01
1.254413129899039703e+01
1.323672220759547180e+01
1.364916822893724202e+01
1.205158426624542045e+01
1.389612759557504873e+01
1.293951636499605051e+01
1.388202893830617590e+01
1.421423791596189368e+01
1.424319362886256712e+01
1.412244265830725709e+01
1.083428588468540177e+01
1.376976769464381789e+01
1.229823878575869678e+01
7.059031101058528712e+00
1.433218251251263275e+01
1.317147554516922447e+01
1.393090867803175747e+01
1.106293885844172031e+01
1.421138551150512441e+01
1.405760472019738749e+01
9.782740180255920848e+00
1.355532364686570368e+01
1.413082289730096264e+01
1.248221449534616134e+01
1.357638956750405868e+01
1.348036059016241950e+01
1.402611202115218525e+01
1.112224281834343209e+01
1.405892095155864219e+01
9.465117968137915838e+00
1.353131286135876543e+01
1.299196015891119060e+01
1.411163586432233608e+01
1.290535423056011588e+01
1.361423563634150291e+01
1.218726784927942930e+01
1.110350695089945461e+01
1.070999025915692116e+01
1.397692513246071222e+01
1.389210681484911092e+01
1.357077146189710604e+01
1.309976207304360507e+01
1.311531951216013248e+01
1.391708209588198741e+01
1.417377620195032861e+01
1.298939239216326413e+01
1.232638252292528058e+01
1.417377620195032861e+01
1.063483712691040317e+01
9.492438822467921256e+00
9.842190733185827156e+00
1.368556132976403106e+01
1.173739547247905612e+01
4.791487172939303818e+00
1.182501201575205840e+01
1.393543586244392962e+01
1.371859109441195024e+01
6.275542129481975984e+00
1.381088468058792529e+01
7.288333986268195730e+00
8.969664287110649781e+00
5.917142581316080729e+00
1.360316161481207509e+01
1.370042761395481712e+01
1.164225267391451624e+01
1.387150445374923180e+01
1.388340267111784243e+01
1.407050768454694634e+01
1.278186890840356682e+01
1.378853130102669766e+01
1.323741929320517130e+01
1.424113303797758157e+01
1.341726021849927797e+01
4.695208150443567874e+00
1.396985558583753928e+01
1.380817018153275733e+01
1.423562950716891606e+01
1.229110923819725798e+01
1.353162467238094813e+01
1.401845579816149190e+01
1.332645799970132217e+01
1.336475555856010011e+01
1.387596481397828185e+01
1.433218251251263275e+01
1.332337061930330258e+01
1.430079776235335665e+01
1.189808285125254983e+01
1.372744750412327619e+01
1.306989429483090426e+01
1.362691643323467794e+01
1.375159174119510119e+01
1.291078403981115841e+01
1.404489574051500433e+01
1.243716928677376998e+01
1.401568381435868105e+01
1.016380686623291929e+01
1.273707401053470178e+01
1.275271505486938750e+01
1.027870210415519026e+01
1.293898494795665322e+01
1.334654453484925085e+01
1.423833720063697328e+01
8.253577452521028590e+00
1.380499227897330883e+01
1.217622951911893203e+01
1.349127292582312698e+01
1.364884369466921399e+01
1.263725370885832788e+01
1.300053922092658176e+01
1.293779403102648828e+01
1.368874017455086722e+01
1.386459416596296101e+01
1.239426451904085447e+01
1.212846155902992251e+01
1.381160859920647610e+01
1.386657037462559394e+01
1.220033435680077893e+01
1.354348670687675948e+01
1.316349772588927891e+01
1.422256059017435881e+01
1.110883650551744672e+01
1.343645895781269495e+01
1.291388555930215709e+01
1.122702165106902861e+01
1.090715004795016796e+01
1.367646602538230738e+01
1.355453818142755473e+01
1.170323011720862105e+01
1.353041631087518759e+01
1.331810790996168059e+01
1.425004503182743321e+01
1.422009838726559394e+01
1.083767658023359459e+01
1.383062677396516804e+01
1.281909647682794429e+01
1.066389612341935944e+01
1.418421633633129453e+01
1.354422999083730517e+01
1.389661843206711822e+01
9.890180681953493647e+00
1.288179540469373663e+01
1.229597594301609753e+01
1.433218251251263275e+01
1.114662625764121984e+01
8.160186907839957371e+00
1.192936533708045843e+01
9.815923629011606977e+00
3.114770692572958133e+00
1.433218251251263275e+01
1.130365020326022041e+01
1.404694286679828075e+01
1.423833720063697328e+01
1.294217188039547572e+01
1.237030919297180631e+01
1.334974692185117817e+01
1.387630724981034547e+01
1.372466700799375161e+01
4.437406117011819084e+00
1.397744778743106409e+01
1.189903002916136465e+01
1.241145504048710713e+01
1.359192714570932559e+01
1.294942130105871492e+01
1.241066886238708733e+01
1.311657372531876753e+01
1.274409015316158111e+01
1.369749083566785508e+01
1.407391329211080588e+01
1.299949673083724022e+01
1.102430560296447482e+01
1.409249504556297339e+01
1.138631788436340209e+01
1.324090909275491512e+01
1.411382045388016948e+01
1.315387848186216857e+01
1.293890163837562568e+01
1.271960319618901458e+01
1.273849799512321468e+01
1.166335002780276220e+01
2.595408233975077472e+00
1.051233788246413425e+01
1.306247953445936005e+01
1.378054621015899350e+01
1.027496200156251760e+01
1.406777148952165746e+01
1.395530372746468650e+01
9.871145173072020995e+00
1.343777516919112891e+01
1.076785284648880037e+01
1.385578923760348680e+01
1.275174632284356413e+01
1.051364354731316197e+01
1.354966118445289069e+01
9.952265922798240183e+00
1.283166711557078621e+01
1.385259895937903885e+01
1.276026064700162976e+01
8.871279200166432233e+00
1.355456472894178432e+01
1.323917832666880656e+01
1.338947461389877880e+01
1.418469956789440900e+01
1.293521208670310152e+01
1.421423791596189368e+01
1.396528352061475076e+01
1.186325102318835434e+01
1.201530014221026477e+01
1.380362182079501920e+01
1.001814188081869084e+01
7.969057458262538418e+00
1.349046635768538138e+01
1.371405965828060936e+01
1.361954136857448106e+01
1.428408974959507205e+01
1.423006566351394930e+01
1.331358164132242550e+01
1.313200105287421060e+01
1.152348620189663464e+01
1.316730294940061796e+01
1.432422353038222695e+01
1.280748219713223257e+01
1.195945560466653035e+01
1.391889832312298125e+01
1.388842226406310942e+01
1.422579042289647333e+01
1.422667719431191458e+01
1.221976985454629094e+01
1.419448392972635453e+01
1.388576145294805819e+01
1.373046989998666056e+01
1.406278570986391507e+01
9.151730512630908976e+00
1.359362888409745018e+01
1.403460325226796535e+01
1.297281551193730920e+01
1.420880265675593002e+01
7.497665532470923822e+00
1.287121171650617057e+01
1.390236914223276266e+01
1.219229074686776571e+01
1.067182885142191751e+01
1.383082956946546105e+01
1.367097480330200909e+01
1.208762490840061510e+01
1.368638351625838112e+01
1.292756287474556665e+01
1.152807410077191719e+01
1.299573103947735397e+01
1.153652171698312756e+01
1.339797512334041940e+01
1.337303089221196473e+01
1.401182475702597152e+01
1.342433277113196155e+01
1.394981737976267411e+01
1.376205818504723055e+01
1.049171099261372753e+01
1.405892095155864219e+01
1.341196101031361110e+01
1.172384799067596184e+01
1.341283390303524170e+00
8.640681415544399613e+00
1.275456298296957591e+01
1.352363801116199937e+01
1.335992348093034465e+01
1.349593804321824031e+01
1.186543641455066300e+01
1.266508569683001184e+01
1.272697306194137568e+01
1.311452643163361742e+01
1.324992790134408160e+01
1.039446713087531116e+01
1.355089846761033812e+01
1.390085538295368295e+01
1.410091382526967330e+01
1.398821214397463919e+01
1.039471430617232883e+01
1.051468064631199795e+01
-6.605383068723206241e-01
1.408084801249331441e+01
1.268824167002879122e+01
1.373494895721105635e+01
1.360231080044447438e+01
1.370570416483217180e+01
1.405997327958875509e+01
1.390482688671533040e+01
5.810873894576080723e+00
1.370312264723673046e+01
1.102611263464477886e+01
1.406519739003481817e+01
1.396589854725608681e+01
1.204759769106566303e+01
1.411066311667125461e+01
1.390224753746903730e+01
9.997276975574237667e+00
1.376753557822823204e+01
1.338057883843829643e+01
1.261080057970738189e+01
9.795279311992331372e+00
1.255532323029075847e+01
1.220820496536255284e+01
1.293300918429142499e+01
1.155041746038027917e+01
1.300035823108923161e+01
1.062706187440073968e+01
1.287247880902795316e+01
1.022904155016091821e+01
5.498328820112777571e+00
1.391840232343635009e+01
1.347888738559671040e+01
1.026286468811493613e+01
1.210515188039028089e+01
1.337947558122049863e+01
1.349777811775637204e+01
1.125413983021933895e+01
1.025544287188013826e+01
1.371002404484397630e+01
1.368126097371547090e+01
1.251107908771444244e+01
1.388539125352999193e+01
1.367402027676619269e+01
1.032226677575832241e+01
1.258329888429748777e+01
1.356887500737159691e+01
1.273987489655202943e+01
1.060963751696360191e+01
1.307747667511700129e+01
1.297997085805948103e+01
1.389713275696744255e+01
1.351746934568504166e+01
1.325345329995580101e+01
1.308191708714571000e+01
8.705932703440181442e+00
1.181691428917292797e+01
1.386577878501550920e+01
1.407338738484624230e+01
8.997363265026129042e+00
1.357644704933415625e+01
1.415631094921263511e+01
1.179585460439091982e+01
1.207928330537542649e+01
5.231694090522761798e+00
1.325237086660293606e+01
1.410480910844382230e+01
1.421244848443988751e+01
1.407854081778800648e+01
1.407007412027347470e+01
1.363830937477866989e+01
1.342979377444655142e+01
1.360849178246467339e+01
1.383587979696933168e+01
1.409527674974138023e+01
8.370821298154032419e+00
1.402542127810170136e+01
1.413999489588976743e+01
1.369033556092069759e+01
1.366646576855691997e+01
1.418940573828717611e+01
7.993644118066011828e+00
1.359249038296721146e+01
6.098984790850859206e+00
8.200963383605841983e+00
1.069495097375830994e+01
1.235964048342368393e+01
1.251411136211428854e+01
1.386323736122519890e+01
1.320986603229475698e+01
1.334758238271919240e+01
1.218754032814942079e+01
1.355831895998638359e+01
1.308213519118806545e+01
1.191419635141694044e+01
1.197783484878332771e+01
1.378451117705974838e+01
1.245502145844788622e+01
1.374669662196965447e+01
1.298170754473209776e+01
1.241215011325686568e+01
1.207858744270095031e+01
1.403089795102537352e+01
1.115177894980965689e+01
1.188622717625169933e+01
1.232344719646264508e+01
7.726654728513113746e+00
1.368406564675293602e+01
1.337798154109345106e+01
1.221069601758483003e+01
7.810072535570610874e+00
1.409741092779574956e+01
3.453382198940980530e+00
6.745255433541434087e+00
1.196638964651899606e+01
1.120249483696838055e+01
1.401879541288224829e+01
1.386918401531339029e+01
1.289195030956858545e+01
1.407981904223634650e+01
1.391914436507148878e+01
1.245598564149995902e+01
1.397844162424563663e+01
1.395897304272413741e+01
1.353860267983691124e+01
1.315498787132013803e+01
1.373300753319460554e+01
1.390424480864469281e+01
1.423833720063697328e+01
1.402238865329241158e+01
1.297873242291615448e+01
1.317442316935479951e+01
1.204321027653902831e+01
1.394169161620070874e+01
1.080175676945400909e+01
8.306454223934080616e+00
1.305971864634370050e+01
1.292774644466118339e+01
1.349224727830632808e+01
3.934566045917337718e+00
1.395685054306476580e+01
1.340168417462737338e+01
1.409717559259727970e+01
1.347750447156394316e+01
1.303208714278051517e+01
1.124211892935118051e+01
1.338443105334827443e+01
9.950163771067074947e+00
1.382245279688831197e+01
1.205100812565152069e+01
1.163997902097300496e+01
1.189325500299308302e+01
1.088630741075413333e+01
1.385347592082654522e+01
1.350281326416771321e+01
1.416745243865615578e+01
1.396259908360383939e+01
1.407755755996485725e+01
1.391847893923710977e+01
1.092516775152692432e+01
1.362063924646107793e+01
1.268576580951854105e+01
1.022945496637165164e+01
1.333541100613551222e+01
1.336146338489489338e+01
1.326974643904814499e+01
1.406582117580581226e+01
1.196788592265613715e+01
1.285477120260709860e+01
1.347450761831250610e+01
1.363493597890355602e+01
1.390198075890714158e+01
1.172248396201928244e+01
1.363598025199744157e+01
1.342428782633836626e+01
1.312806236661617376e+01
1.278748327628813719e+01
1.233381346065681861e+01
1.371594121846678149e+01
1.379088751664661494e+01
1.402008983531864139e+01
1.336690697587249410e+01
1.385721414325240630e+01
9.042248003200560547e+00
1.383795002897963400e+01
1.131443855135490395e+01
1.331032273779045383e+01
1.321349297078575447e+01
1.355852587510861973e+01
1.390544009465760844e+01
1.102144647865817362e+01
1.374449778122055754e+01
1.339493393052110726e+01
1.333141629315962540e+01
1.398254832041466678e+01
1.347943796885206069e+01
1.348551975989894203e+01
1.315930550588522330e+01
1.349000452408354178e+01
1.401273377745303073e+01
1.425925643743860327e+01
1.392685282491549081e+01
1.125420262826711948e+01
1.170736477627032102e+01
1.065504138047670679e+01
1.330614588540697518e+01
1.286847758868734282e+01
1.389086601369728768e+01
1.405090678575875529e+01
1.287922414697644591e+01
1.391063514234374487e+01
1.400225701285232738e+01
1.333226030149391939e+01
1.383701021296523237e+01
1.300265228684025587e+01
8.988756376164657169e+00
9.777021976195198860e+00
1.233705743327075055e+01
7.837496184350230877e+00
1.326653505032999192e+01
1.342747388629793193e+01
1.379951542151412447e+01
1.349383753439157729e+01
8.912768565264769904e+00
1.400540939961071274e+01
1.267748791964128685e+01
9.220046690623268093e-02
1.369751506535664731e+01
1.254099943953497842e+01
1.285766119413698760e+01
5.583298325445504418e+00
1.059632659049709424e+01
1.381786099500004639e+01
1.392928713402121410e+01
1.368851771866024869e+01
3.008478114246337931e+00
1.216663142676646281e+01
1.292927180531352960e+01
1.341295858521203499e+01
1.354536503285758720e+01
1.303458448299208960e+01
1.094163930918552907e+01
1.332166585622472255e+01
1.361345784729223851e+01
1.177439234855800088e+01
1.349053824322148110e+01
1.349028085050392534e+01
1.423857585316448748e+01
1.135398748844246875e+01
1.322219226306375894e+01
1.357536650453970672e+01
1.335585096385294257e+01
1.327178077136892398e+01
9.961262355097492360e+00
1.426549349819365453e+01
-1.283081789306930842e+00
1.371980133536816560e+01
1.376017224056143817e+01
1.259818900387603691e+01
9.264973260674645772e+00
