0.000000000000000000e+00 0.000000000000000000e+00 1.000000000000000000e+00
1.624967441854120555e-06 -1.406650439337400408e-05 9.999999998997467499e-01
7.895790595165710712e-06 -4.217257182164558502e-05 9.999999990795670479e-01
2.182726309146728209e-05 -8.428863978455982016e-05 9.999999962095028616e-01
4.642752152851363392e-05 -1.403825346808785504e-04 9.999999890686256387e-01
8.469748518989792148e-05 -2.104194822570052640e-04 9.999999742750094178e-01
1.396302979020962371e-04 -2.943621184347334271e-04 9.999999469271960706e-01
2.142107720180554922e-04 -3.921705004809664108e-04 9.999999001580739399e-01
3.114148344745548691e-04 -5.038021184740460292e-04 9.999998246021836179e-01
4.342089748200457576e-04 -6.292119070133884041e-04 9.999997077775519827e-01
5.855496950507963101e-04 -7.683522571114966221e-04 9.999995333832446542e-01
7.683829610262398867e-04 -9.211730282001327243e-04 9.999992805139118479e-01
9.856436551597953614e-04 -1.087621560175524226e-03 9.999989227926894264e-01
1.240255029999451060e-03 -1.267642685400982745e-03 9.999984274239007709e-01
1.535128162223475725e-03 -1.461178740579254648e-03 9.999977541670880266e-01
1.873161406481148577e-03 -1.668169578401342609e-03 9.999968542339832123e-01
2.257239848406832061e-03 -1.888552578873451283e-03 9.999956691101111739e-01
2.690234756028487325e-03 -2.122262660219152979e-03 9.999941293027959643e-01
3.175003028679354924e-03 -2.369232289249872080e-03 9.999921530174227247e-01
3.714386642404478214e-03 -2.629391491093352202e-03 9.999896447638850772e-01
4.311212090732563854e-03 -2.902667858166953999e-03 9.999864938952270910e-01
4.968289819558878093e-03 -3.188986558280417112e-03 9.999825730805672608e-01
5.688413654757060872e-03 -3.488270341751160269e-03 9.999777367144704332e-01
6.474360221007434760e-03 -3.800439547414281513e-03 9.999718192650118853e-01
7.328888350197211923e-03 -4.125412107409185021e-03 9.999646335628579186e-01
8.254738477614594755e-03 -4.463103550625211607e-03 9.999559690337664897e-01
9.254632024024671624e-03 -4.813427004689804431e-03 9.999455898769935569e-01
1.033127076158096846e-02 -5.176293196384598033e-03 9.999332331921733097e-01
1.148733616139313227e-02 -5.551610450377401397e-03 9.999186070573252705e-01
1.272548872043915286e-02 -5.939284686161352099e-03 9.999013885607284102e-01
1.404836726538054824e-02 -6.339219413096553596e-03 9.998812217894910148e-01
1.545858823071162395e-02 -6.751315723454289451e-03 9.998577157777388535e-01
1.695874490855013919e-02 -7.175472283369409982e-03 9.998304424174394578e-01
1.855140666725709625e-02 -7.611585321612731811e-03 9.997989343349791280e-01
2.023911813595868220e-02 -8.059548616102285221e-03 9.997626827367140923e-01
2.202439835193451337e-02 -8.519253478079934216e-03 9.997211352268250417e-01
2.390973986773388058e-02 -8.990588733888353612e-03 9.996736936009170682e-01
2.589760781478661969e-02 -9.473440704292469469e-03 9.996197116189247112e-01
2.799043892018827223e-02 -9.967693181299348490e-03 9.995584927610072778e-01
3.019064047326123004e-02 -1.047322740244104045e-02 9.994892879702469424e-01
3.250058923842542163e-02 -1.098992202249612915e-02 9.994112933860995751e-01
3.492263031085467151e-02 -1.151765308263758524e-02 9.993236480726898074e-01
3.745907591134901848e-02 -1.205629397700706470e-02 9.992254317461896074e-01
4.011220411681996195e-02 -1.260571541672888228e-02 9.991156625056762941e-01
4.288425752276563835e-02 -1.316578539139063621e-02 9.989932945720267909e-01
4.577744183410745182e-02 -1.373636912803167902e-02 9.988572160395756683e-01
4.879392438076927963e-02 -1.431732904769544498e-02 9.987062466454382781e-01
5.193583255440648722e-02 -1.490852471961688977e-02 9.985391355615848008e-01
5.520525216273500929e-02 -1.550981281313199359e-02 9.983545592149394299e-01
5.860422569797230086e-02 -1.612104704741239292e-02 9.981511191409745409e-01
6.213475051598224552e-02 -1.674207813914462342e-02 9.979273398764727521e-01
6.579877692281692336e-02 -1.737275374829022265e-02 9.976816668973355062e-01
6.959820616546971705e-02 -1.801291842207983565e-02 9.974124646075305245e-01
7.353488832379800888e-02 -1.866241353741165260e-02 9.971180143854871947e-01
7.761062010074026851e-02 -1.932107724184170192e-02 9.967965126944710041e-01
8.182714250814310253e-02 -1.998874439337074149e-02 9.964460692636896155e-01
8.618613844572887983e-02 -2.066524649924968843e-02 9.960647053471123336e-01
9.068923017097553496e-02 -2.135041165404255245e-02 9.956503520672086438e-01
9.533797665794738196e-02 -2.204406447720261286e-02 9.952008488510403206e-01
1.001338708434100777e-01 -2.274602605043403794e-02 9.947139419663656446e-01
1.050783367588851713e-01 -2.345611385512715377e-02 9.941872831656358711e-01
1.101727265476499518e-01 -2.417414171017099808e-02 9.936184284459826932e-01
1.154183173660679879e-01 -2.489991971046162655e-02 9.930048369335050529e-01
1.208163081690443591e-01 -2.563325416643855159e-02 9.923438699003679364e-01
1.263678163798378218e-01 -2.637394754499484267e-02 9.916327899234165244e-01
1.320738744449305169e-01 -2.712179841211839401e-02 9.908687601931911448e-01
1.379354262751530946e-01 -2.787660137763271068e-02 9.900488439823929010e-01
1.439533235747916806e-01 -2.863814704241505332e-02 9.891700042829996153e-01
1.501283220609586910e-01 -2.940622194847783075e-02 9.882291036213606272e-01
1.564610775760966466e-01 -3.018060853230551677e-02 9.872229040607078954e-01
1.629521420970973522e-01 -3.096108508184397881e-02 9.861480674006027902e-01
1.696019596451603106e-01 -3.174742569754186033e-02 9.850011555828944720e-01
1.764108621011824529e-01 -3.253940025784420043e-02 9.837786313137933947e-01
1.833790649321632160e-01 -3.333677438953697864e-02 9.824768589116552597e-01
1.905066628348254520e-01 -3.413930944333715828e-02 9.810921053900294453e-01
1.977936253033896752e-01 -3.494676247511638995e-02 9.796205417854465525e-01
2.052397921291966576e-01 -3.575888623313737413e-02 9.780582447392967005e-01
2.128448688406464340e-01 -3.657542915166978048e-02 9.764011983429872199e-01
2.206084220927108097e-01 -3.739613535133794187e-02 9.746452962553547872e-01
2.285298750160755232e-01 -3.822074464653443804e-02 9.727863441010469181e-01
2.366085025367763162e-01 -3.904899256021271414e-02 9.708200621582769863e-01
2.448434266780057655e-01 -3.988061034634766272e-02 9.687420883439880059e-01
2.532336118565804983e-01 -4.071532502032537693e-02 9.665479815040418643e-01
2.617778601873692046e-01 -4.155285939749262664e-02 9.642332250155682960e-01
2.704748068097841962e-01 -4.239293214006211591e-02 9.617932307080712118e-01
2.793229152512292091e-01 -4.323525781253217959e-02 9.592233431092895835e-01
2.883204728431706387e-01 -4.407954694573846394e-02 9.565188440211483956e-01
2.974655862062501321e-01 -4.492550610961102558e-02 9.536749574304139720e-01
3.067561768215813500e-01 -4.577283799466277947e-02 9.506868547578800621e-01
3.161899767060656341e-01 -4.662124150218466268e-02 9.475496604490653008e-01
3.257645242102151784e-01 -4.747041184306956263e-02 9.442584579084917218e-01
3.354771599575831487e-01 -4.832004064513067965e-02 9.408082957786441103e-01
3.453250229454618569e-01 -4.916981606872146415e-02 9.371941945636825810e-01
3.553050468270168016e-01 -5.001942293040308185e-02 9.334111535968930840e-01
3.654139563954716396e-01 -5.086854283434266016e-02 9.294541583497223369e-01
3.756482642913407388e-01 -5.171685431106086417e-02 9.253181880790509739e-01
3.860042679540167110e-01 -5.256403296308173601e-02 9.209982238081223516e-01
3.964780468392558599e-01 -5.340975161697116697e-02 9.164892566352613734e-01
4.070654599242594651e-01 -5.425368048118354991e-02 9.117862963631978568e-01
4.177621435221190449e-01 -5.509548730906955322e-02 9.068843804404568276e-01
4.285635094273756995e-01 -5.593483756633201021e-02 9.017785832048955674e-01
4.394634366111025980e-01 -5.675875008781166436e-02 8.964654667012912359e-01
4.504545131778781575e-01 -5.756706463778806654e-02 8.909415050766286148e-01
4.615291989310792431e-01 -5.835963109177926683e-02 8.852033398367619155e-01
4.726798321277665971e-01 -5.913630977316957499e-02 8.792477887688080473e-01
4.838986366696428343e-01 -5.989697176902149256e-02 8.730718544965717642e-01
4.951777297129311139e-01 -6.064149922314926444e-02 8.666727326407936971e-01
5.065091296777192165e-01 -6.136978560461525678e-02 8.600478195572426321e-01
5.178847646351082412e-01 -6.208173594990635397e-02 8.531947196270965872e-01
5.292964810484072080e-01 -6.277726707715625132e-02 8.461112520756529642e-01
5.407360528426540247e-01 -6.345630777089954211e-02 8.387954572971796363e-01
5.521951907749209632e-01 -6.411879893597463576e-02 8.312456026656455110e-01
5.636655520762092753e-01 -6.476469371933377128e-02 8.234601878131461161e-01
5.751387503342565433e-01 -6.539395759866868663e-02 8.154379493600463213e-01
5.866063655852874481e-01 -6.600656843691933562e-02 8.071778650831901158e-01
5.980599545816500662e-01 -6.660251650189856487e-02 7.986791575109508656e-01
6.094910612013944018e-01 -6.718180445043736571e-02 7.899412969364040249e-01
6.208912269651870597e-01 -6.774444727663174459e-02 7.809640038424757735e-01
6.322520016255102071e-01 -6.829047222395180639e-02 7.717472507355335187e-01
6.435649537928784802e-01 -6.881991866115562406e-02 7.622912633865218668e-01
6.548216815638142618e-01 -6.933283792213303098e-02 7.525965214813862270e-01
6.660138231155595667e-01 -6.982929310998642336e-02 7.426637586851457806e-01
6.771330672329617384e-01 -7.030935886583594696e-02 7.324939621265595946e-01
6.881711637336478393e-01 -7.077312110301296755e-02 7.220883713128494197e-01
6.991199337584916851e-01 -7.122067670747860013e-02 7.114484764863862054e-01
7.099712798954701531e-01 -7.165213320547031417e-02 7.005760164375923749e-01
7.207171961062875942e-01 -7.206760839953973985e-02 6.894729757905394552e-01
7.313497774266116691e-01 -7.246722997429662361e-02 6.781415817798190915e-01
7.418612294123894113e-01 -7.285113507331682225e-02 6.665843005392156906e-01
7.522438773064931139e-01 -7.321946984880541021e-02 6.548038329244975086e-01
7.624901749018536679e-01 -7.357238898572848740e-02 6.428031098942609267e-01
7.725927130792675790e-01 -7.391005520223870029e-02 6.305852874741979530e-01
7.825442280001867479e-01 -7.423263872831861732e-02 6.181537413313999973e-01
7.923376089370033348e-01 -7.454031676465350253e-02 6.055120609863589021e-01
8.019659057256023349e-01 -7.483327292381940221e-02 5.926640436911719823e-01
8.114223358272564246e-01 -7.511169665593415978e-02 5.796136880031008687e-01
8.207002909892592291e-01 -7.537578266096779667e-02 5.663651870830710422e-01
8.297933434960150789e-01 -7.562573028994452884e-02 5.529229217489362025e-01
8.386952520046101478e-01 -7.586174293729183726e-02 5.392914533133673638e-01
8.473999669611588237e-01 -7.608402742660282103e-02 5.254755162360686960e-01
8.559016355964389478e-01 -7.629279339207631350e-02 5.114800106196772944e-01
8.641946065014770584e-01 -7.648825265788621042e-02 4.973099945781789821e-01
8.722734337858131237e-01 -7.667061861770692321e-02 4.829706765059766926e-01
8.801328808231404510e-01 -7.684010561658681515e-02 4.684674072748953311e-01
8.877679235908778610e-01 -7.699692833731648645e-02 4.538056723854043684e-01
8.951737536119676042e-01 -7.714130119338430402e-02 4.389910840972048311e-01
9.023457805087993222e-01 -7.727343773054887177e-02 4.240293735630691896e-01
9.092796341806310689e-01 -7.739355003898738816e-02 4.089263829884597357e-01
9.159711666171983513e-01 -7.750184817790105318e-02 3.936880578379949314e-01
9.224164533623768758e-01 -7.759853961437529479e-02 3.783204391082990448e-01
9.286117946427809855e-01 -7.768382867820290694e-02 3.628296556851752230e-01
9.345537161770425261e-01 -7.775791603428476584e-02 3.472219168013975232e-01
9.402389696822160969e-01 -7.782099817412510556e-02 3.315035046097416505e-01
9.456645330943075356e-01 -7.787326692783766435e-02 3.156807668841790648e-01
9.508276105203101736e-01 -7.791490899797628988e-02 2.997601098604597558e-01
9.557256319393772070e-01 -7.794610551639888363e-02 2.837479912256198888e-01
9.603562526708472324e-01 -7.796703162526807951e-02 2.676509132642822530e-01
9.647173526267921462e-01 -7.797785608318627548e-02 2.514754161679843003e-01
9.688070353665679812e-01 -7.797874089735688796e-02 2.352280715121822796e-01
9.726236269705332838e-01 -7.796984098255872742e-02 2.189154759040485843e-01
9.761656747496617603e-01 -7.795130384761667086e-02 2.025442448027154618e-01
9.794319458072224815e-01 -7.792326930994925016e-02 1.861210065122299029e-01
9.824214254680471159e-01 -7.788586923867391043e-02 1.696523963461785689e-01
9.851333155901500493e-01 -7.783922732665195243e-02 1.531450509617264255e-01
9.875670327726321363e-01 -7.778345889175998507e-02 1.366056028596941696e-01
9.897222064728846691e-01 -7.771867070758121943e-02 1.200406750462814365e-01
9.915986770451346022e-01 -7.764496086361998006e-02 1.034568758511316827e-01
9.931964937113374470e-01 -7.756241865505519861e-02 8.686079389563093611e-02
9.945159124743485624e-01 -7.747112450196444455e-02 7.025899320464129572e-02
9.955573939821902307e-01 -7.737114989786854358e-02 5.365800845429052196e-02
9.963216013510967084e-01 -7.726255738736849399e-02 3.706434034797348454e-02
9.968093979538678040e-01 -7.714540057257110450e-02 2.048445111236804964e-02
9.970218451789072400e-01 -7.701972414792714050e-02 3.924760105027357698e-03
9.969602001641697520e-01 -7.688556396303647400e-02 -1.260836047502003621e-02
9.966259135091064536e-01 -7.674294711290784166e-02 -2.910858978225338428e-02
9.960206269665814460e-01 -7.659189205509678300e-02 -4.556966243373521824e-02
9.951461711156524004e-01 -7.643240875308404680e-02 -6.198537254060476620e-02
9.940045630150610156e-01 -7.626449884519787004e-02 -7.834957767003482287e-02
9.925980038362843816e-01 -7.608815583832706508e-02 -9.465620274532575429e-02
9.909288764740533662e-01 -7.590336532561800520e-02 -1.108992438913514456e-01
9.889997431313598542e-01 -7.571010522729663961e-02 -1.270727722320330044e-01
9.868133428751576508e-01 -7.550834605370737584e-02 -1.431709376459015248e-01
9.843725891582149057e-01 -7.529805118961324650e-02 -1.591879724851300026e-01
9.816805673019050049e-01 -7.507917719875660534e-02 -1.751181952626708060e-01
9.787405319341347942e-01 -7.485167414763674310e-02 -1.909560143113387953e-01
9.755559043761008464e-01 -7.461548594741972129e-02 -2.066959314178369034e-01
9.721302699711472650e-01 -7.437055071285726682e-02 -2.223325454338393181e-01
9.684673753486691128e-01 -7.411680113705496065e-02 -2.378605558653349716e-01
9.645711256157669666e-01 -7.385416488089603659e-02 -2.532747664404985111e-01
9.604455814692132165e-01 -7.358256497589493739e-02 -2.685700886554064359e-01
9.560949562202374352e-01 -7.330192023922603439e-02 -2.837415452959592965e-01
9.515236127246786690e-01 -7.301214569964575851e-02 -2.987842739334157227e-01
9.467360602111838386e-01 -7.271315303300297794e-02 -3.136935303899991423e-01
9.417369510003538169e-01 -7.240485100601104507e-02 -3.284646921701098177e-01
9.365310771080496144e-01 -7.208714592693735157e-02 -3.430932618517726906e-01
9.311233667264665614e-01 -7.175994210185152045e-02 -3.575748704320819149e-01
9.255188805770634408e-01 -7.142314229506201151e-02 -3.719052806195735639e-01
9.197228081299891889e-01 -7.107664819236347853e-02 -3.860803900656770149e-01
9.137404636852815010e-01 -7.072036086571341362e-02 -4.000962345266670384e-01
9.075772823118082311e-01 -7.035418123795660061e-02 -4.139489909468723194e-01
9.012388156406868633e-01 -6.997801054622042327e-02 -4.276349804532945109e-01
8.947304247337910521e-01 -6.959786887524709031e-02 -4.411503201643025562e-01
8.880572517334459626e-01 -6.921402632092397977e-02 -4.544928354485444633e-01
8.812244342656906371e-01 -6.882674562552117126e-02 -4.676605358615351093e-01
8.742370989445709117e-01 -6.843628240606808300e-02 -4.806516111848689321e-01
8.671003551731969461e-01 -6.804288538355814098e-02 -4.934644273450662366e-01
8.598192892372262808e-01 -6.764679661203530647e-02 -5.060975222268176976e-01
8.523989586859483936e-01 -6.724825170668541352e-02 -5.185496013946152560e-01
8.448443869957319441e-01 -6.684748007012422666e-02 -5.308195337359943311e-01
8.371605585102405156e-01 -6.644470511614085362e-02 -5.429063470388636459e-01
8.293524136515226797e-01 -6.604014449022056754e-02 -5.548092235146747653e-01
8.214248443958362955e-01 -6.563401028623484790e-02 -5.665274952784753459e-01
8.133826900078658939e-01 -6.522650925874774741e-02 -5.780606397962113618e-01
8.052307330268372310e-01 -6.481784303044718643e-02 -5.894082753089844307e-01
7.969736954979133037e-01 -6.440820829426670280e-02 -6.005701562433436447e-01
7.886162354421765164e-01 -6.399779700981783614e-02 -6.115461686160835741e-01
7.801629435584490624e-01 -6.358679659380546412e-02 -6.223363254414464585e-01
7.716183401501824912e-01 -6.317539010414789657e-02 -6.329407621480772628e-01
7.629868722706493189e-01 -6.276375641757071799e-02 -6.433597320125550301e-01
7.542729110796936309e-01 -6.235207040048740962e-02 -6.535936016158322426e-01
7.454807494053407035e-01 -6.194050307302204766e-02 -6.636428463284407275e-01
7.366145995036270655e-01 -6.152922176606805821e-02 -6.735080458298813300e-01
7.276785910100836974e-01 -6.111839027131405616e-02 -6.831898796671936891e-01
7.186767690763925520e-01 -6.070816898420159508e-02 -6.926891228573071047e-01
7.096130926858319476e-01 -6.029871503981135139e-02 -7.020066415374018876e-01
7.004914331412301909e-01 -5.989018244170348643e-02 -7.111433886671584270e-01
6.913155727192575872e-01 -5.948272218376456089e-02 -7.201003997864422468e-01
6.820892034850021268e-01 -5.907648236513803053e-02 -7.288787888316630159e-01
6.728159262608945923e-01 -5.867160829833740349e-02 -7.374797440137542681e-01
6.634992497441727366e-01 -5.826824261066140820e-02 -7.459045237604454703e-01
6.541425897671951928e-01 -5.786652533904842327e-02 -7.541544527252426189e-01
6.447492686950473395e-01 -5.746659401852342863e-02 -7.622309178652909578e-01
6.353225149550019157e-01 -5.706858376440500369e-02 -7.701353645900652634e-01
6.258654626925285180e-01 -5.667262734845204819e-02 -7.778692929826214186e-01
6.163811515486692372e-01 -5.627885526914055969e-02 -7.854342540949400542e-01
6.068725265537232572e-01 -5.588739581626978037e-02 -7.928318463187048470e-01
5.973424381323075849e-01 -5.549837513010445061e-02 -8.000637118326792141e-01
5.877936422149838691e-01 -5.511191725526574936e-02 -8.071315331276768257e-01
5.782288004517600610e-01 -5.472814418958832361e-02 -8.140370296099634917e-01
5.686504805228977943e-01 -5.434717592816388360e-02 -8.207819542837755389e-01
5.590611565425709362e-01 -5.396913050279421309e-02 -8.273680905135015751e-01
5.494632095510387781e-01 -5.359412401707733947e-02 -8.337972488659357584e-01
5.398589280911091359e-01 -5.322227067735061518e-02 -8.400712640328871217e-01
5.302505088647799791e-01 -5.285368281971370569e-02 -8.461919918343067115e-01
5.206400574660584590e-01 -5.248847093335248098e-02 -8.521613063019799483e-01
5.110295891860645590e-01 -5.212674368038244105e-02 -8.579810968437232566e-01
5.014210298866338400e-01 -5.176860791242683668e-02 -8.636532654879202076e-01
4.918162169387398364e-01 -5.141416868414098312e-02 -8.691797242081344965e-01
4.822169002221616818e-01 -5.106352926388946917e-02 -8.745623923274437050e-01
4.726247431829233570e-01 -5.071679114177829462e-02 -8.798031940020485386e-01
4.630413239451359186e-01 -5.037405403523825126e-02 -8.849040557836288512e-01
4.534681364739726606e-01 -5.003541589235026288e-02 -8.898669042598374990e-01
4.439065917866076849e-01 -4.970097289309705763e-02 -8.946936637722472385e-01
4.343580192080475078e-01 -4.937081944871929418e-02 -8.993862542109943847e-01
4.248236676688824098e-01 -4.904504819934746296e-02 -9.039465888852949993e-01
4.153047070420824993e-01 -4.872375001007415302e-02 -9.083765724689456533e-01
4.058022295160582105e-01 -4.840701396562423209e-02 -9.126780990198610777e-01
3.963172510013018845e-01 -4.809492736377349309e-02 -9.168530500726431720e-01
3.868507125680208381e-01 -4.778757570765914536e-02 -9.209032928031257725e-01
3.774034819122665807e-01 -4.748504269711844444e-02 -9.248306782637881751e-01
3.679763548481582158e-01 -4.718741021918460010e-02 -9.286370396888856682e-01
3.585700568238902597e-01 -4.689475833786199699e-02 -9.323241908681052514e-01
3.491852444593068205e-01 -4.660716528329587188e-02 -9.358939245875133039e-01
3.398225071029152278e-01 -4.632470744044452776e-02 -9.393480111365306584e-01
3.304823684063016853e-01 -4.604745933735549662e-02 -9.426881968796368971e-01
3.211652879140010075e-01 -4.577549363314038083e-02 -9.459162028914795961e-01
3.118716626669606473e-01 -4.550888110573655942e-02 -9.490337236540392629e-01
3.026018288178262128e-01 -4.524769063953770071e-02 -9.520424258144799534e-01
2.933560632563617099e-01 -4.499198921296890946e-02 -9.549439470023000087e-01
2.841345852434031816e-01 -4.474184188607630008e-02 -9.577398947043800348e-01
2.749375580518273465e-01 -4.449731178819519434e-02 -9.604318451965186965e-01
2.657650906131002189e-01 -4.425846010575561207e-02 -9.630213425300361285e-01
2.566172391680509590e-01 -4.402534607027838026e-02 -9.655098975720235455e-01
2.474940089205965310e-01 -4.379802694661028006e-02 -9.678989870978154109e-01
2.383953556932207063e-01 -4.357655802144173168e-02 -9.701900529342623036e-01
2.293211875830872271e-01 -4.336099259214602764e-02 -9.723845011523898352e-01
2.202713666177424645e-01 -4.315138195597476023e-02 -9.744837013080362986e-01
2.112457104094354332e-01 -4.294777539964002300e-02 -9.764889857290727226e-01
2.022439938071550480e-01 -4.275022018931012163e-02 -9.784016488478246565e-01
1.932659505455532611e-01 -4.255876156104188707e-02 -9.802229465773300010e-01
1.843112748899909947e-01 -4.237344271166936654e-02 -9.819540957300889605e-01
1.753796232770086783e-01 -4.219430479016543500e-02 -9.835962734779836181e-01
1.664706159495867310e-01 -4.202138688949002415e-02 -9.851506168520681728e-01
1.575838385866230595e-01 -4.185472603893593962e-02 -9.866182222809606328e-01
1.487188439261127593e-01 -4.169435719698067616e-02 -9.880001451665939571e-01
1.398751533815730530e-01 -4.154031324465049663e-02 -9.892973994961176132e-01
1.310522586513099830e-01 -4.139262497940079943e-02 -9.905109574887739354e-01
1.222496233201763871e-01 -4.125132110951505032e-02 -9.916417492766090858e-01
1.134666844535195951e-01 -4.111642824902273646e-02 -9.926906626179167192e-01
1.047028541830651721e-01 -4.098797091313534369e-02 -9.936585426423512057e-01
9.595752128452755825e-02 -4.086597151419796292e-02 -9.945461916266888913e-01
8.723005274678080623e-02 -4.075045035815298700e-02 -9.953543688002581824e-01
7.851979533246244980e-02 -4.064142564151119325e-02 -9.960837901791024240e-01
6.982607712992081050e-02 -4.053891344882479264e-02 -9.967351284279872825e-01
6.114820909645059255e-02 -4.044292775065604778e-02 -9.973090127494070867e-01
5.248548659279388823e-02 -4.035348040203461106e-02 -9.978060287987960963e-01
4.383719090891313730e-02 -4.027058114139606820e-02 -9.982267186251962965e-01
3.520259078106950656e-02 -4.019423758999381147e-02 -9.985715806366836089e-01
2.658094390026449066e-02 -4.012445525177610328e-02 -9.988410695899055947e-01
1.797149841212423993e-02 -4.006123751371980929e-02 -9.990355966031323476e-01
9.373494408325272476e-03 -4.000458564661232147e-02 -9.991555291922751270e-01
7.877855121529338256e-04 -3.994044369188111399e-02 -9.992017519682617754e-01
-7.783388744210981494e-03 -3.986883531613188980e-02 -9.991746071703057064e-01
-1.633780066867703343e-02 -3.978978778751550427e-02 -9.990744966416457151e-01
-2.487323636562210200e-02 -3.970333193958505702e-02 -9.989018812310830331e-01
-3.338749766197539326e-02 -3.960950212990858171e-02 -9.986572801121386123e-01
-4.187840399910579270e-02 -3.950833619355374748e-02 -9.983412700216148794e-01
-5.034379428671924978e-02 -3.939987539157436408e-02 -9.979544844195555875e-01
-5.878152871510673033e-02 -3.928416435464145151e-02 -9.974976125727956777e-01
-6.718949052222696061e-02 -3.916125102197386132e-02 -9.969713985644832466e-01
-7.556558771226257187e-02 -3.903118657573510786e-02 -9.963766402321354576e-01
-8.390775472245327882e-02 -3.889402537107402441e-02 -9.957141880369583253e-01
-9.221395403518345413e-02 -3.874982486199696902e-02 -9.949849438673183943e-01
-1.004821777324844678e-01 -3.859864552326879028e-02 -9.941898597793982217e-01
-1.087104489903018834e-01 -3.844055076854840242e-02 -9.933299366782022410e-01
-1.168968235100746877e-01 -3.827560686497249315e-02 -9.924062229421967141e-01
-1.250393908853758562e-01 -3.810388284440793805e-02 -9.914198129949758354e-01
-1.331362759015709829e-01 -3.792545041159947616e-02 -9.903718458274390901e-01
-1.411856397666621521e-01 -3.774038384944446850e-02 -9.892635034740432376e-01
-1.491856812716981506e-01 -3.754875992163072412e-02 -9.880960094467581278e-01
-1.571346378793473109e-01 -3.735065777287701477e-02 -9.868706271304090727e-01
-1.650307867394454064e-01 -3.714615882701821636e-02 -9.855886581431237969e-01
-1.728724456305471002e-01 -3.693534668317880604e-02 -9.842514406656296400e-01
-1.806579738267244661e-01 -3.671830701027922750e-02 -9.828603477431557822e-01
-1.883857728890691863e-01 -3.649512744011955412e-02 -9.814167855636932725e-01
-1.960542873815652176e-01 -3.626589745928407438e-02 -9.799221917163533080e-01
-2.036620055112052796e-01 -3.603070830010865477e-02 -9.783780334335331341e-01
-2.112074596924273517e-01 -3.578965283095044553e-02 -9.767858058205638461e-01
-2.186892270361436019e-01 -3.554282544599616372e-02 -9.751470300764601973e-01
-2.261059297638265408e-01 -3.529032195484137907e-02 -9.734632517093332327e-01
-2.334562355473012718e-01 -3.503223947206866168e-02 -9.717360387499527352e-01
-2.407388577750713132e-01 -3.476867630704721934e-02 -9.699669799668653170e-01
-2.479525557461752239e-01 -3.449973185417089250e-02 -9.681576830863828365e-01
-2.550961347927341305e-01 -3.422550648374505372e-02 -9.663097730206553493e-01
-2.621684463325039127e-01 -3.394610143372607525e-02 -9.644248901069359947e-01
-2.691683878528908225e-01 -3.366161870250970745e-02 -9.625046883610294257e-01
-2.760949028280260120e-01 -3.337216094295708535e-02 -9.605508337477953740e-01
-2.829469805706201768e-01 -3.307783135783885081e-02 -9.585650024714508222e-01
-2.897236560204377032e-01 -3.277873359686955118e-02 -9.565488792882823610e-01
-2.964240094713366802e-01 -3.247497165549577403e-02 -9.545041558442443064e-01
-3.030471662389191412e-01 -3.216664977559246380e-02 -9.524325290397777088e-01
-3.095922962709242721e-01 -3.185387234821282498e-02 -9.503356994240431677e-01
-3.160586137025749864e-01 -3.153674381852794584e-02 -9.482153696206132576e-01
-3.224453763591578204e-01 -3.121536859308281925e-02 -9.460732427865260474e-01
-3.287518852081746101e-01 -3.088985094948606958e-02 -9.439110211064514200e-01
-3.349774837634540425e-01 -3.056029494864127838e-02 -9.417304043235753541e-01
-3.411215574436524678e-01 -3.022680434961822621e-02 -9.395330883086577822e-01
-3.471835328876039517e-01 -2.988948252725310423e-02 -9.373207636685745303e-01
-3.531628772290029694e-01 -2.954843239255739926e-02 -9.350951143955071876e-01
-3.590590973329169655e-01 -2.920375631600593061e-02 -9.328578165578006454e-01
-3.648717389966329994e-01 -2.885555605376555199e-02 -9.306105370333683791e-01
-3.706003861173403635e-01 -2.850393267691714999e-02 -9.283549322863851039e-01
-3.762446598291425692e-01 -2.814898650371485886e-02 -9.260926471878722088e-01
-3.818042176118760511e-01 -2.779081703491808122e-02 -9.238253138806494791e-01
-3.872787523741900717e-01 -2.742952289222363310e-02 -9.215545506889983862e-01
-3.926679915133136634e-01 -2.706520175981750112e-02 -9.192819610732589908e-01
-3.979716959539005283e-01 -2.669795032905798726e-02 -9.170091326294634859e-01
-4.031896591683027387e-01 -2.632786424629476527e-02 -9.147376361339941697e-01
-4.083217061805788917e-01 -2.595503806382130560e-02 -9.124690246331452759e-01
-4.133676925564925830e-01 -2.557956519395145414e-02 -9.102048325773630655e-01
-4.183275033817034361e-01 -2.520153786620459371e-02 -9.079465749998389956e-01
-4.232010522302946387e-01 -2.482104708757777375e-02 -9.056957467390382988e-01
-4.279882801257206548e-01 -2.443818260587751062e-02 -9.034538217046557129e-01
-4.326891544961943281e-01 -2.405303287607865256e-02 -9.012222521864103886e-01
-4.373036681264665937e-01 -2.366568502967267978e-02 -8.990024682050102856e-01
-4.418318381078824020e-01 -2.327622484696317481e-02 -8.967958769045482059e-01
-4.462737047885274588e-01 -2.288473673226191010e-02 -8.946038619855233298e-01
-4.506293307252072222e-01 -2.249130369193502385e-02 -8.924277831776203929e-01
-4.548987996389270427e-01 -2.209600731524510517e-02 -8.902689757513245761e-01
-4.590822153754689494e-01 -2.169892775793179004e-02 -8.881287500673979984e-01
-4.631797008725854203e-01 -2.130014372847040954e-02 -8.860083911631991826e-01
-4.671913971352571471e-01 -2.089973247694561567e-02 -8.839091583747873404e-01
-4.711174622203868068e-01 -2.049776978647456158e-02 -8.818322849937155761e-01
-4.749580702322268588e-01 -2.009432996711215183e-02 -8.797789779573887969e-01
-4.787134103297667198e-01 -1.968948585216907451e-02 -8.777504175718351398e-01
-4.823836857472312833e-01 -1.928330879687190774e-02 -8.757477572657185183e-01
-4.859691128287719208e-01 -1.887586867929327145e-02 -8.737721233744014659e-01
-4.894699200783608761e-01 -1.846723390347908278e-02 -8.718246149528565692e-01
-4.928863472258306899e-01 -1.805747140469920672e-02 -8.699063036162131279e-01
-4.962186443099334543e-01 -1.764664665674727656e-02 -8.680182334067224614e-01
-4.994670707792288056e-01 -1.723482368121517436e-02 -8.661614206859210574e-01
-5.026318946115464481e-01 -1.682206505866755061e-02 -8.643368540507750941e-01
-5.057133914527062180e-01 -1.640843194164187668e-02 -8.625454942725918617e-01
-5.087118437751196875e-01 -1.599398406939976994e-02 -8.607882742574931578e-01
-5.116275400568398579e-01 -1.557877978435576703e-02 -8.590660990272549480e-01
-5.144607739815691971e-01 -1.516287605011032782e-02 -8.573798457193330114e-01
-5.172118436600832148e-01 -1.474632847101455153e-02 -8.557303636049061746e-01
-5.198810508734765801e-01 -1.432919131319495241e-02 -8.541184741237911604e-01
-5.224687003385893869e-01 -1.391151752696759107e-02 -8.525449709350991778e-01
-5.249750989959249825e-01 -1.349335877057194870e-02 -8.510106199825290263e-01
-5.274005553203261476e-01 -1.307476543515607124e-02 -8.495161595732139137e-01
-5.297453786546366672e-01 -1.265578667094577683e-02 -8.480623004690653888e-01
-5.320098785665325902e-01 -1.223647041453199656e-02 -8.466497259895836569e-01
-5.341943642286747229e-01 -1.181686341721174469e-02 -8.452790921251331913e-01
-5.362991438222940443e-01 -1.139701127431958123e-02 -8.439510276597103067e-01
-5.383245239642941993e-01 -1.097695845548794270e-02 -8.426661343022615602e-01
-5.402708091579204730e-01 -1.055674833577619279e-02 -8.414249868256417075e-01
-5.421383012670188961e-01 -1.013642322760976815e-02 -8.402281332123330282e-01
-5.439272990138823705e-01 -9.716024413472343357e-03 -8.390760948060804747e-01
-5.456380975006561718e-01 -9.295592179295476126e-03 -8.379693664686311827e-01
-5.472709877542530910e-01 -8.875165848491753384e-03 -8.369084167407992991e-01
-5.488262562947079370e-01 -8.454783816578985423e-03 -8.358936880071136111e-01
-5.503041847268839160e-01 -8.034483586344544348e-03 -8.349255966633384318e-01
-5.517050493554240820e-01 -7.614301803500441064e-03 -8.340045332861945049e-01
-5.530291208228291788e-01 -7.194274292781244196e-03 -8.331308628046399933e-01
-5.542766637705267563e-01 -6.774436094438372052e-03 -8.323049246721097028e-01
-5.554479365227867893e-01 -6.354821501085758904e-03 -8.315270330391422160e-01
-5.565431907933273692e-01 -5.935464094853249925e-03 -8.307974769258633652e-01
-5.575626714144449325e-01 -5.516396784805453063e-03 -8.301165203938269954e-01
-5.585066160884958331e-01 -5.097651844585071070e-03 -8.294844027167503908e-01
-5.593752551615502888e-01 -4.679260950240985047e-03 -8.289013385497160380e-01
-5.601688114190326306e-01 -4.261255218202582989e-03 -8.283675180964453766e-01
-5.608874999031576714e-01 -3.843665243362964345e-03 -8.278831072742866004e-01
-5.615315277519711268e-01 -3.426521137234749253e-03 -8.274482478765889937e-01
-5.621010940597968020e-01 -3.009852566143262839e-03 -8.270630577321747001e-01
-5.625963897588934781e-01 -2.593688789422842009e-03 -8.267276308616472447e-01
-5.630175975221212159e-01 -2.178058697582923361e-03 -8.264420376303135418e-01
-5.633648916864187894e-01 -1.762990850411440573e-03 -8.262063248975256569e-01
-5.636384381968914115e-01 -1.348513514983838962e-03 -8.260205161622828918e-01
-5.638383945713095757e-01 -9.346547035467545322e-04 -8.258846117049648550e-01
-5.639649098848208419e-01 -5.214422112460733675e-04 -8.257985887250999246e-01
-5.640181247746762772e-01 -1.089036536696873182e-04 -8.257624014751013819e-01
-5.639981714647768207e-01 3.029334958241910796e-04 -8.257759813899377965e-01
-5.639051738098432853e-01 7.140418690218116541e-04 -8.258392372127306702e-01
-5.637392473590182584e-01 1.124394166040009781e-03 -8.259520551163052060e-01
-5.635004994387078359e-01 1.533963118811546272e-03 -8.261142988207467175e-01
-5.631890292544737830e-01 1.942721454897248026e-03 -8.263258097070461661e-01
-5.628049280117867204e-01 2.350641861652289985e-03 -8.265864069269439618e-01
-5.623482790554543698e-01 2.757696950773772231e-03 -8.268958875091121374e-01
-5.618191580275379016e-01 3.163859223256620425e-03 -8.272540264618393202e-01
-5.612176330435704186e-01 3.569101034784755676e-03 -8.276605768724117906e-01
-5.605437648868935030e-01 3.973394561584457640e-03 -8.281152700034086767e-01
-5.597976072209251974e-01 4.376711766766866289e-03 -8.286178153861564200e-01
-5.589792068191742347e-01 4.779024367186630699e-03 -8.291679009116121879e-01
-5.580886038128128890e-01 5.180303800843832039e-03 -8.297651929189703290e-01
-5.571258319556193772e-01 5.580521194856455369e-03 -8.304093362823109503e-01
-5.560909189060990743e-01 5.979647334030866596e-03 -8.310999544956322316e-01
-5.549838865265893650e-01 6.377652630057995507e-03 -8.318366497566327400e-01
-5.538047511991501803e-01 6.774507091363153946e-03 -8.326190030496297689e-01
-5.525535241580369350e-01 7.170180293637719998e-03 -8.334465742280244838e-01
-5.512302118385481453e-01 7.564641351081215735e-03 -8.343189020967435310e-01
-5.498348162420321206e-01 7.957858888382634763e-03 -8.352355044951081942e-01
-5.483673353168315723e-01 8.349801013470214972e-03 -8.361958783806019424e-01
-5.468277633549354366e-01 8.740435291059212713e-03 -8.371994999140257576e-01
-5.452160914040995454e-01 9.129728717027597168e-03 -8.382458245465493896e-01
-5.435323076951861232e-01 9.517647693649926299e-03 -8.393342871091840074e-01
-5.417763980844623184e-01 9.904158005720083841e-03 -8.404643019052178143e-01
-5.399483465105854307e-01 1.028922479759384126e-02 -8.416352628061734009e-01
-5.380481354659888416e-01 1.067281255118264147e-02 -8.428465433518580463e-01
-5.360757464823694418e-01 1.105488506493025602e-02 -8.440974968550950530e-01
-5.340311606299614766e-01 1.143540543380434232e-02 -8.453874565117341922e-01
-5.319143590302652935e-01 1.181433603033517875e-02 -8.467157355165535471e-01
-5.297253233818827178e-01 1.219163848673413507e-02 -8.480816271856740363e-01
-5.274640364990917929e-01 1.256727367812464011e-02 -8.494844050861187768e-01
-5.251304828627741950e-01 1.294120170691860812e-02 -8.509233231731564429e-01
-5.227246491832887587e-01 1.331338188837140682e-02 -8.523976159360766580e-01
-5.202465249748622345e-01 1.368377273734854363e-02 -8.539064985530494534e-01
-5.176961031410461933e-01 1.405233195633725889e-02 -8.554491670557259342e-01
-5.150733805707659041e-01 1.441901642473619564e-02 -8.570247985042415140e-01
-5.123783587444621368e-01 1.478378218945619431e-02 -8.586325511732815219e-01
-5.096110443498013121e-01 1.514658445686509723e-02 -8.602715647498725415e-01
-5.067714499064045475e-01 1.550737758610917609e-02 -8.619409605435577326e-01
-5.038595943990179515e-01 1.586611508384346350e-02 -8.636398417096136093e-01
-5.008755039185200930e-01 1.622274960040281933e-02 -8.653672934859584220e-01
-4.978192123101320976e-01 1.657723292744508331e-02 -8.671223834443978484e-01
-4.946907618281710661e-01 1.692951599709695276e-02 -8.689041617568413756e-01
-4.914902037966530912e-01 1.727954888263260463e-02 -8.707116614771157614e-01
-4.882175992750269478e-01 1.762728080071411865e-02 -8.725438988389863093e-01
-4.848730197282860588e-01 1.797266011522189941e-02 -8.743998735709833658e-01
-4.814565477006779726e-01 1.831563434270216950e-02 -8.762785692286143568e-01
-4.779682774921993893e-01 1.865615015945742625e-02 -8.781789535445221340e-01
-4.744083158370340225e-01 1.899415341030442905e-02 -8.800999787971298671e-01
-4.707767825830606601e-01 1.932958911902280669e-02 -8.820405821982894023e-01
-4.670738113715281470e-01 1.966240150051585395e-02 -8.839996863004238037e-01
-4.632995503159643147e-01 1.999253397470327279e-02 -8.859761994236268201e-01
-4.594541626793560707e-01 2.031992918216384350e-02 -8.879690161031530415e-01
-4.555378275486098860e-01 2.064452900154396114e-02 -8.899770175576987574e-01
-4.515507405052722190e-01 2.096627456874584211e-02 -8.919990721788390031e-01
-4.474931142914640447e-01 2.128510629790695066e-02 -8.940340360419494203e-01
-4.433651794699558502e-01 2.160096390417973189e-02 -8.960807534389024775e-01
-4.391671850772853047e-01 2.191378642831824305e-02 -8.981380574327849642e-01
-4.348993992687957277e-01 2.222351226307547889e-02 -9.002047704348401513e-01
-4.305621099544517105e-01 2.253007918141246291e-02 -9.022797048037921597e-01
-4.261556254242668818e-01 2.283342436651708204e-02 -9.043616634676608923e-01
-4.216802749621610946e-01 2.313348444362765127e-02 -9.064494405681262634e-01
-4.171364094470465522e-01 2.343019551365284336e-02 -9.085418221274471628e-01
-4.125244019399286199e-01 2.372349318857637848e-02 -9.106375867378863065e-01
-4.078446482557943065e-01 2.401331262863126703e-02 -9.127355062735358349e-01
-4.030975675190514584e-01 2.429958858122491239e-02 -9.148343466243794575e-01
-3.982836027012747748e-01 2.458225542159260882e-02 -9.169328684523679884e-01
-3.934032211400104173e-01 2.486124719515321255e-02 -9.190298279692237227e-01
-3.884569150373887170e-01 2.513649766153686418e-02 -9.211239777356244884e-01
-3.834452019372966980e-01 2.540794034025065790e-02 -9.232140674813558157e-01
-3.783686251798670241e-01 2.567550855794416276e-02 -9.252988449459538245e-01
-3.732277543320468571e-01 2.593913549723252457e-02 -9.273770567392946029e-01
-3.680231855930231055e-01 2.619875424703081712e-02 -9.294474492215193395e-01
-3.627555421732945873e-01 2.645429785434905492e-02 -9.315087694016167541e-01
-3.574254746462006138e-01 2.670569937749312298e-02 -9.335597658539164234e-01
-3.520336612707383184e-01 2.695289194061263605e-02 -9.355991896516784312e-01
-3.465808082845267535e-01 2.719580878953252456e-02 -9.376257953168967152e-01
-3.410676501658067572e-01 2.743438334880099819e-02 -9.396383417853657605e-01
-3.354949498633985616e-01 2.766854927988230198e-02 -9.416355933859933414e-01
-3.298634989935789741e-01 2.789824054041865897e-02 -9.436163208332750685e-01
-3.241741180028803737e-01 2.812339144448168168e-02 -9.455793022317819929e-01
-3.184276562958608947e-01 2.834393672372963191e-02 -9.475233240914479049e-01
-3.126249923269452946e-01 2.855981158938303635e-02 -9.494471823523806808e-01
-3.067670336554893518e-01 2.877095179492740809e-02 -9.513496834178617467e-01
-3.008547169632798113e-01 2.897729369944827132e-02 -9.532296451941388860e-01
-2.948890080337423503e-01 2.917877433150018948e-02 -9.550858981355618837e-01
-2.888709016921969241e-01 2.937533145340824950e-02 -9.569172862935574342e-01
-2.828014217065680236e-01 2.956690362589735679e-02 -9.587226683678882200e-01
-2.766816206480305906e-01 2.975343027294182277e-02 -9.605009187585951125e-01
-2.705125797111486152e-01 2.993485174672503787e-02 -9.622509286169773635e-01
-2.642954084931420367e-01 3.011110939259660849e-02 -9.639716068939245819e-01
-2.580312447320003977e-01 3.028214561391217793e-02 -9.656618813838802051e-01
-2.517212540032464085e-01 3.044790393663922637e-02 -9.673206997626817572e-01
-2.453666293752404803e-01 3.060832907361052402e-02 -9.689470306174984282e-01
-2.389685910230069377e-01 3.076336698830559047e-02 -9.705398644670613084e-01
-2.325283858006547688e-01 3.091296495803951341e-02 -9.720982147703653986e-01
-2.260472867725593915e-01 3.105707163643774485e-02 -9.736211189220084217e-01
-2.195265927035673359e-01 3.119563711507513867e-02 -9.751076392323235753e-01
-2.129676275085820303e-01 3.132861298415751811e-02 -9.765568638904623677e-01
-2.063717396619861311e-01 3.145595239212429367e-02 -9.779679079085841220e-01
-1.997403015674536764e-01 3.157761010405138458e-02 -9.793399140453197260e-01
-1.930747088888031815e-01 3.169354255873476495e-02 -9.806720537066895282e-01
-1.863763798426409102e-01 3.180370792433627469e-02 -9.819635278226757080e-01
-1.796467544536400618e-01 3.190806615247513550e-02 -9.832135676976754279e-01
-1.728872937733987314e-01 3.200657903065080162e-02 -9.844214358330912740e-01
-1.660994790639140350e-01 3.209921023288520026e-02 -9.855864267203525708e-01
-1.592848109468033291e-01 3.218592536847526137e-02 -9.867078676027055684e-01
-1.524448085194947677e-01 3.226669202874997422e-02 -9.877851192041552375e-01
-1.455810084396984561e-01 3.234147983172962898e-02 -9.888175764239983678e-01
-1.386949639795557188e-01 3.241026046458891918e-02 -9.898046689954450583e-01
-1.317882440509470510e-01 3.247300772382980677e-02 -9.907458621068900850e-01
-1.248624322035190720e-01 3.252969755307458244e-02 -9.916406569844652408e-01
-1.179191255970665486e-01 3.258030807839448761e-02 -9.924885914345779048e-01
-1.109599339499775100e-01 3.262481964109443383e-02 -9.932892403452194818e-01
-1.039864784655166047e-01 3.266321482787977459e-02 -9.940422161449115057e-01
-9.700039073778470022e-02 3.269547849833687875e-02 -9.947471692182429104e-01
-9.000331163925015532e-02 3.272159780966512471e-02 -9.954037882770447876e-01
-8.299689019179970484e-02 3.274156223860422155e-02 -9.960118006863426521e-01
-7.598278242330377963e-02 3.275536360050709805e-02 -9.965709727443234911e-01
-6.896265021173228482e-02 3.276299606551517224e-02 -9.970811099156573487e-01
-6.193816011889225620e-02 3.276445617179957887e-02 -9.975420570176135593e-01
-5.491098221588804063e-02 3.275974283583874685e-02 -9.979536983585197696e-01
-4.788278890242794739e-02 3.274885735970978207e-02 -9.983159578282164714e-01
-4.085525372211803313e-02 3.273180343537800824e-02 -9.986287989402697907e-01
-3.383005017589429952e-02 3.270858714597627698e-02 -9.988922248258121916e-01
-2.680885053574871835e-02 3.267921696407277005e-02 -9.991062781789926683e-01
-1.979332466090216736e-02 3.264370374693304627e-02 -9.992710411541265714e-01
-1.278513881856873854e-02 3.260206072878939904e-02 -9.993866352147432464e-01
-5.785954511440701692e-03 3.255430351013750140e-02 -9.994532209348416796e-01
1.202572685997842575e-03 3.250045004408737281e-02 -9.994709977527678202e-01
8.178794280248237458e-03 3.244052061980265411e-02 -9.994402036782359389e-01
1.514106999861871902e-02 3.237453784306888738e-02 -9.993611149531198556e-01
2.208776891408291421e-02 3.230252661403808234e-02 -9.992340456667402337e-01
2.901727055321356996e-02 3.222451410220344287e-02 -9.990593473264750557e-01
3.592796598528061325e-02 3.214052971866425412e-02 -9.988374083846149887e-01
4.281825889065898200e-02 3.205060508574700262e-02 -9.985686537224787163e-01
4.968656660675280917e-02 3.195477400405464380e-02 -9.982535440928915760e-01
5.653132114970892130e-02 3.185307241702140663e-02 -9.978925755222169958e-01
6.335097021026306341e-02 3.174553837305582604e-02 -9.974862786732092701e-01
7.014397812213733763e-02 3.163221198535971085e-02 -9.970352181700340433e-01
7.690882680148615480e-02 3.151313538951531351e-02 -9.965399918868729223e-01
8.364401665597022417e-02 3.138835269893741620e-02 -9.960012302015961438e-01
9.034806746212398210e-02 3.125790995829101637e-02 -9.954195952160479477e-01
9.701951920977015809e-02 3.112185509497899724e-02 -9.947957799445459326e-01
1.036569329123263050e-01 3.098023786880741565e-02 -9.941305074722451840e-01
1.102588913819413513e-01 3.083310981993912792e-02 -9.934245300850647054e-01
1.168239999684949626e-01 3.068052421524894782e-02 -9.926786283729109872e-01
1.233508872615892288e-01 3.052253599319586230e-02 -9.918936103079697419e-01
1.298382057547591562e-01 3.035920170732964163e-02 -9.910703102998631442e-01
1.362846324712270463e-01 3.019057946855069688e-02 -9.902095882294926765e-01
1.426888695506236815e-01 3.001672888624318247e-02 -9.893123284634052217e-01
1.490496447961980608e-01 2.983771100840209786e-02 -9.883794388505302564e-01
1.553657121821350739e-01 2.965358826087554842e-02 -9.874118497031417752e-01
1.616358523206978814e-01 2.946442438584339490e-02 -9.864105127638990167e-01
1.678588728890076931e-01 2.927028437965323304e-02 -9.853764001608147360e-01
1.740336090153687953e-01 2.907123443013402003e-02 -9.843105033519892189e-01
1.801589236251394666e-01 2.886734185350669363e-02 -9.832138320619322469e-01
1.862337077462403734e-01 2.865867503100991143e-02 -9.820874132112765720e-01
1.922568807744816088e-01 2.844530334535741445e-02 -9.809322898416590331e-01
1.982273906989751866e-01 2.822729711714171141e-02 -9.797495200375188062e-01
2.041442142879839605e-01 2.800472754129660138e-02 -9.785401758465259725e-01
2.100063572356384300e-01 2.777766662372868275e-02 -9.773053422003173951e-01
2.158128542700307739e-01 2.754618711822537716e-02 -9.760461158371749324e-01
2.215627692232693124e-01 2.731036246374404786e-02 -9.747636042282364910e-01
2.272551950641479857e-01 2.707026672218381530e-02 -9.734589245087807985e-01
2.328892538941521873e-01 2.682597451673831082e-02 -9.721332024160777019e-01
2.384640969075858263e-01 2.657756097092418487e-02 -9.707875712352393993e-01
2.439789043166646354e-01 2.632510164837655389e-02 -9.694231707544533894e-01
2.494328852424756160e-01 2.606867249349883314e-02 -9.680411462309180815e-01
2.548252775727553043e-01 2.580834977305045824e-02 -9.666426473687425025e-01
2.601553477874864462e-01 2.554421001875206362e-02 -9.652288273100078086e-01
2.654223907533570515e-01 2.527632997098351944e-02 -9.638008416401270262e-01
2.706257294881650455e-01 2.500478652364612059e-02 -9.623598474085720555e-01
2.757647148962878436e-01 2.472965667025595060e-02 -9.609070021659733563e-01
2.808387254763674568e-01 2.445101745133118967e-02 -9.594434630185312285e-01
2.858471670023896571e-01 2.416894590313182697e-02 -9.579703857006098833e-01
2.907894721793599091e-01 2.388351900780592840e-02 -9.564889236663209893e-01
2.956651002747980872e-01 2.359481364499228101e-02 -9.550002272008345505e-01
3.004735367272907132e-01 2.330290654492496449e-02 -9.535054425520906873e-01
3.052142927333519884e-01 2.300787424308110146e-02 -9.520057110835192793e-01
3.098869048138541138e-01 2.270979303640886099e-02 -9.505021684483089262e-01
3.144909343612926067e-01 2.240873894116853296e-02 -9.489959437857047320e-01
3.190259671691551557e-01 2.210478765241546614e-02 -9.474881589397491366e-01
3.234916129446612776e-01 2.179801450514957592e-02 -9.459799277008194007e-01
3.278875048061364317e-01 2.148849443715219326e-02 -9.444723550702566195e-01
3.322132987662774206e-01 2.117630195352714420e-02 -9.429665365483188566e-01
3.364686732025565230e-01 2.086151109295924372e-02 -9.414635574456379219e-01
3.406533283159991488e-01 2.054419539569966521e-02 -9.399644922183015838e-01
3.447669855795559846e-01 2.022442787328418770e-02 -9.384704038266306059e-01
3.488093871772732224e-01 1.990228097998680487e-02 -9.369823431176690365e-01
3.527802954354458120e-01 1.957782658600802292e-02 -9.355013482313557782e-01
3.566794922469174733e-01 1.925113595239386771e-02 -9.340284440302998314e-01
3.605067784896687222e-01 1.892227970767870748e-02 -9.325646415530360889e-01
3.642619734408097387e-01 1.859132782624201355e-02 -9.311109374905951475e-01
3.679449141870684281e-01 1.825834960836649618e-02 -9.296683136861824126e-01
3.715554550328379890e-01 1.792341366198237085e-02 -9.282377366577210243e-01
3.750934669068185512e-01 1.758658788608006771e-02 -9.268201571429798280e-01
3.785588367682587441e-01 1.724793945577134113e-02 -9.254165096669725310e-01
3.819514670137725276e-01 1.690753480897652997e-02 -9.240277121312845399e-01
3.852712748856749747e-01 1.656543963471367176e-02 -9.226546654249547785e-01
3.885181918827496639e-01 1.622171886296322127e-02 -9.212982530565123618e-01
3.916921631743273124e-01 1.587643665608035395e-02 -9.199593408067459066e-01
3.947931470185225833e-01 1.552965640172517502e-02 -9.186387764017601709e-01
3.978211141854436916e-01 1.518144070727960558e-02 -9.173373892058556134e-01
4.007760473861552430e-01 1.483185139571833490e-02 -9.160559899337482603e-01
4.036579407081423709e-01 1.448094950289995596e-02 -9.147953703816333881e-01
4.064667990579905466e-01 1.412879527624322402e-02 -9.135563031765824293e-01
4.092026376119623499e-01 1.377544817475234891e-02 -9.123395415437515199e-01
4.118654812751200156e-01 1.342096687035432279e-02 -9.111458190908715560e-01
4.144553641496096508e-01 1.306540925051043189e-02 -9.099758496094808580e-01
4.169723290126910453e-01 1.270883242206341350e-02 -9.088303268923584310e-01
4.194164268050649125e-01 1.235129271628110717e-02 -9.077099245666104821e-01
4.217877161300188082e-01 1.199284569505690116e-02 -9.066152959418616319e-01
4.240862627638815052e-01 1.163354615822688454e-02 -9.055470738730017066e-01
4.263121391782460079e-01 1.127344815196324596e-02 -9.045058706369411006e-01
4.284654240743919207e-01 1.091260497820321224e-02 -9.034922778228300366e-01
4.305462019303087917e-01 1.055106920507261140e-02 -9.025068662352005999e-01
4.325545625606944111e-01 1.018889267826307912e-02 -9.015501858094984167e-01
4.344906006902746198e-01 9.826126533321807854e-03 -9.006227655394746234e-01
4.363544155407645952e-01 9.462821208812827872e-03 -8.997251134159200969e-01
4.381461104317658783e-01 9.099026460308818481e-03 -8.988577163762307976e-01
4.398657923958685378e-01 8.734791375172610423e-03 -8.980210402643049594e-01
4.415135718082036642e-01 8.370164388087693308e-03 -8.972155298002838508e-01
4.430895620306684046e-01 8.005193297297267391e-03 -8.964416085596595973e-01
4.445938790710224908e-01 7.639925281511629647e-03 -8.956996789612879928e-01
4.460266412570345063e-01 7.274406917443974711e-03 -8.949901222638576570e-01
4.473879689258346559e-01 6.908684197935021677e-03 -8.943132985703806659e-01
4.486779841286107073e-01 6.542802550627223844e-03 -8.936695468402876541e-01
4.498968103507650085e-01 6.176806857149687129e-03 -8.930591849087239353e-01
4.510445722476310593e-01 5.810741472775337452e-03 -8.924825095126615038e-01
4.521213953958313492e-01 5.444650246512272931e-03 -8.919397963234585447e-01
4.531274060603404652e-01 5.078576541591674730e-03 -8.914312999855151798e-01
4.540627309773010434e-01 4.712563256315085818e-03 -8.909572541606928242e-01
4.549274971526250377e-01 4.346652845224325754e-03 -8.905178715781824073e-01
4.557218316763970156e-01 3.980887340557748462e-03 -8.901133440895262483e-01
4.564458615530826990e-01 3.615308373957022703e-03 -8.897438427285154772e-01
4.570997135475307616e-01 3.249957198389069428e-03 -8.894095177757066484e-01
4.576835140467443441e-01 2.884874710248251650e-03 -8.891104988273169640e-01
4.581973889373843201e-01 2.520101471604369123e-03 -8.888468948682807236e-01
4.586414634989557371e-01 2.155677732562468960e-03 -8.886187943492660501e-01
4.590158623126150972e-01 1.791643453700925452e-03 -8.884262652674718153e-01
4.593207091855271984e-01 1.428038328554691663e-03 -8.882693552510432244e-01
4.595561270906867724e-01 1.064901806111056420e-03 -8.881480916469656206e-01
4.597222381221113263e-01 7.022731132856677421e-04 -8.880624816123133813e-01
4.598191634653008286e-01 3.401912773470034323e-04 -8.880125122087503264e-01
4.598470233828488851e-01 -2.130485174212809214e-05 -8.879981505001991460e-01
4.598059372150820612e-01 -3.821765790970707197e-04 -8.880193436536126805e-01
4.596960233955926789e-01 -7.423853428284157493e-04 -8.880760190428019785e-01
4.595173994815218710e-01 -1.101892692133963356e-03 -8.881680843552918203e-01
4.592701821984408461e-01 -1.460660265595435311e-03 -8.882954277021939404e-01
4.589544874996679402e-01 -1.818649769709467044e-03 -8.884579177311053844e-01
4.585704306398509789e-01 -2.175822957682063425e-03 -8.886554037420567598e-01
4.581181262626354833e-01 -2.532141608515360836e-03 -8.888877158065526807e-01
4.575976885022290941e-01 -2.887567506415211586e-03 -8.891546648897629135e-01
4.570092310986655360e-01 -3.242062420547783645e-03 -8.894560429759389431e-01
4.563528675265601797e-01 -3.595588085173050293e-03 -8.897916231971467749e-01
4.556287111371419285e-01 -3.948106180182740094e-03 -8.901611599654214446e-01
4.548368753133362752e-01 -4.299578312070007069e-03 -8.905643891084645825e-01
4.539774736376647191e-01 -4.649965995357775196e-03 -8.910010280090190360e-01
4.530506200727171806e-01 -4.999230634512419509e-03 -8.914707757480699879e-01
4.520564291539433399e-01 -5.347333506369130775e-03 -8.919733132520334395e-01
4.509950161945003866e-01 -5.694235743095016691e-03 -8.925083034441061436e-01
4.498664975018834555e-01 -6.039898315715683773e-03 -8.930753913999638360e-01
4.486709906060559194e-01 -6.384282018230724026e-03 -8.936742045080032781e-01
4.474086144987856617e-01 -6.727347452343220013e-03 -8.943043526343371630e-01
4.460794898838832401e-01 -7.069055012828046221e-03 -8.949654282927577142e-01
4.446837394380271369e-01 -7.409364873563405521e-03 -8.956570068198960177e-01
4.432214880818499680e-01 -7.748236974249683891e-03 -8.963786465558116756e-01
4.416928632609485317e-01 -8.085631007839339662e-03 -8.971298890302533691e-01
4.400979952364691417e-01 -8.421506408701151525e-03 -8.979102591548403511e-01
4.384370173849079233e-01 -8.755822341541753123e-03 -8.987192654214182230e-01
4.367100665067534804e-01 -9.088537691106925859e-03 -8.995564001068474536e-01
4.349172831435882403e-01 -9.419611052684706901e-03 -9.004211394844890970e-01
4.330588119032510730e-01 -9.749000723431851603e-03 -9.013129440426522754e-01
4.311348017926525111e-01 -1.007666469454470207e-02 -9.022312587102728765e-01
4.291454065578202970e-01 -1.040256064429496280e-02 -9.031755130900915862e-01
4.270907850307409381e-01 -1.072664593195031199e-02 -9.041451216996017060e-01
4.249711014825490185e-01 -1.104887759259917841e-02 -9.051394842200348734e-01
4.227865259826041888e-01 -1.136921233289834264e-02 -9.061579857536513627e-01
4.205372347629813268e-01 -1.168760652776136034e-02 -9.071999970895986420e-01
4.182234105878870345e-01 -1.200401621800506295e-02 -9.082648749785985354e-01
4.158452431275022620e-01 -1.231839710897061901e-02 -9.093519624167168969e-01
4.134029293357370238e-01 -1.263070457013483125e-02 -9.104605889384649320e-01
4.108966738313711287e-01 -1.294089363572647339e-02 -9.115900709194724172e-01
4.083266892820409111e-01 -1.324891900636156368e-02 -9.127397118889667427e-01
4.056931967905192393e-01 -1.355473505171050225e-02 -9.139088028522799334e-01
4.029964262827238630e-01 -1.385829581420900194e-02 -9.150966226235969225e-01
4.002366168968760629e-01 -1.415955501382365998e-02 -9.163024381691449172e-01
3.974140173732194081e-01 -1.445846605388190903e-02 -9.175255049610122615e-01
3.945288864436974352e-01 -1.475498202797492255e-02 -9.187650673417698810e-01
3.915814932209761845e-01 -1.504905572794079313e-02 -9.200203589000536253e-01
3.885721175861878707e-01 -1.534063965293406932e-02 -9.212906028572493966e-01
3.855010505747607508e-01 -1.562968601958635018e-02 -9.225750124654051865e-01
3.823685947596903167e-01 -1.591614677326128394e-02 -9.238727914164760469e-01
3.791750646315977802e-01 -1.619997360040585643e-02 -9.251831342629873722e-01
3.759207869749134345e-01 -1.648111794199834737e-02 -9.265052268501817734e-01
3.726061012395140981e-01 -1.675953100809180613e-02 -9.278382467596930638e-01
3.692313599071371244e-01 -1.703516379345028017e-02 -9.291813637647664548e-01
3.657969288518873596e-01 -1.730796709427335003e-02 -9.305337402970231819e-01
3.623031876941477103e-01 -1.757789152600289576e-02 -9.318945319247390335e-01
3.587505301472003749e-01 -1.784488754220417070e-02 -9.332628878425839325e-01
3.551393643558622970e-01 -1.810890545451155492e-02 -9.346379513727410826e-01
3.514701132264360650e-01 -1.836989545362746265e-02 -9.360188604772968768e-01
3.477432147472774293e-01 -1.862780763136103607e-02 -9.374047482817658983e-01
3.439591222992802733e-01 -1.888259200369134597e-02 -9.387947436095840370e-01
3.401183049555817073e-01 -1.913419853483783531e-02 -9.401879715273754323e-01
3.362212477697932855e-01 -1.938257716231884045e-02 -9.415835539007676447e-01
3.322684520520689522e-01 -1.962767782297696745e-02 -9.429806099604978176e-01
3.282604356323254868e-01 -1.986945047994810240e-02 -9.443782568785241693e-01
3.241977331099394899e-01 -2.010784515054881219e-02 -9.457756103538218495e-01
3.200808960892537192e-01 -2.034281193505482754e-02 -9.471717852075141053e-01
3.159104934002359699e-01 -2.057430104634129509e-02 -9.485658959869549545e-01
3.116871113036461804e-01 -2.080226284035335826e-02 -9.499570575783492510e-01
3.074113536800814339e-01 -2.102664784737366330e-02 -9.513443858274618359e-01
3.030838422022834600e-01 -2.124740680405129770e-02 -9.527269981679384880e-01
2.987052164901116691e-01 -2.146449068615469136e-02 -9.541040142567263072e-01
2.942761342476026276e-01 -2.167785074200898748e-02 -9.554745566160519621e-01
2.897972713815583079e-01 -2.188743852657645469e-02 -9.568377512813839303e-01
2.852693221011277647e-01 -2.209320593613656181e-02 -9.581927284547741008e-01
2.806929989978710349e-01 -2.229510524352047718e-02 -9.595386231629453588e-01
2.760690331058202052e-01 -2.249308913385293304e-02 -9.608745759194609048e-01
2.713981739410797900e-01 -2.268711074075257725e-02 -9.621997333902831961e-01
2.666811895205383753e-01 -2.287712368294027993e-02 -9.635132490620036405e-01
2.619188663592944000e-01 -2.306308210120318683e-02 -9.648142839119960845e-01
2.571120094464310890e-01 -2.324494069566076029e-02 -9.661020070797234904e-01
2.522614421988102484e-01 -2.342265476327760887e-02 -9.673755965384024380e-01
2.473680063925900174e-01 -2.359618023556646002e-02 -9.686342397662069947e-01
2.424325620722088404e-01 -2.376547371642340548e-02 -9.698771344161736252e-01
2.374559874366165557e-01 -2.393049252003632762e-02 -9.711034889839481599e-01
2.324391787025731071e-01 -2.409119470880640573e-02 -9.723125234724984134e-01
2.273830499448766251e-01 -2.424753913122154950e-02 -9.735034700529007212e-01
2.222885329134247634e-01 -2.439948545961991705e-02 -9.746755737202932313e-01
2.171565768270562746e-01 -2.454699422778084880e-02 -9.758280929440779072e-01
2.119881481441643900e-01 -2.469002686828007317e-02 -9.769603003114425421e-01
2.067842303101181112e-01 -2.482854574954557539e-02 -9.780714831632663087e-01
2.015458234815733496e-01 -2.496251421255025332e-02 -9.791609442214663783e-01
1.962739442278025603e-01 -2.509189660707734915e-02 -9.802280022068412535e-01
1.909696252092178137e-01 -2.521665832749466277e-02 -9.812719924464623489e-01
1.856339148333096822e-01 -2.533676584797374398e-02 -9.822922674696704659e-01
1.802678768882713389e-01 -2.545218675709054121e-02 -9.832881975917346917e-01
1.748725901546253070e-01 -2.556288979174456064e-02 -9.842591714842385819e-01
1.694491479952167090e-01 -2.566884487033412737e-02 -9.852045967312680341e-01
1.639986579239846309e-01 -2.577002312512627694e-02 -9.861239003704845851e-01
1.585222411539697895e-01 -2.586639693376065197e-02 -9.870165294181838522e-01
1.530210321250627670e-01 -2.595793994982803499e-02 -9.878819513774529382e-01
1.474961780120424282e-01 -2.604462713246533806e-02 -9.887196547285618253e-01
1.419488382134993787e-01 -2.612643477491042102e-02 -9.895291494007426580e-01
1.363801838222824525e-01 -2.620334053196163304e-02 -9.903099672245365692e-01
1.307913970781492685e-01 -2.627532344628880426e-02 -9.910616623639119105e-01
1.251836708033428058e-01 -2.634236397354432560e-02 -9.917838117273889420e-01
1.195582078218563604e-01 -2.640444400622497106e-02 -9.924760153574331278e-01
1.139162203631870762e-01 -2.646154689623738537e-02 -9.931378967974161531e-01
1.082589294514155059e-01 -2.651365747612246734e-02 -9.937691034354754205e-01
1.025875642804829624e-01 -2.656076207889635638e-02 -9.943693068246429734e-01
9.690336157657176985e-02 -2.660284855646836630e-02 -9.949382029786513204e-01
9.120756494852406970e-02 -2.663990629659885104e-02 -9.954755126428671552e-01
8.550142422726378366e-02 -2.667192623836292867e-02 -9.959809815398437127e-01
7.978619479521244229e-02 -2.669890088608879719e-02 -9.964543805890304640e-01
7.406313690671381678e-02 -2.672082432174249095e-02 -9.968955061002210405e-01
6.833351500050374727e-02 -2.673769221573401092e-02 -9.973041799403703500e-01
6.259859700528039306e-02 -2.674950183612291241e-02 -9.976802496734576975e-01
5.685965363944681800e-02 -2.675625205620473998e-02 -9.980235886731245731e-01
5.111795770611104323e-02 -2.675794336046297475e-02 -9.983340962078639524e-01
4.537478338444005804e-02 -2.675457784887450355e-02 -9.986116974985901340e-01
3.963140551847203763e-02 -2.674615923956005434e-02 -9.988563437484688778e-01
3.388909890449666451e-02 -2.673269286977440068e-02 -9.990680121449413420e-01
2.814913757811565026e-02 -2.671418569523461087e-02 -9.992467058339244979e-01
2.241279410209547421e-02 -2.669064628778801407e-02 -9.993924538662263268e-01
1.668133885612090722e-02 -2.666208483142502167e-02 -9.995053111162645054e-01
1.095603932955207561e-02 -2.662851311664532136e-02 -9.995853581732284665e-01
5.238159418278869051e-03 -2.658994453318933027e-02 -9.996327012048790150e-01
-4.710412732450812434e-04 -2.654639406115019001e-02 -9.996474717942279709e-01
-6.170308123720952970e-03 -2.649787826048480635e-02 -9.996298267493913814e-01
-1.185839217942491995e-02 -2.644441525894570405e-02 -9.995799478869601407e-01
-1.753405083029868292e-02 -2.638602473845865978e-02 -9.994980417892789237e-01
-2.319604847670125869e-02 -2.632272791997409059e-02 -9.993843395360714199e-01
-2.884315718583749938e-02 -2.625454754682322520e-02 -9.992390964108963658e-01
-3.447415733690577244e-02 -2.618150786661297205e-02 -9.990625915829630665e-01
-4.008783825403652856e-02 -2.610363461169617344e-02 -9.988551277648763937e-01
-4.568299882612476825e-02 -2.602095497825666209e-02 -9.986170308469239920e-01
-5.125844811269292950e-02 -2.593349760405100693e-02 -9.983486495085563961e-01
-5.681300593495595963e-02 -2.584129254485140192e-02 -9.980503548077481746e-01
-6.234550345129754451e-02 -2.574437124963630322e-02 -9.977225397489627445e-01
-6.785478371640514539e-02 -2.564276653457770935e-02 -9.973656188304778070e-01
-7.333970222335188527e-02 -2.553651255587590513e-02 -9.969800275718572191e-01
-7.879912742795483482e-02 -2.542564478149439769e-02 -9.965662220223856504e-01
-8.423194125478240812e-02 -2.531019996184947704e-02 -9.961246782513056841e-01
-8.963703958422714058e-02 -2.519021609951040824e-02 -9.956558918207245590e-01
-9.501333272010549502e-02 -2.506573241796761914e-02 -9.951603772420742899e-01
-1.003597458372916112e-01 -2.493678932952752419e-02 -9.946386674170325515e-01
-1.056752194089385366e-01 -2.480342840239369018e-02 -9.940913130638237005e-01
-1.109587096128870631e-01 -2.466569232699494796e-02 -9.935188821298366335e-01
-1.162091887169095783e-01 -2.452362488162181109e-02 -9.929219591915046106e-01
-1.214256454424833959e-01 -2.437727089743317588e-02 -9.923011448424035041e-01
-1.266070853068358149e-01 -2.422667622289562811e-02 -9.916570550705291476e-01
-1.317525309430497560e-01 -2.407188768771805279e-02 -9.909903206257197894e-01
-1.368610223980665508e-01 -2.391295306634422940e-02 -9.903015863781905459e-01
-1.419316174084682691e-01 -2.374992104106615765e-02 -9.895915106691455243e-01
-1.469633916539687946e-01 -2.358284116482058101e-02 -9.888607646544317342e-01
-1.519554389885876544e-01 -2.341176382373085299e-02 -9.881100316421909113e-01
-1.569068716495258531e-01 -2.323674019945580829e-02 -9.873400064254597153e-01
-1.618168204438062974e-01 -2.305782223140666332e-02 -9.865513946106584386e-01
-1.666844349127844238e-01 -2.287506257889217187e-02 -9.857449119428967066e-01
-1.715088834746763824e-01 -2.268851458325141582e-02 -9.849212836290099915e-01
-1.762893535452926264e-01 -2.249823223003256586e-02 -9.840812436592263346e-01
-1.810250516372039209e-01 -2.230427011127480291e-02 -9.832255341283454575e-01
-1.857152034376047534e-01 -2.210668338794934476e-02 -9.823549045572911309e-01
-1.903590538651756259e-01 -2.190552775261420462e-02 -9.814701112158805696e-01
-1.949558671062805171e-01 -2.170085939233578828e-02 -9.805719164476293104e-01
-1.995049266308694669e-01 -2.149273495192895525e-02 -9.796610879973883801e-01
-2.040055351884876300e-01 -2.128121149756551089e-02 -9.787383983425853584e-01
-2.084570147848226196e-01 -2.106634648079941385e-02 -9.778046240288155166e-01
-2.128587066392501059e-01 -2.084819770305514769e-02 -9.768605450105006804e-01
-2.172099711238645592e-01 -2.062682328062395362e-02 -9.759069439973090399e-01
-2.215101876845067264e-01 -2.040228161021064718e-02 -9.749446058069963783e-01
-2.257587547443226650e-01 -2.017463133507184717e-02 -9.739743167253029910e-01
-2.299550895904106940e-01 -1.994393131178442274e-02 -9.729968638735100317e-01
-2.340986282441318844e-01 -1.971024057768093474e-02 -9.720130345842271646e-01
-2.381888253156778934e-01 -1.947361831898684198e-02 -9.710236157859548634e-01
-2.422251538435055696e-01 -1.923412383969210979e-02 -9.700293933969319493e-01
-2.462071051192623872e-01 -1.899181653118778290e-02 -9.690311517287486520e-01
-2.501341884988391162e-01 -1.874675584269598974e-02 -9.680296729001740541e-01
-2.540059312001967662e-01 -1.849900125251973185e-02 -9.670257362616158092e-01
-2.578218780886246120e-01 -1.824861224013668570e-02 -9.660201178305977132e-01
-2.615815914500925765e-01 -1.799564825915919708e-02 -9.650135897386119543e-01
-2.652846507533679898e-01 -1.774016871118046582e-02 -9.640069196896700054e-01
-2.689306524015708244e-01 -1.748223292052497255e-02 -9.630008704308473666e-01
-2.725192094738436710e-01 -1.722190010991902012e-02 -9.619961992350870572e-01
-2.760499514578149682e-01 -1.695922937709535075e-02 -9.609936573964973361e-01
-2.795225239735332212e-01 -1.669427967234373561e-02 -9.599939897383501508e-01
-2.829365884895482242e-01 -1.642710977701751854e-02 -9.589979341339602836e-01
-2.862918220318135254e-01 -1.615777828300413166e-02 -9.580062210405952960e-01
-2.895879168860789887e-01 -1.588634357316579329e-02 -9.570195730465417272e-01
-2.928245802944378640e-01 -1.561286380275468851e-02 -9.560387044314270222e-01
-2.960015341466863403e-01 -1.533739688180519971e-02 -9.550643207398701318e-01
-2.991185146671456185e-01 -1.506000045850399913e-02 -9.540971183685118540e-01
-3.021752720975883211e-01 -1.478073190353713581e-02 -9.531377841664508965e-01
-3.051715703769018462e-01 -1.449964829541161050e-02 -9.521869950490905454e-01
-3.081071868181102791e-01 -1.421680640674737386e-02 -9.512454176253800631e-01
-3.109819117833659829e-01 -1.393226269153415020e-02 -9.503137078384122916e-01
-3.137955483575098903e-01 -1.364607327334602799e-02 -9.493925106193231711e-01
-3.165479120207864150e-01 -1.335829393450538131e-02 -9.484824595544180115e-01
-3.192388303212862488e-01 -1.306898010618630715e-02 -9.475841765654333670e-01
-3.218681425476762614e-01 -1.277818685944651089e-02 -9.466982716028271572e-01
-3.244356994027610130e-01 -1.248596889717533236e-02 -9.458253423519747960e-01
-3.269413626784059557e-01 -1.219238054694446460e-02 -9.449659739521346635e-01
-3.293850049323370222e-01 -1.189747575474677660e-02 -9.441207387280337038e-01
-3.317665091673152045e-01 -1.160130807960764801e-02 -9.432901959339125009e-01
-3.340857685131696231e-01 -1.130393068905222349e-02 -9.424748915098573043e-01
-3.363426859121554369e-01 -1.100539635541105364e-02 -9.416753578502372601e-01
-3.385371738080872883e-01 -1.070575745294575012e-02 -9.408921135840568883e-01
-3.406691538396814378e-01 -1.040506595577543776e-02 -9.401256633670248553e-01
-3.427385565385243638e-01 -1.010337343658406113e-02 -9.393764976851344262e-01
-3.447453210320670092e-01 -9.800731066087873047e-03 -9.386450926695443231e-01
-3.466893947520285901e-01 -9.497189613241788578e-03 -9.379319099225437162e-01
-3.485707331485756177e-01 -9.192799446162705501e-03 -9.372373963543824127e-01
-3.503892994106259651e-01 -8.887610533747312622e-03 -9.365619840307420896e-01
-3.521450641926099356e-01 -8.581672447961433831e-03 -9.359060900306235276e-01
-3.538380053480044696e-01 -8.275034366777478737e-03 -9.352701163144234719e-01
-3.554681076699389708e-01 -7.967745077736180376e-03 -9.346544496019733028e-01
-3.570353626391553625e-01 -7.659852982108413672e-03 -9.340594612603116964e-01
-3.585397681795881031e-01 -7.351406099632585601e-03 -9.334855072009652366e-01
-3.599813284218139620e-01 -7.042452073802782722e-03 -9.329329277865119341e-01
-3.613600534746046478e-01 -6.733038177682628377e-03 -9.324020477462048317e-01
-3.626759592048004466e-01 -6.423211320219592881e-03 -9.318931761004353165e-01
-3.639290670257062099e-01 -6.113018053034313497e-03 -9.314066060938203107e-01
-3.651194036941963761e-01 -5.802504577659354373e-03 -9.309426151367000690e-01
-3.662470011167001660e-01 -5.491716753201716060e-03 -9.305014647548394136e-01
-3.673118961642228841e-01 -5.180700104403327885e-03 -9.300834005471291244e-01
-3.683141304965448226e-01 -4.869499830073714848e-03 -9.296886521510902002e-01
-3.692537503957246114e-01 -4.558160811868987305e-03 -9.293174332159895856e-01
-3.701308066090192583e-01 -4.246727623391319088e-03 -9.289699413833822916e-01
-3.709453542013197991e-01 -3.935244539583106563e-03 -9.286463582749020507e-01
-3.716974524171870464e-01 -3.623755546390035852e-03 -9.283468494871285337e-01
-3.723871645525584362e-01 -3.312304350667364360e-03 -9.280715645933681479e-01
-3.730145578361844794e-01 -3.000934390303819019e-03 -9.278206371521914297e-01
-3.735797033208390627e-01 -2.689688844537609959e-03 -9.275941847225792625e-01
-3.740826757843361272e-01 -2.378610644439193601e-03 -9.273923088855370311e-01
-3.745235536403722088e-01 -2.067742483535563603e-03 -9.272150952720459305e-01
-3.749024188592020579e-01 -1.757126828551002894e-03 -9.270626135972259707e-01
-3.752193568981423422e-01 -1.446805930239414371e-03 -9.269349177005972162e-01
-3.754744566418868890e-01 -1.136821834283527777e-03 -9.268320455923318990e-01
-3.756678103526051027e-01 -8.272163922364909839e-04 -9.267540195053997065e-01
-3.757995136297834771e-01 -5.180312724815672176e-04 -9.267008459535172049e-01
-3.758696653797591880e-01 -2.093079711858881055e-04 -9.266725157948200176e-01
-3.758783677948837609e-01 9.891217677554449720e-05 -9.266690043011871492e-01
-3.758257263422433714e-01 4.065879869491660311e-04 -9.266902712331528402e-01
-3.757118497618520681e-01 7.136784145087577552e-04 -9.267362609203516621e-01
-3.755368500742236049e-01 1.020142543560976535e-03 -9.268069023474501122e-01
-3.753008425972169104e-01 1.325939576573237659e-03 -9.269021092455261845e-01
-3.750039459720402313e-01 1.631028823946392963e-03 -9.270217801888673836e-01
-3.746462821982883273e-01 1.935369693754332996e-03 -9.271657986971634235e-01
-3.742279766778782157e-01 2.238921681672332350e-03 -9.273340333430801774e-01
-3.737491582677374136e-01 2.541644361115626138e-03 -9.275263378652068846e-01
-3.732099593410905802e-01 2.843497373609370823e-03 -9.277425512863763934e-01
-3.726105158571795251e-01 3.144440419410790034e-03 -9.279824980373651000e-01
-3.719509674392428300e-01 3.444433248403951271e-03 -9.282459880859863510e-01
-3.712314574605710127e-01 3.743435651287245741e-03 -9.285328170715961837e-01
-3.704521331384451055e-01 4.041407451073258938e-03 -9.288427664450369381e-01
-3.696131456357559242e-01 4.338308494920331201e-03 -9.291756036140500497e-01
-3.687146501700928058e-01 4.634098646314688090e-03 -9.295310820941939944e-01
-3.677568061300818258e-01 4.928737777621618014e-03 -9.299089416653079088e-01
-3.667397771987436217e-01 5.222185763023721311e-03 -9.303089085335665143e-01
-3.656637314836331254e-01 5.514402471863817830e-03 -9.307306954991750869e-01
-3.645288416535137355e-01 5.805347762409642128e-03 -9.311740021297575387e-01
-3.633352850813104107e-01 6.094981476056962263e-03 -9.316385149394927900e-01
-3.620832439930775637e-01 6.383263431987283749e-03 -9.321239075740572755e-01
-3.607729056227086395e-01 6.670153422295772849e-03 -9.326298410014342011e-01
-3.594044623721062703e-01 6.955611207604525149e-03 -9.331559637086505044e-01
-3.579781119765239050e-01 7.239596513175748475e-03 -9.337019119045044668e-01
-3.564940576747808731e-01 7.522069025538875853e-03 -9.342673097283469286e-01
-3.549525083840456841e-01 7.802988389645037007e-03 -9.348517694649781662e-01
-3.533536788788738114e-01 8.082314206561731426e-03 -9.354548917657240503e-01
-3.516977899741793867e-01 8.360006031719914577e-03 -9.360762658757507682e-01
-3.499850687118113979e-01 8.636023373725081748e-03 -9.367154698676788405e-01
-3.482157485503993843e-01 8.910325693743260944e-03 -9.373720708815518332e-01
-3.463900695581245137e-01 9.182872405472176577e-03 -9.380456253712150527e-01
-3.445082786080667092e-01 9.453622875707112794e-03 -9.387356793571531854e-01
-3.425706295757707798e-01 9.722536425510297509e-03 -9.394417686858342886e-01
-3.405773835386686210e-01 9.989572331991910040e-03 -9.401634192956005442e-01
-3.385288089769876718e-01 1.025468983070999818e-02 -9.409001474891431904e-01
-3.364251819757708706e-01 1.051784811869585674e-02 -9.416514602125910516e-01
-3.342667864276270273e-01 1.077900635811059223e-02 -9.424168553412367588e-01
-3.320539142358254758e-01 1.103812368053775153e-02 -9.431958219719182024e-01
-3.297868655173440966e-01 1.129515919191607237e-02 -9.439878407220636536e-01
-3.274659488054752488e-01 1.155007197811552290e-02 -9.447923840354023328e-01
-3.250914812515897090e-01 1.180282111115891000e-02 -9.456089164943319858e-01
-3.226637888256554954e-01 1.205336565609041975e-02 -9.464368951389275919e-01
-3.201832065151046236e-01 1.230166467849151506e-02 -9.472757697925640041e-01
-3.176500785216385125e-01 1.254767725264369083e-02 -9.481249833941154392e-01
-3.150647584555602565e-01 1.279136247033655499e-02 -9.489839723366841895e-01
-3.124276095272199849e-01 1.303267945031879455e-02 -9.498521668127996032e-01
-3.097390047351583076e-01 1.327158734838850343e-02 -9.507289911660165016e-01
-3.069993270505326222e-01 1.350804536811837757e-02 -9.516138642488294330e-01
-3.042089695974102836e-01 1.374201277221021728e-02 -9.525061997868078389e-01
-3.013683358285133007e-01 1.397344889447214508e-02 -9.534054067488433315e-01
-2.984778396960005575e-01 1.420231315241087672e-02 -9.543108897233865129e-01
-2.955379058168751683e-01 1.442856506043029875e-02 -9.552220493005384450e-01
-2.925489696326067368e-01 1.465216424362654653e-02 -9.561382824598464447e-01
-2.895114775625619585e-01 1.487307045216867615e-02 -9.570589829636401147e-01
-2.864258871508405524e-01 1.509124357625292456e-02 -9.579835417557297506e-01
-2.832926672061176210e-01 1.530664366161746393e-02 -9.589113473652732811e-01
-2.801122979340998076e-01 1.551923092560346558e-02 -9.598417863156034624e-01
-2.768852710622076718e-01 1.572896577374716109e-02 -9.607742435377930601e-01
-2.736120899561043651e-01 1.593580881688653680e-02 -9.617081027887184330e-01
-2.702932697276976270e-01 1.613972088876516886e-02 -9.626427470733696090e-01
-2.669293373342510600e-01 1.634066306411465982e-02 -9.635775590711368466e-01
-2.635208316682493002e-01 1.653859667719606227e-02 -9.645119215657914635e-01
-2.600683036376724155e-01 1.673348334077957508e-02 -9.654452178788607286e-01
-2.565723162363448551e-01 1.692528496554084050e-02 -9.663768323060850651e-01
-2.530334446040365393e-01 1.711396377985108935e-02 -9.673061505566278306e-01
-2.494522760760057856e-01 1.729948234993736872e-02 -9.682325601946958349e-01
-2.458294102216871946e-01 1.748180360038818770e-02 -9.691554510832133262e-01
-2.421654588722412793e-01 1.766089083497890747e-02 -9.700742158291794093e-01
-2.384610461366978573e-01 1.783670775779027176e-02 -9.709882502303238683e-01
-2.347168084064406579e-01 1.800921849459266935e-02 -9.718969537226651578e-01
-2.309333943477966666e-01 1.817838761446780027e-02 -9.727997298285595562e-01
-2.271114648825112714e-01 1.834418015163861299e-02 -9.736959866048211509e-01
-2.232516931559076767e-01 1.850656162747767869e-02 -9.745851370904782263e-01
-2.193547644925477325e-01 1.866549807266336403e-02 -9.754665997537225186e-01
-2.154213763392305858e-01 1.882095604945255296e-02 -9.763397989375970365e-01
-2.114522381951849661e-01 1.897290267403800232e-02 -9.772041653039584830e-01
-2.074480715293317568e-01 1.912130563895787783e-02 -9.780591362752422135e-01
-2.034096096845143808e-01 1.926613323552447965e-02 -9.789041564735493361e-01
-1.993375977686156764e-01 1.940735437623873280e-02 -9.797386781565682323e-01
-1.952327925325024194e-01 1.954493861715658753e-02 -9.805621616498377824e-01
-1.910959622347610243e-01 1.967885618017317303e-02 -9.813740757748526944e-01
-1.869278864932102657e-01 1.980907797519027361e-02 -9.821738982725087830e-01
-1.827293561232009589e-01 1.993557562213248494e-02 -9.829611162213813813e-01
-1.785011729627351829e-01 2.005832147277727268e-02 -9.837352264503284038e-01
-1.742441496844619742e-01 2.017728863236409667e-02 -9.844957359449088008e-01
-1.699591095946302033e-01 2.029245098094780569e-02 -9.852421622471061458e-01
-1.656468864191031620e-01 2.040378319446152847e-02 -9.859740338478486521e-01
-1.613083240765640081e-01 2.051126076545447749e-02 -9.866908905718186906e-01
-1.569442764390652501e-01 2.061486002347032859e-02 -9.873922839540486551e-01
-1.525556070800991315e-01 2.071455815503212006e-02 -9.880777776078034647e-01
-1.481431890103908355e-01 2.081033322319997964e-02 -9.887469475832567634e-01
-1.437079044016390250e-01 2.090216418666850789e-02 -9.893993827164732080e-01
