0.000000000000000000e+00 0.000000000000000000e+00 1.000000000000000000e+00
-7.121812966865550068e-05 6.956254576095607673e-05 9.999999950445150887e-01
-2.138962650650361500e-04 2.084341019310059979e-04 9.999999554018054182e-01
-4.282753665517866873e-04 4.163602792179357782e-04 9.999998216121481764e-01
-7.145954546254288265e-04 6.930858170000827895e-04 9.999995044925704679e-01
-1.073095574937564826e-03 1.038354555863154130e-03 9.999988851422302316e-01
-1.504013752368826319e-03 1.451909400218907853e-03 9.999978149484759493e-01
-2.007586934019301578e-03 1.933492271163284731e-03 9.999961155936255564e-01
-2.584050920981108279e-03 2.482844049733231966e-03 9.999935790625170684e-01
-3.233640288760756057e-03 3.099704510723113975e-03 9.999899676508905433e-01
-3.956588296220998717e-03 3.783812247223278420e-03 9.999850139746755406e-01
-4.753126782913978318e-03 4.534904586045036476e-03 9.999784209802634605e-01
-5.623486054679661429e-03 5.352717494198022674e-03 9.999698619558592405e-01
-6.567894757385844481e-03 6.236985476587637856e-03 9.999589805440125545e-01
-7.586579738688375638e-03 7.187441465102028214e-03 9.999453907554424203e-01
-8.679765897692719515e-03 8.203816699259855807e-03 9.999286769842768985e-01
-9.847676022400584511e-03 9.285840598591910480e-03 9.999083940248404412e-01
-1.109053061482806468e-02 1.043324062693148924e-02 9.998840670901314454e-01
-1.240854770368456442e-02 1.164574214879031053e-02 9.998551918321421095e-01
-1.380194264450482731e-02 1.292306827799867552e-02 9.998212343641840194e-01
-1.527092790712950184e-02 1.426493971879049839e-02 9.997816312853898824e-01
-1.681571285043300876e-02 1.567107459951581905e-02 9.997357897075752620e-01
-1.843650348420100213e-02 1.714118829916539202e-02 9.996830872846508287e-01
-2.013350221806335660e-02 1.867499326689397304e-02 9.996228722447871862e-01
-2.190690759739255533e-02 2.027219883473099088e-02 9.995544634255435490e-01
-2.375691402608140143e-02 2.193251102366931132e-02 9.994771503121800960e-01
-2.568371147611833369e-02 2.365563234332495463e-02 9.993901930793855914e-01
-2.768748518388317037e-02 2.544126158536266086e-02 9.992928226366586397e-01
-2.976841533309090501e-02 2.728909361088435390e-02 9.991842406775922614e-01
-3.192667672431622611e-02 2.919881913197963294e-02 9.990636197333196966e-01
-3.416243843103676514e-02 3.117012448763955071e-02 9.989301032303891104e-01
-3.647586344213871179e-02 3.320269141423703996e-02 9.987828055533433114e-01
-3.886710829083422913e-02 3.529619681077943161e-02 9.986208121122904791e-01
-4.133632266994647503e-02 3.745031249914056171e-02 9.984431794157598850e-01
-4.388364903352431901e-02 3.966470497948205998e-02 9.982489351491455887e-01
-4.650922218475590092e-02 4.193903518107529316e-02 9.980370782590500811e-01
-4.921316885015720316e-02 4.427295820873759780e-02 9.978065790438479521e-01
-5.199560724001934392e-02 4.666612308509807128e-02 9.975563792507988747e-01
-5.485664659510627872e-02 4.911817248891031662e-02 9.972853921800455268e-01
-5.779638671960267426e-02 5.162874248963102153e-02 9.969925027958425057e-01
-6.081491750032048255e-02 5.419746227848517423e-02 9.966765678453692878e-01
-6.391231841218170118e-02 5.682395389624017579e-02 9.963364159854867230e-01
-6.708865801000420126e-02 5.950783195791253810e-02 9.959708479178074336e-01
-7.034399340662732258e-02 6.224870337463241088e-02 9.955786365324541531e-01
-7.367836973742419859e-02 6.504616707289222199e-02 9.951585270608902523e-01
-7.709181961125848026e-02 6.789981371140686728e-02 9.947092372382124736e-01
-8.058436254795403597e-02 7.080922539581391284e-02 9.942294574753031133e-01
-8.415600440235808388e-02 7.377397539144282812e-02 9.937178510412451038e-01
-8.780673677508978037e-02 7.679362783438313522e-02 9.931730542564113362e-01
-9.153653641007913899e-02 7.986773744108151274e-02 9.925936766966434455e-01
-9.534536457901385265e-02 8.299584921669815596e-02 9.919783014089443851e-01
-9.923316645282499737e-02 8.617749816245272310e-02 9.913254851391122280e-01
-1.031998704603565992e-01 8.941220898218980861e-02 9.906337585717492900e-01
-1.072453876343781726e-01 9.269949578839345450e-02 9.899016265830866690e-01
-1.113696109451144667e-01 9.603886180787932214e-02 9.891275685070678447e-01
-1.155724146214817671e-01 9.942979908739227324e-02 9.883100384151409790e-01
-1.198536534602360343e-01 1.028717881993353733e-01 9.874474654102137761e-01
-1.242131621232544225e-01 1.063642979478551659e-01 9.865382539352278712e-01
-1.286507544231887956e-01 1.099067850755055809e-01 9.855807840968155986e-01
-1.331662225977466862e-01 1.134986939707109121e-01 9.845734120045042115e-01
-1.377593365728737862e-01 1.171394563762453711e-01 9.835144701259356248e-01
-1.424298432151294147e-01 1.208284910989437522e-01 9.824022676585736358e-01
-1.471774655735662019e-01 1.245652037208545004e-01 9.812350909183731318e-01
-1.520019021114440150e-01 1.283489863120424179e-01 9.800112037458871272e-01
-1.569028259281280702e-01 1.321792171452442488e-01 9.787288479302899136e-01
-1.618798839715418214e-01 1.360552604125757348e-01 9.773862436517966046e-01
-1.669326962415657312e-01 1.399764659444836523e-01 9.759815899429592490e-01
-1.720608549847944257e-01 1.439421689311310704e-01 9.745130651693223456e-01
-1.772639238810869156e-01 1.479516896463979048e-01 9.729788275299185996e-01
-1.825414372223661819e-01 1.520043331746729065e-01 9.713770155780870885e-01
-1.878928990841478575e-01 1.560993891406061429e-01 9.697057487630966754e-01
-1.933177824903005715e-01 1.602361314419837868e-01 9.679631279930530630e-01
-1.988155285715642040e-01 1.644138179858796456e-01 9.661472362195706598e-01
-2.043855457183766655e-01 1.686316904282293694e-01 9.642561390446861003e-01
-2.100272087285840472e-01 1.728889739169649220e-01 9.622878853504879260e-01
-2.157398579506340508e-01 1.771848768388376016e-01 9.602405079519366060e-01
-2.215227984228781699e-01 1.815185905700484326e-01 9.581120242733425219e-01
-2.273752990096333804e-01 1.858892892307950351e-01 9.559004370489688762e-01
-2.332965915346807972e-01 1.902961294438328399e-01 9.536037350482209352e-01
-2.392858699129045419e-01 1.947382500971386876e-01 9.512198938258779046e-01
-2.453422892808016231e-01 1.992147721107525304e-01 9.487468764978200797e-01
-2.514649651266200325e-01 2.037247982078618513e-01 9.461826345426966878e-01
-2.576529724209104533e-01 2.082674126901808143e-01 9.435251086299752954e-01
-2.639053447483036274e-01 2.128416812176638639e-01 9.407722294748048775e-01
-2.702210734413548754e-01 2.174466505925803927e-01 9.379219187201190966e-01
-2.765991067173239060e-01 2.220813485479637417e-01 9.349720898463982355e-01
-2.830383488187876995e-01 2.267447835404343692e-01 9.319206491094992328e-01
-2.895376591590119175e-01 2.314359445473827825e-01 9.287654965069538360e-01
-2.960958514730360203e-01 2.361538008684838930e-01 9.255045267731277780e-01
-3.027116929754550823e-01 2.408973019314996633e-01 9.221356304036211204e-01
-3.093839035259116632e-01 2.456653771023125377e-01 9.186566947092797975e-01
-3.161111548033385121e-01 2.504569354991170727e-01 9.150656049001791859e-01
-3.228920694900239141e-01 2.552708658106825346e-01 9.113602451999247567e-01
-3.297252204665989672e-01 2.601060361185834058e-01 9.075384999906068728e-01
-3.366091300190764413e-01 2.649612937232808663e-01 9.035982549887292548e-01
-3.435422690590996808e-01 2.698354649739218014e-01 8.995373984524202005e-01
-3.505230563585884918e-01 2.747273551017083704e-01 8.953538224202195472e-01
-3.575498577999990379e-01 2.796357480566749043e-01 8.910454239817190425e-01
-3.646209856434423635e-01 2.845594063476953872e-01 8.866101065803194681e-01
-3.717346978119361323e-01 2.894970708855294506e-01 8.820457813483498777e-01
-3.788891971960914873e-01 2.944474608287012685e-01 8.773503684747783193e-01
-3.860826309795655220e-01 2.994092734319922511e-01 8.725217986057242081e-01
-3.933130899866382202e-01 3.043811838973142780e-01 8.675580142779659720e-01
-4.005786080532996452e-01 3.093618452267189456e-01 8.624569713856163888e-01
-4.078771614232608589e-01 3.143498880772852000e-01 8.572166406801188243e-01
-4.152066681703286410e-01 3.193439206176171274e-01 8.518350093036972659e-01
-4.225649876486107792e-01 3.243425283856728458e-01 8.463100823563709518e-01
-4.299499199720441256e-01 3.293442741476366176e-01 8.406398844966215256e-01
-4.373592055247634280e-01 3.343476977575373099e-01 8.348224615757792177e-01
-4.447905245038536459e-01 3.393513160173089460e-01 8.288558823061689118e-01
-4.522414964960525530e-01 3.443536225369836501e-01 8.227382399630327470e-01
-4.597096800899939106e-01 3.493530875947021830e-01 8.164676541202213755e-01
-4.671925725256046436e-01 3.543481579962235450e-01 8.100422724196176816e-01
-4.746876093822910425e-01 3.593372569336146793e-01 8.034602723742301222e-01
-4.821921643075702257e-01 3.643187838427999758e-01 7.967198632048657636e-01
-4.897035487878242943e-01 3.692911142596529972e-01 7.898192877102615528e-01
-4.972190119628724925e-01 3.742525996743162886e-01 7.827568241705241681e-01
-5.047357404860767227e-01 3.792015673834410183e-01 7.755307882836958155e-01
-5.122508584317121416e-01 3.841363203400461890e-01 7.681395351352334755e-01
-5.197614272513506606e-01 3.890551370007075405e-01 7.605814612001523534e-01
-5.272644457810219398e-01 3.939562711697991437e-01 7.528550063775538703e-01
-5.347568503009276775e-01 3.988379518405257840e-01 7.449586560572191152e-01
-5.422355146494999278e-01 4.036983830325024947e-01 7.368909432179155949e-01
-5.496972503936041754e-01 4.085357436256588093e-01 7.286504505570239321e-01
-5.571388070566981598e-01 4.133481871902683902e-01 7.202358126510546299e-01
-5.645568724067644428e-01 4.181338418129325607e-01 7.116457181465831727e-01
-5.719480728058434771e-01 4.228908099183757985e-01 7.028789119810908703e-01
-5.793089736229966036e-01 4.276171680869451097e-01 6.939341976331545592e-01
-5.866360797125327320e-01 4.323109668677422857e-01 6.848104394013856400e-01
-5.939258359593333481e-01 4.369702305873583992e-01 6.755065647114709693e-01
-6.011746278931093812e-01 4.415929571542244192e-01 6.660215664506223820e-01
-6.083787823734212452e-01 4.461771178586401709e-01 6.563545053286917730e-01
-6.155345683472879248e-01 4.507206571685949958e-01 6.465045122651577048e-01
-6.226381976812028762e-01 4.552214925215512520e-01 6.364707908011392190e-01
-6.296858260693664056e-01 4.596775141124200825e-01 6.262526195355353487e-01
-6.366735540199298660e-01 4.640865846780247717e-01 6.158493545843364281e-01
-6.435974279210333604e-01 4.684465392784152304e-01 6.052604320620940115e-01
-6.504534411883999834e-01 4.727551850754699303e-01 5.944853705844765912e-01
-6.572375354962292082e-01 4.770103011092994838e-01 5.835237737907783551e-01
-6.639456020931077118e-01 4.812096380730481182e-01 5.723753328851840516e-01
-6.705734832046289506e-01 4.853509180867754402e-01 5.610398291955276395e-01
-6.771169735243819376e-01 4.894318344711917068e-01 5.495171367482153402e-01
-6.835718217949355857e-01 4.934500515221161288e-01 5.378072248579146564e-01
-6.899337324804071248e-01 4.974032042866270986e-01 5.259101607305383119e-01
-6.961983675321600229e-01 5.012888983419778732e-01 5.138261120779783475e-01
-7.023613482491325444e-01 5.051047095784608754e-01 5.015553497429706686e-01
-7.084182572342460071e-01 5.088481839875163004e-01 4.890982503323896280e-01
-7.143646404482872914e-01 5.125168374564994522e-01 4.764552988571933989e-01
-7.201960093626010861e-01 5.161081555716430236e-01 4.636270913771564639e-01
-7.259078432118614144e-01 5.196195934308758257e-01 4.506143376484401664e-01
-7.314955913481232530e-01 5.230485754682920874e-01 4.374178637719643992e-01
-7.369242874427054391e-01 5.263633326656489420e-01 4.241276183061067906e-01
-7.421923058286186148e-01 5.295638808367867378e-01 4.107464878602938296e-01
-7.472980695102690030e-01 5.326502435564101079e-01 3.972773758384017806e-01
-7.522400507233202305e-01 5.356224514056014963e-01 3.837232018596002936e-01
-7.570167714743427645e-01 5.384805412342705822e-01 3.700869011810365428e-01
-7.616268040603443312e-01 5.412245554414653048e-01 3.563714241223591150e-01
-7.660687715682792387e-01 5.438545412744467678e-01 3.425797354920714355e-01
-7.703413483546385221e-01 5.463705501473999915e-01 3.287148140156939125e-01
-7.744432605052290475e-01 5.487726369806278370e-01 3.147796517657048265e-01
-7.783732862752494874e-01 5.510608595610442251e-01 3.007772535932206059e-01
-7.821302565097755233e-01 5.532352779247556862e-01 2.867106365613679708e-01
-7.857130550447658512e-01 5.552959537624887476e-01 2.725828293802903257e-01
-7.891206190887012362e-01 5.572429498485902410e-01 2.583968718437241741e-01
-7.923519395849675240e-01 5.590763294942978634e-01 2.441558142670726406e-01
-7.954060615550914148e-01 5.607961560259445699e-01 2.298627169268959991e-01
-7.982820844229358004e-01 5.624024922887292943e-01 2.155206495017319146e-01
-8.009791623199568056e-01 5.638954001766526281e-01 2.011326905141518628e-01
-8.034965043716217892e-01 5.652749401891845604e-01 1.867019267739535304e-01
-8.058333749650812283e-01 5.665411710151950775e-01 1.722314528223837515e-01
-8.079890939981818621e-01 5.676941491446456656e-01 1.577243703772806260e-01
-8.099630371099031390e-01 5.687339285085056817e-01 1.431837877790193281e-01
-8.117546358922905769e-01 5.696605601473209157e-01 1.286128194371412570e-01
-8.133633780839535365e-01 5.704740919088272522e-01 1.140145852775422824e-01
-8.147888077451854727e-01 5.711745681749665904e-01 9.939221019009279734e-02
-8.160305254147578458e-01 5.717620296186262108e-01 8.474882347655897374e-02
-8.170881882484282155e-01 5.722365129903866920e-01 7.008755829869228737e-02
-8.179615101391953802e-01 5.725980509355262926e-01 5.541155112635264696e-02
-8.186502618193244318e-01 5.728466718414940706e-01 4.072394118552868925e-02
-8.191542709441546055e-01 5.729823997160264915e-01 2.602786990611812012e-02
-8.194734221576924771e-01 5.730052540960455243e-01 1.132648036933045672e-02
-8.196076571399846245e-01 5.729152499874391458e-01 -3.377083245425370472e-03
-8.195569746362518782e-01 5.727123978357879786e-01 -1.807967621430555880e-02
-8.193214304677587378e-01 5.723967035280639326e-01 -3.277815382358394147e-02
-8.189011375243795410e-01 5.719681684252909681e-01 -4.746937192512677012e-02
-8.182962657388151984e-01 5.714267894261182423e-01 -6.215018749292195582e-02
-8.175070420424033202e-01 5.707725590612211519e-01 -7.681745918079230240e-02
-8.165337503024536758e-01 5.700054656184072588e-01 -9.146804788141926768e-02
-8.153767312410348245e-01 5.691254932982658943e-01 -1.060988172868001650e-01
-8.140363823351247641e-01 5.681326224001654879e-01 -1.207066344502575883e-01
-8.125131576980330061e-01 5.670268295383633639e-01 -1.352883703501154833e-01
-8.108075679419909365e-01 5.658080878879574449e-01 -1.498409004551509438e-01
-8.089201800218014382e-01 5.644763674603715531e-01 -1.643611052919259075e-01
-8.068516170594290937e-01 5.630316354080301400e-01 -1.788458710140962693e-01
-8.046025581494080647e-01 5.614738563578418606e-01 -1.932920899737902987e-01
-8.021737381449369764e-01 5.598029927730755473e-01 -2.076966612951409719e-01
-7.995659474245254694e-01 5.580190053431761665e-01 -2.220564914500496867e-01
-7.967800316390516446e-01 5.561218534010335945e-01 -2.363684948362516081e-01
-7.938168914390861808e-01 5.541114953671814058e-01 -2.506295943577444008e-01
-7.906774821823367994e-01 5.519878892203687881e-01 -2.648367220076338624e-01
-7.873628136210613082e-01 5.497509929939145001e-01 -2.789868194534416146e-01
-7.838940839826569196e-01 5.474220683783882491e-01 -2.929831806589747178e-01
-7.802755041264443081e-01 5.450037846730986235e-01 -3.068240739444529908e-01
-7.765112793700565952e-01 5.424987794114030093e-01 -3.205078896810286126e-01
-7.726056067210498313e-01 5.399096583642075675e-01 -3.340331379784609589e-01
-7.685626722010854284e-01 5.372389955748325674e-01 -3.473984463584891547e-01
-7.643866482622730940e-01 5.344893334226392678e-01 -3.606025574162469716e-01
-7.600816912951674498e-01 5.316631827129417731e-01 -3.736443264719769841e-01
-7.556519392278167047e-01 5.287630227908504121e-01 -3.865227192152160818e-01
-7.511015092151773764e-01 5.257913016768168690e-01 -3.992368093435411103e-01
-7.464344954181256764e-01 5.227504362217708644e-01 -4.117857761978827025e-01
-7.416549668712206778e-01 5.196428122798572025e-01 -4.241689023963352012e-01
-7.367669654383017797e-01 5.164707848968960180e-01 -4.363855714683137488e-01
-7.317745038549366976e-01 5.132366785128040787e-01 -4.484352654908340674e-01
-7.266815638566732627e-01 5.099427871763221320e-01 -4.603175627286162919e-01
-7.214920943919899132e-01 5.065913747705030890e-01 -4.720321352796436054e-01
-7.162100099187866942e-01 5.031846752475166440e-01 -4.835787467277349316e-01
-7.108391887832077316e-01 4.997248928714293492e-01 -4.949572498036241552e-01
-7.053834716795404081e-01 4.962142024677127505e-01 -5.061675840559716200e-01
-6.998466601898942763e-01 4.926547496783296176e-01 -5.172097735336691482e-01
-6.942325154023237799e-01 4.890486512213357284e-01 -5.280839244807363775e-01
-6.885447566060239888e-01 4.853979951540222659e-01 -5.387902230450463126e-01
-6.827870600621956942e-01 4.817048411387071516e-01 -5.493289330020582062e-01
-6.769630578491482309e-01 4.779712207103635202e-01 -5.597003934946765957e-01
-6.710763367801816370e-01 4.741991375453484259e-01 -5.699050167903016995e-01
-6.651304373927678926e-01 4.703905677305685873e-01 -5.799432860560798098e-01
-6.591288530075296581e-01 4.665474600324883148e-01 -5.898157531533098075e-01
-6.530750288554981742e-01 4.626717361654499316e-01 -5.995230364519104072e-01
-6.469723612721161032e-01 4.587652910588401745e-01 -6.090658186658024498e-01
-6.408241969564396623e-01 4.548299931226927884e-01 -6.184448447100122648e-01
-6.346338322939828469e-01 4.508676845113747111e-01 -6.276609195802537178e-01
-6.284045127416392207e-01 4.468801813850534765e-01 -6.367149062557023731e-01
-6.221394322731107485e-01 4.428692741686934276e-01 -6.456077236256280161e-01
-6.158417328832681559e-01 4.388367278083728507e-01 -6.543403444405115899e-01
-6.095145041498660765e-01 4.347842820247573292e-01 -6.629137932882270823e-01
-6.031607828510365810e-01 4.307136515636034724e-01 -6.713291445958314840e-01
-5.967835526369837940e-01 4.266265264432040905e-01 -6.795875206574624183e-01
-5.903857437543085229e-01 4.225245721987192504e-01 -6.876900896888089587e-01
-5.839702328213931537e-01 4.184094301233686752e-01 -6.956380639085792961e-01
-5.775398426532858398e-01 4.142827175064892065e-01 -7.034326976473561643e-01
-5.710973421345298950e-01 4.101460278684872507e-01 -7.110752854841938531e-01
-5.646454461383912937e-01 4.060009311927381681e-01 -7.185671604112772171e-01
-5.581868154909508384e-01 4.018489741545069882e-01 -7.259096920269291209e-01
-5.517240569785353266e-01 3.976916803469822126e-01 -7.331042847572230015e-01
-5.452597233969768142e-01 3.935305505045320618e-01 -7.401523761064225937e-01
-5.387963136412025067e-01 3.893670627233057902e-01 -7.470554349364436630e-01
-5.323362728336707983e-01 3.852026726793161826e-01 -7.538149597755028353e-01
-5.258819924901861897e-01 3.810388138441491712e-01 -7.604324771560887486e-01
-5.194358107216416887e-01 3.768768976984560037e-01 -7.669095399823655512e-01
-5.130000124702546183e-01 3.727183139433898340e-01 -7.732477259270907899e-01
-5.065768297788788566e-01 3.685644307101546557e-01 -7.794486358581050878e-01
-5.001684420919978447e-01 3.644165947678387196e-01 -7.855138922944249202e-01
-4.937769765870189120e-01 3.602761317297064059e-01 -7.914451378919480362e-01
-4.874045085345124484e-01 3.561443462581250219e-01 -7.972440339587559821e-01
-4.810530616860586584e-01 3.520225222683021071e-01 -8.029122589999762027e-01
-4.747246086883863403e-01 3.479119231310089377e-01 -8.084515072921460987e-01
-4.684210715225098354e-01 3.438137918744624821e-01 -8.138634874869985492e-01
-4.621443219665928304e-01 3.397293513855366154e-01 -8.191499212445705336e-01
-4.558961820812900134e-01 3.356598046104682931e-01 -8.243125418955157269e-01
-4.496784247163411741e-01 3.316063347552201113e-01 -8.293530931324833988e-01
-4.434927740372149318e-01 3.275701054856556271e-01 -8.342733277304097417e-01
-4.373409060706239804e-01 3.235522611276767102e-01 -8.390750062955492083e-01
-4.312244492677569374e-01 3.195539268674664202e-01 -8.437598960430567896e-01
-4.251449850840967604e-01 3.155762089519730251e-01 -8.483297696029183932e-01
-4.191040485747194455e-01 3.116201948897635576e-01 -8.527864038540090563e-01
-4.131031290039918202e-01 3.076869536523661464e-01 -8.571315787860460667e-01
-4.071436704686122177e-01 3.037775358762131450e-01 -8.613670763891899673e-01
-4.012270725329615817e-01 2.998929740652869769e-01 -8.654946795710326546e-01
-3.953546908757589184e-01 2.960342827945625643e-01 -8.695161711007000083e-01
-3.895278379470384911e-01 2.922024589143299989e-01 -8.734333325797850600e-01
-3.837477836344927451e-01 2.883984817554720581e-01 -8.772479434398150477e-01
-3.780157559382479882e-01 2.846233133357619072e-01 -8.809617799659469339e-01
-3.723329416531669378e-01 2.808778985672357731e-01 -8.845766143465739750e-01
-3.667004870577950659e-01 2.771631654646866116e-01 -8.880942137485191568e-01
-3.611194986090940362e-01 2.734800253553141269e-01 -8.915163394174785427e-01
-3.555910436421292897e-01 2.698293730895576781e-01 -8.948447458033742530e-01
-3.501161510739035365e-01 2.662120872531285598e-01 -8.980811797102636884e-01
-3.446958121105527795e-01 2.626290303802481518e-01 -9.012273794704492857e-01
-3.393309809571448121e-01 2.590810491680901606e-01 -9.042850741424228733e-01
-3.340225755293452781e-01 2.555689746924142969e-01 -9.072559827322742576e-01
-3.287714781662391950e-01 2.520936226243715161e-01 -9.101418134381878966e-01
-3.235785363436198270e-01 2.486557934484496524e-01 -9.129442629176456325e-01
-3.184445633870801595e-01 2.452562726815220306e-01 -9.156650155769500143e-01
-3.133703391842653230e-01 2.418958310929510136e-01 -9.183057428826768565e-01
-3.083566108956671270e-01 2.385752249256912483e-01 -9.208681026946643478e-01
-3.034040936633637942e-01 2.352951961183289975e-01 -9.233537386201399189e-01
-2.985134713171313514e-01 2.320564725279861684e-01 -9.257642793885864085e-01
-2.936853970773736222e-01 2.288597681540098794e-01 -9.281013382469445183e-01
-2.889204942543405763e-01 2.257057833623615228e-01 -9.303665123747467680e-01
-2.842193569431251121e-01 2.225952051106117879e-01 -9.325613823187783868e-01
-2.795825507139497179e-01 2.195287071734416950e-01 -9.346875114468580215e-01
-2.750106132972746642e-01 2.165069503685432273e-01 -9.367464454203308089e-01
-2.705040552632795858e-01 2.135305827828067604e-01 -9.387397116848659184e-01
-2.660633606952906294e-01 2.106002399986769136e-01 -9.406688189791524435e-01
-2.616889878567435490e-01 2.077165453205526147e-01 -9.425352568610851911e-01
-2.573813698512932846e-01 2.048801100011019838e-01 -9.443404952510355832e-01
-2.531409152756987635e-01 2.020915334673578090e-01 -9.460859839918023262e-01
-2.489680088651295697e-01 1.993514035464543088e-01 -9.477731524248388384e-01
-2.448630121305594987e-01 1.966602966908617411e-01 -9.494034089823566447e-01
-2.408262639879290290e-01 1.940187782029711427e-01 -9.509781407949053911e-01
-2.368580813787759531e-01 1.914274024588777101e-01 -9.524987133140335738e-01
-2.329595100833057320e-01 1.888195649680432520e-01 -9.539795797282498713e-01
-2.291310023627241566e-01 1.861955674405686434e-01 -9.554214747498547267e-01
-2.253729973401710773e-01 1.835557137596757482e-01 -9.568251209116112044e-01
-2.216859212555438163e-01 1.809003098833107115e-01 -9.581912284051792295e-01
-2.180701877171424552e-01 1.782296637487428004e-01 -9.595204949246427528e-01
-2.145261979500119320e-01 1.755440851801540469e-01 -9.608136055150210408e-01
-2.110543410408588505e-01 1.728438857992113387e-01 -9.620712324256588399e-01
-2.076549941794245124e-01 1.701293789386086330e-01 -9.632940349683910553e-01
-2.043285228961979894e-01 1.674008795585631981e-01 -9.644826593803770276e-01
-2.010752812963565728e-01 1.646587041662465334e-01 -9.656377386915037109e-01
-1.978956122898236913e-01 1.619031707381266005e-01 -9.667598925962560541e-01
-1.947898478173373804e-01 1.591345986451952466e-01 -9.678497273299557779e-01
-1.917583090724253314e-01 1.563533085810510925e-01 -9.689078355492707351e-01
-1.888013067191856575e-01 1.535596224928050257e-01 -9.699347962168987092e-01
-1.859191411057750376e-01 1.507538635147726291e-01 -9.709311744903311725e-01
-1.831121024735092306e-01 1.479363559049148846e-01 -9.718975216146049645e-01
-1.803804711614833689e-01 1.451074249839855446e-01 -9.728343748189499651e-01
-1.777245178066226838e-01 1.422673970773410956e-01 -9.737422572172441670e-01
-1.751445035390767624e-01 1.394165994593665747e-01 -9.746216777121892161e-01
-1.726406801728736784e-01 1.365553603004678596e-01 -9.754731309031203779e-01
-1.702132903917523976e-01 1.336840086165787811e-01 -9.762970969973683300e-01
-1.678625679300954354e-01 1.308028742211292672e-01 -9.770940417250906229e-01
-1.655887377488858558e-01 1.279122876794182018e-01 -9.778644162574946508e-01
-1.633920162066154202e-01 1.250125802653326568e-01 -9.786086571283733049e-01
-1.612726112250738308e-01 1.221040839203534623e-01 -9.793271861588801475e-01
-1.592307224499510121e-01 1.191871312147846501e-01 -9.800204103854696092e-01
-1.572665414061875377e-01 1.162620553111427396e-01 -9.806887219909323772e-01
-1.553802516480102813e-01 1.133291899296401256e-01 -9.813324982384573625e-01
-1.535720289035937547e-01 1.103888693156949014e-01 -9.819521014086540767e-01
-1.518420412142892362e-01 1.074414282093980461e-01 -9.825478787394712477e-01
-1.501904490683669546e-01 1.044872018168673672e-01 -9.831201623689506119e-01
-1.486174055292186491e-01 1.015265257834159496e-01 -9.836692692807568195e-01
-1.471230563579707384e-01 9.855973616846178120e-02 -9.841955012524261637e-01
-1.457075401304601392e-01 9.558716942210368495e-02 -9.846991448062800689e-01
-1.443709883485278234e-01 9.260916236328749218e-02 -9.851804711629517097e-01
-1.431135255455872057e-01 8.962605215948538095e-02 -9.856397361974765792e-01
-1.419352693864268655e-01 8.663817630780998313e-02 -9.860771803978988226e-01
-1.408363307612095217e-01 8.364587261748403224e-02 -9.864930288263509262e-01
-1.398168138736316513e-01 8.064947919358517181e-02 -9.868874910825632396e-01
-1.388768163232100561e-01 7.764933442198483637e-02 -9.872607612697654744e-01
-1.380164291816643185e-01 7.464577695539909019e-02 -9.876130179629419859e-01
-1.372357370633662810e-01 7.163914570046865660e-02 -9.879444241794084203e-01
-1.365348181898299318e-01 6.862977980578453818e-02 -9.882551273516769763e-01
-1.359137444482170498e-01 6.561801865077508678e-02 -9.885452593025821910e-01
-1.353725814438368202e-01 6.260420183536967442e-02 -9.888149362226406058e-01
-1.349113885466192431e-01 5.958866917035354066e-02 -9.890642586496212196e-01
-1.345302189315445152e-01 5.657176066832805827e-02 -9.892933114503051906e-01
-1.342291196130130648e-01 5.355381653518999363e-02 -9.895021638044174672e-01
-1.340081314731428053e-01 5.053517716204309479e-02 -9.896908691907138067e-01
-1.338672892839821715e-01 4.751618311745497980e-02 -9.898594653752113004e-01
-1.336664527376122125e-01 4.456519012097614335e-02 -9.900238498305059531e-01
-1.334053684043927934e-01 4.168201979088248521e-02 -9.901846377813742217e-01
-1.330837838450481814e-01 3.886649028689505986e-02 -9.903424167435489478e-01
-1.327014474946592026e-01 3.611841656041975962e-02 -9.904977464937412268e-01
-1.322581085528272138e-01 3.343761059363532101e-02 -9.906511590418727309e-01
-1.317535168801623746e-01 3.082388162751374325e-02 -9.908031586053357431e-01
-1.311874229012470472e-01 2.827703637886013963e-02 -9.909542215851072644e-01
-1.305595775142237291e-01 2.579687924646208511e-02 -9.911047965435533236e-01
-1.298697320071561245e-01 2.338321250644118110e-02 -9.912553041837682821e-01
-1.291176379813101516e-01 2.103583649690227847e-02 -9.914061373303019176e-01
-1.283030472815006873e-01 1.875454979197824223e-02 -9.915576609111379502e-01
-1.274257119336487942e-01 1.653914936537058400e-02 -9.917102119407958938e-01
-1.264853840896923154e-01 1.438943074348851894e-02 -9.918640995044364361e-01
-1.254818159799923061e-01 1.230518814829122468e-02 -9.920196047428615493e-01
-1.244147598733757604e-01 1.028621462994014531e-02 -9.921769808383086309e-01
-1.232839680449547282e-01 8.332302189370182494e-03 -9.923364530009464168e-01
-1.220891927518597819e-01 6.443241890890558099e-03 -9.924982184559920650e-01
-1.208301862170254870e-01 4.618823964927974528e-03 -9.926624464313752449e-01
-1.195067006211638361e-01 2.858837901026472540e-03 -9.928292781458863958e-01
-1.181184881030604567e-01 1.163072531220158594e-03 -9.929988267977544192e-01
-1.166653007683275400e-01 -4.686838961033765183e-04 -9.931711775536093967e-01
-1.151468907067458441e-01 -2.036643651729466709e-03 -9.933463875377944730e-01
-1.135630100183273178e-01 -3.541019470411527724e-03 -9.935244858219995923e-01
-1.119134108482283119e-01 -4.982024504812311572e-03 -9.937054734152015456e-01
-1.101978454306425242e-01 -6.359872288467058321e-03 -9.938893232539017797e-01
-1.084160661418012706e-01 -7.674776707642817081e-03 -9.940759801926632999e-01
-1.065678255622075632e-01 -8.926951981966708277e-03 -9.942653609949579918e-01
-1.046528765482291345e-01 -1.011661265369437693e-02 -9.944573543243447888e-01
-1.026709723131743190e-01 -1.124397358548842943e-02 -9.946518207360075525e-01
-1.006218665179731547e-01 -1.230924996657511289e-02 -9.948485926686922998e-01
-9.850531337158476008e-02 -1.331265732714603800e-02 -9.950474744370910729e-01
-9.632106774125069604e-02 -1.425441156087023375e-02 -9.952482422247304061e-01
-9.406888527271214939e-02 -1.513472895538032527e-02 -9.954506440774313347e-01
-9.174852252050760826e-02 -1.595382623059510285e-02 -9.956543998974161092e-01
-8.935973708846561836e-02 -1.671192058473923436e-02 -9.958592014381475455e-01
-8.690228778050577974e-02 -1.740922974791932198e-02 -9.960647122999956027e-01
-8.437593476185913099e-02 -1.804597204311396072e-02 -9.962705679268336612e-01
-8.178043973081719487e-02 -1.862236645443385297e-02 -9.964763756036789655e-01
-7.911556610111690480e-02 -1.913863270250647924e-02 -9.966817144554981356e-01
-7.638107919506642585e-02 -1.959499132683818756e-02 -9.968861354473088632e-01
-7.357674644751482917e-02 -1.999166377500492808e-02 -9.970891613857191249e-01
-7.070233762076583162e-02 -2.032887249852124295e-02 -9.972902869220520161e-01
-6.775762503053366081e-02 -2.060684105523542115e-02 -9.974889785572148559e-01
-6.474238378303610875e-02 -2.082579421809706635e-02 -9.976846746484806516e-01
-6.165639202331722746e-02 -2.098595809014161540e-02 -9.978767854183572261e-01
-5.849943119488904691e-02 -2.108756022553466905e-02 -9.980646929657297495e-01
-5.527128631077846826e-02 -2.113082975651721027e-02 -9.982477512794706298e-01
-5.197174623606226618e-02 -2.111599752609115421e-02 -9.984252862547194907e-01
-4.860060398196953263e-02 -2.104329622628282187e-02 -9.985965957120452874e-01
-4.515765701162714058e-02 -2.091296054182033987e-02 -9.987609494197102755e-01
-4.178416499936932899e-02 -2.079388148223963728e-02 -9.989102552478735797e-01
-3.848023507668308502e-02 -2.068582009349120149e-02 -9.990452283789089671e-01
-3.524596816667372595e-02 -2.058853635003467242e-02 -9.991665696419792519e-01
-3.208145922121315857e-02 -2.050178923132053507e-02 -9.992749654643184876e-01
-2.898679745381405742e-02 -2.042533679497754787e-02 -9.993710878254112862e-01
-2.596206656817154693e-02 -2.035893624676150121e-02 -9.994555942139563554e-01
-2.300734498231591860e-02 -2.030234400732251754e-02 -9.995291275875032300e-01
-2.012270604832229123e-02 -2.025531577584954723e-02 -9.995923163346522866e-01
-1.730821826752505094e-02 -2.021760659065203677e-02 -9.996457742397111268e-01
-1.456394550118705021e-02 -2.018897088674006732e-02 -9.996901004497018572e-01
-1.188994717657552297e-02 -2.016916255046541373e-02 -9.997258794436170160e-01
-9.286278488398646419e-03 -2.015793497128712947e-02 -9.997536810038218924e-01
-6.752990595558592407e-03 -2.015504109072626532e-02 -9.997740601895059864e-01
-4.290130813178789568e-03 -2.016023344857531888e-02 -9.997875573120859061e-01
-1.897742799864936443e-03 -2.017326422642892747e-02 -9.997946979124660016e-01
4.241332598388897028e-04 -2.019388528860310145e-02 -9.997959927400648095e-01
2.675460477835982318e-03 -2.022184822051112385e-02 -9.997919377335172664e-01
4.856205089739838547e-03 -2.025690436456492258e-02 -9.997830140029657642e-01
6.966336287047679085e-03 -2.029880485367139414e-02 -9.997696878138542242e-01
9.005826054256635405e-03 -2.034730064239373068e-02 -9.997524105721434795e-01
1.097464901095304354e-02 -2.040214253584841583e-02 -9.997316188108670287e-01
1.287278225890376056e-02 -2.046308121640898550e-02 -9.997077341779491144e-01
1.470020523417692529e-02 -2.052986726828817318e-02 -9.996811634252108503e-01
1.645689956431818646e-02 -2.060225120007043789e-02 -9.996522983984895694e-01
1.814284893060701120e-02 -2.067998346526728551e-02 -9.996215160288023371e-01
1.975803893541632980e-02 -2.076281448096807883e-02 -9.995891783244851281e-01
2.130245697469747290e-02 -2.085049464465941679e-02 -9.995556323642411645e-01
2.277609211561107058e-02 -2.094277434928636106e-02 -9.995212102910372431e-01
2.417893497932336114e-02 -2.103940399662908300e-02 -9.994862293067854342e-01
2.551097762898613119e-02 -2.114013400906869858e-02 -9.994509916677535299e-01
2.677221346291739149e-02 -2.124471483981624914e-02 -9.994157846806477341e-01
2.796263711299866797e-02 -2.135289698167896003e-02 -9.993808806993160765e-01
2.908224434830381303e-02 -2.146443097443802295e-02 -9.993465371220201510e-01
3.013103198397304450e-02 -2.157906741091232886e-02 -9.993129963892295464e-01
3.110899779534498366e-02 -2.169655694178263677e-02 -9.992804859818915642e-01
3.201614043735837717e-02 -2.181665027925073705e-02 -9.992492184201359207e-01
3.285245936923425480e-02 -2.193909819960830621e-02 -9.992193912623719143e-01
3.361795478444827567e-02 -2.206365154479014712e-02 -9.991911871047428617e-01
3.431262754600212378e-02 -2.219006122298658457e-02 -9.991647735809013886e-01
3.493647912700184599e-02 -2.231807820838981396e-02 -9.991403033620740448e-01
3.548951155655019618e-02 -2.244745354014901842e-02 -9.991179141573856004e-01
3.597172737095909872e-02 -2.257793832060912137e-02 -9.990977287144160446e-01
3.638312957028758121e-02 -2.270928371290798983e-02 -9.990798548199653073e-01
3.672372158020961036e-02 -2.284124093800696600e-02 -9.990643853010053865e-01
3.699350721921546015e-02 -2.297356127122957350e-02 -9.990513980257990090e-01
3.719249067114947099e-02 -2.310599603838321345e-02 -9.990409559051697252e-01
3.732067646308618453e-02 -2.323829661153871753e-02 -9.990331068939088954e-01
3.737806944854611679e-02 -2.337021440454251087e-02 -9.990278839923087961e-01
3.736467479605157238e-02 -2.350150086833622393e-02 -9.990253052478127449e-01
3.728049798302222884e-02 -2.363190748615848213e-02 -9.990253737567770242e-01
3.719586612035135492e-02 -2.376201275289128653e-02 -9.990254422609330387e-01
3.711078028635180631e-02 -2.389181508094618753e-02 -9.990255107602811213e-01
3.702524156487423113e-02 -2.402131288659144562e-02 -9.990255792548216052e-01
3.693925104529327541e-02 -2.415050458997133540e-02 -9.990256477445548233e-01
3.685280982249373311e-02 -2.427938861512541485e-02 -9.990257162294809978e-01
3.676591899685661274e-02 -2.440796339000773571e-02 -9.990257847096005728e-01
3.667857967424516946e-02 -2.453622734650601211e-02 -9.990258531849138812e-01
3.659079296599083292e-02 -2.466417892046073035e-02 -9.990259216554212562e-01
3.650255998887907971e-02 -2.479181655168422385e-02 -9.990259901211230309e-01
3.641388186513525721e-02 -2.491913868397967191e-02 -9.990260585820196493e-01
3.632475972241031720e-02 -2.504614376516007407e-02 -9.990261270381113334e-01
3.623519469376650787e-02 -2.517283024706716207e-02 -9.990261954893984164e-01
3.614518791766297562e-02 -2.529919658559025286e-02 -9.990262639358812313e-01
3.605474053794131828e-02 -2.542524124068507030e-02 -9.990263323775601112e-01
3.596385370381105506e-02 -2.555096267639249408e-02 -9.990264008144353891e-01
3.587252856983505489e-02 -2.567635936085726697e-02 -9.990264692465075091e-01
3.578076629591488145e-02 -2.580142976634665700e-02 -9.990265376737766934e-01
3.568856804727607579e-02 -2.592617236926905364e-02 -9.990266060962432748e-01
3.559593499445339038e-02 -2.605058565019251898e-02 -9.990266745139075866e-01
3.550286831327592596e-02 -2.617466809386327989e-02 -9.990267429267700727e-01
3.540936918485224072e-02 -2.629841818922418195e-02 -9.990268113348309553e-01
3.531543879555536919e-02 -2.642183442943307065e-02 -9.990268797380906785e-01
3.522107833700779261e-02 -2.654491531188113776e-02 -9.990269481365494642e-01
3.512628900606632604e-02 -2.666765933821119844e-02 -9.990270165302077565e-01
3.503107200480695682e-02 -2.679006501433591966e-02 -9.990270849190657776e-01
3.493542854050963459e-02 -2.691213085045600709e-02 -9.990271533031239715e-01
3.483935982564296402e-02 -2.703385536107831208e-02 -9.990272216823825602e-01
3.474286707784885603e-02 -2.715523706503391449e-02 -9.990272900568419878e-01
3.464595151992710953e-02 -2.727627448549611866e-02 -9.990273584265024764e-01
3.454861437981993078e-02 -2.739696614999842517e-02 -9.990274267913644701e-01
3.445085689059639716e-02 -2.751731059045242622e-02 -9.990274951514281909e-01
3.435268029043684473e-02 -2.763730634316564905e-02 -9.990275635066940829e-01
3.425408582261720708e-02 -2.775695194885935760e-02 -9.990276318571624792e-01
3.415507473549329182e-02 -2.787624595268628144e-02 -9.990277002028337128e-01
3.405564828248498072e-02 -2.799518690424829259e-02 -9.990277685437080057e-01
3.395580772206038822e-02 -2.811377335761403723e-02 -9.990278368797858022e-01
3.385555431771993667e-02 -2.823200387133649111e-02 -9.990279052110674352e-01
3.375488933798038993e-02 -2.834987700847048375e-02 -9.990279735375532377e-01
3.365381405635881756e-02 -2.846739133659013932e-02 -9.990280418592434319e-01
3.355232975135649665e-02 -2.858454542780627938e-02 -9.990281101761384619e-01
3.345043770644277187e-02 -2.870133785878375629e-02 -9.990281784882386606e-01
3.334813921003881160e-02 -2.881776721075874140e-02 -9.990282467955443613e-01
3.324543555550135004e-02 -2.893383206955594741e-02 -9.990283150980558968e-01
3.314232804110634617e-02 -2.904953102560579176e-02 -9.990283833957736004e-01
3.303881797003258708e-02 -2.916486267396150092e-02 -9.990284516886978050e-01
3.293490665034522896e-02 -2.927982561431616282e-02 -9.990285199768288438e-01
3.283059539497930335e-02 -2.939441845101972359e-02 -9.990285882601670497e-01
3.272588552172310539e-02 -2.950863979309590809e-02 -9.990286565387127560e-01
3.262077835320159602e-02 -2.962248825425909879e-02 -9.990287248124662955e-01
3.251527521685970007e-02 -2.973596245293115559e-02 -9.990287930814280015e-01
3.240937744494553491e-02 -2.984906101225815594e-02 -9.990288613455982070e-01
3.230308637449363918e-02 -2.996178256012710026e-02 -9.990289296049772449e-01
3.219640334730808351e-02 -3.007412572918254437e-02 -9.990289978595654485e-01
3.208932970994554656e-02 -3.018608915684317315e-02 -9.990290661093631508e-01
3.198186681369834250e-02 -3.029767148531831503e-02 -9.990291343543707958e-01
3.187401601457737904e-02 -3.040887136162440108e-02 -9.990292025945886056e-01
3.176577867329505311e-02 -3.051968743760135466e-02 -9.990292708300169133e-01
3.165715615524812565e-02 -3.063011836992892215e-02 -9.990293390606560520e-01
3.154814983050047150e-02 -3.074016282014295151e-02 -9.990294072865063546e-01
3.143876107376584322e-02 -3.084981945465159817e-02 -9.990294755075682653e-01
3.132899126439053772e-02 -3.095908694475147521e-02 -9.990295437238420062e-01
3.121884178633601778e-02 -3.106796396664374474e-02 -9.990296119353279103e-01
3.110831402816148505e-02 -3.117644920145013973e-02 -9.990296801420264217e-01
3.099740938300637669e-02 -3.128454133522892699e-02 -9.990297483439377624e-01
3.088612924857283767e-02 -3.139223905899082151e-02 -9.990298165410622655e-01
3.077447502710809954e-02 -3.149954106871481058e-02 -9.990298847334003751e-01
3.066244812538684514e-02 -3.160644606536393980e-02 -9.990299529209523133e-01
3.055004995469347978e-02 -3.171295275490101928e-02 -9.990300211037184130e-01
3.043728193080438502e-02 -3.181905984830428469e-02 -9.990300892816991185e-01
3.032414547397008220e-02 -3.192476606158298896e-02 -9.990301574548946517e-01
3.021064200889736831e-02 -3.203007011579291075e-02 -9.990302256233054568e-01
3.009677296473139280e-02 -3.213497073705183504e-02 -9.990302937869317557e-01
2.998253977503766501e-02 -3.223946665655492982e-02 -9.990303619457739925e-01
2.986794387778403045e-02 -3.234355661059010872e-02 -9.990304300998323894e-01
2.975298671532258105e-02 -3.244723934055326886e-02 -9.990304982491073904e-01
2.963766973437150648e-02 -3.255051359296352170e-02 -9.990305663935992175e-01
2.952199438599691778e-02 -3.265337811947832680e-02 -9.990306345333083149e-01
2.940596212559458758e-02 -3.275583167690856307e-02 -9.990307026682349045e-01
2.928957441287165578e-02 -3.285787302723355147e-02 -9.990307707983794305e-01
2.917283271182828305e-02 -3.295950093761598754e-02 -9.990308389237421149e-01
2.905573849073924894e-02 -3.306071418041683918e-02 -9.990309070443234019e-01
2.893829322213549785e-02 -3.316151153321014733e-02 -9.990309751601236243e-01
2.882049838278562953e-02 -3.326189177879779885e-02 -9.990310432711430044e-01
2.870235545367735147e-02 -3.336185370522419535e-02 -9.990311113773819862e-01
2.858386591999886872e-02 -3.346139610579087348e-02 -9.990311794788409028e-01
2.846503127112022524e-02 -3.356051777907106265e-02 -9.990312475755199761e-01
2.834585300057460358e-02 -3.365921752892417351e-02 -9.990313156674196504e-01
2.822633260603955516e-02 -3.375749416451021695e-02 -9.990313837545402587e-01
2.810647158931820280e-02 -3.385534650030416065e-02 -9.990314518368820229e-01
2.798627145632037738e-02 -3.395277335611020936e-02 -9.990315199144453873e-01
2.786573371704371624e-02 -3.404977355707604347e-02 -9.990315879872306848e-01
2.774485988555470267e-02 -3.414634593370696053e-02 -9.990316560552381375e-01
2.762365147996966724e-02 -3.424248932187995420e-02 -9.990317241184681896e-01
2.750211002243572317e-02 -3.433820256285774475e-02 -9.990317921769211740e-01
2.738023703911167395e-02 -3.443348450330273314e-02 -9.990318602305974238e-01
2.725803406014885855e-02 -3.452833399529087188e-02 -9.990319282794972722e-01
2.713550261967195149e-02 -3.462274989632550815e-02 -9.990319963236209411e-01
2.701264425575972475e-02 -3.471673106935108805e-02 -9.990320643629688746e-01
2.688946051042574031e-02 -3.481027638276688180e-02 -9.990321323975414058e-01
2.676595292959902186e-02 -3.490338471044057006e-02 -9.990322004273388679e-01
2.664212306310465711e-02 -3.499605493172178172e-02 -9.990322684523615937e-01
2.651797246464436889e-02 -3.508828593145559005e-02 -9.990323364726098054e-01
2.639350269177702726e-02 -3.518007659999590475e-02 -9.990324044880839471e-01
2.626871530589913045e-02 -3.527142583321880159e-02 -9.990324724987843519e-01
2.614361187222522323e-02 -3.536233253253579650e-02 -9.990325405047113527e-01
2.601819395976828070e-02 -3.545279560490705723e-02 -9.990326085058652827e-01
2.589246314132003651e-02 -3.554281396285450395e-02 -9.990326765022464750e-01
2.576642099343128336e-02 -3.563238652447488219e-02 -9.990327444938552626e-01
2.564006909639210408e-02 -3.572151221345275934e-02 -9.990328124806919785e-01
2.551340903421207840e-02 -3.581018995907342406e-02 -9.990328804627569559e-01
2.538644239460044125e-02 -3.589841869623575099e-02 -9.990329484400505278e-01
2.525917076894618196e-02 -3.598619736546497527e-02 -9.990330164125729162e-01
2.513159575229811579e-02 -3.607352491292539071e-02 -9.990330843803245653e-01
2.500371894334490683e-02 -3.616040029043299936e-02 -9.990331523433058081e-01
2.487554194439504929e-02 -3.624682245546807097e-02 -9.990332203015169776e-01
2.474706636135679677e-02 -3.633279037118763294e-02 -9.990332882549584070e-01
2.461829380371805681e-02 -3.641830300643790486e-02 -9.990333562036304293e-01
2.448922588452623686e-02 -3.650335933576665665e-02 -9.990334241475333776e-01
2.435986422036806251e-02 -3.658795833943546960e-02 -9.990334920866675850e-01
2.423021043134932287e-02 -3.667209900343196272e-02 -9.990335600210333844e-01
2.410026614107461246e-02 -3.675578031948192881e-02 -9.990336279506311090e-01
2.397003297662699678e-02 -3.683900128506139432e-02 -9.990336958754610919e-01
2.383951256854765707e-02 -3.692176090340862360e-02 -9.990337637955236660e-01
2.370870655081548650e-02 -3.700405818353603299e-02 -9.990338317108191646e-01
2.357761656082664817e-02 -3.708589214024204939e-02 -9.990338996213479206e-01
2.344624423937409149e-02 -3.716726179412287862e-02 -9.990339675271102671e-01
2.331459123062702005e-02 -3.724816617158422521e-02 -9.990340354281065371e-01
2.318265918211033158e-02 -3.732860430485290815e-02 -9.990341033243370639e-01
2.305044974468401647e-02 -3.740857523198844181e-02 -9.990341712158021803e-01
2.291796457252250063e-02 -3.748807799689449910e-02 -9.990342391025022195e-01
2.278520532309397453e-02 -3.756711164933033975e-02 -9.990343069844375146e-01
2.265217365713965633e-02 -3.764567524492215544e-02 -9.990343748616083985e-01
2.251887123865303764e-02 -3.772376784517432469e-02 -9.990344427340152045e-01
2.238529973485907723e-02 -3.780138851748061218e-02 -9.990345106016582655e-01
2.225146081619336358e-02 -3.787853633513529883e-02 -9.990345784645380256e-01
2.211735615628123222e-02 -3.795521037734421455e-02 -9.990346463226547069e-01
2.198298743191685195e-02 -3.803140972923572255e-02 -9.990347141760086425e-01
2.184835632304226588e-02 -3.810713348187160648e-02 -9.990347820246001653e-01
2.171346451272641170e-02 -3.818238073225790896e-02 -9.990348498684296086e-01
2.157831368714407949e-02 -3.825715058335566604e-02 -9.990349177074973053e-01
2.144290553555484521e-02 -3.833144214409160005e-02 -9.990349855418035885e-01
2.130724175028198344e-02 -3.840525452936870837e-02 -9.990350533713487913e-01
2.117132402669131067e-02 -3.847858686007680357e-02 -9.990351211961332467e-01
2.103515406317001818e-02 -3.855143826310294952e-02 -9.990351890161572879e-01
2.089873356110545990e-02 -3.862380787134184895e-02 -9.990352568314212478e-01
2.076206422486390896e-02 -3.869569482370614766e-02 -9.990353246419254596e-01
2.062514776176926912e-02 -3.876709826513664858e-02 -9.990353924476702563e-01
2.048798588208176202e-02 -3.883801734661249117e-02 -9.990354602486559710e-01
2.035058029897657619e-02 -3.890845122516119886e-02 -9.990355280448829367e-01
2.021293272852247094e-02 -3.897839906386869196e-02 -9.990355958363515976e-01
2.007504488966036990e-02 -3.904786003188921023e-02 -9.990356636230621756e-01
1.993691850418189554e-02 -3.911683330445517998e-02 -9.990357314050150039e-01
1.979855529670788636e-02 -3.918531806288695629e-02 -9.990357991822104156e-01
1.965995699466686897e-02 -3.925331349460255137e-02 -9.990358669546487436e-01
1.952112532827350935e-02 -3.932081879312723793e-02 -9.990359347223303210e-01
1.938206203050701903e-02 -3.938783315810309715e-02 -9.990360024852554810e-01
1.924276883708953695e-02 -3.945435579529850412e-02 -9.990360702434245566e-01
1.910324748646447315e-02 -3.952038591661749534e-02 -9.990361379968378808e-01
1.896349971977482826e-02 -3.958592274010910156e-02 -9.990362057454957867e-01
1.882352728084147123e-02 -3.965096548997659037e-02 -9.990362734893986074e-01
1.868333191614139632e-02 -3.971551339658662555e-02 -9.990363412285466760e-01
1.854291537478593155e-02 -3.977956569647833618e-02 -9.990364089629403255e-01
1.840227940849894356e-02 -3.984312163237235804e-02 -9.990364766925798889e-01
1.826142577159498015e-02 -3.990618045317974316e-02 -9.990365444174656995e-01
1.812035622095740234e-02 -3.996874141401082076e-02 -9.990366121375980901e-01
1.797907251601648868e-02 -4.003080377618398189e-02 -9.990366798529773940e-01
1.783757641872749447e-02 -4.009236680723436003e-02 -9.990367475636039440e-01
1.769586969354869019e-02 -4.015342978092247689e-02 -9.990368152694780735e-01
1.755395410741936862e-02 -4.021399197724278424e-02 -9.990368829706001153e-01
1.741183142973783127e-02 -4.027405268243210851e-02 -9.990369506669704025e-01
1.726950343233932955e-02 -4.033361118897807462e-02 -9.990370183585892683e-01
1.712697188947398877e-02 -4.039266679562739798e-02 -9.990370860454571567e-01
1.698423857778470075e-02 -4.045121880739412090e-02 -9.990371537275742897e-01
1.684130527628499227e-02 -4.050926653556777279e-02 -9.990372214049410005e-01
1.669817376633685527e-02 -4.056680929772144006e-02 -9.990372890775575110e-01
1.655484583162857015e-02 -4.062384641771978055e-02 -9.990373567454242654e-01
1.641132325815247012e-02 -4.068037722572692694e-02 -9.990374244085415967e-01
1.626760783418271239e-02 -4.073640105821434154e-02 -9.990374920669098380e-01
1.612370135025299397e-02 -4.079191725796858098e-02 -9.990375597205293223e-01
1.597960559913426740e-02 -4.084692517409897750e-02 -9.990376273694003828e-01
1.583532237581240440e-02 -4.090142416204524400e-02 -9.990376950135233525e-01
1.569085347746585965e-02 -4.095541358358500972e-02 -9.990377626528985644e-01
1.554620070344328413e-02 -4.100889280684125865e-02 -9.990378302875263516e-01
1.540136585524112811e-02 -4.106186120628970565e-02 -9.990378979174070473e-01
1.525635073648122161e-02 -4.111431816276609613e-02 -9.990379655425409844e-01
1.511115715288831839e-02 -4.116626306347340863e-02 -9.990380331629284960e-01
1.496578691226762084e-02 -4.121769530198898801e-02 -9.990381007785699152e-01
1.482024182448228762e-02 -4.126861427827159534e-02 -9.990381683894655751e-01
1.467452370143090649e-02 -4.131901939866839540e-02 -9.990382359956158087e-01
1.452863435702494641e-02 -4.136891007592184005e-02 -9.990383035970209491e-01
1.438257560716619393e-02 -4.141828572917648915e-02 -9.990383711936812183e-01
1.423634926972415678e-02 -4.146714578398573436e-02 -9.990384387855970605e-01
1.408995716451344991e-02 -4.151548967231846743e-02 -9.990385063727688086e-01
1.394340111327115744e-02 -4.156331683256565823e-02 -9.990385739551967959e-01
1.379668293963417190e-02 -4.161062670954684267e-02 -9.990386415328813552e-01
1.364980446911651622e-02 -4.165741875451654114e-02 -9.990387091058228197e-01
1.350276752908663620e-02 -4.170369242517059372e-02 -9.990387766740215225e-01
1.335557394874467910e-02 -4.174944718565241908e-02 -9.990388442374776856e-01
1.320822555909974272e-02 -4.179468250655919009e-02 -9.990389117961917531e-01
1.306072419294711587e-02 -4.183939786494791924e-02 -9.990389793501640581e-01
1.291307168484548407e-02 -4.188359274434149543e-02 -9.990390468993949336e-01
1.276526987109412835e-02 -4.192726663473460291e-02 -9.990391144438846016e-01
1.261732058971009457e-02 -4.197041903259957768e-02 -9.990391819836335063e-01
1.246922568040534883e-02 -4.201304944089218757e-02 -9.990392495186419808e-01
1.232098698456390688e-02 -4.205515736905731522e-02 -9.990393170489103580e-01
1.217260634521895486e-02 -4.209674233303457858e-02 -9.990393845744388601e-01
1.202408560702994053e-02 -4.213780385526386812e-02 -9.990394520952279311e-01
1.187542661625965237e-02 -4.217834146469078005e-02 -9.990395196112779042e-01
1.172663122075127788e-02 -4.221835469677201469e-02 -9.990395871225890012e-01
1.157770126990544622e-02 -4.225784309348064316e-02 -9.990396546291616664e-01
1.142863861465725182e-02 -4.229680620331131846e-02 -9.990397221309962328e-01
1.127944510745325889e-02 -4.233524358128541026e-02 -9.990397896280929224e-01
1.113012260222849027e-02 -4.237315478895605642e-02 -9.990398571204521794e-01
1.098067295438340078e-02 -4.241053939441311038e-02 -9.990399246080743367e-01
1.083109802076083483e-02 -4.244739697228804703e-02 -9.990399920909596165e-01
1.068139965962296156e-02 -4.248372710375875050e-02 -9.990400595691084629e-01
1.053157973062820128e-02 -4.251952937655424647e-02 -9.990401270425210978e-01
1.038164009480813457e-02 -4.255480338495933046e-02 -9.990401945111979654e-01
1.023158261454439229e-02 -4.258954872981913359e-02 -9.990402619751393987e-01
1.008140915354553344e-02 -4.262376501854361205e-02 -9.990403294343456198e-01
9.931121576823909169e-03 -4.265745186511191861e-02 -9.990403968888170727e-01
9.780721750672509429e-03 -4.269060889007673248e-02 -9.990404643385539796e-01
9.630211542641797448e-03 -4.272323572056849900e-02 -9.990405317835567844e-01
9.479592821516530377e-03 -4.275533199029957210e-02 -9.990405992238257094e-01
9.328867457292566029e-03 -4.278689733956828056e-02 -9.990406666593610874e-01
9.178037321153652284e-03 -4.281793141526291785e-02 -9.990407340901633626e-01
9.027104285448211279e-03 -4.284843387086565564e-02 -9.990408015162327571e-01
8.876070223666106263e-03 -4.287840436645636716e-02 -9.990408689375697149e-01
8.724937010415391089e-03 -4.290784256871636032e-02 -9.990409363541744581e-01
8.573706521399061461e-03 -4.293674815093204838e-02 -9.990410037660473197e-01
8.422380633391776672e-03 -4.296512079299852349e-02 -9.990410711731887439e-01
8.270961224216583085e-03 -4.299296018142306081e-02 -9.990411385755989526e-01
8.119450172721622006e-03 -4.302026600932851857e-02 -9.990412059732782790e-01
7.967849358756825401e-03 -4.304703797645668267e-02 -9.990412733662271672e-01
7.816160663150597751e-03 -4.307327578917152094e-02 -9.990413407544458391e-01
7.664385967686499629e-03 -4.309897916046234734e-02 -9.990414081379346278e-01
7.512527155079904394e-03 -4.312414780994689584e-02 -9.990414755166939775e-01
7.360586108954657487e-03 -4.314878146387435276e-02 -9.990415428907241102e-01
7.208564713819722719e-03 -4.317287985512824333e-02 -9.990416102600253589e-01
7.056464855045815540e-03 -4.319644272322930439e-02 -9.990416776245980568e-01
6.904288418842033717e-03 -4.321946981433823221e-02 -9.990417449844425368e-01
6.752037292232472392e-03 -4.324196088125834003e-02 -9.990418123395591321e-01
6.599713363032836538e-03 -4.326391568343816718e-02 -9.990418796899482867e-01
6.447318519827041280e-03 -4.328533398697399781e-02 -9.990419470356102227e-01
6.294854651943807000e-03 -4.330621556461227567e-02 -9.990420143765452732e-01
6.142323649433245776e-03 -4.332656019575194944e-02 -9.990420817127537711e-01
5.989727403043440014e-03 -4.334636766644674177e-02 -9.990421490442360497e-01
5.837067804197013272e-03 -4.336563776940733500e-02 -9.990422163709924419e-01
5.684346744967698484e-03 -4.338437030400345285e-02 -9.990422836930232808e-01
5.531566118056895770e-03 -4.340256507626589350e-02 -9.990423510103288995e-01
5.378727816770224185e-03 -4.342022189888845168e-02 -9.990424183229096311e-01
5.225833734994069120e-03 -4.343734059122978525e-02 -9.990424856307658086e-01
5.072885767172125374e-03 -4.345392097931516373e-02 -9.990425529338977650e-01
4.919885808281932414e-03 -4.346996289583817535e-02 -9.990426202323058336e-01
4.766835753811404439e-03 -4.348546618016230214e-02 -9.990426875259903472e-01
4.613737499735358696e-03 -4.350043067832247423e-02 -9.990427548149515280e-01
4.460592942492037742e-03 -4.351485624302648542e-02 -9.990428220991898201e-01
4.307403978959625616e-03 -4.352874273365635316e-02 -9.990428893787055564e-01
4.154172506432764027e-03 -4.354209001626959535e-02 -9.990429566534990702e-01
4.000900422599061590e-03 -4.355489796360041688e-02 -9.990430239235706944e-01
3.847589625515603507e-03 -4.356716645506081981e-02 -9.990430911889206511e-01
3.694242013585454301e-03 -4.357889537674163039e-02 -9.990431584495493844e-01
3.540859485534160554e-03 -4.359008462141343576e-02 -9.990432257054572274e-01
3.387443940386250605e-03 -4.360073408852744442e-02 -9.990432929566444020e-01
3.233997277441732088e-03 -4.361084368421627722e-02 -9.990433602031113525e-01
3.080521396252587293e-03 -4.362041332129463350e-02 -9.990434274448584118e-01
2.927018196599267662e-03 -4.362944291925993645e-02 -9.990434946818858020e-01
2.773489578467187855e-03 -4.363793240429283959e-02 -9.990435619141939672e-01
2.619937442023216340e-03 -4.364588170925767091e-02 -9.990436291417831294e-01
2.466363687592169028e-03 -4.365329077370281446e-02 -9.990436963646537327e-01
2.312770215633298560e-03 -4.366015954386097409e-02 -9.990437635828059992e-01
2.159158926716786640e-03 -4.366648797264938847e-02 -9.990438307962403730e-01
2.005531721500235925e-03 -4.367227601966992834e-02 -9.990438980049570761e-01
1.851890500705161927e-03 -4.367752365120914498e-02 -9.990439652089565525e-01
1.698237165093485117e-03 -4.368223084023821479e-02 -9.990440324082390244e-01
1.544573615444026077e-03 -4.368639756641280042e-02 -9.990440996028048248e-01
1.390901752529000428e-03 -4.369002381607284269e-02 -9.990441667926543978e-01
1.237223477090516584e-03 -4.369310958224226910e-02 -9.990442339777879655e-01
1.083540689817074796e-03 -4.369565486462860526e-02 -9.990443011582058608e-01
9.298552913200682684e-04 -4.369765966962251003e-02 -9.990443683339085279e-01
7.761691821102879515e-04 -4.369912401029723420e-02 -9.990444355048961889e-01
6.224842625744292932e-04 -4.370004790640799608e-02 -9.990445026711691767e-01
4.688024329516024546e-04 -4.370043138439126673e-02 -9.990445698327278246e-01
3.151255933098459985e-04 -4.370027447736397203e-02 -9.990446369895724654e-01
1.614556435226443165e-04 -4.369957722512262527e-02 -9.990447041417034324e-01
7.794483245448987361e-06 -4.369833967414236964e-02 -9.990447712891211696e-01
-1.458559881077953386e-04 -4.369656187757592347e-02 -9.990448384318258990e-01
-2.994938713881205284e-04 -4.369424389525247698e-02 -9.990449055698179537e-01
-4.531172677349997032e-04 -4.369138579367647102e-02 -9.990449727030976668e-01
-6.067242785998067447e-04 -4.368798764602632029e-02 -9.990450398316653713e-01
-7.603130057692699187e-04 -4.368404953215302561e-02 -9.990451069555214003e-01
-9.138815513889208099e-04 -4.367957153857874447e-02 -9.990451740746659759e-01
-1.067428017986535695e-03 -4.367455375849524368e-02 -9.990452411890995421e-01
-1.220950508495571981e-03 -4.366899629176226871e-02 -9.990453082988224320e-01
-1.374447126278596949e-03 -4.366289924490586449e-02 -9.990453754038349787e-01
-1.527915975150709663e-03 -4.365626273111658517e-02 -9.990454425041375153e-01
-1.681355159402956809e-03 -4.364908687024762757e-02 -9.990455095997303747e-01
-1.834762783825739322e-03 -4.364137178881288825e-02 -9.990455766906137791e-01
-1.988136953732212286e-03 -4.363311761998493049e-02 -9.990456437767881726e-01
-2.141475774981676811e-03 -4.362432450359286784e-02 -9.990457108582538881e-01
-2.294777354002962809e-03 -4.361499258612018537e-02 -9.990457779350111478e-01
-2.448039797817803519e-03 -4.360512202070244980e-02 -9.990458450070603957e-01
-2.601261214064201372e-03 -4.359471296712496419e-02 -9.990459120744018540e-01
-2.754439711019783434e-03 -4.358376559182031151e-02 -9.990459791370359666e-01
-2.907573397625149488e-03 -4.357228006786584978e-02 -9.990460461949630666e-01
-3.060660383507207965e-03 -4.356025657498110298e-02 -9.990461132481833761e-01
-3.213698779002503204e-03 -4.354769529952506879e-02 -9.990461802966972282e-01
-3.366686695180531007e-03 -4.353459643449344996e-02 -9.990462473405050670e-01
-3.519622243867045943e-03 -4.352096017951582324e-02 -9.990463143796071144e-01
-3.672503537667354788e-03 -4.350678674085268344e-02 -9.990463814140038146e-01
-3.825328689989600846e-03 -4.349207633139245271e-02 -9.990464484436953896e-01
-3.978095815068034835e-03 -4.347682917064836505e-02 -9.990465154686821725e-01
-4.130803027986277090e-03 -4.346104548475530210e-02 -9.990465824889644963e-01
-4.283448444700562428e-03 -4.344472550646653192e-02 -9.990466495045428053e-01
-4.436030182062978069e-03 -4.342786947515037133e-02 -9.990467165154173212e-01
-4.588546357844685945e-03 -4.341047763678675814e-02 -9.990467835215883774e-01
-4.740995090759132433e-03 -4.339255024396376087e-02 -9.990468505230563068e-01
-4.893374500485245943e-03 -4.337408755587397746e-02 -9.990469175198214424e-01
-5.045682707690618031e-03 -4.335508983831087848e-02 -9.990469845118841175e-01
-5.197917834054674967e-03 -4.333555736366506012e-02 -9.990470514992446649e-01
-5.350078002291830219e-03 -4.331549041092041391e-02 -9.990471184819034178e-01
-5.502161336174626535e-03 -4.329488926565022711e-02 -9.990471854598607093e-01
-5.654165960556864143e-03 -4.327375422001316502e-02 -9.990472524331168724e-01
-5.806090001396707265e-03 -4.325208557274923260e-02 -9.990473194016722402e-01
-5.957931585779783698e-03 -4.322988362917559030e-02 -9.990473863655270348e-01
-6.109688841942262708e-03 -4.320714870118234907e-02 -9.990474533246817002e-01
-6.261359899293919909e-03 -4.318388110722822665e-02 -9.990475202791365694e-01
-6.412942888441187407e-03 -4.316008117233616909e-02 -9.990475872288919756e-01
-6.564435941210183117e-03 -4.313574922808887518e-02 -9.990476541739481409e-01
-6.715837190669727078e-03 -4.311088561262422375e-02 -9.990477211143055092e-01
-6.867144771154339543e-03 -4.308549067063065230e-02 -9.990477880499644137e-01
-7.018356818287221736e-03 -4.305956475334242473e-02 -9.990478549809250763e-01
-7.169471469003220118e-03 -4.303310821853483653e-02 -9.990479219071879413e-01
-7.320486861571770705e-03 -4.300612143051933678e-02 -9.990479888287532306e-01
-7.471401135619826911e-03 -4.297860476013855985e-02 -9.990480557456213884e-01
-7.622212432154769172e-03 -4.295055858476129473e-02 -9.990481226577926366e-01
-7.772918893587294625e-03 -4.292198328827735027e-02 -9.990481895652673083e-01
-7.923518663754290300e-03 -4.289287926109236482e-02 -9.990482564680458477e-01
-8.074009887941683769e-03 -4.286324690012252581e-02 -9.990483233661284768e-01
-8.224390712907274706e-03 -4.283308660878918511e-02 -9.990483902595155286e-01
-8.374659286903552574e-03 -4.280239879701344674e-02 -9.990484571482073362e-01
-8.524813759700483953e-03 -4.277118388121062958e-02 -9.990485240322042326e-01
-8.674852282608287724e-03 -4.273944228428465386e-02 -9.990485909115066621e-01
-8.824773008500187699e-03 -4.270717443562238591e-02 -9.990486577861148465e-01
-8.974574091835142708e-03 -4.267438077108785116e-02 -9.990487246560291190e-01
-9.124253688680555863e-03 -4.264106173301641239e-02 -9.990487915212498127e-01
-9.273809956734963000e-03 -4.260721777020883005e-02 -9.990488583817772605e-01
-9.423241055350702056e-03 -4.257284933792527398e-02 -9.990489252376117957e-01
-9.572545145556552934e-03 -4.253795689787924494e-02 -9.990489920887536401e-01
-9.721720390080363511e-03 -4.250254091823139901e-02 -9.990490589352032380e-01
-9.870764953371647873e-03 -4.246660187358333033e-02 -9.990491257769609224e-01
-1.001967700162416201e-02 -4.243014024497124281e-02 -9.990491926140270262e-01
-1.016845470279846043e-02 -4.239315651985953864e-02 -9.990492594464017717e-01
-1.031709622664442154e-02 -4.235565119213437202e-02 -9.990493262740856029e-01
-1.046559974472376260e-02 -4.231762476209707108e-02 -9.990493930970788528e-01
-1.061396343043251138e-02 -4.227907773645751127e-02 -9.990494599153817434e-01
-1.076218545902347425e-02 -4.224001062832740544e-02 -9.990495267289947190e-01
-1.091026400762866444e-02 -4.220042395721350370e-02 -9.990495935379180015e-01
-1.105819725528171295e-02 -4.216031824901073088e-02 -9.990496603421520350e-01
-1.120598338294024991e-02 -4.211969403599523376e-02 -9.990497271416970415e-01
-1.135362057350826868e-02 -4.207855185681735194e-02 -9.990497939365534652e-01
-1.150110701185845345e-02 -4.203689225649453326e-02 -9.990498607267215281e-01
-1.164844088485448778e-02 -4.199471578640411734e-02 -9.990499275122015632e-01
-1.179562038137333714e-02 -4.195202300427609138e-02 -9.990499942929939037e-01
-1.194264369232750193e-02 -4.190881447418574879e-02 -9.990500610690989935e-01
-1.208950901068724451e-02 -4.186509076654628542e-02 -9.990501278405170549e-01
-1.223621453150279363e-02 -4.182085245810127083e-02 -9.990501946072484207e-01
-1.238275845192651249e-02 -4.177610013191709881e-02 -9.990502613692934242e-01
-1.252913897123504941e-02 -4.173083437737534068e-02 -9.990503281266523983e-01
-1.267535429085145035e-02 -4.168505579016500151e-02 -9.990503948793256761e-01
-1.282140261436725756e-02 -4.163876497227472079e-02 -9.990504616273135907e-01
-1.296728214756456311e-02 -4.159196253198488291e-02 -9.990505283706163642e-01
-1.311299109843804336e-02 -4.154464908385967215e-02 -9.990505951092344405e-01
-1.325852767721696912e-02 -4.149682524873901657e-02 -9.990506618431681529e-01
-1.340389009638717419e-02 -4.144849165373048344e-02 -9.990507285724178344e-01
-1.354907657071300134e-02 -4.139964893220109132e-02 -9.990507952969837069e-01
-1.369408531725922404e-02 -4.135029772376903195e-02 -9.990508620168662146e-01
-1.383891455541292476e-02 -4.130043867429532278e-02 -9.990509287320656906e-01
-1.398356250690535423e-02 -4.125007243587539701e-02 -9.990509954425823569e-01
-1.412802739583375773e-02 -4.119919966683059653e-02 -9.990510621484166576e-01
-1.427230744868316845e-02 -4.114782103169960237e-02 -9.990511288495688147e-01
-1.441640089434816953e-02 -4.109593720122978189e-02 -9.990511955460391613e-01
-1.456030596415462848e-02 -4.104354885236845274e-02 -9.990512622378281415e-01
-1.470402089188139506e-02 -4.099065666825409820e-02 -9.990513289249359774e-01
-1.484754391378196973e-02 -4.093726133820746460e-02 -9.990513956073630020e-01
-1.499087326860614432e-02 -4.088336355772263092e-02 -9.990514622851096593e-01
-1.513400719762160104e-02 -4.082896402845796052e-02 -9.990515289581761715e-01
-1.527694394463548731e-02 -4.077406345822699729e-02 -9.990515956265628716e-01
-1.541968175601595228e-02 -4.071866256098929243e-02 -9.990516622902700927e-01
-1.556221888071365571e-02 -4.066276205684113410e-02 -9.990517289492981678e-01
-1.570455357028323340e-02 -4.060636267200622151e-02 -9.990517956036474301e-01
-1.584668407890474015e-02 -4.054946513882626974e-02 -9.990518622533182125e-01
-1.598860866340505796e-02 -4.049207019575150335e-02 -9.990519288983107371e-01
-1.613032558327925567e-02 -4.043417858733111547e-02 -9.990519955386254480e-01
-1.627183310071193476e-02 -4.037579106420362968e-02 -9.990520621742626783e-01
-1.641312948059852131e-02 -4.031690838308719244e-02 -9.990521288052227611e-01
-1.655421299056654069e-02 -4.025753130676980318e-02 -9.990521954315059183e-01
-1.669508190099684014e-02 -4.019766060409943331e-02 -9.990522620531125941e-01
-1.683573448504479403e-02 -4.013729704997413134e-02 -9.990523286700430106e-01
-1.697616901866145014e-02 -4.007644142533198228e-02 -9.990523952822976117e-01
-1.711638378061466209e-02 -4.001509451714106019e-02 -9.990524618898766196e-01
-1.725637705251016965e-02 -3.995325711838924876e-02 -9.990525284927804783e-01
-1.739614711881266179e-02 -3.989093002807404809e-02 -9.990525950910094100e-01
-1.753569226686677376e-02 -3.982811405119224268e-02 -9.990526616845637475e-01
-1.767501078691807725e-02 -3.976480999872954863e-02 -9.990527282734438241e-01
-1.781410097213400809e-02 -3.970101868765015668e-02 -9.990527948576500838e-01
-1.795296111862477659e-02 -3.963674094088622674e-02 -9.990528614371827487e-01
-1.809158952546422935e-02 -3.957197758732728526e-02 -9.990529280120421518e-01
-1.822998449471067289e-02 -3.950672946180956019e-02 -9.990529945822286262e-01
-1.836814433142765907e-02 -3.944099740510524643e-02 -9.990530611477425049e-01
-1.850606734370473933e-02 -3.937478226391169511e-02 -9.990531277085841211e-01
-1.864375184267817037e-02 -3.930808489084051949e-02 -9.990531942647536967e-01
-1.878119614255158859e-02 -3.924090614440665925e-02 -9.990532608162516759e-01
-1.891839856061663244e-02 -3.917324688901734075e-02 -9.990533273630783917e-01
-1.905535741727354751e-02 -3.910510799496097478e-02 -9.990533939052341772e-01
-1.919207103605172909e-02 -3.903649033839599186e-02 -9.990534604427192544e-01
-1.932853774363023358e-02 -3.896739480133959432e-02 -9.990535269755340675e-01
-1.946475586985825512e-02 -3.889782227165643896e-02 -9.990535935036788384e-01
-1.960072374777555373e-02 -3.882777364304725032e-02 -9.990536600271540113e-01
-1.973643971363284524e-02 -3.875724981503737843e-02 -9.990537265459598082e-01
-1.987190210691214612e-02 -3.868625169296524557e-02 -9.990537930600966732e-01
-2.000710927034709055e-02 -3.861478018797075834e-02 -9.990538595695648283e-01
-2.014205954994318162e-02 -3.854283621698363638e-02 -9.990539260743646066e-01
-2.027675129499803205e-02 -3.847042070271166486e-02 -9.990539925744963412e-01
-2.041118285812153210e-02 -3.839753457362888450e-02 -9.990540590699603651e-01
-2.054535259525599664e-02 -3.832417876396371909e-02 -9.990541255607570115e-01
-2.067925886569625671e-02 -3.825035421368699895e-02 -9.990541920468866133e-01
-2.081290003210971989e-02 -3.817606186849994976e-02 -9.990542585283495036e-01
-2.094627446055637512e-02 -3.810130267982211189e-02 -9.990543250051460156e-01
-2.107938052050875935e-02 -3.802607760477914878e-02 -9.990543914772764822e-01
-2.121221658487189299e-02 -3.795038760619063450e-02 -9.990544579447412366e-01
-2.134478103000314250e-02 -3.787423365255774416e-02 -9.990545244075405007e-01
-2.147707223573206911e-02 -3.779761671805088180e-02 -9.990545908656747187e-01
-2.160908858538021504e-02 -3.772053778249723210e-02 -9.990546573191442237e-01
-2.174082846578085509e-02 -3.764299783136827032e-02 -9.990547237679492376e-01
-2.187229026729869269e-02 -3.756499785576715433e-02 -9.990547902120902046e-01
-2.200347238384952123e-02 -3.748653885241610279e-02 -9.990548566515673468e-01
-2.213437321291983340e-02 -3.740762182364365529e-02 -9.990549230863809971e-01
-2.226499115558639580e-02 -3.732824777737189792e-02 -9.990549895165315997e-01
-2.239532461653575418e-02 -3.724841772710361931e-02 -9.990550559420193766e-01
-2.252537200408372478e-02 -3.716813269190936964e-02 -9.990551223628446609e-01
-2.265513173019480936e-02 -3.708739369641448486e-02 -9.990551887790077856e-01
-2.278460221050158593e-02 -3.700620177078602080e-02 -9.990552551905090839e-01
-2.291378186432404054e-02 -3.692455795071963864e-02 -9.990553215973488888e-01
-2.304266911468885390e-02 -3.684246327742639326e-02 -9.990553879995275333e-01
-2.317126238834864640e-02 -3.675991879761949382e-02 -9.990554543970453505e-01
-2.329956011580117461e-02 -3.667692556350096028e-02 -9.990555207899026735e-01
-2.342756073130846523e-02 -3.659348463274825214e-02 -9.990555871780998354e-01
-2.355526267291592479e-02 -3.650959706850077230e-02 -9.990556535616370581e-01
-2.368266438247138353e-02 -3.642526393934637785e-02 -9.990557199405147859e-01
-2.380976430564410440e-02 -3.634048631930776596e-02 -9.990557863147332407e-01
-2.393656089194372630e-02 -3.625526528782881119e-02 -9.990558526842928666e-01
-2.406305259473917602e-02 -3.616960192976084038e-02 -9.990559190491938857e-01
-2.418923787127751773e-02 -3.608349733534885889e-02 -9.990559854094367420e-01
-2.431511518270276784e-02 -3.599695260021767290e-02 -9.990560517650216577e-01
-2.444068299407464034e-02 -3.590996882535796991e-02 -9.990561181159489657e-01
-2.456593977438726456e-02 -3.582254711711232997e-02 -9.990561844622189991e-01
-2.469088399658783337e-02 -3.573468858716118829e-02 -9.990562508038322020e-01
-2.481551413759521332e-02 -3.564639435250868682e-02 -9.990563171407887966e-01
-2.493982867831850275e-02 -3.555766553546851200e-02 -9.990563834730891157e-01
-2.506382610367553429e-02 -3.546850326364964917e-02 -9.990564498007333816e-01
-2.518750490261133235e-02 -3.537890866994204686e-02 -9.990565161237220382e-01
-2.531086356811651505e-02 -3.528888289250226018e-02 -9.990565824420554186e-01
-2.543390059724564417e-02 -3.519842707473900406e-02 -9.990566487557338560e-01
-2.555661449113553335e-02 -3.510754236529864403e-02 -9.990567150647575723e-01
-2.567900375502348703e-02 -3.501622991805063145e-02 -9.990567813691270116e-01
-2.580106689826551156e-02 -3.492449089207286944e-02 -9.990568476688425070e-01
-2.592280243435444304e-02 -3.483232645163702318e-02 -9.990569139639042806e-01
-2.604420888093805439e-02 -3.473973776619374704e-02 -9.990569802543126654e-01
-2.616528475983708954e-02 -3.464672601035787003e-02 -9.990570465400681055e-01
-2.628602859706324901e-02 -3.455329236389351882e-02 -9.990571128211708229e-01
-2.640643892283712352e-02 -3.445943801169915055e-02 -9.990571790976211508e-01
-2.652651427160607894e-02 -3.436516414379256479e-02 -9.990572453694194222e-01
-2.664625318206208238e-02 -3.427047195529581147e-02 -9.990573116365659700e-01
-2.676565419715946914e-02 -3.417536264642007104e-02 -9.990573778990611276e-01
-2.688471586413267167e-02 -3.407983742245045827e-02 -9.990574441569052278e-01
-2.700343673451387899e-02 -3.398389749373074281e-02 -9.990575104100986037e-01
-2.712181536415065111e-02 -3.388754407564806281e-02 -9.990575766586415885e-01
-2.723985031322347095e-02 -3.379077838861751365e-02 -9.990576429025345151e-01
-2.735754014626324768e-02 -3.369360165806672969e-02 -9.990577091417776057e-01
-2.747488343216876808e-02 -3.359601511442036892e-02 -9.990577753763713043e-01
-2.759187874422407843e-02 -3.349801999308454209e-02 -9.990578416063158329e-01
-2.770852466011583179e-02 -3.339961753443121406e-02 -9.990579078316116357e-01
-2.782481976195055537e-02 -3.330080898378248722e-02 -9.990579740522589347e-01
-2.794076263627188680e-02 -3.320159559139489180e-02 -9.990580402682581740e-01
-2.805635187407773401e-02 -3.310197861244355139e-02 -9.990581064796095756e-01
-2.817158607083739344e-02 -3.300195930700632746e-02 -9.990581726863134726e-01
-2.828646382650860241e-02 -3.290153894004791552e-02 -9.990582388883701981e-01
-2.840098374555453595e-02 -3.280071878140383007e-02 -9.990583050857800851e-01
-2.851514443696075152e-02 -3.269950010576438276e-02 -9.990583712785434667e-01
-2.862894451425207834e-02 -3.259788419265858411e-02 -9.990584374666606760e-01
-2.874238259550943378e-02 -3.249587232643796897e-02 -9.990585036501320459e-01
-2.885545730338660159e-02 -3.239346579626038725e-02 -9.990585698289577987e-01
-2.896816726512694076e-02 -3.229066589607372528e-02 -9.990586360031383784e-01
-2.908051111258004584e-02 -3.218747392459958556e-02 -9.990587021726741179e-01
-2.919248748221833778e-02 -3.208389118531686235e-02 -9.990587683375652395e-01
-2.930409501515359935e-02 -3.197991898644531733e-02 -9.990588344978121871e-01
-2.941533235715346195e-02 -3.187555864092907199e-02 -9.990589006534151828e-01
-2.952619815865781955e-02 -3.177081146642003057e-02 -9.990589668043745597e-01
-2.963669107479519754e-02 -3.166567878526126145e-02 -9.990590329506907619e-01
-2.974680976539904875e-02 -3.156016192447032298e-02 -9.990590990923640113e-01
-2.985655289502400084e-02 -3.145426221572252684e-02 -9.990591652293946412e-01
-2.996591913296203780e-02 -3.134798099533413901e-02 -9.990592313617829845e-01
-3.007490715325862943e-02 -3.124131960424554252e-02 -9.990592974895293743e-01
-3.018351563472878446e-02 -3.113427938800432740e-02 -9.990593636126341437e-01
-3.029174326097306552e-02 -3.102686169674833197e-02 -9.990594297310976257e-01
-3.039958872039352777e-02 -3.091906788518862179e-02 -9.990594958449200425e-01
-3.050705070620960899e-02 -3.081089931259243034e-02 -9.990595619541018380e-01
-3.061412791647393980e-02 -3.070235734276602693e-02 -9.990596280586433453e-01
-3.072081905408811583e-02 -3.059344334403753252e-02 -9.990596941585447865e-01
-3.082712282681839694e-02 -3.048415868923968694e-02 -9.990597602538064947e-01
-3.093303794731134052e-02 -3.037450475569256070e-02 -9.990598263444289140e-01
-3.103856313310939322e-02 -3.026448292518621117e-02 -9.990598924304122663e-01
-3.114369710666638896e-02 -3.015409458396327638e-02 -9.990599585117568848e-01
-3.124843859536301574e-02 -3.004334112270153415e-02 -9.990600245884631025e-01
-3.135278633152221300e-02 -2.993222393649638477e-02 -9.990600906605312526e-01
-3.145673905242448581e-02 -2.982074442484330262e-02 -9.990601567279616679e-01
-3.156029550032318082e-02 -2.970890399162021481e-02 -9.990602227907546817e-01
-3.166345442245970671e-02 -2.959670404506983821e-02 -9.990602888489106270e-01
-3.176621457107864366e-02 -2.948414599778196449e-02 -9.990603549024298369e-01
-3.186857470344286319e-02 -2.937123126667568612e-02 -9.990604209513126444e-01
-3.197053358184850924e-02 -2.925796127298157384e-02 -9.990604869955592715e-01
-3.207208997363997227e-02 -2.914433744222380204e-02 -9.990605530351701624e-01
-3.217324265122478016e-02 -2.903036120420221869e-02 -9.990606190701455391e-01
-3.227399039208840581e-02 -2.891603399297437357e-02 -9.990606851004857347e-01
-3.237433197880906083e-02 -2.880135724683748413e-02 -9.990607511261911933e-01
-3.247426619907235745e-02 -2.868633240831034922e-02 -9.990608171472621368e-01
-3.257379184568597041e-02 -2.857096092411522820e-02 -9.990608831636988985e-01
-3.267290771659419474e-02 -2.845524424515965059e-02 -9.990609491755018112e-01
-3.277161261489245497e-02 -2.833918382651818418e-02 -9.990610151826712082e-01
-3.286990534884175197e-02 -2.822278112741414755e-02 -9.990610811852074225e-01
-3.296778473188301944e-02 -2.810603761120128441e-02 -9.990611471831107870e-01
-3.306524958265145975e-02 -2.798895474534537908e-02 -9.990612131763816350e-01
-3.316229872499076858e-02 -2.787153400140581286e-02 -9.990612791650201885e-01
-3.325893098796733199e-02 -2.775377685501709962e-02 -9.990613451490268915e-01
-3.335514520588432619e-02 -2.763568478587033472e-02 -9.990614111284019661e-01
-3.345094021829578268e-02 -2.751725927769462995e-02 -9.990614771031458563e-01
-3.354631487002054935e-02 -2.739850181823847569e-02 -9.990615430732587843e-01
-3.364126801115622373e-02 -2.727941389925107180e-02 -9.990616090387410830e-01
-3.373579849709300305e-02 -2.715999701646359260e-02 -9.990616749995930856e-01
-3.382990518852746487e-02 -2.704025266957042067e-02 -9.990617409558152362e-01
-3.392358695147628528e-02 -2.692018236221032160e-02 -9.990618069074077567e-01
-3.401684265728989465e-02 -2.679978760194758058e-02 -9.990618728543708693e-01
-3.410967118266605008e-02 -2.667906990025308012e-02 -9.990619387967050180e-01
-3.420207140966335241e-02 -2.655803077248533942e-02 -9.990620047344105359e-01
-3.429404222571472149e-02 -2.643667173787150534e-02 -9.990620706674877560e-01
-3.438558252364074669e-02 -2.631499431948830167e-02 -9.990621365959369005e-01
-3.447669120166301643e-02 -2.619300004424291589e-02 -9.990622025197584133e-01
-3.456736716341737153e-02 -2.607069044285385828e-02 -9.990622684389525165e-01
-3.465760931796706829e-02 -2.594806704983176893e-02 -9.990623343535196543e-01
