-5.445788959871291190e+00
1.908358574507498240e-01
-6.992547307886717078e+00
-8.390172449189796211e+00
-6.454843414720480510e+00
-5.259736042385186217e+00
-7.248664578142887116e+00
-1.811819456668775530e+00
-1.959630825994564729e+00
-6.673141224504451907e-01
-3.904821021499001787e+00
-1.672028488405995494e+00
-2.269857482465280629e+00
-3.376524243002108516e+00
-8.406699853331202732e+00
-9.545237046850411744e+00
-4.453326451607399150e+00
-5.669055050188267053e+00
-1.573263909859568432e+00
-2.715532102073135334e+00
-4.669869660067453410e+00
-6.408682271595755431e+00
1.371978636194249423e+00
-3.722683980392917480e+00
-2.799470984588668276e+00
-1.143368483817174841e+01
-1.985273081834828313e+00
-5.987295559914622700e-01
-3.715463751968781203e+00
-3.136888272499510411e+00
5.004752827665081227e+00
-3.930091979094925581e+00
3.401585283860364850e+00
-4.478226676467174983e+00
-3.914780573282408138e-01
5.734578215127772438e-01
-2.616145119594173618e+00
-4.571660577901699440e+00
-5.577112980389583363e+00
-5.685818308959682987e+00
-1.390188503062295311e+01
-1.040894991482224619e+01
-2.447861109724058792e+00
-3.535041435951298716e+00
-3.352210498327730104e+00
-4.389979406046990107e+00
-7.174257910121947468e+00
-1.254958970600019486e+00
-8.369376911912839168e-01
-6.569946280090772639e-01
-1.870523246556673902e+00
-5.600710685562637625e-01
-6.701901164419907353e+00
-5.432498847588902002e+00
-1.113320759286190231e+01
-1.378524738040485254e+00
-8.585114861438202238e-01
-3.034185173203705954e+00
-6.858936115291563773e+00
-4.632174810125383679e+00
-3.024063406691738010e+00
-1.286122940219311417e+01
-4.282805672265525665e+00
-1.257099957203527740e+00
-4.449478449388841739e+00
-1.193910610102579639e+01
-1.522284796066283086e+00
-5.494702371502662608e+00
-3.579957673528097128e+00
-9.595753025669690572e+00
-4.483169128161554440e+00
-8.565403776889018772e+00
-5.456038722359610738e+00
-1.128322861424568302e+01
-3.997927993577972128e+00
1.767930330623318724e+00
-5.453702043248750186e+00
-8.145333209845077249e+00
2.025055253752299667e+00
-4.249470879107026811e+00
-4.618055002112915197e+00
-5.399460157408843664e+00
-1.163255393988117614e+00
-6.071475240980882759e+00
1.893598875181644381e+00
-2.050700123373474071e+00
8.675628601482301860e+00
-4.388288336929472067e+00
-3.760830420672518493e+00
-6.452121546475352076e+00
9.705620145213320615e-01
-2.169254490487379616e+00
-3.638885808835766511e+00
-2.574324739189557398e-01
-4.653599361268277335e+00
1.101191407340355699e+00
-1.671364367629367687e+00
-1.653404153481707883e+00
-4.167381027784804459e+00
-4.073655136125070797e+00
1.984509698888233364e+00
-2.020941570183422353e+00
1.389504591349038032e+00
-4.481729821323759744e+00
-1.157405535451913936e+00
-1.664227729815161094e+00
8.595203811139845440e-01
-2.471276950798434235e+00
-2.274252827340504712e+00
-4.465947009634686715e+00
4.297315725039646539e-01
-3.370063657902321985e+00
4.255464361080892211e+00
-1.497025173619746852e+00
-9.176579966481407169e+00
-1.848543480694493812e+00
-1.159268235484032239e+00
-4.776040904663377162e+00
7.664972794600366339e-03
-1.997438988406502747e-01
-3.974887264023215128e+00
-1.213207451353906485e+01
-3.398458020736802032e-01
-5.454652886350902286e+00
-4.591125399722853828e+00
-2.271900626482624030e+00
-2.036512008639254356e-01
5.570241693513458436e+00
-5.232612716720723256e+00
-3.267557053752095708e+00
-8.320800534336086685e+00
-2.561584889630739603e+00
-4.522253445791286630e+00
-2.362508975526871335e+00
-5.285122169105337164e+00
-2.009792849868908604e+00
-2.056545516096048853e+00
-2.083198039157696968e+00
2.853772045971152860e+00
-6.508966235242391818e+00
-8.332185169867608598e-01
-2.439018341111354626e+00
-3.331663934008695982e+00
-3.921500674368720851e+00
6.358667349465918495e-01
3.222662749620162970e+00
-3.104842782309568339e+00
-2.234057783594370683e+00
-5.471456862696840950e+00
-2.491796738483964546e+00
7.544150345362379717e+00
-2.690079056849218553e+00
-3.288674769660292707e+00
-1.071476891908606177e+00
1.430084942177043961e-01
-3.468345365851587481e+00
1.484350733336219808e+00
-3.790619761061416071e+00
-3.226762203969779086e-01
-4.070470532199216507e+00
-5.724944416324901475e+00
-3.030685726598929097e+00
-5.348628814266388254e+00
-3.027130398305868386e+00
2.963375658490063902e-02
-5.546985393468697012e+00
4.971017631733565700e+00
-9.950294389650409244e-01
-3.526366751232221208e+00
-2.125677666675411803e+00
-2.171593565857806052e+00
-6.310321350027804144e+00
5.491279659474717079e+00
1.747041273622342850e+00
-7.252270220910882692e+00
-2.871113631479972117e+00
-8.347176949376621025e+00
-4.058790576664940808e+00
-4.206956996455511466e-01
-5.810034783054526031e+00
-6.502744203976665638e+00
-6.871225116995803850e-01
5.827688641994068774e+00
-1.734862695705966296e+00
-3.061982606749020785e+00
-8.018335130750084971e-01
-8.147699983819888248e-01
-2.153256322718496207e+00
9.024731769170921680e-01
-3.172366910392742767e+00
-2.110460751721003891e+00
-3.929369275648824100e-01
-2.996735534783327992e+00
-4.486487646509868199e+00
-2.747302939840440272e-01
-9.962573567107962935e-01
6.489332888893609486e+00
-3.047559170869979184e+00
-2.505596961280537993e+00
-1.500076271231032710e+00
1.227129325204798338e+00
-3.805943447376352040e+00
4.347009105262518713e-01
-2.200982746466845885e+00
6.674399663595871779e+00
5.996370216722256785e+00
4.957067073800133450e+00
1.480847595920662396e+00
1.437693811935791599e+00
-3.458298534661282453e+00
1.136534181364282636e-01
-3.835766815313265798e+00
5.221866511908583419e+00
-3.253675251191618045e+00
-1.460935284140728374e+00
7.930579117118951693e+00
-7.369809213494868061e+00
-1.769157280173079050e+00
-1.253332648018279372e-01
-2.340930819554253528e+00
-1.400477245446838381e+00
-3.955375549398511548e-01
-1.266294570755952975e+00
1.852536228611025404e+00
-1.085195760529070075e+00
-1.589931920304181290e+00
-3.517275883412036563e+00
3.449723561302225683e+00
-1.070447099508754940e+00
-6.308952521349196374e+00
4.547831173516946324e-01
-2.441860096780740896e+00
5.258086397782284038e+00
2.051802375242036014e+00
6.140730372106712132e+00
8.878941499806378701e+00
6.657244682216071574e+00
-4.363226173952873488e+00
2.154379417544988851e+00
6.336445770088761087e+00
-4.168555607624482295e-01
9.014737750314928633e+00
-2.854754082786125746e+00
7.360154238837234963e+00
1.091981968344539489e+01
6.649984699446904735e+00
-8.124938640699790326e-01
-1.703384849662272993e+00
9.285685666486147127e+00
-5.038881885595017707e+00
-1.320993286912398146e+00
3.059146448958473652e+00
-5.980457052621892089e+00
3.229128996341825264e+00
2.573995881589725254e+00
-1.096383514325673048e+00
-2.310161702355503222e-01
-2.837562388854214745e+00
7.099823778465432778e-01
-5.858070213031972173e+00
1.230963200764584986e+00
-2.552757697119388602e+00
2.022486810578635996e+00
-1.945483080015280475e+00
4.712443101700353409e+00
-2.919615014535228426e+00
-1.632499721721395902e+00
9.525792947015897516e-01
8.802770103894077991e+00
3.806779185907680940e+00
2.881282454019829409e+00
1.325105919526057496e+00
7.119890961241893912e+00
9.278388470632776830e+00
1.051046773207041873e+01
-2.298590745434508698e+00
-3.508779804338952424e+00
7.094910234477231015e+00
-2.525565822264251636e+00
2.133089691768698670e-01
-5.801033844133731243e+00
5.433496342959036163e+00
-1.705105672481432633e+00
3.671100651697981387e+00
-1.691766189671379150e+00
-2.488620095976470381e-01
2.151530979335313232e-01
1.058398373619422195e+01
1.058224206526042321e+00
-1.155053161377414872e+00
2.181981915637350777e+00
1.036670104614347565e+01
3.660927541996523704e+00
-5.651907206455797361e-02
4.568469817035534675e+00
1.796916192518165367e-01
-4.262414656000641955e+00
-2.214359078020231575e+00
-1.401588664495269976e+00
5.643342993512370676e+00
1.211644321420527248e+01
-1.052388228245305868e+00
-3.492295732811093512e+00
9.948273286861984976e-01
4.487400273633638470e+00
1.100331257985420308e+01
2.586960049631591652e+00
-7.792003676373142618e-01
-2.534429273142968952e+00
1.116047069310799955e+01
-1.116500921743453167e+00
-2.332436909519921109e+00
5.147224816739416342e-01
-1.099304812632774020e+00
-1.903118973897417909e+00
7.359952944514996709e+00
3.754850607161387632e+00
3.440417390094546057e+00
-1.446177466334445771e+00
3.369961185853160401e+00
8.749991726169151107e+00
1.158319961696283151e+01
3.423042666035115200e+00
8.327700565158014712e+00
-6.166927812408270704e+00
1.317008231367265303e+00
-2.005606103198085854e+00
-1.027384697020328419e+00
3.009680170901400054e+00
2.635950621852805043e-01
-3.889971922767559764e+00
3.159920694371653127e+00
1.027609008414122371e+01
1.406057363351330913e+00
2.896918748868287707e+00
1.161371367111873720e+00
1.113443357948798074e+01
-1.378564960747469925e+00
1.280065223435520494e+01
4.389826356821803444e+00
5.701315087989617503e+00
9.006187250893475493e+00
7.107498600119021681e+00
2.408336066493534044e+00
8.374700730112534686e+00
1.055225591603830537e+01
9.490159512703577604e+00
4.394452970582028328e+00
1.006807303871442905e+01
6.571044337410262060e+00
3.577358593855362923e+00
-7.601031650297374043e-02
9.679472226132945778e+00
-6.816022327210328191e-01
-1.784352578235112174e-01
6.933133885932496021e+00
7.982432902968284338e+00
1.938564299925801260e+00
1.362483333457618295e+00
6.450850477346261158e+00
5.485965414604263124e+00
5.969454566704190057e+00
-8.575941729277778425e-01
1.183052852139729616e+01
4.148888768008299976e+00
-4.898795819630699100e-01
4.747960591242838646e+00
1.397853659620722722e+00
8.717902982530720379e+00
1.227504369140693719e+01
5.388360656244433056e-01
1.030878313100613930e+01
6.989604598148636327e+00
5.310936023698401343e+00
1.410363160790788495e+00
7.133361437974057750e+00
-6.913008684266720438e-01
1.248675061866165947e+01
2.511750723560325582e+00
1.114679620375348357e+01
3.520246704862099119e+00
5.078870233163066850e+00
6.067615066069047103e+00
1.923072869524786066e+00
6.005761891232094252e-01
1.248675061866165947e+01
1.414878305989920149e+00
2.503201957671912226e+00
1.021483516483887399e+01
2.395896134326999327e+00
-1.585049808713680619e+00
-3.596823482760124868e+00
6.810930815986010245e+00
2.204975114746047460e+00
1.111153794083984714e+01
1.802637470252849372e+00
1.186865291093529606e+01
2.476825267463972136e+00
1.019429351371448433e+01
2.727843107527888389e+00
5.095312118535039403e+00
8.082511637781172098e+00
5.869072905920741157e+00
-3.058853610986074667e+00
6.259140148803721271e-01
3.794664009935850402e+00
1.267411935984541138e+01
1.115793207162518463e+01
-5.564519109424368448e-01
2.120207679248018007e+00
1.123677809628618185e+01
3.949928448124284230e+00
9.708283889112792053e+00
3.370409729673031762e+00
1.507430983942995351e+00
1.271073704883885469e+01
1.289690399731347092e+01
8.264007694774832657e+00
1.220013917243424650e+01
1.006988596032778105e+01
5.145344797350435151e+00
1.650963511937578176e-01
4.926794255207789242e+00
1.232707164178839676e+01
8.039939075088622378e-01
1.188638203878208621e+01
1.156631607305339671e+01
7.910175858756183231e-01
1.407285808681045580e+00
1.233400322453226039e+01
-1.457324500167457293e+00
-7.951152286849770823e-01
-5.656765812550688111e-01
2.817393187447445158e+00
1.122933260050686322e+01
6.391566692120184356e+00
9.955508879589078930e+00
7.760868966966536497e+00
9.789983842296775762e+00
1.005088507838474143e+01
-6.883782130860938153e-01
7.448306612235975344e+00
7.257549998608228137e+00
6.659869346839197846e+00
1.044996959696596406e+01
1.207263533909795150e+01
8.776872020671737218e+00
1.010460717782063078e+01
1.764448171364152440e+00
-2.244863471571855840e+00
4.448397826100357833e+00
1.174663137363356924e+01
1.176312712453030684e+01
1.125358500827441866e+01
-3.325024692133535797e-01
1.230657341599645527e+01
8.896877752948952889e+00
1.099911679702911371e+01
3.512083741027249850e+00
5.665789576926889559e+00
5.687073930981579650e+00
1.205306036748090293e+01
1.218999461313512178e+01
9.668447396596949517e+00
1.291495622914997199e+01
1.010849183945737018e+01
1.209811779355661976e+01
1.211509533495713598e+01
7.094768276988105526e+00
4.975885486963068871e+00
1.187400539396574217e+01
1.260692496554996289e+01
1.155122947568842484e+01
-3.354705676685270088e-01
1.052341257702285304e+01
6.110342778282976894e+00
9.899964635405613222e+00
7.158437000907438730e+00
4.854026362451884680e+00
1.151135071892126760e+01
1.049546625622295259e+01
1.289628148196018387e+01
1.123490847717139296e+01
1.073702752938983629e+01
1.192750049570125626e+01
1.189050286985151139e+01
1.045575012336740706e+01
7.681815121583167816e+00
1.231226290637643928e+01
1.165844276196078333e+01
1.105823839197348768e+01
1.147662436564755772e+01
1.205452440506019407e+01
4.857041500141489720e+00
1.076842893054350370e+01
8.105913762256449218e+00
5.131077436461410457e+00
9.494529801248857481e+00
9.616907581105220260e+00
1.090145305482901250e+01
1.193382380153078870e+01
1.022805466836534194e+01
8.797560276592712114e+00
1.162408626492744546e+01
1.081999031164026803e+01
1.225167395069469656e+01
1.106921218320841582e+01
1.245489503175154056e+01
1.099423468522370939e+01
1.198860872465493799e+01
5.530521645683280418e+00
1.239126415732949837e+01
1.225167395069469656e+01
1.129365186296631052e+01
3.121191821938051447e+00
1.205742679886262181e+01
1.062221536641911435e+01
5.325946206940536776e+00
1.217058742296356755e+01
1.204616040844584113e+01
1.142962831997909490e+01
1.072456874978252372e+01
1.066888161578289740e+01
1.156402567094105827e+01
1.172982778009694016e+01
1.145394025673725480e+01
1.139370662252186328e+01
1.203620617308667207e+01
1.192854671540433387e+01
1.111160115887606104e+01
1.088070138859975700e+01
1.141935069811702874e+01
1.139370662252186328e+01
9.118081484778825185e+00
1.089708060808268009e+01
1.139409785979949064e+01
9.909055172940567147e+00
1.105152510413035039e+01
1.139370662252186328e+01
1.231226290637643928e+01
1.053822972084265785e+01
1.089853764831438809e+01
1.170951147091709998e+01
1.093143501512806992e+01
1.068458649625087808e+01
1.169969496022077138e+01
8.989090072640543383e+00
1.166435591752267698e+01
1.197160409813787751e+01
1.225889741785815445e+01
1.243576882111631754e+01
1.063694201148400253e+01
1.150890712946560512e+01
1.207076522664602436e+01
7.571140477261537605e+00
1.104603291475643267e+01
1.195656233284764625e+01
1.207076522664602436e+01
1.171803680995808605e+01
9.327817930528620849e+00
1.242869632924996282e+01
9.346727324058120345e+00
6.349826413055842167e+00
3.792742610974408901e+00
1.269172193213407063e+01
1.057705826997693066e+01
1.188095954979625546e+01
1.087104586359417802e+01
1.072407427312302808e+01
1.234471913655509390e+01
1.162985691594801096e+01
1.117820811404379633e+01
1.289690399731347092e+01
1.109134079428050867e+01
1.161928430397583512e+01
1.239976452154389897e+01
1.118973090682877114e+01
1.181469379462276414e+01
8.675046502412218530e+00
9.173354070155889772e+00
1.061428914224159037e+01
9.748787323182135367e+00
8.692576835246050848e+00
1.084729958827210794e+01
1.206113219198588027e+01
1.255958745501973084e+01
1.103759876610607549e+01
1.227662642894194001e+01
1.054708127442623145e+01
9.042666341304869349e+00
1.289690399731347092e+01
1.207076522664602436e+01
1.237411922971170419e+01
1.144410095755011270e+01
9.227442483791728378e+00
1.230752614510147680e+01
5.979422872156857638e-01
1.247022809777003616e+01
1.233900288090416986e+01
1.083603677852773117e+01
6.456579480630344037e+00
1.078128170029296129e+01
1.224003420365694161e+01
5.199221475683194704e+00
1.187732465026813600e+01
1.289690399731347092e+01
1.215923998609105183e+01
1.075622676197064642e+01
7.311822490574523492e+00
1.237453629524042675e+01
1.218630639460652887e+01
1.235206626250822382e+01
1.264965679641566965e+01
1.257154522271570585e+01
1.200143274256405590e+01
1.037842318261390417e+01
1.121917225899741943e+01
1.086940268754207217e+01
1.139370662252186328e+01
4.908413417822599101e+00
1.234530920797090126e+01
1.289690399731347092e+01
1.150563364475993389e+01
1.230209972505628180e+01
1.145879965713488069e+01
1.225676598716269972e+01
1.289690399731347092e+01
9.102812136134103227e+00
1.289690399731347092e+01
6.123082748545616738e+00
2.381210711348479059e+00
1.233332270459349012e+01
1.191881624545959184e+01
1.225228106592221877e+01
1.161428000677042505e+01
1.193732987068435669e+01
1.056570996060663603e+01
1.255721046299596644e+01
1.259245495452013230e+01
1.188543789645785509e+01
1.018800191170602609e+01
7.696364190694021445e+00
1.200858109663127493e+01
3.989101115359880989e-01
7.216680821577534211e+00
7.665556220156522826e+00
1.085190004111987783e+01
1.220582152389661523e+01
1.177189861983919528e+01
5.310578235578669037e+00
1.095748370385681980e+01
9.941237382834547276e+00
1.234471913655509390e+01
7.320363027103901743e+00
6.520159366028249082e+00
1.188815022944253741e+01
1.043481439433726088e+01
1.030164052680686559e+01
9.455895275660504140e+00
1.160888659875048567e+01
7.317148434711092442e+00
1.259835216154655058e+01
1.289690399731347092e+01
1.262930245161258291e+01
5.430117252432520303e-01
9.686953008897688733e+00
1.234471913655509390e+01
1.250700430147855613e+01
7.067838301070698215e+00
1.157006446242573716e+01
8.509328938164230749e+00
1.212834014947777739e+01
1.231853568875231630e+01
1.055771549026035139e+01
1.020690384309722631e+01
7.653131167168899296e+00
7.894100591914857468e+00
1.224003420365694161e+01
8.365932186556831240e+00
1.218069843077765491e+01
1.103609921115330472e+01
1.234518424426545202e+01
1.251479270606637151e+01
1.289690399731347092e+01
1.174484151508633900e+01
1.199273810837611087e+01
1.266540093488047170e+01
1.269483818935710850e+01
4.343704154705106291e+00
1.148454065725526618e+01
1.155571041755273676e+01
1.256069237994979026e+01
9.178957448370645977e+00
1.122508289452400554e+01
5.598345847590083579e+00
9.315187662410057357e+00
1.262495601473976592e+01
1.164740619475709416e+01
9.220473297173125360e+00
1.208609231709645471e+01
9.940089453572269917e+00
1.230657341599645527e+01
1.287011573875621195e+01
1.077237590364119058e+01
1.123566414519814671e+01
1.040986454922515492e+01
8.794906141620643325e+00
1.275235204199472250e+01
1.244929469262354260e+01
1.280919955045883007e+01
1.227027563982994174e+01
1.064078485329360646e+01
1.107438621643377452e+01
1.064626967327052753e+01
9.976297641284054052e+00
1.031131376556190027e+01
1.165199618532255599e+01
1.248742889490062424e+01
1.209312163084761949e+01
1.183521287703883829e+01
1.231286980336705383e+01
1.011906296325426879e+01
1.246330507366092455e+01
1.166603036031098029e+01
1.289690399731347092e+01
1.209844859235842662e+01
1.230209972505628180e+01
1.234826870773132157e+01
1.227746593398265418e+01
1.084384586286080321e+01
1.079950091129679635e+01
1.164496340573416155e+01
1.238270507242205909e+01
1.221781387212059933e+01
1.070386457903530975e+01
1.076424759985837909e+01
1.195030580148811516e+01
1.234471913655509390e+01
7.482115327753489531e+00
1.152004873717318212e+01
1.230209972505628180e+01
9.233996804105403911e+00
1.190836442614909352e+01
1.049325187995356679e+01
1.188095954979625546e+01
9.391083363023833286e+00
8.656507611047818074e+00
1.239393570279719370e+01
1.073166046072547886e+01
1.249976530987748369e+01
1.244813614098898924e+01
1.183980340755939586e+01
1.175550144572671485e+01
1.102407458836876408e+01
1.203123279557600434e+01
1.203531043054218941e+01
1.240871665367974330e+01
9.364982579131286400e+00
1.112898436085858300e+01
1.227716579282500753e+01
1.169969496022077138e+01
1.070622594651759485e+01
1.223172510646065270e+01
3.305758421406487013e+00
1.248742889490062424e+01
1.038813194033138032e+01
1.218775715585079134e+01
9.588850333781572033e+00
1.289690399731347092e+01
1.261929688152469353e+01
1.289690399731347092e+01
1.171859023032625657e+01
1.244699171454544206e+01
1.137688318929829911e+01
1.217344740784274215e+01
1.277252524722948124e+01
1.061239561265150222e+01
8.547442379308806792e+00
1.047719928001016321e+01
4.814598204076976806e+00
1.126628652238807327e+01
1.226845161792229355e+01
1.207211413109013520e+01
1.167596037879184223e+01
1.235512903932273154e+01
1.040847346694656572e+01
1.198383790954931882e+01
1.193712789614002290e+01
9.552310145783859952e+00
1.184968398390666522e+01
1.177186646908745615e+01
1.227716579282500753e+01
1.253333383846744731e+01
1.073912412476716760e+01
4.653159439218153004e+00
1.223108755154359883e+01
1.176720516361367608e+01
8.490134547054690728e+00
1.019539932353890066e+01
1.171486903999838525e+01
1.187085538322547329e+01
1.144507386485547862e+01
1.166435591752267698e+01
1.183201161291236225e+01
1.236326762781953370e+01
1.223244305841901358e+01
1.183761841715602259e+01
1.215809505928538492e+01
1.129435298724132153e+01
1.187474199438087297e+01
1.228183603033921223e+01
1.244813614098898924e+01
1.188742288580506745e+01
1.274211487741627735e+00
1.194337700774121203e+01
1.218355631238368453e+01
1.064413416034605397e+01
1.222106179512279134e+01
9.973462294872314615e+00
1.133106165828651335e+01
1.211391042431761100e+01
1.203846402824753703e+01
1.097532572545914498e+01
1.105919175312645386e+01
6.354147305410445590e+00
1.309431368670102458e+01
1.275235204199472250e+01
1.309431368670102458e+01
1.077564332969070371e+01
9.267005626478416858e+00
1.084268967965275721e+01
4.391707077075013288e+00
1.251855039604538256e+01
1.239126415732949837e+01
1.229084838339863062e+01
9.946639256959381115e+00
8.433652964712612388e+00
8.804787962344349239e+00
1.162264688968156001e+01
1.154884553808661174e+01
1.052907457423461324e+01
1.162539742513139807e+01
1.229249804954486436e+01
5.451657979942643450e+00
1.244813614098898924e+01
1.071259279606711701e+01
1.240871665367974330e+01
1.165508144650580213e+01
8.486689661450141031e+00
1.241529376653075722e+01
1.069630706372801754e+01
8.733414876647385583e+00
1.227829649858361272e+01
1.208155676306741810e+01
1.229107169597251392e+01
1.240036685982106768e+01
7.476994937074365133e+00
1.229107169597251392e+01
1.253333383846744731e+01
1.224654410790707004e+01
1.108375318290442735e+01
1.211423919908187585e+01
1.074054152473506818e+01
5.273564716202625569e+00
6.203462213318403862e+00
1.184890962403877346e+01
1.258795178475480014e+01
1.163314740711002493e+01
1.138737755620658021e+01
1.163553215369623750e+01
1.244813614098898924e+01
1.187931874627572526e+01
1.252827642410877651e+01
1.235262945530818612e+01
1.020603382144181737e+01
1.253290028568923731e+01
1.284206300754019736e+01
9.835873263156384994e+00
1.254644615171668676e+01
1.230983734629981186e+01
1.244813614098898924e+01
1.284702643987210813e+01
1.297786485762775399e+01
1.262376161512191963e+01
1.258073770703537342e+01
1.212533421036520132e+01
1.155898609402432520e+01
1.195154015045557472e+01
1.235156011412095545e+01
6.182921693964565257e+00
1.208790093516075892e+01
1.255223920903113033e+01
1.177144128966867243e+01
1.280737903705849412e+01
1.169161909705163538e+01
1.238513861790554493e+01
1.215809505928538492e+01
1.236122980358246615e+01
1.257495964903572627e+01
1.235530561834759133e+01
1.244813614098898924e+01
1.232698839311350447e+01
1.223372740461161357e+01
1.227829649858361272e+01
1.223244305841901358e+01
1.205590753536456816e+01
4.222598761310361049e+00
8.988106336862704993e+00
6.831326587121050231e+00
1.217344740784274215e+01
1.244813614098898924e+01
8.858944522856775805e+00
1.202264504783876831e+01
1.258283234050338706e+01
1.095033654532447187e+01
1.224654410790707004e+01
1.258907759440687535e+01
1.250604142557047282e+01
1.179264218904303618e+01
1.262725919067599811e+01
1.256991692941920036e+01
1.280989482726884177e+01
1.277290189279367461e+01
1.273587758459794372e+01
1.216700619132000050e+01
1.262725919067599811e+01
8.694214369212330595e+00
1.240871665367974330e+01
1.244813614098898924e+01
1.309431368670102458e+01
9.379495458249730078e+00
6.811684700590980412e+00
1.254412117378510771e+01
2.806752575749234424e+00
5.935008597078159198e+00
9.920289508838497028e+00
1.117752310905593482e+01
1.055008282845032852e+01
1.037384551042659986e+01
1.211423919908187585e+01
1.008638587017665955e+01
1.141760495987973556e+01
1.256163727086351223e+01
1.237285278988565906e+01
1.230983734629981186e+01
1.251613509871305574e+01
1.144276993232130302e+01
1.309431368670102458e+01
1.173502978721476175e+01
1.159687508586576321e+01
1.309431368670102458e+01
1.265708901453367297e+01
1.285253777776455664e+01
1.257447199441418384e+01
4.455490559395234307e+00
1.254412117378510771e+01
1.214298987157624055e+01
1.256639506203342727e+01
1.070036439190405275e+01
4.199870380144380633e+00
1.245488838506349971e+01
4.365124062544945005e+00
1.229369746108303829e+01
1.180966329065667608e+01
1.048405467825312698e+01
1.100769330593747419e+01
1.255885577997550229e+01
1.265708901453367297e+01
1.294485363661701172e+01
7.126207206535241312e+00
5.890268840022331531e+00
8.292532697119868956e+00
1.266548566710649304e+01
1.266325279871070641e+01
4.705456529300384716e+00
1.196283430244590740e+01
1.251666881784837670e+01
3.814865466897494173e+00
6.945511473019948312e+00
1.215809505928538492e+01
1.040786425468253640e+01
1.143633237972931838e+01
4.705456529300384716e+00
1.039380248812042318e+01
3.638883641159565308e+00
1.243871291536354384e+01
1.085654212686863751e+01
1.231234969932011047e+01
9.062869842081335392e+00
1.087212412565911279e+01
3.314837660206467529e+00
6.942283436195586965e+00
1.162312593384207204e+01
1.215809505928538492e+01
8.810933192807922865e+00
7.225141861396968679e-01
5.132952148100741852e+00
7.261678338063648042e+00
1.262305489105352763e+01
1.257447199441418384e+01
