-2.283898960716149507e+00
-2.212104712235959614e+00
-6.641149008114295427e+00
-1.015677873570474343e+00
-2.565981284130149032e+00
2.865841192565039552e+00
-2.485087998881155169e+00
-9.428676297273953510e-01
-1.665528653315102581e+00
-7.325192516127270181e-01
-7.562741390001745945e-01
-7.791607726088030095e-01
1.617667529606197530e+00
-1.628682870129138482e+00
-2.469340185670688470e+00
-1.312818056334001060e+00
-2.092546739536792710e+00
-1.687165471282517704e+00
2.248440754038688594e-02
2.820027939678192430e-01
4.833978821595074082e-01
-1.834032285136042439e+00
-1.581956225784792114e+00
-1.427234317992096102e+00
1.471056805025827252e+00
-1.466874149389131521e+00
7.458660668019696516e-01
-5.887848038218235214e-01
-1.620908828660094780e+00
1.939633672770680883e-01
-1.660507556297208698e+00
-2.693599059539025120e+00
-2.615556723442871712e-01
2.594898041803729849e-01
-2.076135332335360850e+00
-7.828083830302879909e-01
-8.773463969717474331e-01
-1.922385032139050098e-01
-1.490415716170447658e+00
-1.420259564709271505e+00
-1.588973132783593478e-01
-4.993834436634995377e+00
-1.690497834509982145e+00
6.750954719632550338e-01
-1.007915239940554208e+00
-7.281809531273910618e-01
-1.752528595073496342e+00
5.998900534771356430e-02
-1.005080233211713026e+00
-1.074035145655508616e+00
-1.032735796538075457e+00
-6.506951623259328299e-01
2.587709898500381911e+00
7.917006721681962844e-02
-1.547809227762247941e+00
-5.719522804712378061e-01
-1.281610881730066875e+00
-7.231756446313017950e-01
-6.799358572445126647e-01
-2.845593500401120135e-01
-1.112096506588773348e+00
2.501928723869247806e-01
-6.856639301303482092e-01
-1.027710466700616498e+00
-5.935542737417118797e-01
-9.833144481874498410e-01
-1.507395421270029123e+00
-1.428041897215807543e+00
1.054469760228831099e-01
1.414413364782618476e-01
-3.121673204465361451e+00
-1.358169189096121610e+00
-4.349227348521856329e-01
8.864549603429937585e-01
-1.177731374527135166e+00
-2.039030042122183251e-01
-7.537586165822987017e-01
-5.558977106788296485e-01
-1.174302432193692125e+00
-1.178115470216185567e+00
-1.552022164810029858e+00
-6.037862688318337279e-01
-1.961598763315308691e-01
-1.984147092583496974e+00
-1.867234311704221383e+00
-1.576632893674075442e+00
-2.362019929885245118e-01
1.476002141058717854e+00
-7.600394149317867276e-01
-9.567549475076146948e-01
-9.407442455007809512e-01
1.167240212406354116e+00
-2.694551420507635520e+00
-1.467469658915505182e+00
-1.537983224489626766e+00
1.389849128740241913e+00
-2.988304540081366811e-01
-1.544982206588758067e-01
-4.586456917186924609e-01
-8.629307808169349725e-01
4.344735208459317155e-01
-1.438528649761248168e+00
-1.908070791896309404e-01
-1.093634178747992625e+00
-2.073554399391460912e+00
1.076635407741241834e-01
-1.209149156839682382e+00
-2.476029663068763487e+00
-2.705156803267589893e+00
-7.231221683472017769e-01
9.317788060515008741e-01
6.263672357181770955e-02
-1.468606866517534026e+00
3.592192308785036037e-01
-1.444051780857091155e-02
-6.342441757230599109e-01
1.254796657706952701e+00
3.980598905046129898e-01
-1.114650763126767474e+00
9.793657432156839260e-01
-9.226780046953253489e-01
-1.183035492908206532e+00
-8.462689008342112462e-01
3.770793380937202954e-01
-8.608031061383356608e-01
-1.140684368449979225e+00
-9.595180577825895840e-01
3.335778947023549712e+00
-4.317203534533815557e-01
-8.734027549109122379e-01
-6.210345707361997203e-01
4.049495185295206579e-01
-1.751948720378383229e+00
-1.230325566468263021e-01
-5.273328794739817749e-02
-1.045255112758322724e+00
1.520393255487149653e-01
-1.643492949356403443e+00
1.995257848038514581e+00
-6.009076469172982549e-01
2.679782767811089261e+00
-6.177066983111476617e-01
4.278524289748369958e-01
-1.151917819625434269e+00
-6.151520567245032378e-01
-3.948116149721581092e-01
-1.804303942636353186e+00
-1.160776031192563229e+00
1.102389145312292928e+00
2.490054849525441316e+00
2.562126889412227548e+00
-5.269725028213971818e-01
8.478954356460401964e-01
-4.291236648811680432e-01
3.342859703146933370e+00
4.113947256261485386e-02
-3.751598070102573068e-01
1.945007402927592555e+00
8.664700847380719662e-01
3.127598519634620544e+00
2.556493978009986456e+00
1.345409250617072061e+00
-7.139203168861828486e-01
1.115567127707880912e+00
1.307707214107981297e+00
2.918217498971793944e+00
-5.829395862246098403e-01
1.446367360141626923e+00
-1.284722073910244733e+00
-6.351037105548422712e-01
2.133746061167210328e+00
1.716055429111043029e+00
1.987524883015019839e+00
1.552372979905973782e+00
2.777000214614209206e+00
2.901402331178969174e+00
-1.460363254056315230e-01
9.851527263170716253e-01
2.911137131396284605e+00
1.596856005303531223e+00
-6.120782414588439302e+00
2.437098811663547693e+00
2.244044001495359986e+00
2.553715530668539735e+00
-8.616077542160611724e-01
-3.092151684919218768e-01
1.952220529027188345e+00
1.909348879896681339e+00
2.954000567546300804e+00
6.050513555598582283e-01
3.416870457439689535e+00
1.545584726158880651e-01
3.230571841229104457e+00
1.157876895531992245e+00
5.096902958731441835e+00
-4.378478513953846796e-01
-5.334511782359760979e-01
9.445030493845520958e-01
3.835198511423081325e-01
5.272960991150985599e-01
5.018956538800130041e-01
-1.494381489305880717e-01
3.396691683779365256e+00
3.108383678029598141e+00
3.160878101706861898e+00
-1.088648208132458661e+00
3.079875566942697485e-01
5.854180300033978712e-02
5.818398722650461319e-02
3.139796607860658284e+00
2.434029411022070377e+00
1.449885710455336429e+00
-4.855116721966016846e-01
2.825917106654494582e+00
2.163530446109546701e-01
3.310062171704089895e+00
1.867722785995942436e+00
4.078478449482039636e+00
-9.430688846030840233e-01
2.708447000355436174e+00
-2.184883812079667198e+00
1.240353032129390298e+00
2.295404767731664908e+00
-2.406287539783001639e-01
2.633396213543413467e+00
5.694744815334432109e-02
4.639082756669874463e+00
1.536093794104245847e+00
2.236854089694762848e+00
-1.396498140512025810e+00
-4.628086935627280796e-01
2.284152790770973329e+00
3.158894606420257212e+00
1.713307134100958695e-01
9.744158217195703076e-01
2.505162493646111432e+00
2.093054042411091942e+00
2.975094706259860722e+00
6.471768088866869384e+00
-8.987146633967061371e-01
3.196757235606130454e+00
3.385791150808340699e+00
-9.810352731355702627e-01
2.987183692591148354e+00
3.863384451780816908e-01
-5.870999705132573521e-01
-9.346412733441568088e-01
-7.157448312175561655e-01
-1.441756116088877437e+00
-3.810858812389397610e+00
-1.045776544589125612e+00
-1.185853972372720611e+00
-1.402928035324683353e+00
-1.169392456956971804e+00
-1.096586137307284048e+00
-2.417150982179705476e-01
-5.601642425599047126e-01
-3.217829603589226761e-01
-5.189808781495730550e-01
-8.533306039304041635e-01
-1.333521601951262792e+00
-1.340304346656300272e+00
-1.372038127301550725e+00
1.376051031024286830e+00
5.378570729725627331e+00
8.234547570292334306e-01
1.147513286169881686e-01
8.404976002590329287e+00
-4.906857015895286361e-02
6.700541806961783642e-02
-1.239726121206603304e+00
-1.170465949713691778e+00
4.670845471069104526e+00
-9.309711368498151396e-01
-2.304320392438329979e+00
3.479002768155115000e-01
3.556664225197065488e+00
-9.112739807930094749e-01
-1.229858490595615361e+00
-8.497826302146369581e-01
-1.288415610450418081e+00
-7.966899420490909378e-01
2.484727221306811007e+00
3.276199777637277322e+00
1.139553049952839459e+00
3.160523340085303889e+00
5.640877952970874354e+00
5.204403442341785535e+00
8.833127382098867386e+00
3.146818984087464077e+00
5.951275807508750404e+00
8.881190065712084802e+00
7.750353821454753600e+00
1.104251333472543806e+01
1.036794736120172011e+01
8.841309177794053342e-01
5.559634029426944402e+00
8.813245781001267432e+00
8.210000559985514812e+00
9.635574683293873122e+00
1.038130014611384766e+01
3.123540152093038369e+00
1.116934078561969557e+01
1.022068305605197480e+01
5.550306121507269097e+00
5.953313219016841629e+00
-1.636879536343082697e-01
7.042240322551546194e-01
5.777036003645235063e-01
4.048547831365586269e+00
6.516937127422925968e+00
7.634143319234635960e+00
8.642283985112710454e+00
1.959609164353401267e+00
4.738515274972518121e+00
1.473416438597507039e+00
5.491588135743398880e+00
3.583212555247352604e+00
2.981344056987181856e-01
3.360773671816905117e-02
1.020611033222605357e+01
4.794694557496622878e+00
6.221031175020455883e+00
8.786274480972803502e+00
5.540846810082586948e+00
9.074055544254674643e+00
5.928283634453300976e+00
1.009906300454548145e+01
1.161208209099605781e+01
1.278145299299709237e+01
9.925559501977252452e+00
1.011005971831123240e+01
9.095080851480798145e+00
9.170537825582488978e+00
2.352122898214985103e+00
8.131163481170462504e+00
6.529956577115040517e+00
9.682023925739052572e+00
6.470058870189226319e+00
1.594204946432643766e+00
1.205086756877664733e+01
1.021493215853603687e+01
9.302843771454067934e+00
1.371362129962419729e+01
1.291880997535046127e+01
-1.880624360517586524e+00
1.934186821842761361e+00
1.350701617357150219e+01
6.584816379610556325e+00
7.319838924756845167e+00
8.273230347924002359e+00
1.088733312847765511e+01
1.055495262645335330e+01
1.371362129962419729e+01
6.017025929457445521e+00
6.674283791197656690e+00
1.029064673961865850e+01
1.089676404752130701e+01
9.119544503375706768e+00
1.218536833227153338e+01
1.344921652048711813e+01
1.239812973687119957e+01
1.216687895359863170e+01
7.291548800720975443e+00
1.132870424401780340e+01
6.590508092346749613e+00
1.221961424356960535e+01
6.584770015024814072e+00
8.244672038629985877e+00
1.342682914167275143e+01
1.071798401087716002e+01
1.240836600760372654e+01
1.075243909575272383e+01
5.188181243497924200e+00
1.208537588306326249e+01
1.158460485478749824e+01
1.371362129962419729e+01
1.371362129962419729e+01
1.273538157841706386e+01
1.049842206983796089e+01
1.008307361136310476e+01
9.103139666348265990e+00
1.609790969518700487e+00
9.595858964186493978e+00
1.371362129962419729e+01
6.910013382376212654e+00
1.043891982395787110e+01
1.008463858422133264e+01
1.379377972481538173e+01
1.005023070078809155e+01
9.891253573452805981e+00
9.860902240273027530e+00
9.947796557337046153e+00
8.674840274405781315e+00
1.137712185029475798e+01
9.934567437336930595e+00
1.017513323908906031e+01
1.139396942324333217e+01
1.198071984869581463e+01
1.200445321762421536e+01
1.371362129962419729e+01
8.910942238316469144e+00
9.420525062187188325e+00
9.105196372919969861e+00
1.287386873441600699e+01
1.123661810642041026e+01
5.401694534239645407e+00
1.052503473848966209e+01
1.371362129962419729e+01
8.037907834804956408e+00
1.342203121921952658e+01
1.853602417715056516e+00
1.253934037246363964e+01
1.087537054704091055e+01
1.367363640693978510e+01
8.934705146252534647e+00
1.332878407353212680e+01
1.371362129962419729e+01
1.342056324208768281e+01
1.315640148727309366e+01
1.371362129962419729e+01
1.222071624158399672e+01
1.371362129962419729e+01
1.029717331447571738e+01
7.439559336568518866e+00
9.681679474010094211e+00
1.392262183391070707e+01
1.205722253610528583e+01
1.356195561219072410e+01
1.346062807179258058e+01
7.559364738303708808e-01
1.132465017039221067e+01
1.254233767888503159e+01
1.254308825561113316e+01
1.323485180726154020e+01
6.843699890027534316e+00
1.371362129962419729e+01
1.384604327690781744e+01
1.321952899116080005e+01
1.319837221785470760e+01
6.078581175555899385e+00
1.027196429138930611e+01
1.273674285331243894e+01
1.295419088049738576e+01
4.462807518186210132e+00
1.369154203081853893e+01
1.177032772106032432e+01
1.267451550213145417e+01
1.383312444026156030e+01
1.371362129962419729e+01
1.256996254745708441e+01
1.122559116643095933e+01
1.372929601673653366e+01
1.361005780178461322e+01
1.153110877150134606e+01
1.364965517125099304e+01
1.376984950187108403e+01
1.104006687872999848e+01
1.371362129962419729e+01
1.269857872071936455e+01
1.062666638583131196e+01
1.228511161086794523e+01
1.222286847959874123e+01
1.302038240610702857e+01
1.185893867465195406e+01
1.304453875311665989e+01
9.035048630209020715e+00
1.371362129962419729e+01
1.380083169464831983e+01
1.244626267586479074e+01
9.561486683166631195e+00
1.247350441341668059e+01
1.331611853970248482e+01
1.345377612291022018e+01
1.203944470301736835e+01
1.330966266888219884e+01
1.365211750090049492e+01
1.101154611859404575e+01
1.331610503240167453e+01
1.384659912869788201e+01
7.769913030341895066e+00
8.474885698449391214e+00
1.279627377807211630e+01
1.371362129962419729e+01
1.371362129962419729e+01
1.071160327455710082e+01
1.328830039059157464e+01
1.299435951121902200e+01
1.401540369407228681e+01
1.432422353038222695e+01
1.306776375827843317e+01
1.162798116084509914e+01
1.351125667360506633e+01
1.392598806489143115e+01
1.371362129962419729e+01
1.357683750129512745e+01
1.320676295666700106e+01
1.389009183510610157e+01
1.392262183391070707e+01
1.303227582847034149e+01
1.371362129962419729e+01
6.371366973222470698e+00
1.327436796017074450e+01
1.171024142028089443e+01
1.373177104785285962e+01
1.063808675507002732e+01
9.686932399841436947e+00
8.567932649796492939e+00
1.363635427687958845e+01
1.383214428731820078e+01
1.336440332761190852e+01
1.317196739292681507e+01
1.356452992163376337e+01
8.098741012093432445e+00
1.391099174009685591e+01
8.428354709851845428e+00
1.190178018607610788e+01
1.385219218039104838e+01
1.314166641754587239e+01
1.375599558289820834e+01
1.372114405269481097e+01
1.298742649678260008e+01
1.371362129962419729e+01
1.383214428731820078e+01
9.650509225670472091e+00
1.370754166462280210e+01
1.378076732421383888e+01
1.175656796043306862e+01
1.387181312644368880e+01
1.161834039805446395e+01
1.309729773698504118e+01
1.349655874141283363e+01
1.200333219770278426e+01
1.293160241963351531e+01
1.377505066366269659e+01
1.384462044916042345e+01
1.216903648858161091e+01
1.350721874314632309e+01
1.187654227250584249e+01
1.254564457133854205e+01
8.892620173047223631e+00
1.300571198820323993e+01
8.178420284287298614e+00
1.189315398051226502e+01
1.360325210425413367e+01
1.424256448973027922e+01
1.308591956843349635e+01
5.915860359615658481e+00
1.341225334741504760e+01
1.404764966359214462e+01
1.166117492095251684e+01
1.286063557235253718e+01
1.240506440253125398e+01
1.116617325419788287e+01
1.287948138134250975e+01
1.376177633596013372e+01
1.156434388520053602e+01
1.229983249504954301e+01
1.306237518622879534e+01
1.372576327756970116e+01
1.235671753464513500e+01
1.053468395609393404e+01
1.303955014694928849e+01
1.325716414845318702e+01
1.159018810583079606e+01
1.391096546463643335e+01
1.270176780731465271e+01
1.312614505745095173e+01
1.400364527360092914e+01
1.261177772474726133e+01
1.378218325052644033e+01
1.390703705329187656e+01
1.004658338117690874e+01
1.263549957632355358e+01
1.368031981439369282e+01
1.264998361357337764e+01
1.145446918336721254e+01
1.246549941352087032e+01
1.346386358336520317e+01
1.043412206644447515e+01
8.196294637660574978e+00
1.245706523124567866e+01
1.047885825004918559e+01
1.233167360024674863e+01
9.426868582240615524e+00
1.258211677661836703e+01
1.108054725455165546e+01
1.272678808800626094e+01
1.111501037603009046e+01
1.387612885176626243e+01
1.090696210948753375e+01
1.371512981038635814e+01
9.222729553524244395e+00
1.217132842048287245e+01
1.327690666947595588e+01
1.383214428731820078e+01
1.325830536837401219e+01
1.402196165497828595e+01
1.322099655830235676e+01
1.186771116504363377e+01
1.270394385011697125e+01
1.263059421078368416e+01
2.867142408873589954e+00
1.302282012372107900e+01
1.385216395123008759e+01
1.345851480555973545e+01
1.155217155040819144e+01
2.507847441181284776e+00
9.648624918184612653e+00
1.341711826428196730e+01
1.316538590714233337e+01
1.415606355548553807e+01
6.110014157421688630e+00
1.401541798336390876e+01
1.285056861746743984e+01
-2.229157557382819288e-01
1.354589636431617450e+01
1.287955461341220342e+01
9.059247183512706414e+00
1.410635004260087122e+01
1.402060966992946689e+01
1.290619601896396595e+01
1.397065406446730584e+01
1.318490087266165389e+01
5.073858171656807414e+00
9.701436932129961832e+00
1.231104144623701657e+01
1.418985877528143291e+01
1.032074168595979380e+01
1.262143042217110533e+01
9.706042177886351041e+00
1.401505936822472087e+01
1.017466876443991275e+01
1.376676559427663982e+01
1.097489835807062519e+01
1.205916127902462165e+01
1.327014645721305897e+01
1.433376660895654275e+01
1.414829687206648501e+01
1.358617300832362140e+01
1.364333264453568439e+01
8.504194411327240744e+00
1.398632054049248197e+01
1.382572227719147406e+01
9.816331409624424964e+00
1.351182434011913180e+01
1.304410526474044651e+01
1.358720632310997800e+01
1.251712105064394542e+01
1.258046283115876207e+01
1.316419487420544776e+01
1.235678022227008732e+01
1.314207803456059942e+01
1.433376660895654275e+01
1.190464938805346939e+01
1.355408630215442223e+01
1.433376660895654275e+01
1.424036390222535253e+01
1.275490477942774703e+01
9.260121467889444347e+00
1.393305773442265050e+01
1.351987817305808015e+01
1.071990189555664408e+01
1.017207156067570040e+01
1.229016069555600588e+01
1.107266649882286558e+01
1.139071102738887298e+01
1.225110761195041498e+01
1.283117631477687404e+01
1.431291123382187003e+01
9.919804011718428072e+00
1.292133950539089504e+01
1.355161626956328824e+01
1.102394903537648574e+01
1.356034511080640392e+01
1.196701934817278712e+01
2.402422577848649876e+00
1.289416663789870832e+01
1.360708400021229103e+01
6.086045687670974758e+00
1.222871582635045229e+01
1.158825058700994504e+01
1.221649432935630841e+01
1.169316395046687695e+01
1.285797104685632952e+01
1.057729015604950895e+01
1.255212634696326823e+01
1.310701598171123905e+01
1.067233888561119315e+01
1.220055166774069910e+01
1.194240030047427581e+01
1.116198443281259323e+01
1.076101624267794854e+01
1.110560610517014801e+01
1.134196054494748651e+01
1.134464756659553686e+01
9.176170991351600748e+00
1.115486226269789860e+01
1.162092556098658847e+01
9.687069578116677349e+00
1.140038462308642764e+01
1.193184460631015398e+01
1.171862926147866801e+01
1.254821216327915856e+01
1.242026726132393044e+01
8.867449097495386567e+00
1.251183943279003685e+01
1.372458111334704789e+01
1.114991792622837607e+01
1.241813739883240508e+01
1.234925138392886623e+01
1.169281575407329221e+01
1.231094476676858740e+01
6.637285779834278365e+00
1.186879841399056978e+01
1.264944478420719953e+01
1.339459447643964829e+01
1.203727629612438754e+01
8.351371921146030886e+00
1.159969104602092749e+01
1.197201410638728269e+01
1.118440065740608169e+01
1.052717602819329379e+01
9.421212880093552400e+00
1.320150190752838881e+01
1.327032125302817001e+01
1.315776090208124316e+01
1.337595019964902399e+01
1.247276731798883453e+01
1.221433224332158929e+01
1.147744759492182887e+01
1.219846905219444366e+01
1.264096876595795926e+01
1.280761911922218310e+01
1.373969638655078462e+01
1.292254414824932951e+01
1.251721162282198918e+01
1.330037968738096232e+01
1.216990846790458569e+01
1.306667154623439586e+01
1.287893876779906854e+01
1.293712772173221204e+01
1.375281943428955955e+01
1.347009453855625338e+01
1.143079652292205317e+01
9.586992789590825126e+00
1.384718482256971939e+01
1.375831678784811452e+01
1.343943335124771821e+01
1.286100276358151007e+01
1.431129059801917869e+01
1.376031666907171669e+01
8.644375812032029316e+00
1.390792586981142875e+01
1.428448022200390177e+01
1.372372878925528994e+01
1.111841708986009536e+01
1.391881519619858487e+01
1.221521028093774319e+01
1.409918317054721371e+01
1.382611174973152224e+01
1.181834103141335568e+01
1.089974032918922298e+01
1.376159809639010412e+01
1.393636128360702386e+01
1.392604527170712636e+01
1.276554854133498296e+01
1.181042815080204456e+01
1.014893554437660939e+01
1.176376862750338148e+00
1.404411902757891717e+01
1.411923470128549596e+01
2.785362421697674229e+00
1.346149626942872146e+01
1.337901902142987076e+01
1.129437711687836199e+01
1.309707141456186896e+01
1.372023308355696614e+01
1.369027904097159620e+01
1.241898235902020176e+01
1.379848542335437145e+01
1.250404131359356086e+01
1.384371414195761574e+01
9.546802178408116291e+00
4.706465185109706795e+00
1.315519005287525367e+01
1.263857437660648309e+01
1.303783477739761132e+01
1.259726849130315429e+01
1.312401389875153157e+01
6.979407285431815211e+00
9.424933664869078243e+00
1.367013911958189709e+01
1.378939456098398253e+01
1.376444984840667374e+01
1.109626215368975188e+01
1.315756186990499010e+01
1.198446634322438520e+01
1.270997909903238998e+01
4.690538343108213049e+00
1.374592567742807958e+01
1.249651425668981730e+01
1.390073869282798924e+01
1.393733614369446450e+01
1.372635316567693309e+01
1.362358937186668761e+01
1.100578700320846437e+01
1.184628318493414412e+01
1.275451663088359311e+01
1.354293713244766018e+01
1.377336781326486559e+01
1.381615098496446237e+01
1.067517565822225656e+01
1.197620347432114407e+01
1.295063333895101110e+01
1.393646988737906867e+01
1.403844878990379108e+01
1.344473451256575913e+01
1.149810143828819164e+01
1.344338431270228362e+01
7.903802725703910070e+00
1.274425762517287808e+01
1.195182037348286208e+01
1.378604832798151669e+01
1.350979484153675436e+01
1.278485963194969521e+01
1.378788775912106601e+01
1.382722689872481681e+01
1.371947904739443835e+01
1.374379912263690429e+01
1.278003240303447718e+01
1.157649576165384708e+01
1.424256448973027922e+01
1.380714761040122163e+01
1.306445294349930109e+01
9.566664104372785360e+00
1.379622626259835272e+01
1.194815957888143743e+01
1.409723887456292601e+01
1.376208000960710542e+01
1.359746280572168686e+01
1.424521416243528193e+01
1.003867796344784402e+01
9.231678586678480514e+00
7.877941095061585131e+00
1.412670479724114081e+01
8.000194455739796595e+00
1.431291123382187003e+01
1.397488332570030778e+01
1.390003792973056918e+01
1.406143206616367891e+01
1.336562255503658925e+01
7.899008874067900976e+00
1.338714842759524792e+01
1.409132099186239806e+01
1.326002407650705095e+01
9.863540504404520348e+00
1.395247689047017481e+01
1.372962868639602796e+01
1.351282371251268444e+01
1.393612599428288412e+01
1.350402586761562418e+01
1.413371354574912075e+01
1.433376660895654275e+01
1.397268567365468428e+01
9.655921252216709050e+00
1.258854324177881701e+01
1.412755681498964577e+01
1.276614682596477124e+01
1.214572296813628682e+01
1.413816450628312538e+01
1.291293538057477619e+01
6.711101821564740888e+00
3.058699532020495493e+00
8.836236400432184723e+00
1.329682306960497939e+01
1.336252018342300474e+01
1.350144832025463870e+01
1.113511600120123823e+01
1.088611394433559632e+01
1.261185407230476407e+01
1.219948655062950316e+01
1.395518852669844634e+01
1.149139090588911749e+01
1.014221966259177243e+01
1.288785709281192737e+01
1.370154259494284865e+01
1.384207770978279051e+01
1.364169445010518800e+01
1.255613924943380511e+01
1.420269012495470129e+01
1.395627484883431180e+01
1.388543321843408229e+01
1.394611590631073561e+01
7.182371527938727240e+00
1.106589402953536982e+01
1.086610174238224147e+01
1.011399660569602865e+01
1.286782788675547806e+01
1.073856980913690151e+01
9.136992355516344588e+00
6.977406706799828662e+00
1.360200187911642544e+01
1.381050660099712069e+01
1.402758257554002874e+01
8.687063384660600462e+00
1.386840151403143473e+01
1.327286887200206600e+01
1.361633953885645631e+01
1.188949871930877933e+01
1.359920445936723787e+01
1.328781669772741481e+01
5.418035839151360555e+00
1.394204441482622414e+01
1.336789795504073908e+01
1.303282691859452491e+01
1.407364143952460722e+01
1.387622940324989074e+01
1.375870574341852226e+01
1.410928019678734202e+01
1.376802408458387106e+01
1.375412147805931440e+01
1.374583864675319589e+01
1.297825501200849985e+01
1.114851140066869739e+01
1.366487748756454756e+01
1.411238220028742774e+01
1.418805619670616913e+01
1.371180225919483853e+01
7.844686802409254867e+00
1.431291123382187003e+01
1.374311698048760277e+01
1.265624787513617910e+01
1.330918708873105061e+01
1.406660225867764424e+01
1.407946057627166070e+01
1.379567159414214572e+01
1.201239512960854761e+01
1.395440118062037982e+01
6.881677389118319610e+00
8.906717740550922358e+00
1.315450281507282781e+01
1.409195364538122419e+01
1.307492900163975058e+01
1.358055946181188212e+01
9.574672263715086729e+00
1.224204252795591685e+01
9.671698481541346482e+00
1.256652850859683923e+00
1.279054330226195546e+01
1.351444709921885057e+01
1.410565882349554201e+01
1.277954432168779242e+01
1.391089300630479819e+01
1.334831380445587179e+01
1.405570231822876082e+01
8.012120558396071957e+00
1.293641293392490255e+01
9.274149194371242189e+00
1.375140207725326391e+01
1.302072574693683826e+01
1.390930055296522561e+01
1.266333274890904903e+01
7.955616340044834089e+00
1.377329174133102008e+01
1.346269033857952557e+01
1.197232689930703664e+01
1.396400385193405924e+01
8.474458097604349760e+00
1.344827303983272948e+01
1.340086392147969896e+01
1.162322354073685204e+01
1.297827299947613433e+01
1.313549027493189847e+01
1.343307234172962161e+01
1.349288029299972358e+01
1.338667179581439726e+01
5.240244205600314231e+00
1.383222292753871052e+01
1.030035960307759169e+01
1.365222212495723575e+01
1.362452192058792022e+01
1.210476628727326442e+01
1.386209154451268333e+01
1.354163539513582215e+01
1.360008534181962148e+01
1.375777051535336248e+01
1.328784962806940229e+01
1.300612539886041219e+01
1.017971102312874443e+01
1.315407751521740920e+01
1.410597438070648302e+01
1.132821852934518603e+01
1.250054544614790153e+01
1.195054301471260416e+01
1.039053065927348385e+01
1.303869624894295676e+01
7.981918713212067473e+00
1.043232847268938990e+01
1.380045771353408490e+01
1.362150898322708592e+01
1.346943900369226021e+01
1.146309937131145773e+01
1.415332588329725461e+01
1.209544136570954720e+01
1.197538939239546529e+01
1.389696805110532019e+01
9.596355096727158696e+00
1.367779430753992997e+01
1.120066043851040227e+01
1.010936082463765651e+01
1.260745595764080562e+01
1.034648237419805383e+01
1.352259750513385583e+01
1.358672179528499768e+01
1.375552306713809081e+01
1.142234577379450045e+01
1.095861324084291155e+01
1.314617914062240800e+01
1.328898144152877414e+01
1.146247326106895237e+01
1.243942542502798787e+01
1.349849080350233699e+01
1.170328672627107736e+01
1.376494581289019870e+01
1.291097440233101601e+01
1.392907386322126584e+01
1.204258418485175852e+01
6.477294454524549217e+00
1.249994027815801978e+01
1.377451042726938191e+01
1.300424366909383700e+01
1.153316363233377473e+01
1.000956375208236437e+01
1.266210895616340260e+01
1.348213488184027220e+01
1.396684358237795820e+01
1.350109888032354810e+01
8.405241140271213496e+00
1.409379854732619997e+01
1.340695817514389176e+01
1.342094018617572893e+01
8.130075781364062948e+00
1.357424544636911712e+01
1.402679020362124618e+01
7.626786826035067968e+00
1.183921621509885114e+01
1.404743735002266192e+01
1.305916273413648199e+01
1.200041499855821669e+01
1.424316380698137863e+01
1.325523528023331110e+01
1.379337271953927413e+01
1.266286572629953611e+01
1.361520714128890575e+01
1.255167373746783177e+01
1.304050395123439543e+01
1.166863655634514529e+01
1.183542226997889912e+01
1.413509959740199839e+01
1.429676470871700111e+01
9.804978810392690036e+00
1.376317263227661769e+01
1.124039564310908901e+01
1.378398095400018164e+01
1.258173976613170808e+01
1.364585450548414691e+01
1.350431300016632363e+01
1.349200355394399686e+01
1.417224489676492638e+01
1.199400178664275884e+01
1.139354059806388619e+01
1.140095313003441291e+01
1.370425028044664018e+01
1.176015428992096545e+01
1.093164087601105550e+01
1.281341824841312871e+01
1.323893784941368068e+01
1.410528369650935687e+01
1.394076666793934116e+01
1.416782332738215544e+01
1.424113303797758157e+01
8.296940648508085658e+00
1.341367182643140055e+01
1.285219312294659133e+01
1.076369824047240442e+01
1.306286420337610998e+01
1.146021776533035563e+01
1.350811459610021537e+01
1.351074023027927673e+01
1.249431414627636450e+01
1.292047894021175480e+01
1.330582140105982702e+01
1.324943987404987666e+01
7.288619925929078036e+00
1.334493404928945104e+01
1.383330508189813557e+01
1.422217603904115180e+01
1.360313642357679242e+01
1.031683252605590795e+01
1.359040156467389515e+01
1.380582510406089725e+01
1.187280623696354809e+01
1.420969152143643299e+01
1.343460600820285755e+01
1.354501786523328022e+01
1.197564536105737076e+01
1.343979001805335116e+01
1.363616468834858075e+01
1.381124572156826957e+01
1.293077494829928042e+01
4.771788800824119825e+00
1.396746396141140600e+01
1.383634565088738810e+01
9.255402070113005308e+00
1.304618303386625655e+01
1.248107258959279164e+01
9.930802162613741046e+00
1.375369119942874541e+01
1.206036706766433930e+01
1.296511733148652645e+01
1.209118461444228032e+01
1.301253393485983345e+01
9.446538433377742905e+00
1.165208692639967047e+01
1.352440545559677432e+01
1.243955559534493993e+01
1.321157973289680321e+01
1.191741773585312991e+01
1.362080162592411270e+01
1.382644481941431280e+01
1.274182088924585976e+01
1.253677974423511010e+01
1.216433821424292461e+01
1.298993568170727286e+01
1.275277181832411344e+01
1.354596853905158760e+01
1.383014391313125024e+01
1.176469728673849957e+01
1.215303724333593038e+01
1.314558373317052720e+01
1.247247627641712242e+01
6.759545747942848237e+00
1.235691083921856404e+01
1.243991877247476907e+01
1.424352436586404203e+01
8.875739076987134268e+00
1.368083816621607163e+01
1.371745236989203143e+01
1.281845261144962222e+01
1.272332474683902070e+01
1.402701776858175187e+01
9.216734142675946373e+00
1.265674556042720589e+01
1.203715310695374185e+01
1.359100995912869969e+01
1.362821799318227001e+01
1.142828893736807494e+01
1.255826393866266244e+01
1.338741083698247358e+01
1.328231999316956546e+01
1.249189156114821309e+01
8.365031112890692455e+00
1.270141420981755154e+01
8.930329181558700924e+00
7.407277240158068210e+00
9.940972422935338670e+00
1.291177061770131296e+01
1.282492699272677328e+01
1.272236282669697616e+01
1.239321189616955721e+01
1.378155526065534531e+01
1.387706098898374130e+01
1.379181135276242287e+01
1.369734449980198043e+01
1.318501798302638051e+01
1.316263802967683993e+01
1.389348362375638146e+01
1.256374306999008361e+01
9.342118147411721196e+00
1.409026552794485099e+01
1.288536090809734880e+01
1.190257861853658028e+01
1.187685852478510640e+01
1.204221539725718770e+01
1.218623569572642040e+01
1.365684191251407498e+01
1.346437770687953694e+01
1.152435161360276972e+01
1.381143918168850604e+01
1.098822329330564251e+01
9.220061198843209738e+00
1.102640286922861002e+01
1.128754427833568208e+01
1.376929017640449260e+01
1.264279604139851187e+01
1.292368723166210209e+01
1.233447619096150660e+01
1.362987661987295418e+01
1.414191569420880867e+01
1.248803454320365702e+01
1.047552135153582498e+01
1.300184072009293779e+01
1.148909222534957841e+01
1.285035521998246821e+01
1.412704160443334622e+01
1.233631973180789920e+01
1.228302532256305923e+01
1.348306435512044565e+01
1.326995031568717920e+01
1.413956239775573742e+01
9.300765784781209078e+00
1.277339307531681456e+01
1.409782613015108410e+01
1.318314924572958446e+01
1.405682032773314027e+01
1.423766104164032242e+01
1.420588753074238220e+01
1.219678315189481843e+01
1.223812196131211216e+01
1.381140102071283415e+01
1.185492036442602704e+01
9.153632563525594179e+00
1.237237581257296171e+01
1.318493014783994077e+01
1.339747654280660782e+01
1.124602353917589781e+01
1.386469306237054333e+01
1.312711153899206096e+01
1.306320248412299101e+01
6.505161646667802167e+00
1.328347414528090731e+01
6.628392299946055388e+00
1.230353297095810206e+01
1.265355861301211782e+01
1.358201384524846489e+01
1.283325236005768843e+01
1.039427806986417480e+01
1.215562858065715091e+01
1.128646038349016578e+01
4.830857919209949003e+00
1.369786506261992010e+01
1.123483654285323929e+01
1.279430271955536824e+01
1.383093404704999330e+01
1.367277818356762076e+01
1.377097882328498635e+01
1.361394064854578545e+01
1.422357651217566143e+01
1.299722610185613547e+01
1.389422551185981014e+01
1.383145783465574041e+01
1.201757934176250586e+01
1.162136543988666304e+01
1.339888229880636850e+01
1.192832480377177973e+01
1.146061577284402588e+01
6.108203371574156826e+00
1.363883689036911306e+01
1.105018321819502347e+01
1.349098975633492259e+01
1.315017128303404803e+01
1.375688902404099245e+01
1.173298560136965030e+01
1.140531260021386117e+01
1.421741874380063031e+01
1.268106773990116665e+01
1.145579615920928163e+01
9.060229688090414513e+00
6.143332695473986860e+00
7.772791450464433538e+00
1.287947930195045032e+01
9.817478577188644806e+00
1.314129719054639089e+01
1.313865899910559953e+01
7.755928798203467700e+00
1.281479640292911171e+01
1.411845988164975196e+01
1.396173219494524531e+01
1.328779187625069902e+01
1.326263787978130004e+01
1.249265216491353669e+01
1.321435440914617843e+01
1.351344582972537545e+01
1.364950953323518945e+01
1.325054372215802800e+01
5.390631979833983678e+00
1.391940212031164492e+01
1.252659799049025935e+01
1.248195424955939536e+01
1.375639306084383051e+01
1.292787129155180637e+01
1.366129996787950063e+01
1.358098913720728618e+01
9.834404551809283745e+00
5.944506668124260429e+00
1.215809686706176329e+01
1.239257161456427703e+01
1.081153318206797032e+01
1.319656752601917304e+01
1.365345955350123930e+01
1.063651056934140726e+01
1.328712467622984228e+01
1.386428046492245159e+01
1.286469580714189576e+01
1.328682428026750273e+01
1.405785928863993917e+01
1.100949054983593456e+01
1.358541143152236330e+01
1.371819471563092563e+01
1.336636820891652988e+01
1.300633242493458219e+01
1.294653537191523185e+01
1.171201976441427561e+01
1.302011884772714367e+01
1.367007230580062682e+01
1.075501690749227457e+01
1.016372613251526147e+01
1.168575680239350589e+01
1.261811068184436024e+01
1.362377084931861582e+01
9.038897381018287547e+00
1.362483688635397527e+01
1.390472896746274145e+01
1.365736696997212896e+01
7.592997881746951450e+00
1.149417235895167977e+01
1.319745599719308693e+01
1.320510654512118620e+01
1.305792131230466779e+01
1.389036618134233514e+01
5.831021931599766006e+00
1.304269285306630799e+01
1.348547541132712091e+01
1.390938352994273863e+01
1.380359795384008237e+01
1.299794587342234919e+01
1.224855010531050326e+01
1.192674422933606415e+01
7.450886214126467344e+00
1.286597295513927541e+01
1.275642811051634240e+01
1.321192278992628744e+01
1.428145218613516221e+01
1.176411412742674756e+01
1.359443848700082924e+01
1.298046244642490876e+01
1.135448637249558423e+01
1.223401001568879387e+01
7.365882270604430460e+00
1.098611692967684306e+01
1.324320512513804893e+01
1.151499396030136602e+01
1.220848063182067555e+01
1.203871385898001911e+01
1.403494350115667544e+01
1.363998192717888358e+01
1.010424010566033992e+01
1.223986599580028134e+01
1.419141783929085676e+01
1.039927405373165392e+01
1.286254474016755722e+01
1.335414999814396708e+01
1.125909468831085114e+01
1.261394229060565486e+01
1.370635951991989998e+01
1.020464605106698919e+01
1.305557586220121458e+01
1.337109180171525935e+01
8.225273051558637860e+00
1.179760493781495612e+01
1.243927991384333787e+01
1.349801129555450174e+01
7.277465149687939672e+00
1.307427187005256464e+01
1.344212310614179628e+01
1.091574894103663063e+01
1.103918282149451713e+01
9.116588089934319683e+00
1.385589634441704909e+01
1.064209382957797878e+01
1.360474982191199977e+01
8.956862124527246394e+00
7.567718583213786765e+00
1.413321934785447098e+01
1.364032504111486332e+01
1.248360701228762970e+01
1.384795276310918055e+01
1.420007145483789657e+01
1.424319362886256712e+01
1.411653645508069133e+01
1.419889057431021584e+01
7.139537698222338413e+00
1.309265938371849103e+01
1.395095796495576579e+01
1.374842633167582129e+01
9.323745807660479556e+00
1.305000709556636451e+01
1.429676470871700111e+01
1.380988077116895951e+01
1.347384414660749030e+01
1.159013578924527721e+01
1.283720706921717003e+01
1.306627049446229805e+01
1.394748853424867718e+01
1.411523679578434454e+01
1.222968628139054559e+01
1.300415877833148137e+01
1.026867558161425187e+01
1.066788537728592345e+01
1.196578426969844600e+01
1.280552110984868008e+01
1.374927498784472490e+01
1.324958444990797446e+01
1.104872496771606727e+01
1.377810312527033432e+01
1.333468936725119569e+01
1.361584310559134714e+01
1.309221535417974458e+01
1.264790533606810286e+01
1.409892922860926845e+01
1.067553474285888448e+01
1.376336711698821347e+01
1.363594261429205368e+01
1.172990034835131823e+01
1.212199806520115430e+01
1.032281805886832871e+01
1.057665699360171629e+01
1.313150283799942031e+01
7.679532831077908739e+00
1.290723780052395497e+01
1.021587849128766479e+01
6.998023623041573771e+00
1.056633485100484293e+01
1.345549695033515647e+01
1.408415442088340974e+01
1.114037890243464801e+01
1.375823623014156993e+01
1.317807899337977773e+01
1.359069425431941625e+01
7.962594181812393757e+00
1.300219123301467228e+01
6.629861885624414697e+00
1.341426646207580653e+01
1.143977105855418053e+01
1.295613080566351627e+01
1.408754026137976290e+01
1.410660757124751008e+01
1.381273691827625960e+01
1.400981295573234675e+01
1.380249161215389542e+01
1.228518750614326827e+01
6.784364510432752127e+00
6.395520424321839315e+00
1.051677766574252004e+01
1.157275239305652725e+01
1.382649574664166181e+01
1.173460182381006689e+01
1.311517353133583264e+01
1.357727698659898330e+01
1.249958091844088237e+01
1.364269119275398623e+01
1.364470179089792623e+01
1.151904882200452818e+01
1.342767455658269427e+01
9.161387661641571256e+00
1.323840743455384406e+01
1.304219741771270691e+01
1.308847935087797154e+01
1.236637971882386466e+01
9.568446362997075738e+00
1.114349472329938884e+01
1.007803877864423825e+01
1.373066315015679706e+01
1.348397004285110867e+01
1.097209483987472467e+01
1.152048526129129513e+01
1.381695300144637883e+01
1.270891844427185369e+01
1.376064720891195847e+01
8.607946551387538392e+00
1.020953107912356295e+01
1.331192221873715376e+01
1.367960646181713535e+01
1.342629521734998299e+01
1.349018729833974284e+01
1.350269958127726611e+01
1.295465831266263557e+01
1.337269677001880552e+01
1.413253247260921697e+01
1.383677160319419741e+01
1.316060048686905759e+01
1.400528020467048407e+01
1.393544656185609831e+01
1.392665990476062632e+01
1.053788924743993505e+01
1.034049969144588133e+01
1.388081707498046669e+01
1.407743186065238206e+01
1.407953706428205720e+01
1.410896013555167272e+01
1.298857539379516091e+01
1.328779937732770833e+01
9.985603621409278929e+00
1.383632969735879037e+01
1.310314727852971117e+01
1.360902500051637531e+01
8.685898041729553043e+00
1.326971724456683788e+01
1.369981709038330031e+01
1.209657112257875333e+01
1.243660832520972370e+01
4.312720327206807092e+00
1.402349681691914363e+01
1.206375056690852787e+01
1.224954772416236537e+01
8.639749726752810943e+00
1.160853967329115477e+01
1.314105163856833514e+01
1.408871382263361660e+01
1.414873510102144927e+01
1.079707721759454664e+01
1.319412166167815137e+01
1.372449053166175226e+01
1.174213237886980288e+01
1.405167400869421002e+01
3.200177635216181926e+00
1.085493501635624725e+01
1.311934605786330721e+01
8.724698423210780263e+00
1.293281300374533593e+01
1.308446907093025757e+01
1.058415060407568120e+01
1.321114532113411677e+01
1.151936661116409866e+01
1.380072007982547255e+01
6.959594369052413576e+00
1.331847427635485914e+01
1.292677138858229924e+01
1.397420302874161280e+01
1.386718040983747358e+01
2.059226509529406890e+00
1.085421117452940898e+01
1.336540822424012909e+01
1.254832573849952837e+01
1.343815589880398953e+01
9.519152508715821526e+00
1.039452365985449234e+01
1.241050050087813617e+01
1.317421568623856665e+01
1.093963367267566333e+01
1.159288841246685919e+01
1.341862148986044012e+01
1.387455449059635093e+01
1.209966872151154327e+01
1.391227634632838672e+01
1.376930991638561785e+01
1.279946058654673458e+01
1.381438022118517495e+01
1.359518831252827908e+01
1.417377620195032861e+01
1.105212029879674596e+01
1.096093435394786653e+01
1.348203564884191685e+01
1.250934896952070297e+01
1.391333421234675249e+01
1.386833019427770708e+01
1.372057287151114480e+01
1.015339701182531940e+01
1.387341458885544832e+01
6.050317624728663191e+00
1.373680198430381338e+01
1.402939545395962284e+01
1.258301485124175656e+01
1.333306254254879342e+01
1.078362638465160828e+01
1.374040557398627271e+01
1.386796376247639273e+01
1.378084719134584901e+01
1.087721627529938395e+01
1.407621294881461260e+01
8.172459126948131924e+00
9.530645586852660500e+00
1.384114368995872191e+01
1.371125073067307554e+01
1.357563478286169456e+01
9.784304922099821056e+00
1.260456146614583695e+01
1.332373263657687623e+01
1.366780155480205750e+01
1.286972895109308190e+01
1.317224299849753777e+01
1.094631792624693034e+01
1.059997102325507790e+01
8.550392347156792638e+00
1.334389470927096966e+01
6.560751284824465124e+00
1.410187678845742099e+01
1.376507555041815500e+01
1.414463817668884182e+01
1.286796171230730934e+01
1.309204699590602416e+01
1.336362794291264322e+01
1.300666696853423154e+01
1.306724700430491559e+01
1.347442418023040389e+01
7.996653563702347256e+00
1.363207352092533142e+01
1.364722395470273497e+01
1.389198962015767869e+01
1.359151662817801842e+01
5.950799803273087996e+00
1.122187289710413083e+01
1.163379186648502461e+01
1.248849842526416154e+01
1.340264527965691244e+01
1.352384978095283330e+01
1.005809949005095483e+01
1.381928143975455470e+01
5.339519541812180137e+00
1.353674728043248088e+01
1.349251214787508601e+01
1.069446156777366319e+01
1.364259628358442100e+01
9.334711103100643115e+00
9.144340594394076760e+00
1.339629296674674208e+01
1.375473908882656815e+01
8.770090357594222397e+00
7.534920838793571107e+00
1.394548498968945083e+01
1.379643520860304662e+01
1.332301527537769559e+01
1.311966099738479841e+01
1.395172701773324420e+01
1.362407090716345337e+01
1.360705984898542020e+01
1.398403885373559774e+01
1.013132295492240331e+01
1.136204745869066102e+01
1.008666066791757565e+01
1.333979568153320727e+01
1.298555688305951783e+01
1.385864104646591954e+01
1.323398934135692073e+01
1.372668702589764145e+01
8.693944721232918837e+00
1.391470315993043982e+01
1.357998595577431011e+01
1.243162180634714531e+01
1.406519801149111970e+01
1.363690529492469672e+01
1.416273510055683538e+01
1.022996523622651566e+01
1.293380315358719201e+01
1.377382699891297690e+01
1.169291197868244403e+01
9.110065374976326069e+00
1.290038611615752018e+01
1.180016134889749857e+01
1.343986904462323650e+01
6.666575315628979759e+00
1.398352035782220071e+01
9.622530560197194660e+00
1.351953533296311605e+01
1.390337364518211416e+01
1.373942676373889782e+01
1.385940027998085533e+01
1.233778913355956419e+01
1.338163008568515266e+01
1.242161518882148563e+01
1.373105098060101703e+01
1.360809598100994400e+01
1.295456785434135583e+01
1.350820752262705327e+01
1.144260756005999369e+01
1.339170306951187683e+01
1.377349289495188067e+01
8.493544679120470065e+00
1.362911694005441277e+01
1.381945501875678595e+01
1.102677181555761976e+01
1.392319551218387019e+01
1.280219808489715483e+01
1.297707440301243942e+01
1.361754382498628324e+01
1.335417611319686593e+01
1.297662549338425109e+01
1.208561452099584699e+01
1.356303441683543731e+01
1.358809885670506112e+01
1.125356753345105787e+01
1.430848861628613555e+01
1.432422353038222695e+01
1.404330838785784508e+01
1.206193979912483094e+01
1.331341579840622558e+01
1.213396010239165790e+01
1.341827432853472324e+01
1.387525869541122781e+01
1.360516820811534267e+01
1.202954559259405087e+01
1.353789526381431862e+01
1.320950427367362856e+01
1.330522339592640080e+01
7.384734081081550272e+00
9.521264571408432076e+00
1.159270060966773208e+01
1.388776925389733918e+01
1.407973457380179738e+01
1.063548383256103946e+01
1.312476999998510863e+01
1.098388221028175415e+01
1.192740491571736072e+01
1.341677742268318774e+01
1.110781030702664829e+01
1.209599086062661222e+01
1.396374910900096999e+01
1.408834211095985722e+01
2.945874714770043479e+00
1.345089811325154905e+01
1.027833920861683303e+01
1.291845631026058427e+01
1.251076803304510321e+01
1.350187870680149338e+01
1.106424142105437092e+01
1.398693735510340730e+01
1.344864850424442082e+01
9.525619229614502359e+00
1.329208178856312550e+01
1.113689052170315819e+01
1.408127031754129987e+01
1.067589052740327915e+01
1.317303546197422293e+01
1.361385753704748858e+01
1.229338554476710854e+01
1.358678229284333661e+01
1.383779682339338279e+01
1.056518733599883753e+01
1.202504811817999908e+01
7.448416959155659711e+00
1.295574431784852720e+01
1.019939366153589688e+01
9.870803935238884108e+00
8.444683815654730807e+00
1.124913139780703020e+01
1.336157524751611447e+01
1.073832178490649980e+01
1.136893024405744157e+01
1.396775731823770883e+01
1.086024510427199097e+01
1.150352093850992219e+01
1.370425977686079477e+01
1.306087048277639617e+01
1.257764503282783508e+01
1.178261788396019760e+01
1.243457052888062897e+01
1.381130734379651237e+01
1.353803492050819912e+01
8.594135684514421669e+00
1.389682189462345008e+01
1.372174923800329083e+01
1.366124717941989353e+01
9.032609310605584696e+00
1.373938507041347634e+01
9.853141003802905473e+00
1.384615338795304851e+01
1.348558774725697695e+01
1.275237989009088047e+01
1.220301161297209447e+01
9.042454562610892310e+00
1.384823387168627562e+01
1.346198388045515237e+01
1.335971019083596190e+01
7.326285189585549418e+00
1.244348508482259952e+01
1.376820573351693611e+01
1.363443398714913002e+01
4.992476960138153785e+00
1.413889492300475226e+01
1.328181261594349927e+01
8.663513456414404956e+00
1.374530741059867189e+01
7.192292604296344649e+00
1.133039157594959967e+01
1.375817320808098465e+01
1.271504498451199439e+01
1.018009917877953008e+01
1.178750500867044337e+01
1.277998116391676042e+01
4.251664307272088550e+00
1.377994692519469488e+01
1.112188680174060273e+01
8.317763301540134435e+00
1.234860004724137106e+01
1.342058363538893673e+01
1.282462404853045790e+01
1.393970757468404642e+01
1.133268184315183724e+01
1.297546514804903239e+01
1.117531069549719014e+01
9.284897790345130630e+00
1.302944047456831456e+01
2.881813944227701541e+00
1.299713899462032884e+01
6.880294345388529464e+00
1.327437773559846335e+01
1.134471190433879073e+01
1.058847508466478260e+01
1.226428055513380322e+01
1.135215315492152222e+01
1.273716275730119918e+01
1.398851503749157743e+01
1.082239327721728728e+01
1.299071503681915374e+01
8.817477206501747489e+00
1.408193324753845310e+01
1.386856014564834183e+01
1.348299332967484254e+01
1.378988225260466649e+01
1.338032402247700148e+01
1.011430759341964247e+01
1.237866644856995357e+01
1.263098033124206054e+01
1.362731501632405795e+01
8.428547907914181181e+00
1.299734061596357115e+01
1.315787001320398986e+01
1.358896106432705686e+01
1.266854344248108433e+01
1.374633611582454762e+01
1.394010505811439593e+01
1.314406905080331178e+01
1.257908317237773232e+01
1.202169993810334958e+01
1.221868024784491880e+01
1.284379759527331544e+01
1.201199368253343991e+01
1.318520142424668862e+01
1.361735360823209895e+01
1.408417438766374197e+01
1.319563437709650167e+01
1.374404395477033702e+01
1.276510206230054756e+01
1.396411143789839215e+01
1.366589759064371279e+01
1.416252994660678155e+01
1.307560398609130559e+01
1.220239920381696486e+01
1.388853844177399743e+01
1.311938648254561102e+01
1.296896899029647088e+01
1.322306617740220069e+01
1.246920904110965367e+01
1.350186996362417169e+01
7.428593782484223418e+00
1.354680797342294163e+01
1.342725478782705650e+01
1.341375058976664114e+01
1.135268411758870322e+01
1.377795919592039553e+01
1.197382929731851675e+01
1.205963375700408768e+01
1.391556393896441612e+01
1.256176959250291070e+01
1.194883595770250828e+01
7.332474400169477491e+00
1.215708278025035227e+01
1.371362129962419729e+01
1.353704139482954716e+01
9.926034425117565618e+00
1.193394070234311855e+01
1.301642362057359037e+01
8.289533393992435606e+00
1.338028309695445195e+01
1.858482719069383116e+00
1.105855626281356230e+01
6.500865574664569380e+00
1.306928657479688916e+01
1.167291230515730582e+01
8.343937607538252976e+00
4.676319960722963742e+00
1.274135582617343054e+01
1.238465501651340084e+01
1.392453792681608071e+01
1.351208423084957388e+01
1.218247934170667968e+01
1.235185434624787426e+01
1.318641555353421602e+01
1.088795378659224511e+01
1.364846920504100147e+01
1.353767801695802753e+01
1.166533869955138769e+01
1.026015576717023237e+01
1.179702471315572865e+01
1.391023292301959380e+01
9.330222894960426672e+00
1.387792801913543705e+01
1.336473039705891352e+01
1.066648147420262127e+01
1.189513439570299447e+01
1.287362227782811530e+01
1.368473618018744276e+01
1.265311194198119971e+01
1.034045111833408370e+01
1.373219877690472224e+01
1.010443029188291320e+01
1.399207525395923213e+01
1.359634884737713101e+01
4.583407679794865075e+00
6.517491255850184295e+00
1.362607918437989341e+01
1.345461961419563401e+01
1.010488941822676168e+01
1.356593095199385424e+01
7.476308478026041371e+00
1.237472720353712674e+01
9.103881461380453288e+00
1.286127968264245780e+01
1.224965353450044958e+01
1.172657692595577217e+01
1.166714520991102333e+01
1.235457669439393058e+01
1.148607918074512035e+01
1.405480968020135712e+01
1.370138495050483129e+01
1.025021855488949818e+01
1.385131952276377376e+01
1.394524504310204627e+01
1.380902346805960335e+01
1.424256448973027922e+01
1.328402983210041377e+01
1.433376660895654275e+01
1.168510413305964235e+01
1.368349425390477947e+01
1.330774183127568300e+01
1.405206040781833110e+01
1.340413092731885669e+01
1.368537945255459043e+01
8.515553874894280284e+00
1.213534735854313595e+01
1.373848623142799497e+01
8.525076071332957639e+00
1.399446540982334675e+01
1.342169901999023729e+01
1.350299394919083440e+01
1.387334664776726534e+01
1.381285687410635177e+01
1.391856795653401058e+01
1.395068095410133324e+01
9.288815890939343234e+00
1.261780068618356054e+01
2.691424950193046062e+00
1.372238132391726495e+01
1.404260909952748726e+01
1.029478992410678195e+01
1.392493511623846025e+01
1.365066092914322837e+01
1.368490678988593423e+01
1.279913001886356660e+01
1.152220958046435229e+01
1.405622601304225050e+01
1.348322350939280057e+01
1.191161970634274780e+01
1.267256360199654353e+01
1.388581844122641940e+01
1.157695874533243874e+01
1.142681635080691649e+01
1.340329251511067810e+01
1.410601651369500331e+01
1.365965608512506435e+01
1.402107965749907237e+01
1.345151177150006028e+01
1.210949012297317395e+01
1.301534111995301046e+01
1.348720555469276405e+01
1.097739584284428638e+01
1.317870680868777100e+01
1.102248133332845548e+01
1.350283827695445638e+01
1.314065187052696082e+01
1.368837449901660719e+01
1.338284154327494413e+01
9.257411191397412864e+00
1.394167770211180546e+01
1.424319362886256712e+01
1.385696407111393391e+01
1.168899261946620527e+01
1.389547419376521020e+01
1.311771829292113090e+01
1.047764675436340909e+01
1.411749186138472112e+01
1.148250579803747584e+01
1.395113122802575667e+01
1.316381525675713249e+01
1.152420461327703372e+01
1.202446356237702751e+01
1.318916839095417970e+01
1.213844110481248251e+01
1.226176533554012771e+01
