2.722075515025447374e-08 -2.199667280426805697e-06 9.999999999975803799e-01
2.701199710021697423e-05 -1.445691835159206040e-04 9.999999891850515077e-01
1.818203169350885427e-04 -5.018153142847727594e-04 9.999998575613711083e-01
5.743641473508592213e-04 -1.064277701902655547e-03 9.999992687091321386e-01
1.308166703389908314e-03 -1.817484913176061747e-03 9.999974927210898423e-01
2.477973478784411925e-03 -2.742625106161279691e-03 9.999931688041499012e-01
4.167635227410167349e-03 -3.817109493572097643e-03 9.999840301183439140e-01
6.448305093144963626e-03 -5.015211672224037173e-03 9.999666329499738993e-01
9.376982884515628128e-03 -6.308764954957275274e-03 9.999361337989171039e-01
1.299543043040071386e-02 -7.667899441689315053e-03 9.998861545726492883e-01
1.732947332219585482e-02 -9.061800583073093343e-03 9.998087682774978724e-01
2.238869622873789281e-02 -1.045947129529040294e-02 9.996946262441344100e-01
2.816653125272759739e-02 -1.183048016937421863e-02 9.995332341929160647e-01
3.464073123921271313e-02 -1.314567892098453955e-02 9.993133697018762307e-01
4.177421226834925755e-02 -1.437787294560543411e-02 9.990236193198431813e-01
4.951624155637422697e-02 -1.550242973911134144e-02 9.986530010440638483e-01
5.780393860584688570e-02 -1.649781111883132090e-02 9.981916283509590926e-01
6.656404887065611731e-02 -1.734601675673387577e-02 9.976313663375969698e-01
7.571494085367140581e-02 -1.803292861770233041e-02 9.969664293330015026e-01
8.516877005225050035e-02 -1.854854853452079372e-02 9.961938726749178796e-01
9.483374723205582890e-02 -1.888712432326652632e-02 9.953139388759334460e-01
1.046164448499509458e-01 -1.904716343695843361e-02 9.943302293664637581e-01
1.144240746246676654e-01 -1.903133697860481810e-02 9.932496863121059727e-01
1.241666715773458995e-01 -1.884628069495098215e-02 9.920823833600578290e-01
1.337591253175423045e-01 -1.850230307211515879e-02 9.908411382130417611e-01
1.431230075814187708e-01 -1.801301359192747711e-02 9.895409723918402456e-01
1.521881553912616536e-01 -1.739488637407791624e-02 9.881984533921518432e-01
1.608939808496168689e-01 -1.666677569652573465e-02 9.868309609625388612e-01
1.691904905733558617e-01 -1.584940022339449694e-02 9.854559221051488738e-01
1.770390092198450005e-01 -1.496481223892694341e-02 9.840900586882853629e-01
1.844126117153892797e-01 -1.403586693052072225e-02 9.827486876510299618e-01
1.912962771468235956e-01 -1.308570497966365931e-02 9.814451073162242523e-01
1.976867835619341429e-01 -1.213725962626857093e-02 9.801900951007951335e-01
2.035923671378884192e-01 -1.121279718249160000e-02 9.789915327634554076e-01
2.090321715260965996e-01 -1.033349786850358901e-02 9.778541660640868161e-01
2.140355140232849396e-01 -9.519081959125895442e-03 9.767794970286017842e-01
2.186409949852571866e-01 -8.787484645969088903e-03 9.757657994751908204e-01
2.228954760322963136e-01 -8.154581760121654144e-03 9.748082424562576342e-01
2.268529514834564664e-01 -7.633967545102956880e-03 9.738991020340704852e-01
2.305733364008308028e-01 -7.236784964915246240e-03 9.730280394132352351e-01
2.341211938133172521e-01 -6.971608504748655864e-03 9.721824228416636737e-01
2.375644231989617328e-01 -6.844378994262858597e-03 9.713476716945025347e-01
2.409729321128237789e-01 -6.858389584167702384e-03 9.705076035154303060e-01
2.444173128548181306e-01 -7.014321580123446254e-03 9.696447681855472345e-01
2.479675461333685771e-01 -7.310328347977393913e-03 9.687407574599324889e-01
2.516917536321232607e-01 -7.742164936597640754e-03 9.677764824770667129e-01
2.556550210720021643e-01 -8.303360424151804906e-03 9.667324161350668854e-01
2.599183126496261154e-01 -8.985429301308228006e-03 9.655888010999534865e-01
2.645374965341042994e-01 -9.778117491766552191e-03 9.643258273767164601e-01
2.695624993680812431e-01 -1.066967791341309063e-02 9.629237856173560317e-01
2.750366054374127067e-01 -1.164716983984553748e-02 9.613632035314173541e-01
2.809959133732760073e-01 -1.269677576731029038e-02 9.596249728683782232e-01
2.874689599848436750e-01 -1.380412905733179041e-02 9.576904735175159056e-01
2.944765171644004864e-01 -1.495464533668827700e-02 9.555416994676796394e-01
3.020315638501487321e-01 -1.613385051532047199e-02 9.531613889083977442e-01
3.101394308783816944e-01 -1.732769834624223876e-02 9.505331579090011695e-01
3.187981123225576141e-01 -1.852287071222771808e-02 9.476416341846505276e-01
3.279987327318927837e-01 -1.970705428982221646e-02 9.444725847463723012e-01
3.377261556895248540e-01 -2.086918791385371230e-02 9.410130290059720570e-01
3.479597154639740286e-01 -2.199967583907136426e-02 9.372513273808736889e-01
3.586740503863264373e-01 -2.309056315403041140e-02 9.331772347591322792e-01
3.698400141032414656e-01 -2.413567081887937199e-02 9.287819083952062460e-01
3.814256391689897496e-01 -2.513068913456174489e-02 9.240578608767713309e-01
3.933971266529200372e-01 -2.607322985661227055e-02 9.189988506119449729e-01
4.057198356113956295e-01 -2.696283858447327125e-02 9.135997046447287273e-01
4.183592474088024815e-01 -2.780097042519151171e-02 9.078560712750474160e-01
4.312818819127822723e-01 -2.859093318759921981e-02 9.017641026749940725e-01
4.444561454157656133e-01 -2.933780345536094944e-02 8.953200701931018912e-01
4.578530935760478648e-01 -3.004832177219238232e-02 8.885199170876950658e-01
4.714470965142024128e-01 -3.073077382386378564e-02 8.813587548373942315e-01
4.852163972075093090e-01 -3.139486491178607869e-02 8.738303098074264863e-01
4.991435582528889747e-01 -3.205159519406167168e-02 8.659263268316587103e-01
5.132157956844942692e-01 -3.271314315229586350e-02 8.576359351875579851e-01
5.274252016258256237e-01 -3.339276457236960149e-02 8.489449805282909267e-01
5.417688599491545798e-01 -3.410471406289804913e-02 8.398353236605914374e-01
5.562488606602167263e-01 -3.486419584208554079e-02 8.302841037033678040e-01
5.708722193026871672e-01 -3.568735027153413508e-02 8.202629592143190207e-01
5.856507071770461481e-01 -3.659128247361063263e-02 8.097371963976786047e-01
6.006005964777509920e-01 -3.759413940370612273e-02 7.986648885440470469e-01
6.157423214240016485e-01 -3.871524202178098367e-02 7.869958854038484608e-01
6.311000518794039893e-01 -3.997527977436159119e-02 7.746707052191829090e-01
6.466920952959598345e-01 -4.124157192021041946e-02 7.616353895580761924e-01
6.624682211368609908e-01 -4.240312555496041774e-02 7.478889161679994624e-01
6.783597874687620211e-01 -4.347450774270320700e-02 7.334425443904094566e-01
6.943049303393917793e-01 -4.447254024084153906e-02 7.183055456217443124e-01
7.102490108149858150e-01 -4.541607750840703783e-02 7.024839660377293349e-01
7.261448024988493843e-01 -4.632580408637768793e-02 6.859793332744589245e-01
7.419524255314329242e-01 -4.722406509175391259e-02 6.687873248830656925e-01
7.576390368153742561e-01 -4.813474200772550199e-02 6.508964099650084156e-01
7.731782869576707684e-01 -4.908318418264593502e-02 6.322864679935112919e-01
7.885495519294993816e-01 -5.009620462928557338e-02 6.129273810440700743e-01
8.037369415477635393e-01 -5.120214695949928257e-02 5.927775880869666780e-01
8.187280774302192476e-01 -5.243102865285591968e-02 5.717825832095952965e-01
8.335126198556580546e-01 -5.381476431537999400e-02 5.498733342171227001e-01
8.480805056257867403e-01 -5.538747100943630652e-02 5.269645946671441816e-01
8.624198370339513087e-01 -5.718585587153866140e-02 5.029530818859664354e-01
8.765143346199174568e-01 -5.924968365366740930e-02 4.777154971243487980e-01
8.903402325164403441e-01 -6.162231786210474460e-02 4.511063736014971348e-01
9.038624536967931888e-01 -6.435132282968789030e-02 4.229557566073585684e-01
9.170298521794898461e-01 -6.748910387128062571e-02 3.930667514180475886e-01
9.297692495886934472e-01 -7.109354649012245009e-02 3.612130260203230137e-01
9.419707401791364010e-01 -7.526003041263790161e-02 3.271498929675569212e-01
9.534926009141819758e-01 -8.010975936156290722e-02 2.905757843609263480e-01
9.641494277031427140e-01 -8.575834371250512511e-02 2.511202650990526086e-01
9.736845179019194552e-01 -9.233193692891514259e-02 2.083585203947548870e-01
9.817450518627470757e-01 -9.996683334485741146e-02 1.618125006729866922e-01
9.878509416684498889e-01 -1.088074565973615737e-01 1.109569936218686853e-01
9.913565543029260185e-01 -1.190016732990665932e-01 5.523390256614244681e-02
9.914053565880210916e-01 -1.306918789572658057e-01 -5.920447891129683622e-03
9.868794041184053567e-01 -1.439997030010530255e-01 -7.302826345010855758e-02
9.763492007853934451e-01 -1.590015678510265928e-01 -1.464948447784245600e-01
9.580356542914254536e-01 -1.756919956303940877e-01 -2.264950502280269895e-01
9.298053400296276694e-01 -1.939320910676588516e-01 -3.128136405376819029e-01
8.892326292384219455e-01 -2.133831063147133278e-01 -4.046393221586455091e-01
8.337739607883336568e-01 -2.334308792858280635e-01 -5.003308974136518872e-01
7.611014283232545585e-01 -2.531174115513097900e-01 -5.972069924013233555e-01
6.696186345392972639e-01 -2.711099207774679831e-01 -6.914552011029178047e-01
5.591136556876133978e-01 -2.857491787729077304e-01 -7.782925714998150113e-01
4.313919763941370111e-01 -2.952147691740617530e-01 -8.524958667117147337e-01
2.906229766995236385e-01 -2.978106328231245326e-01 -9.093113396338172727e-01
1.431255172101398021e-01 -2.923107339682599060e-01 -9.455524951707902082e-01
-3.539164487764515435e-03 -2.782492390366835822e-01 -9.605023869218266563e-01
-1.418181280210194517e-01 -2.559702058101221422e-01 -9.562253250639554114e-01
-2.653889722178388033e-01 -2.265277518710456794e-01 -9.371519999704129855e-01
-3.699661442188073579e-01 -1.914150399664819868e-01 -9.091123883203277023e-01
-4.534043992902155873e-01 -1.522255954465569217e-01 -8.782094390213464052e-01
-5.152509892979584283e-01 -1.103910513515857783e-01 -8.499001316625071079e-01
-5.560392602472351564e-01 -6.705200338383987546e-02 -8.284469626336468107e-01
-5.765986036172013884e-01 -2.305591380145440364e-02 -8.167021948889789940e-01
-5.775469555432272140e-01 2.095613401304312340e-02 -8.160884477683688631e-01
-5.590307205234161803e-01 6.441584908378308882e-02 -8.266409449627462047e-01
-5.207230526812368643e-01 1.066816122928678501e-01 -8.470339638975276086e-01
-4.620735564048152888e-01 1.469089512493216843e-01 -8.745889254417056335e-01
-3.827871999362236766e-01 1.839691269797762707e-01 -9.053338168180452561e-01
-2.834650967905953944e-01 2.164527730943575645e-01 -9.342353750058020045e-01
-1.662538413404293924e-01 2.427914252035620890e-01 -9.557258937990087411e-01
-3.525698441889771328e-02 2.615014292049389621e-01 -9.645589393934136391e-01
1.035540155815834751e-01 2.714995641902435697e-01 -9.568513742954339873e-01
2.430486682773455309e-01 2.723828974252974766e-01 -9.309859837976446340e-01
3.761036474231486681e-01 2.645532886712511078e-01 -8.880076597847464948e-01
4.968128104596448713e-01 2.491266076671614926e-01 -8.313320423892394118e-01
6.012863324340060878e-01 2.279958298371410619e-01 -7.658150220466026781e-01
6.880241809911148421e-01 2.031296936456374325e-01 -6.966785872395429013e-01
7.574415048784848281e-01 1.760607789510034160e-01 -6.287169226207287576e-01
8.111562679987991409e-01 1.479944690097321769e-01 -5.657942612079749356e-01
8.513633245258315219e-01 1.197721357928842323e-01 -5.107202023877969177e-01
8.803420302312250367e-01 9.190622709618771757e-02 -4.653505723821712570e-01
9.001336047849632926e-01 6.464878933927120652e-02 -4.307900040169277966e-01
9.123636653740514468e-01 3.806629527071880154e-02 -4.076070402442792395e-01
9.181649463904698605e-01 1.210698008998559519e-02 -3.960133233112250739e-01
9.181587245496389826e-01 -1.334324911850381240e-02 -3.959880228282885994e-01
9.124662200146006485e-01 -3.841468859988601131e-02 -4.073447054021405167e-01
9.007352166995850062e-01 -6.321350322735441729e-02 -4.297442523105987622e-01
8.821795347929599629e-01 -8.778287231240694544e-02 -4.626590923219636720e-01
8.556394923749746084e-01 -1.120623658481010726e-01 -5.052950477057464029e-01
8.196800888467346002e-01 -1.358446484659761033e-01 -5.564807125305464286e-01
7.727490023993724977e-01 -1.587324954718153658e-01 -6.145428985507946917e-01
7.134149542640231267e-01 -1.801046315542164378e-01 -6.772011700464828365e-01
6.406926882691871272e-01 -1.991052079790906204e-01 -7.415321944063635318e-01
5.544284766037743672e-01 -2.146760539406796786e-01 -8.040666988392884962e-01
4.556717986018926081e-01 -2.256482873542119683e-01 -8.610726231624896698e-01
3.468102163621813450e-01 -2.312025294720607971e-01 -9.089928845592067930e-01
2.314777211804651680e-01 -2.306389365265385238e-01 -9.451051505211205406e-01
1.143976579596472642e-01 -2.233657222355293348e-01 -9.679984142393707192e-01
7.904709191940417767e-04 -2.092839502325586354e-01 -9.778545921133043883e-01
-1.043357013718504700e-01 -1.888010424828541756e-01 -9.764569769134222588e-01
-1.967959048658834698e-01 -1.627375282276373458e-01 -9.668442835951734926e-01
-2.735667388558633006e-01 -1.321665690617580269e-01 -9.527293620963581677e-01
-3.328032198920186091e-01 -9.824605507972765384e-02 -9.378644515478392618e-01
-3.736092430289235100e-01 -6.209378387365270535e-02 -9.255055351071544978e-01
-3.957001614330704631e-01 -2.472942768199703698e-02 -9.180467513339112262e-01
-3.990921569791573975e-01 1.291983154840718219e-02 -9.168197904587783720e-01
-3.839114715616570028e-01 4.997005092400057247e-02 -9.220167981118453371e-01
-3.503679182510552326e-01 8.551461903224436001e-02 -9.327001510553173391e-01
-2.988941942127193441e-01 1.185697585625020423e-01 -9.468914790021115691e-01
-2.304125730202305766e-01 1.480575646016132063e-01 -9.617634863857753569e-01
-1.466484615788994916e-01 1.728465727690687570e-01 -9.739703747984610471e-01
-5.037238157343735395e-02 1.918560004549301756e-01 -9.801295313633854311e-01
5.455886725999858911e-02 2.042070533887756778e-01 -9.774061639544388003e-01
1.634471580196214802e-01 2.093795098232774377e-01 -9.640774073631221963e-01
2.712668603708994763e-01 2.073185429763653997e-01 -9.399113320889186385e-01
3.733450136644422268e-01 1.986697715990090318e-01 -9.061698641045006219e-01
4.660136167455034562e-01 1.844006729640416398e-01 -8.653483118401870122e-01
5.468159544130850591e-01 1.655113065243636605e-01 -8.207303573028150723e-01
6.145112153846329361e-01 1.430617806037891293e-01 -7.758281337277653789e-01
6.688764659741350815e-01 1.180395452715749388e-01 -7.339420542553705129e-01
7.103787463268923519e-01 9.127892487765768004e-02 -6.978754864779204148e-01
7.398228340099911593e-01 6.343436737310563511e-02 -6.698046396524841573e-01
7.580469032587240363e-01 3.499565165434087577e-02 -6.512604677176011547e-01
7.656996649064496951e-01 6.329726604296991715e-03 -6.431671304644472897e-01
7.631057448420504041e-01 -2.226364049055615593e-02 -6.458900467477229901e-01
7.502147523711240051e-01 -5.049096349977578307e-02 -6.592635951698011532e-01
7.266295772917825690e-01 -7.800434399168038047e-02 -6.825868294289134663e-01
6.917142447009715367e-01 -1.043458333801753207e-01 -7.145931364913897799e-01
6.447842557817216047e-01 -1.289036894641496789e-01 -7.534169511798959329e-01
5.853763011244582648e-01 -1.508910091811052900e-01 -7.965968173529568430e-01
5.135748166020039918e-01 -1.693602731907147552e-01 -8.411646721086966094e-01
4.303406580168350204e-01 -1.832662158561491894e-01 -8.838667389206312786e-01
3.377532678589921233e-01 -1.915804006135160276e-01 -9.215311606984094572e-01
2.390650301476540673e-01 -1.934431701819412375e-01 -9.515396214857876345e-01
1.384996921503090783e-01 -1.883180635016230287e-01 -9.722932388020412153e-01
4.077003423903188817e-02 -1.763389715712171402e-01 -9.834848099489402751e-01
-4.960197058791221414e-02 -1.580558923020500273e-01 -9.861835424551629314e-01
-1.286861680646632922e-01 -1.342114288221250562e-01 -9.825615311569232402e-01
-1.934266355885289890e-01 -1.058179393543729196e-01 -9.753915625751692353e-01
-2.417246869782767316e-01 -7.403098455482463869e-02 -9.675167125265936585e-01
-2.723327000407028131e-01 -4.004780966165544243e-02 -9.613693740789938103e-01
-2.846588440751389726e-01 -5.051669032491026314e-03 -9.586155762958357140e-01
-2.785897639145324955e-01 2.979888034773596830e-02 -9.599477955385301575e-01
-2.544079119289112678e-01 6.335290717865650623e-02 -9.650197010876093717e-01
-2.128327441521573327e-01 9.444748242111779268e-02 -9.725131855498103661e-01
-1.551642510748989512e-01 1.219108966185798171e-01 -9.803375890280507932e-01
-8.346145791473462416e-02 1.446068931311620676e-01 -9.859629970181816860e-01
-6.581009141328093837e-04 1.615235477260363595e-01 -9.868686388879885918e-01
8.948110616811381923e-02 1.718906833717019633e-01 -9.810436914819169463e-01
1.826144543382517138e-01 1.752916749518151351e-01 -9.674320594992354971e-01
2.742560172547327535e-01 1.717294764558857378e-01 -9.461990403205000622e-01
3.602737647795428710e-01 1.616194172702659360e-01 -9.187393419031006925e-01
4.373048903916225694e-01 1.457085281573780311e-01 -8.874308185146587702e-01
5.029744896988732616e-01 1.249484312077666498e-01 -8.552219315702497271e-01
5.558844853222326687e-01 1.003617964286081243e-01 -8.251787374766599292e-01
5.954195232574921448e-01 7.293705948577543230e-02 -8.000973544921466951e-01
6.214595612576837569e-01 4.356965527790930548e-02 -7.822337878462743976e-01
6.340898609461688151e-01 1.305103086503323073e-02 -7.731492215779544042e-01
6.333753506895010155e-01 -1.790431046508407509e-02 -7.736375771598077433e-01
6.192382595315731875e-01 -4.860792106768554999e-02 -7.836971659574708537e-01
5.914565390456176797e-01 -7.833760193022244744e-02 -8.025225121652383997e-01
5.497857642814711898e-01 -1.062837478800320729e-01 -8.285163717863676114e-01
4.941920707272135505e-01 -1.315177891935797039e-01 -8.593470011258914631e-01
4.251607760963894145e-01 -1.529990726152805069e-01 -8.920928192941155466e-01
3.440132359284788777e-01 -1.696330835968790918e-01 -9.235147591910194409e-01
2.531337751160258609e-01 -1.803829479174896278e-01 -9.504658247324814235e-01
1.560021733727701698e-01 -1.844172701198828757e-01 -9.703883719278939557e-01
5.696830937046952481e-02 -1.812570273172173785e-01 -9.817843458540378432e-01
-3.920571075307349718e-02 -1.708748842317381611e-01 -9.845124103695526152e-01
-1.279122263644953961e-01 -1.537121899138460812e-01 -9.798015232724358592e-01
-2.052001882044616199e-01 -1.306097214163497999e-01 -9.699659702386962401e-01
-2.680727155743522494e-01 -1.026816006100619988e-01 -9.579110125943377518e-01
-3.145353762595658464e-01 -7.117909589765494816e-02 -9.465733111477677708e-01
-3.434507753928366380e-01 -3.738538612555497576e-02 -9.384262878751482573e-01
-3.543118736021621529e-01 -2.561405185612816021e-03 -9.351238075339783906e-01
-3.470484430049808888e-01 3.206035252960347942e-02 -9.372990515264354450e-01
-3.219453477099998295e-01 6.525382086744259402e-02 -9.445068194242794979e-01
-2.797000273082503319e-01 9.577661768943583620e-02 -9.552982435955036378e-01
-2.215930574218512028e-01 1.223737284783911056e-01 -9.674301977247296014e-01
-1.496971797215156108e-01 1.438268795923617893e-01 -9.782149983920729319e-01
-6.701759313757393866e-02 1.590530860245853162e-01 -9.849927705446623882e-01
2.254208218917944789e-02 1.672342835515927828e-01 -9.856594487574340535e-01
1.144428831403163926e-01 1.679402498891579554e-01 -9.791317066437217331e-01
2.039661137475202446e-01 1.612008408326555398e-01 -9.656148887351658772e-01
2.867353762220943847e-01 1.474984063061272332e-01 -9.465870504868897362e-01
3.591439681742376600e-01 1.276819406317489802e-01 -9.245068588984062252e-01
4.185690768825162666e-01 1.028344181286930947e-01 -9.023441750881641132e-01
4.633466345374848139e-01 7.413786024255497598e-02 -8.830704807268625611e-01
4.925689757788067613e-01 4.277316990684488368e-02 -8.692216403346693099e-01
5.058126504924858047e-01 9.872167628811594209e-03 -8.625868668707207254e-01
5.029018130927943586e-01 -2.348073988807782009e-02 -8.640245489753594077e-01
4.837824558673433639e-01 -5.621349032434954512e-02 -8.733811189225006988e-01
4.485440402400189819e-01 -8.722093140756372043e-02 -8.894946616362527925e-01
3.975860622528474275e-01 -1.153341457415851951e-01 -9.102875138758197426e-01
3.318868056427217161e-01 -1.393279378511844135e-01 -9.329731367860323310e-01
2.532901582726869716e-01 -1.579826027567156899e-01 -9.544032653645244668e-01
1.646953133265197100e-01 -1.702007030438264512e-01 -9.715488533480074462e-01
7.003695132401135948e-02 -1.751571583794782061e-01 -9.820462287020584879e-01
-2.599966765695962273e-02 -1.724399326661046339e-01 -9.846768438905327825e-01
-1.184820780959381370e-01 -1.621325696040644693e-01 -9.796300460041780234e-01
-2.028067499664822360e-01 -1.448074968256397865e-01 -9.684524825832855344e-01
-2.751675034314091106e-01 -1.214340935683392297e-01 -9.536962860183826329e-01
-3.327895144776005787e-01 -9.323844545786483251e-02 -9.383803766773507471e-01
-3.739099300614867616e-01 -6.156438460880529762e-02 -9.254194674524414133e-01
-3.975841421885508153e-01 -2.777447443032089389e-02 -9.171452602729551762e-01
-4.034418905706144698e-01 6.794316349049363095e-03 -9.149800425085830025e-01
-3.915069395389043083e-01 4.082884722369624353e-02 -9.192689059889577186e-01
-3.621500679561789338e-01 7.301569631253246317e-02 -9.292556356365193615e-01
-3.161893240730164756e-01 1.020242994218001076e-01 -9.431942290221515535e-01
-2.550955123867509333e-01 1.265245461582023556e-01 -9.586020127094604382e-01
-1.812122892866434021e-01 1.452554979462415408e-01 -9.726576718039131597e-01
-9.787301283404203911e-02 1.571430734102323423e-01 -9.827140620898913159e-01
-9.311374960998299033e-03 1.614410741468665922e-01 -9.868384254101610908e-01
7.966871797931102117e-02 1.578517662553816092e-01 -9.842437275680649966e-01
1.641964360116757449e-01 1.465818332789609046e-01 -9.754759333501020757e-01
2.398802229665503993e-01 1.284280755280203801e-01 -9.622700806101184279e-01
3.032455051145112046e-01 1.045253228551062535e-01 -9.471624045018265381e-01
3.518211321090309318e-01 7.613331548049855069e-02 -9.329660279277728341e-01
3.840517851963080598e-01 4.461115589485535604e-02 -9.222331977591943231e-01
3.991029211151062572e-01 1.133719842657401888e-02 -9.168360411115740183e-01
3.966570443966332404e-01 -2.232178304877279265e-02 -9.176954435562963974e-01
3.767972382994808078e-01 -5.500551392338602630e-02 -9.246611458474235379e-01
3.400265662810926792e-01 -8.534467026088300712e-02 -9.365352216938531704e-01
2.874155473977370034e-01 -1.119635145589700925e-01 -9.512394412101156105e-01
2.208149752651138165e-01 -1.335239684478833067e-01 -9.661325460519172292e-01
1.430293901882679630e-01 -1.488201049681108223e-01 -9.784657223898713951e-01
5.783623514648369296e-02 -1.569103700521866374e-01 -9.859179000639847201e-01
-3.022426500464567983e-02 -1.572526112172077939e-01 -9.870957957882535716e-01
-1.162753385831257064e-01 -1.497962382493447653e-01 -9.818559632840277995e-01
-1.956342944224723768e-01 -1.349964310925813593e-01 -9.713409218348064700e-01
-2.642842027252647052e-01 -1.137450055868473031e-01 -9.577139102502512102e-01
-3.191527899814553537e-01 -8.724540613233050523e-02 -9.436788308258483582e-01
-3.581564809419599538e-01 -5.687681180880350268e-02 -9.319275526728291181e-01
-3.800657419386764269e-01 -2.408723181883280426e-02 -9.246457900520448359e-01
-3.843040720214889738e-01 9.665323654942024195e-03 -9.231559790953149935e-01
-3.707937875738029909e-01 4.292819263746312786e-02 -9.277225540896701927e-01
-3.399221464497399481e-01 7.424778996709330281e-02 -9.375181065084285947e-01
-2.926428985224312496e-01 1.021710974209050216e-01 -9.507477061709936894e-01
-2.306669402369272981e-01 1.252818157995787551e-01 -9.649337952963376042e-01
-1.566448860920704733e-01 1.422856321782852707e-01 -9.773521261706276109e-01
-7.422259959487005621e-02 1.521378991423190941e-01 -9.855683970925085413e-01
1.212150551639607117e-02 1.541831256079229107e-01 -9.879679310966974493e-01
9.746748293077539538e-02 1.482607898859486795e-01 -9.841335417245870021e-01
1.769801862809363135e-01 1.347376473066492775e-01 -9.749480909547000307e-01
2.464107911573630849e-01 1.144537958430031643e-01 -9.623835257382699071e-01
3.024260442324843146e-01 8.860424941857879266e-02 -9.490457179446302183e-01
3.427024271893010510e-01 5.859984812859275055e-02 -9.376145819003136594e-01
3.658260090985637758e-01 2.595039528324176795e-02 -9.303214004019941807e-01
3.711063309427952706e-01 -7.806450185874306766e-03 -9.285575644320400723e-01
3.584224125452472043e-01 -4.113187360406513754e-02 -9.326529596550799939e-01
3.281819282536376781e-01 -7.248897189757752546e-02 -9.418290561005825401e-01
2.814134355038617752e-01 -1.003520587252280521e-01 -9.543248622046620611e-01
2.199456219751795283e-01 -1.232498907181473063e-01 -9.676948836314263058e-01
1.465737563041699665e-01 -1.398572116950013711e-01 -9.792630363157975859e-01
6.509259030536597435e-02 -1.491266227134434852e-01 -9.866733021016713678e-01
-1.989278359614197328e-02 -1.504283309812798342e-01 -9.884207577716762616e-01
-1.033804200534409884e-01 -1.436513698360591118e-01 -9.842137840372394697e-01
-1.805074739154644281e-01 -1.292277086999714386e-01 -9.750473071395340252e-01
-2.470448691540143848e-01 -1.080697053093299248e-01 -9.629588627840697246e-01
-2.997083638744719725e-01 -8.144599480111397449e-02 -9.505479717247237170e-01
-3.362346751541943624e-01 -5.084112603991222668e-02 -9.404049250841058916e-01
-3.552749347966052129e-01 -1.784067100917148194e-02 -9.345915852171682303e-01
-3.562197734591443510e-01 1.593777534231829648e-02 -9.342662684210578661e-01
-3.390721807304790669e-01 4.887274830444199997e-02 -9.394900269419758088e-01
-3.044395135965361487e-01 7.934995427998853268e-02 -9.492208211541220964e-01
-2.536487109515592198e-01 1.057870423386083197e-01 -9.614943749713673604e-01
-1.889205069986623076e-01 1.266974856293627827e-01 -9.737847755877054867e-01
-1.134900804400848645e-01 1.408016821202443813e-01 -9.835115088039320108e-01
-3.155657164294776995e-02 1.471683395655055682e-01 -9.886079418110136352e-01
5.200180200214963439e-02 1.453463447864378200e-01 -9.880132856606981262e-01
1.321096494922317510e-01 1.354403535888126231e-01 -9.819383642200922857e-01
2.040392010737170914e-01 1.181003589087889910e-01 -9.718128984775848966e-01
2.638512647575966819e-01 9.442959280796620058e-02 -9.599299776987043620e-01
3.086196349462616006e-01 6.584665855243779231e-02 -9.489036507885744154e-01
3.364314161356892208e-01 3.394894738555942482e-02 -9.410958352926456216e-01
3.462488181444737800e-01 4.119874207660239630e-04 -9.381426257221048282e-01
3.377555180117167710e-01 -3.306594141295557399e-02 -9.406528868652805908e-01
3.112884602067692019e-01 -6.478883058165414710e-02 -9.481043729309965862e-01
2.678950280639518788e-01 -9.308662395968132774e-02 -9.589406313090463874e-01
2.094817064261738360e-01 -1.163672690308585056e-01 -9.708635709347489540e-01
1.389576574390390951e-01 -1.332140365901161305e-01 -9.812975032535515840e-01
6.025010307734736392e-02 -1.425215394260298529e-01 -9.879562418833118809e-01
-2.190022677218457156e-02 -1.436379875047797128e-01 -9.893879464651206268e-01
-1.023665592513549744e-01 -1.364665289245514668e-01 -9.853415519646252507e-01
-1.761824455931406963e-01 -1.214868068108054949e-01 -9.768319720574353271e-01
-2.390412897235288381e-01 -9.968804616885307279e-02 -9.658786441662089439e-01
-2.876083543042898261e-01 -7.244034828300492668e-02 -9.550046232731583817e-01
-3.195999383346476708e-01 -4.135055855143199982e-02 -9.466498881435105872e-01
-3.336895573700481843e-01 -8.143860051796862967e-03 -9.426478434939634665e-01
-3.293597708406990621e-01 2.541090746134383113e-02 -9.438625043574755402e-01
-3.068126016665331246e-01 5.754071351106539861e-02 -9.500289962656431886e-01
-2.669967770534580898e-01 8.649918463716743666e-02 -9.598075911861160270e-01
-2.117340161430121270e-01 1.106196250860207453e-01 -9.710468603276601884e-01
-1.438570254676788118e-01 1.284103844521865545e-01 -9.812318428317541308e-01
-6.723639713224086045e-02 1.386899671077627405e-01 -9.880507881293630890e-01
1.340367721011180221e-02 1.407323936998513825e-01 -9.899569358308811795e-01
9.289702265797879221e-02 1.343761264837050606e-01 -9.865663686805893340e-01
1.661813552612667333e-01 1.200552471509961638e-01 -9.787596716223480042e-01
2.288150772348122308e-01 9.874025187490199917e-02 -9.684492878251710346e-01
2.773175269223125405e-01 7.181208436790259553e-02 -9.580908170940241053e-01
3.092768787436290245e-01 4.091517814306702000e-02 -9.500914484783258285e-01
3.232779801321761792e-01 7.832192786993368017e-03 -9.462716334739031954e-01
3.187668718341939988e-01 -2.559946699271641035e-02 -9.474873870982797319e-01
2.959665942380790282e-01 -5.753653705951905506e-02 -9.534638545838800550e-01
2.559038340338681827e-01 -8.617041864850222277e-02 -9.628540318638237894e-01
2.005273541828750117e-01 -1.097899407407200156e-01 -9.735167944809111074e-01
1.328280110893850230e-01 -1.268854971453693137e-01 -9.829836163864490439e-01
5.683694057652796672e-02 -1.362897365067088362e-01 -9.890372439443200214e-01
-2.259272831034597057e-02 -1.373228476719029756e-01 -9.902686525055227618e-01
-1.002254246344219946e-01 -1.298948942053738398e-01 -9.864492793432083628e-01
-1.709995238687027352e-01 -1.145259838250106549e-01 -9.785923369137229377e-01
-2.305339621359158708e-01 -9.227601008221184009e-02 -9.686791162536858568e-01
-2.754458089916411168e-01 -6.461165556368933527e-02 -9.591428153696123227e-01
-3.034380248695065507e-01 -3.325766540973868618e-02 -9.522705984937940293e-01
-3.132225727682772520e-01 -7.287304925471509848e-05 -9.496797431760453101e-01
-3.043994130302311030e-01 3.303318250648362708e-02 -9.519715364449508055e-01
-2.773987509485272840e-01 6.415433860205890793e-02 -9.586105329130281127e-01
-2.335301335370215392e-01 9.144077249313208033e-02 -9.680404236689691411e-01
-1.751000618810022447e-01 1.131797308927985635e-01 -9.780236790822532944e-01
-1.054939977910233778e-01 1.279172384970792276e-01 -9.861583019610968837e-01
-2.910117244185190383e-02 1.346073419390705350e-01 -9.904715974020850133e-01
4.898928118420101813e-02 1.327498488350144779e-01 -9.899381435045112587e-01
1.234888909760126080e-01 1.224686693411900923e-01 -9.847598279973224233e-01
1.894734531719838855e-01 1.044998931409001075e-01 -9.763091635741116825e-01
2.428418286853754049e-01 8.009421457719470561e-02 -9.667537240860665237e-01
2.805594829670569612e-01 5.087091552849405673e-02 -9.584876245799427430e-01
3.006862363703629581e-01 1.867108588334097027e-02 -9.535403388487360132e-01
3.022810379959360860e-01 -1.455698740588588780e-02 -9.531076897120285274e-01
2.853062933327629724e-01 -4.683509742259027442e-02 -9.572913833502403325e-01
2.506170268069640716e-01 -7.621455954650931119e-02 -9.650815751997967595e-01
2.000428269624284772e-01 -1.008479705045956520e-01 -9.745832720853800923e-01
1.364898516436509057e-01 -1.190962905625298218e-01 -9.834564525058298035e-01
6.394303760318917340e-02 -1.296718188729071852e-01 -9.894930557286705231e-01
-1.273552507973905665e-02 -1.317892376446357927e-01 -9.911959459386314730e-01
-8.823311262497991747e-02 -1.252779644368845757e-01 -9.881904419019854613e-01
-1.573469166225287819e-01 -1.106137063833621398e-01 -9.813289742961193163e-01
-2.155151861933565227e-01 -8.885631497321075378e-02 -9.724493610533746502e-01
-2.591722391196000785e-01 -6.151818348774209383e-02 -9.638699412129674293e-01
-2.858752882763295200e-01 -3.040960279262272872e-02 -9.577842009632279163e-01
-2.942604244749309483e-01 2.496863783960939775e-03 -9.557220141144427972e-01
-2.839456462869582865e-01 3.516529878405358356e-02 -9.581953202348888476e-01
-2.554870487099885068e-01 6.556897943847166121e-02 -9.645864797315230055e-01
-2.104273036337127034e-01 9.176412428292618495e-02 -9.732932216881649001e-01
-1.513901611362366006e-01 1.119917239312028107e-01 -9.821093996527566761e-01
-8.211143445256871565e-02 1.248160316306498319e-01 -9.887763501341102490e-01
-7.291038996957822406e-03 1.292799704846382680e-01 -9.915813279738832087e-01
6.778363524870985313e-02 1.250340903788241254e-01 -9.898342563482156464e-01
1.377821201380625138e-01 1.123928862523250749e-01 -9.840650011534458619e-01
1.978916831861342873e-01 9.229594917023517531e-02 -9.758690175928699251e-01
2.442343279305466131e-01 6.618899513196810358e-02 -9.674547069444601188e-01
2.740591352288871962e-01 3.586790417122497077e-02 -9.610437471069067650e-01
2.857421688609788624e-01 3.331366678549434624e-03 -9.583007434704658989e-01
2.787029100439801788e-01 -2.933323377652126418e-02 -9.599292939246316658e-01
2.533504689990039305e-01 -6.003499122689261169e-02 -9.655098858591999456e-01
2.111137911522830701e-01 -8.676053630278843243e-02 -9.736033979662013227e-01
1.545014702653328409e-01 -1.077961829456005050e-01 -9.820943328590794330e-01
8.707356655181623661e-02 -1.217222854318670555e-01 -9.887375178696722333e-01
1.337586780676451245e-02 -1.274876872158071661e-01 -9.917499562767201349e-01
-6.139156869114133219e-02 -1.246408072262952527e-01 -9.903008353394053831e-01
-1.319044946339038848e-01 -1.133980655318115177e-01 -9.847548339741815093e-01
-1.932841591840734341e-01 -9.461843501033843917e-02 -9.765698057852097991e-01
-2.415438547043026463e-01 -6.969361966186449209e-02 -9.678839629004061251e-01
-2.738174965931405858e-01 -4.039361758563864840e-02 -9.609330539765337242e-01
-2.883864690255681928e-01 -8.713729101735295454e-03 -9.574744463509261561e-01
-2.846045432787973062e-01 2.324900514728050691e-02 -9.583630510989437079e-01
-2.628346441625576957e-01 5.339015590610738521e-02 -9.633625699015233579e-01
-2.244595490956739769e-01 7.968484549592193267e-02 -9.712199731395311231e-01
-1.719455098177820884e-01 1.002936944673239739e-01 -9.799877124284889218e-01
-1.088668362517925536e-01 1.137001087651061948e-01 -9.875324284491734383e-01
-3.977960469150129685e-02 1.188649909034659030e-01 -9.921132480698428013e-01
3.011719991893324622e-02 1.153604743028055213e-01 -9.928670179059523315e-01
9.549423518894233076e-02 1.034377615561870301e-01 -9.900411509315603098e-01
1.514470712224422200e-01 8.400313101235593050e-02 -9.848894651717907678e-01
1.939417395994358362e-01 5.851098003567408584e-02 -9.792665964203131068e-01
2.200624388032588474e-01 2.881152968640865453e-02 -9.750602129065530921e-01
2.281264424439010952e-01 -2.742588837741372163e-03 -9.736276518632177579e-01
2.178022913891478618e-01 -3.375723401748541297e-02 -9.754089455328456282e-01
1.899281859058980504e-01 -6.209492583661695847e-02 -9.798323858662153496e-01
1.464693387299854654e-01 -8.577146980813482591e-02 -9.854897197776841811e-01
9.052065740520663650e-02 -1.030836292500932061e-01 -9.905451912821791050e-01
2.621308726739398839e-02 -1.127545384377788562e-01 -9.932770450012735619e-01
-4.155607175141702581e-02 -1.140710772753758956e-01 -9.926030839358112035e-01
-1.075721092899072223e-01 -1.069725954095846754e-01 -9.884255688434498976e-01
-1.668388674640881308e-01 -9.205808679281450579e-02 -9.816771877601845331e-01
-2.150580453038510309e-01 -7.050712525011462728e-02 -9.740527616348967355e-01
-2.489374407333076467e-01 -4.394148017959231822e-02 -9.675222462198865836e-01
-2.663030636191974221e-01 -1.426963953568905277e-02 -9.637837183228400439e-01
-2.660793161749312463e-01 1.645188020178212779e-02 -9.638107351297741099e-01
-2.482385271388192483e-01 4.613008529698798404e-02 -9.675999425817374267e-01
-2.137931519891301257e-01 7.273259807158957702e-02 -9.741675714938009545e-01
-1.648342410523407076e-01 9.439292684366808184e-02 -9.817940967170901700e-01
-1.045486867620043503e-01 1.095387707271545247e-01 -9.884689321440649490e-01
-3.711549928774171558e-02 1.170366643299434600e-01 -9.924338058154988929e-01
3.258781510823989536e-02 1.163226101601035206e-01 -9.926767271788456970e-01
9.945295296584108491e-02 1.074778363263271530e-01 -9.892207159454688981e-01
1.586756835460919057e-01 9.122100673287616979e-02 -9.831077028447393618e-01
2.062133992526461179e-01 6.881800246908630070e-02 -9.760840724629160636e-01
2.390630422692502921e-01 4.193960017154993447e-02 -9.700978980337275903e-01
2.553491728631619440e-01 1.250826329369973330e-02 -9.667679883397869434e-01
2.542931971966616023e-01 -1.743624339275657090e-02 -9.669699826194041448e-01
2.361602008212161929e-01 -4.584622304138390864e-02 -9.706320020440774021e-01
2.022445969133085109e-01 -7.076446095926343383e-02 -9.767750580843915786e-01
1.548874692274948839e-01 -9.043198710602771972e-02 -9.837844924553944548e-01
9.745705469272944454e-02 -1.034152257426718263e-01 -9.898522180541493576e-01
3.420477245856522880e-02 -1.087415000394133802e-01 -9.934814138784450188e-01
-3.005150211713784880e-02 -1.060120608901789080e-01 -9.939106349054588341e-01
-9.038466495200818407e-02 -9.545661971682795066e-02 -9.913216663151070973e-01
-1.422498327765360782e-01 -7.790863984861381986e-02 -9.867599652013276934e-01
-1.818854874033180025e-01 -5.470859218519985578e-02 -9.817966385282652642e-01
-2.065496310109783962e-01 -2.756580444484445572e-02 -9.780477372637930156e-01
-2.145990011797305752e-01 1.585319567607828758e-03 -9.767009549841028093e-01
-2.054812085087307227e-01 3.071260001605398068e-02 -9.781790271532168068e-01
-1.797172256740205143e-01 5.779616641566102941e-02 -9.820190028487815193e-01
-1.389082586652715390e-01 8.093596197693023186e-02 -9.869923331748701179e-01
-8.573709407050020270e-02 9.847210979527978858e-02 -9.914395565567618585e-01
