0.000000000000000000e+00 0.000000000000000000e+00 1.000000000000000000e+00
1.319930612193385532e-04 -7.025209492599465699e-04 9.999997445257127193e-01
6.451268060349748656e-04 -2.104166415100365735e-03 9.999975781711124556e-01
1.787173194241181273e-03 -4.200671273979900838e-03 9.999895802147096280e-01
3.804202105678050529e-03 -6.986894824977440965e-03 9.999683553674583170e-01
6.940223213781845230e-03 -1.045680028058551189e-02 9.999212416022480454e-01
1.143676508512212614e-02 -1.460341249784412321e-02 9.998279562706445800e-01
1.753234368393469939e-02 -1.941874359673493450e-02 9.996577072316482626e-01
2.546175193333719694e-02 -2.489367429754448663e-02 9.993658027812664102e-01
3.545507845206694042e-02 -3.101777748453496408e-02 9.988898038648305056e-01
4.773633806630758064e-02 -3.777906976934865962e-02 9.981452758258460012e-01
6.252157057501191162e-02 -4.516367679944063157e-02 9.970212165944299931e-01
8.001623943315491760e-02 -5.315539887072970315e-02 9.953752658181030943e-01
1.004117411487583239e-01 -6.173516521902155940e-02 9.930288371803980274e-01
1.238808228697536040e-01 -7.088036836081702818e-02 9.897623660862968631e-01
1.505717046692142957e-01 -8.056407421767673716e-02 9.853109285133810902e-01
1.806007205995470433e-01 -9.075410965969347987e-02 9.793605644908861541e-01
2.140433362491686031e-01 -1.014120366586176991e-01 9.715457298067921021e-01
2.509234789989672754e-01 -1.124920314590608372e-01 9.614483976779212293e-01
2.912012395529330888e-01 -1.239396978977464203e-01 9.485994297482245319e-01
3.347591777843927363e-01 -1.356908558361044348e-01 9.324829192883128393e-01
3.813876976017713250e-01 -1.476703579545872169e-01 9.125442593308745742e-01
4.307702434515615075e-01 -1.597909999405697223e-01 8.882026791990877967e-01
4.824694045709275736e-01 -1.719525992182375229e-01 8.588688942273111637e-01
5.359153678713155511e-01 -1.840413245787893004e-01 8.239682935582123280e-01
5.903984951718699303e-01 -1.959293622932484491e-01 7.829697217175359825e-01
6.450680560079450343e-01 -2.074750028870455676e-01 7.354193750970386967e-01
6.989392481225743525e-01 -2.185232267546789453e-01 6.809786402875122047e-01
7.509105003112160892e-01 -2.289068569446026102e-01 6.194638855210066186e-01
7.997925981199733858e-01 -2.384483349448894007e-01 5.508853581193793314e-01
8.443503484751053723e-01 -2.469621611132275796e-01 4.754815620422159772e-01
8.833403554200115471e-01 -2.539556807425588647e-01 3.939757666131341596e-01
9.156124952493180924e-01 -2.593626660484371627e-01 3.072220223913397219e-01
9.402022102412107563e-01 -2.631318695434999855e-01 2.162915739049180441e-01
9.563810311044990131e-01 -2.652279648493637287e-01 1.224339647149537413e-01
9.636959335239230207e-01 -2.656320886923523861e-01 2.702512754544013351e-02
9.620022141648626457e-01 -2.643600728023038915e-01 -6.830875813023469523e-02
9.514665100604444703e-01 -2.615624731203038400e-01 -1.621638553003337258e-01
9.325285044237912047e-01 -2.574002164707367424e-01 -2.532513405004332419e-01
9.058550779173376588e-01 -2.520399316826577585e-01 -3.404451965800062707e-01
8.722866980963196459e-01 -2.456497980491169075e-01 -4.228150051557435507e-01
8.327810577204642906e-01 -2.383960134710172152e-01 -4.996433127142131392e-01
7.883583849222806084e-01 -2.304399073826225997e-01 -5.704286545666008568e-01
7.400518954796868609e-01 -2.219356716448512568e-01 -6.348764055773887804e-01
6.888657442102809059e-01 -2.130286540274795859e-01 -6.928802489962954114e-01
6.357417321389128295e-01 -2.038541478460529077e-01 -7.444972532474376514e-01
5.815350627023596619e-01 -1.945366109779011199e-01 -7.899194063758204765e-01
5.269986851573869036e-01 -1.851892520775275386e-01 -8.294440839936297882e-01
4.727752412754895883e-01 -1.759139274857447477e-01 -8.634454226508271324e-01
4.193953317538584025e-01 -1.668012971657353294e-01 -8.923480251458970613e-01
3.672807082970374060e-01 -1.579311915586566750e-01 -9.166039040302960128e-01
3.168624678697510855e-01 -1.487210965739610979e-01 -9.367391801957251074e-01
2.685934146493127450e-01 -1.392081598438252577e-01 -9.531415057730394658e-01
2.228615939946191338e-01 -1.294293683479055546e-01 -9.662198500422225500e-01
1.799921672044102194e-01 -1.194208328155965809e-01 -9.763920944216798459e-01
1.402511009710185608e-01 -1.092171686520789914e-01 -9.840738110362315938e-01
1.037226759543766197e-01 -9.954482985431865882e-02 -9.896122734717959224e-01
7.032527715314954020e-02 -9.043767833200364037e-02 -9.934160225110575393e-01
3.993270426510800442e-02 -8.192272658753463332e-02 -9.958383669839582231e-01
1.238459203905455802e-02 -7.402122509397439376e-02 -9.971797649162853494e-01
-1.250498628569944939e-02 -6.674963724289080524e-02 -9.976913910977868172e-01
-3.480965735395517846e-02 -5.941943261497894396e-02 -9.976259905968509756e-01
-5.450011183685149474e-02 -5.204345031143755435e-02 -9.971565642477862035e-01
-7.155809425205743313e-02 -4.463347673365184592e-02 -9.964372971220112341e-01
-8.597405879363367864e-02 -3.720029224790008526e-02 -9.956026284370880219e-01
-9.774506465407727107e-02 -2.975375080140178069e-02 -9.947666110217303626e-01
-1.070033640613445580e-01 -2.300154083028962612e-02 -9.939925566617952013e-01
-1.139997699425512462e-01 -1.694792806886948056e-02 -9.933362037163285807e-01
-1.189854883971898647e-01 -1.159622147854453417e-02 -9.928282704809840986e-01
-1.222115749934044315e-01 -6.949005492222265837e-03 -9.924797407688531470e-01
-1.239287456633250684e-01 -3.008276839202505062e-03 -9.922865563856213544e-01
-1.242574314681161585e-01 9.215958387492791115e-04 -9.922495831823304746e-01
-1.232024083057763897e-01 4.836438647703275757e-03 -9.923697746792804475e-01
-1.207692678793809982e-01 8.732102036656971128e-03 -9.926421958435752702e-01
-1.169644526939814522e-01 1.260443612770642367e-02 -9.930561112582017014e-01
-1.117953412794205348e-01 1.644926732843236122e-02 -9.935950980836288915e-01
-1.054007592624070649e-01 1.956412236133074634e-02 -9.942373565740439956e-01
-9.803710774422870478e-02 2.194709368602294763e-02 -9.949407254277441437e-01
-8.996195943690452057e-02 2.359692246634385870e-02 -9.956656205322822473e-01
-8.143397931999529771e-02 2.451312532611731390e-02 -9.963772431450488298e-01
-7.271267467067242529e-02 2.469610821524722416e-02 -9.970471233447448789e-01
-6.392675222002572322e-02 2.484793672990185873e-02 -9.976452011637592099e-01
-5.508786501073249103e-02 2.496846093000348529e-02 -9.981692742826799858e-01
-4.620775765786685335e-02 2.505757852185606926e-02 -9.986175233496052961e-01
-3.729824129361767465e-02 2.511523543367884942e-02 -9.989885200570669532e-01
-2.837116796203970059e-02 2.514142621241682862e-02 -9.992812329779132696e-01
-1.957017461375253065e-02 2.443408678820371480e-02 -9.995098701999810542e-01
-1.115599856261435471e-02 2.299642542541690399e-02 -9.996732990734019664e-01
-3.388102192525424897e-03 2.083269253188630224e-02 -9.997772332934034001e-01
3.475828562142498600e-03 1.794814704641022746e-02 -9.998328754947528596e-01
9.180317985669570607e-03 1.434900410358286825e-02 -9.998549014475066610e-01
1.360438856014434261e-02 1.074481285476266632e-02 -9.998497215187077680e-01
1.674702831372273243e-02 7.140158384727024292e-03 -9.998342618586847363e-01
1.860894220416117739e-02 3.539558287691312987e-03 -9.998205713431643771e-01
1.919245232394813094e-02 -5.252618094639524213e-05 -9.998158046661768106e-01
1.850143366873275089e-02 -3.631678049383985779e-03 -9.998222363779361022e-01
1.667323099815178067e-02 -6.491113731867099654e-03 -9.998399199479902633e-01
1.396383585411694814e-02 -8.629844742476241309e-03 -9.998652579001210405e-01
1.062943282834420862e-02 -1.004775860531267016e-02 -9.998930216329442455e-01
6.926110524296865550e-03 -1.074562843199971043e-02 -9.999182754221594971e-01
3.109551357973424236e-03 -1.072512386346366822e-02 -9.999376477900030480e-01
-6.972632508119051484e-04 -1.069129965905559962e-02 -9.999426018490755741e-01
-4.489559754985478386e-03 -1.064424551902732642e-02 -9.999332682457259258e-01
-8.262600954553894414e-03 -1.058406810467249839e-02 -9.999098479252475080e-01
-1.201169263379363826e-02 -1.051089082177215396e-02 -9.998726106157012072e-01
-1.573219008593350343e-02 -1.042485357498867254e-02 -9.998218929702757940e-01
-1.941950450842930623e-02 -1.032611249409427084e-02 -9.997580963806341758e-01
-2.306910925276885183e-02 -1.021483963304433036e-02 -9.996816844754343734e-01
-2.667654591369313100e-02 -1.009122264302061110e-02 -9.995931803198466747e-01
-3.023743024376624941e-02 -9.955464420673692735e-03 -9.994931633334054322e-01
-3.374745788035931476e-02 -9.807782732886934432e-03 -9.993822659449264068e-01
-3.707061017694685684e-02 -8.946362395262691738e-03 -9.992726001552760806e-01
-3.995407877992660645e-02 -7.374985175462055176e-03 -9.991742981576534621e-01
-4.214665084524965577e-02 -5.098266113302223242e-03 -9.990984257880909380e-01
-4.339894823585009609e-02 -2.121613058196315880e-03 -9.990555675378557376e-01
-4.346362484039976298e-02 1.548808728024255940e-03 -9.990538082061134473e-01
-4.235903830762955541e-02 4.502352860369191086e-03 -9.990923070818391594e-01
-4.033992938197712014e-02 6.737959341576613310e-03 -9.991632937301976325e-01
-3.766122922723984245e-02 8.255374648266193549e-03 -9.992564627002390454e-01
-3.457784484145412507e-02 9.055173768157719419e-03 -9.993609829159724178e-01
-3.134440780677771876e-02 9.138787325174303061e-03 -9.994668620676125936e-01
-2.821498311120117924e-02 8.508526593338623656e-03 -9.995656643656857243e-01
-2.544274432990889512e-02 7.167602440692927811e-03 -9.996505838893881002e-01
-2.327962519187662047e-02 5.120137541240408693e-03 -9.997158800671122059e-01
-2.197595552974939900e-02 2.371174449831378508e-03 -9.997556864429458789e-01
-2.178008199320916050e-02 -1.073314744805529877e-03 -9.997622086567697908e-01
-2.267411404490315974e-02 -3.801735173488489730e-03 -9.997356797458997191e-01
-2.440327803525087907e-02 -5.813206607433658510e-03 -9.996852928660021620e-01
-2.671264552740070311e-02 -7.107817402009409050e-03 -9.996178828455988263e-01
-2.934752255472622764e-02 -7.686597847322592172e-03 -9.995397127532644754e-01
-3.205381327333346048e-02 -7.551496945241555590e-03 -9.994576159996032549e-01
-3.457836049462970074e-02 -6.705357054683013657e-03 -9.993794941740099524e-01
-3.666925835510349146e-02 -5.151884066056807397e-03 -9.993141757045214124e-01
-3.807613090640350056e-02 -2.895614000211799242e-03 -9.992706449597832385e-01
-3.855037457256719341e-02 5.811991991011480202e-05 -9.992566554977158066e-01
-3.784537198474716840e-02 3.703212696678808823e-03 -9.992767447517393320e-01
-3.598031411789991141e-02 6.628735087548928359e-03 -9.993305137262868953e-01
-3.321091065871997761e-02 8.833627134063165229e-03 -9.994093262661506438e-01
-2.979309634966220352e-02 1.031765312020167455e-02 -9.995028346899000882e-01
-2.598279726054394945e-02 1.108142588482192298e-02 -9.996009680959512256e-01
-2.203565707536274051e-02 1.112643312638637513e-02 -9.996952693086460506e-01
-1.807481188985458898e-02 1.115739819150200068e-02 -9.997743809570845963e-01
-1.410531068230491680e-02 1.117432835838010410e-02 -9.998380737774887894e-01
-1.013219862518955315e-02 1.117724923503069477e-02 -9.998861969392921489e-01
-6.160509809181181039e-03 1.116620468742565882e-02 -9.999186782785353111e-01
-2.195259991941857398e-03 1.114125673416910441e-02 -9.999355241258454097e-01
1.758560607426646466e-03 1.110248540788934257e-02 -9.999368187323650625e-01
5.695994447625435213e-03 1.104998858373527036e-02 -9.999227232992554670e-01
9.612123717830052538e-03 1.098388177552487958e-02 -9.998934746186154410e-01
1.350207728406994760e-02 1.090429790025333051e-02 -9.998493833358066407e-01
1.736103751028822417e-02 1.081138701182112437e-02 -9.997908318452501941e-01
2.105233355067604589e-02 1.000296397026372019e-02 -9.997283326353104682e-01
2.432234046263023752e-02 8.482691056050265660e-03 -9.996681783281035072e-01
2.691896376562713869e-02 6.255091908084290005e-03 -9.996180481772560800e-01
2.859191639163897319e-02 3.325520027564696397e-03 -9.995856353032946950e-01
2.909296189792351037e-02 -2.998699442991843364e-04 -9.995766648378550112e-01
2.830802218578446286e-02 -3.911908656769685910e-03 -9.995915927750579355e-01
2.624261112201754439e-02 -7.506219000883954107e-03 -9.996274215267089147e-01
2.290372515456216493e-02 -1.107844157033250482e-02 -9.996762914814297796e-01
1.829988954317095934e-02 -1.462422230129631004e-02 -9.997255857979042704e-01
1.244123806266252651e-02 -1.813920149076910654e-02 -9.997580638658473129e-01
5.471505493658276355e-03 -2.091666910401279375e-02 -9.997662513581117016e-01
-2.346760035362513951e-03 -2.295569947682666104e-02 -9.997337299049324777e-01
-1.075066604408586937e-02 -2.425634422385343145e-02 -9.996479656875341124e-01
-1.947740513295137532e-02 -2.481967571050373508e-02 -9.995021845107788794e-01
-2.826474975137059642e-02 -2.464781060366230334e-02 -9.992965484691288536e-01
-3.685157679169931422e-02 -2.374390696735337661e-02 -9.990386331217052662e-01
-4.497837878644125181e-02 -2.211213231155490996e-02 -9.987432108141962583e-01
-5.238771755055970925e-02 -1.975760395359858410e-02 -9.984313526779626802e-01
-5.882458179294004774e-02 -1.668630688856493141e-02 -9.981288681381478289e-01
-6.403662217201744333e-02 -1.290499797238050389e-02 -9.978641057774227940e-01
-6.790563770319414660e-02 -9.122076715804084204e-03 -9.976500456600789768e-01
-7.043269991527066620e-02 -5.342042148965777185e-03 -9.975022300468483483e-01
-7.162024112278356225e-02 -1.569317862639186406e-03 -9.974307394647028424e-01
-7.147196201577241115e-02 2.191730182994133542e-03 -9.974402021784157801e-01
-6.999278364876046488e-02 5.936775236029539701e-03 -9.975298327412112087e-01
-6.732020599353333301e-02 8.960666160130574542e-03 -9.976911841255300395e-01
-6.370975873872417039e-02 1.126218746351978321e-02 -9.979049216025404068e-01
-5.941731925255851199e-02 1.284085773973569870e-02 -9.981506386756795468e-01
-5.469897285836053391e-02 1.369698535317409767e-02 -9.984089432634342121e-01
-4.981079282469384056e-02 1.383172439778048921e-02 -9.986628917502038405e-01
-4.474522888089641631e-02 1.465046268077622310e-02 -9.988910008414512154e-01
-3.925995785925112669e-02 1.615002002559961028e-02 -9.990985115952503159e-01
-3.311380940174553367e-02 1.832633627025354386e-02 -9.992835556785255591e-01
-2.606716155572535304e-02 2.117446119899414267e-02 -9.994359156000548472e-01
-1.788239655646913992e-02 2.468851480848839944e-02 -9.995352429751229728e-01
-8.588056145519065709e-03 2.745724195989207583e-02 -9.995860896198833778e-01
1.550316601835773425e-03 2.947961305731065448e-02 -9.995641824202944337e-01
1.226661088891443582e-02 3.075564083710539617e-02 -9.994516631316646693e-01
2.329468155146231789e-02 3.128644630257388509e-02 -9.992389715804090855e-01
3.436897557917320545e-02 3.107429437971389805e-02 -9.989260072402997848e-01
4.522520002435106296e-02 3.012259259646393392e-02 -9.985225669553724481e-01
5.560097193815169425e-02 2.843585033993892286e-02 -9.980480650173938484e-01
6.523639065259762004e-02 2.601960049952169174e-02 -9.975305504851815774e-01
7.387447946516836894e-02 2.288028941714407433e-02 -9.970050444939947409e-01
8.126145714667228070e-02 1.902514490950044795e-02 -9.965112263768159950e-01
8.740875189006833135e-02 1.586191717618231842e-02 -9.960462410705580583e-01
9.256284801900671599e-02 1.339133245995112811e-02 -9.956167917080437357e-01
9.696991477935257286e-02 1.161331075439915941e-02 -9.952195592444290639e-01
1.008755345796543829e-01 1.052698603938375353e-02 -9.948433612850251517e-01
1.045244558922601985e-01 1.013069563597906141e-02 -9.944707192810776641e-01
1.078994011995884905e-01 9.024938027190796200e-03 -9.941208548503875919e-01
1.107507613429585119e-01 7.214075687316081134e-03 -9.938220314875242378e-01
1.128308499354457456e-01 4.703170443471680826e-03 -9.936030816163298196e-01
1.138939600849084161e-01 1.497892955733964859e-03 -9.934917848606175106e-01
1.136963222522340000e-01 -2.395557954157097498e-03 -9.935126633684193687e-01
1.122566123646045744e-01 -5.574450402803077242e-03 -9.936636168155389415e-01
1.098270098593211452e-01 -8.037584982709443729e-03 -9.939182210972351550e-01
1.066598996805475513e-01 -9.784347783229729867e-03 -9.942474227163267120e-01
1.030078914710213095e-01 -1.081478604180279544e-02 -9.946217472085893130e-01
9.912373378846096872e-02 -1.112969085244368793e-02 -9.950128746543422942e-01
9.512938699275706733e-02 -1.142984108139365879e-02 -9.953992986902582274e-01
9.103007482914488024e-02 -1.171490014502544162e-02 -9.957792385783343914e-01
8.683115195260064645e-02 -1.198455041812845900e-02 -9.961509559379989609e-01
8.253809756226065941e-02 -1.223849377313489598e-02 -9.965127631677934694e-01
7.815650867359599796e-02 -1.247645209872537408e-02 -9.968630315897873961e-01
7.369209303429256896e-02 -1.269816779477849281e-02 -9.972001992745918031e-01
6.915066169285831454e-02 -1.290340424064869221e-02 -9.975227785061931973e-01
6.453812123203622741e-02 -1.309194623380921345e-02 -9.978293628474631527e-01
5.986046568210814239e-02 -1.326360039598122216e-02 -9.981186337691223542e-01
5.512376813209442228e-02 -1.341819554398578952e-02 -9.983893668071306404e-01
5.033417205965561025e-02 -1.355558302270152074e-02 -9.986404372159390919e-01
4.549788240314921184e-02 -1.367563699768568376e-02 -9.988708250877583739e-01
4.062115640175742448e-02 -1.377825470521909859e-02 -9.990796199109509557e-01
3.571029423184982760e-02 -1.386335665776261029e-02 -9.992660245438312883e-01
3.077162946975159005e-02 -1.393088680306331199e-02 -9.994293585835276605e-01
2.581151941282874146e-02 -1.398081263541900952e-02 -9.995690611130989556e-01
2.083633529225642836e-02 -1.401312525789675037e-02 -9.996846928137843591e-01
1.585245241198647570e-02 -1.402783939460234934e-02 -9.997759374330580373e-01
1.086624024926376164e-02 -1.402499335240923149e-02 -9.998426026030362568e-01
5.884052552547408728e-03 -1.400464893187314611e-02 -9.998846200077073920e-01
1.044162075592490989e-03 -1.326443939645997709e-02 -9.999114810371159123e-01
-3.398071810867070441e-03 -1.180783924981744677e-02 -9.999245138962316037e-01
-7.188708202971584235e-03 -9.639231701665510257e-03 -9.999277039157253855e-01
-1.007556253093416787e-02 -6.763886050724443946e-03 -9.999263664049039546e-01
-1.180851413901925877e-02 -3.187932439271450903e-03 -9.999251979577427063e-01
-1.240373699698819714e-02 -3.232860304319732335e-04 -9.999230211974493576e-01
-1.211431789617686307e-02 1.829031249535581060e-03 -9.999249489615305020e-01
-1.119353129063097724e-02 3.268891122938270138e-03 -9.999320101254904891e-01
-9.894526403531318445e-03 3.997045269883254051e-03 -9.999430622127856161e-01
-8.470024573052858247e-03 4.015121625603508201e-03 -9.999560706219480233e-01
-7.040032751784186874e-03 4.028119393218090177e-03 -9.999671084015697708e-01
-5.606359009114618777e-03 4.036040319350932271e-03 -9.999761421201118772e-01
-4.170809713739989134e-03 4.038892523494723788e-03 -9.999831485509310669e-01
-2.735187237453330471e-03 4.036690466424477930e-03 -9.999881147159380701e-01
-1.301287671266120743e-03 4.029454910291396970e-03 -9.999910378776581954e-01
-2.888002244329874665e-06 3.314696727262660039e-03 -9.999945092150314130e-01
9.090905803806097673e-04 1.895839246604009206e-03 -9.999977925166182446e-01
1.185104275432161862e-03 -2.228251230122495381e-04 -9.999992758125769710e-01
5.772997897266043997e-04 -3.036136267941659788e-03 -9.999952272407727216e-01
-1.160158022868987629e-03 -6.538058510428518266e-03 -9.999779567717421713e-01
-4.006775851581569764e-03 -9.316689590435432711e-03 -9.999485744343225013e-01
-7.705136058978786714e-03 -1.137115866705929422e-02 -9.999056627030286082e-01
-1.199767379538666662e-02 -1.270152762789206365e-02 -9.998473552643468709e-01
-1.662702837741505610e-02 -1.330879318829961827e-02 -9.997731866871856221e-01
-2.133640677692814902e-02 -1.319488570704990295e-02 -9.996852802732653087e-01
-2.586995034968200824e-02 -1.236265859772035097e-02 -9.995888740582872245e-01
-2.997308818259530189e-02 -1.081586565947754291e-02 -9.994921899425517342e-01
-3.339285875899739714e-02 -8.559127113937938652e-03 -9.994056558712618443e-01
-3.587818591315596051e-02 -5.597888513887231028e-03 -9.993404955689184632e-01
-3.718010501410896201e-02 -1.938379886941216709e-03 -9.993067043013461603e-01
-3.731557145881830156e-02 1.008338324944856295e-03 -9.993030262614935877e-01
-3.653805742626984460e-02 3.241234371473224098e-03 -9.993270094332622477e-01
-3.510118013976996215e-02 4.760102365844226004e-03 -9.993724309171126974e-01
-3.325846404770340520e-02 5.565569483141641523e-03 -9.994312913560362555e-01
-3.126308613554153876e-02 5.659112516434327590e-03 -9.994951730901416864e-01
-2.910386073272982696e-02 6.447455405711862916e-03 -9.995556026503400471e-01
-2.653446913333715532e-02 7.927208614703565651e-03 -9.996164707501417057e-01
-2.330990761053634841e-02 1.009413350095532923e-02 -9.996773300216639235e-01
-1.918680495387450891e-02 1.294314118118371042e-02 -9.997321388422499844e-01
-1.392377566964993728e-02 1.646827022420283698e-02 -9.997674394071371928e-01
-7.545635351597994832e-03 1.925794924212676298e-02 -9.997860789065943221e-01
-3.141144022435378436e-04 2.131123751706157782e-02 -9.997728450116921683e-01
7.508728149841615782e-03 2.262815153896918438e-02 -9.997157571587300673e-01
1.566090603591187291e-02 2.320970542319930260e-02 -9.996079506693658079e-01
2.388096865611986919e-02 2.305793404154247994e-02 -9.994488683454436639e-01
3.190849408147349020e-02 2.217589229178185475e-02 -9.992447583614078033e-01
3.948457284809912121e-02 2.056762779731383453e-02 -9.990084836071362329e-01
4.635224204092995570e-02 1.823812820964453019e-02 -9.987586541596282785e-01
5.225683448618571869e-02 1.519324806255512895e-02 -9.985181005913195129e-01
5.694621939502397812e-02 1.143962368464045490e-02 -9.983117107208855368e-01
6.043395013820131861e-02 8.387177133420600089e-03 -9.981369653229683614e-01
6.296957139169712114e-02 6.036859154111166859e-03 -9.979971933851220500e-01
6.480259750654071560e-02 4.388810344035589880e-03 -9.978884558320032516e-01
6.618226933851180382e-02 3.442370228223993241e-03 -9.978016164976797331e-01
6.735731815225340369e-02 3.196064734193051170e-03 -9.977238021768256582e-01
6.831294821795026728e-02 2.245786879473499285e-03 -9.976614185751366826e-01
6.880020146193047137e-02 5.953019089419582782e-04 -9.976302854709401258e-01
6.857160069371567856e-02 -1.750854447204886226e-03 -9.976446655882589276e-01
6.738132440279202828e-02 -4.787419711420868619e-03 -9.977158145638642672e-01
6.498534942777668688e-02 -8.508433801428036056e-03 -9.978499487300724891e-01
6.140448742190456055e-02 -1.150508595936384007e-02 -9.980466579851401399e-01
5.689540602938544800e-02 -1.377612044819777337e-02 -9.982851001258218337e-01
5.171520750520933185e-02 -1.532103954405168375e-02 -9.985443470851004255e-01
4.612125988192195686e-02 -1.614016371026556415e-02 -9.988054538455930498e-01
4.037094183172280915e-02 -1.623468823492135726e-02 -9.990528675167139605e-01
3.458956103494745943e-02 -1.630866955119030653e-02 -9.992685323340217973e-01
2.878459677733555266e-02 -1.636207163809860407e-02 -9.994517195714202051e-01
2.296354618178966106e-02 -1.639488674882478431e-02 -9.996018674418920558e-01
1.713391178795845363e-02 -1.640713544865055051e-02 -9.997185829686999758e-01
1.130318906736293288e-02 -1.639886658356521504e-02 -9.998016429526813686e-01
5.478853927615971557e-03 -1.637015717908187756e-02 -9.998509940336406387e-01
-3.316497404832387946e-04 -1.632111226932999454e-02 -9.998667518496520135e-01
-6.120922419507687263e-03 -1.625186465699392582e-02 -9.998491993038669534e-01
-1.188162117298551673e-02 -1.616257460516447308e-02 -9.997987839541105926e-01
-1.760647165274311851e-02 -1.605342946265414170e-02 -9.997161145460968790e-01
-2.315640895410031250e-02 -1.522235604796666822e-02 -9.996159615831594625e-01
-2.827552465191555953e-02 -1.367313298121468519e-02 -9.995066533464772585e-01
-3.270956314740212229e-02 -1.141042811891112251e-02 -9.993997680858266452e-01
-3.620622132637008050e-02 -8.439752064845904705e-03 -9.993087060129632881e-01
-3.851538606274816645e-02 -4.767408180199794211e-03 -9.992466395762759079e-01
-3.965289331490270963e-02 -1.804427721253209875e-03 -9.992118904502885757e-01
-3.987106918553392360e-02 4.481639642237265908e-04 -9.992047372715657794e-01
-3.942235625077946531e-02 1.990170137746561426e-03 -9.992206598618541546e-01
-3.855906840953925857e-02 2.822222415868684640e-03 -9.992523421899742742e-01
-3.753313921019364729e-02 2.945793465515138525e-03 -9.992910466088381627e-01
-3.633222393120008609e-02 3.767291247055889070e-03 -9.993326708959489046e-01
-3.470895732499828384e-02 5.283255363768997286e-03 -9.993835028024017353e-01
-3.241730726517140504e-02 7.489395297856169670e-03 -9.994463654913954276e-01
-2.921285494713363878e-02 1.038059936288275240e-02 -9.995193159241192449e-01
-2.485309429984760773e-02 1.395092474505009450e-02 -9.995937707504096714e-01
-1.936152402603599082e-02 1.678906587335982081e-02 -9.996715811615641822e-01
-1.299844866470617130e-02 1.889398021014987786e-02 -9.997370002577772308e-01
-6.024545274439573571e-03 2.026553195552658823e-02 -9.997764875779168170e-01
1.299475929808295918e-03 2.090453527138644643e-02 -9.997806378926411552e-01
8.713276057396357466e-03 2.081278442129241499e-02 -9.997454270717023306e-01
1.595733199862715834e-02 1.999306395087188312e-02 -9.996727729496910353e-01
2.277338725967205726e-02 1.844913578684656205e-02 -9.995704147750278379e-01
2.890487363332779752e-02 1.618570391776978298e-02 -9.994511208496881238e-01
3.409727262841851653e-02 1.320836102105391562e-02 -9.993312397573794748e-01
3.809839618502284392e-02 9.523524908311214662e-03 -9.992286155751586296e-01
4.092212368496381952e-02 6.542304716010524830e-03 -9.991409257617738238e-01
4.281885659908588743e-02 4.265726682510526460e-03 -9.990737513258564073e-01
4.403909508305856729e-02 2.693967172343130455e-03 -9.990261819100421103e-01
4.483315775323004626e-02 1.826367255144410121e-03 -9.989928247211217194e-01
4.545091494773762647e-02 1.661428646828736790e-03 -9.989651973315104572e-01
4.587807901087094520e-02 7.932274324692525479e-04 -9.989467373968342612e-01
4.586555443069788296e-02 -7.746234827638650167e-04 -9.989473271464430759e-01
4.516566357196023784e-02 -3.037703251165592769e-03 -9.989748980023710478e-01
4.353237845607815099e-02 -5.990808720102307888e-03 -9.990340605325397361e-01
4.072154398421787974e-02 -9.627965328195219746e-03 -9.991241516415614310e-01
3.675465714841827380e-02 -1.253853225276023962e-02 -9.992456619765408554e-01
3.188972652689462534e-02 -1.472137961212158924e-02 -9.993829792335191531e-01
2.638512749041388439e-02 -1.617621282624764206e-02 -9.995209693756232916e-01
2.049934961173737608e-02 -1.690361672920088001e-02 -9.996469664483609296e-01
1.449067806456494009e-02 -1.690509354024824842e-02 -9.997520948638228822e-01
8.616823634497186579e-03 -1.618308743485698600e-02 -9.998319214171109692e-01
3.134525201747923907e-03 -1.474099201960224828e-02 -9.998864389745787395e-01
-1.700848453084580734e-03 -1.258314062928773611e-02 -9.999193890032058718e-01
-5.635673868810321327e-03 -9.714782923413857463e-03 -9.999369354659923825e-01
-8.418410683021336841e-03 -6.142054656518953007e-03 -9.999457076640798636e-01
-1.006385760659859324e-02 -3.276930152317866166e-03 -9.999439950760982132e-01
-1.082378281318382117e-02 -1.120468201733055072e-03 -9.999407998018787769e-01
-1.095017401545747560e-02 3.271821852277832787e-04 -9.999399979507438418e-01
-1.069490206063482794e-02 1.066757974863470539e-03 -9.999422453172759351e-01
-1.030940866895165876e-02 1.099871808667388139e-03 -9.999462581798950200e-01
-9.912420805439340135e-03 1.131493603820938254e-03 -9.999502370164831122e-01
-9.504475293110482143e-03 1.161589199643314882e-03 -9.999541632162426419e-01
-9.086120735138109722e-03 1.190126462695721048e-03 -9.999580185601720794e-01
-8.657916788453618243e-03 1.217075319864072917e-03 -9.999617853091045117e-01
-8.220433425904623281e-03 1.242407788757254015e-03 -9.999654462887276329e-01
-7.774250187930337869e-03 1.266098005390003120e-03 -9.999689849711834722e-01
-7.319955424724519828e-03 1.288122249122995071e-03 -9.999723855528650507e-01
-6.858145529867209524e-03 1.308458964836206563e-03 -9.999756330280484828e-01
-6.389424166416331555e-03 1.327088782315233783e-03 -9.999787132580231219e-01
-5.914401486458769654e-03 1.343994532833850441e-03 -9.999816130354064470e-01
-5.433693345127656345e-03 1.359161262919742407e-03 -9.999843201433576967e-01
-4.947920510098367808e-03 1.372576245294039772e-03 -9.999868234094300146e-01
-4.457707867580018232e-03 1.384228986978972877e-03 -9.999891127538312885e-01
-3.963683625822078151e-03 1.394111234571696013e-03 -9.999911792318918469e-01
-3.466478517157131189e-03 1.402216976686054915e-03 -9.999930150705692578e-01
-2.966724999600625808e-03 1.408542443567807959e-03 -9.999946136988490109e-01
-2.465056459026858382e-03 1.413086103892535663e-03 -9.999959697719339458e-01
-1.962106412937268500e-03 1.415848658759192528e-03 -9.999970791891453770e-01
-1.458507716832458789e-03 1.416833032895949574e-03 -9.999979391054917288e-01
-9.548917741931753096e-04 1.416044363098649004e-03 -9.999985479368910246e-01
-4.518877510678077653e-04 1.413489983925824908e-03 -9.999989053590679910e-01
4.987820374520793298e-05 1.409179410677843282e-03 -9.999990123001746278e-01
5.497837319423435178e-04 1.403124319691258226e-03 -9.999988709272178422e-01
1.047211031421641262e-03 1.395338525982974280e-03 -9.999984846264041716e-01
1.541547613498953128e-03 1.385837958282231351e-03 -9.999978579775445908e-01
2.032187050696531577e-03 1.374640631491791474e-03 -9.999969967226888246e-01
2.518529714183005957e-03 1.361766616622986543e-03 -9.999959077291880050e-01
2.999983499961350435e-03 1.347238008252491523e-03 -9.999945989474083863e-01
3.475964542920297485e-03 1.331078889551801005e-03 -9.999930793633474702e-01
3.945897917884709505e-03 1.313315294943406082e-03 -9.999913589464237695e-01
4.409218326821660351e-03 1.293975170440596258e-03 -9.999894485927366405e-01
4.865370771381332879e-03 1.273088331730623784e-03 -9.999873600641114857e-01
5.313811209975246273e-03 1.250686420063686728e-03 -9.999851059232646167e-01
5.754007198618750138e-03 1.226802856012781636e-03 -9.999826994654394952e-01
6.185438514790068780e-03 1.201472791171967871e-03 -9.999801546468807256e-01
6.607597763584435041e-03 1.174733057862946710e-03 -9.999774860105252738e-01
7.019990965468888254e-03 1.146622116922109500e-03 -9.999747086093023762e-01
7.422138124971132400e-03 1.117180003642330964e-03 -9.999718379274408209e-01
7.813573779664358121e-03 1.086448271945782357e-03 -9.999688898001916071e-01
8.193847528839035693e-03 1.054469936865910741e-03 -9.999658803323769884e-01
8.562524541282413165e-03 1.021289415418478140e-03 -9.999628258161813443e-01
8.919186041616625898e-03 9.869524659431709070e-04 -9.999597426485988816e-01
9.263429774676952902e-03 9.515061259987795186e-04 -9.999566472489520574e-01
9.594870447442812103e-03 9.149986488963135099e-04 -9.999535559768922832e-01
9.913140148065383711e-03 8.774794389556496259e-04 -9.999504850512872522e-01
1.021788874156739566e-02 8.389989855724237821e-04 -9.999474504703939060e-01
1.050878424182241123e-02 7.996087961828615481e-04 -9.999444679337046171e-01
1.078551315945295262e-02 7.593613282151035968e-04 -9.999415527658449543e-01
1.104778082531889666e-02 7.183099201163238275e-04 -9.999387198428870693e-01
1.129531168929976022e-02 6.765087215455582552e-04 -9.999359835214282066e-01
1.152784959410664729e-02 6.340126228226666914e-04 -9.999333575707689548e-01
1.174515802389185931e-02 5.908771837242366310e-04 -9.999308551085049901e-01
1.194702032745625399e-02 5.471585617175149041e-04 -9.999284885398304068e-01
1.213323991588647829e-02 5.029134397236164743e-04 -9.999262695008271917e-01
1.230364043448611312e-02 4.581989535013178795e-04 -9.999242088059945299e-01
1.245806590889652309e-02 4.130726187426927748e-04 -9.999223164002496445e-01
1.259638086533476815e-02 3.675922579716968202e-04 -9.999206013156062278e-01
1.271847042490731328e-02 3.218159273365562667e-04 -9.999190716327125417e-01
1.282424037198941040e-02 2.758018433864659687e-04 -9.999177344474063922e-01
1.291361719669090018e-02 2.296083099226557504e-04 -9.999165958424170997e-01
1.298654811145983842e-02 1.832936450133469414e-04 -9.999156608643180455e-01
1.304300104190564066e-02 1.369161082614898895e-04 -9.999149335058071797e-01
1.308296459195351993e-02 9.053382841345562673e-05 -9.999144166933655598e-01
1.310644798347167586e-02 4.420473139604858286e-05 -9.999141122803164583e-01
1.311348097054210356e-02 -2.013531131683552020e-06 -9.999140210452811539e-01
1.310411372857492145e-02 -4.806365262634106138e-05 -9.999141426959999857e-01
1.307841671849483030e-02 -9.388874182331929084e-05 -9.999144758784616061e-01
1.303648052625661601e-02 -1.394323921319036788e-04 -9.999150181912564994e-01
1.297841567797457761e-02 -1.846387501802209384e-04 -9.999157662050468520e-01
1.290435243097829560e-02 -2.294525834292496529e-04 -9.999167154870176599e-01
1.281444054113432471e-02 -2.738193467764653060e-04 -9.999178606301536432e-01
1.270884900680011899e-02 -3.176852480711432765e-04 -9.999191952871596678e-01
1.258776578980280551e-02 -3.609973124648669686e-04 -9.999207122088243915e-01
1.245139751386126724e-02 -4.037034455223871511e-04 -9.999224032866033118e-01
1.229996914089541080e-02 -4.457524950196517315e-04 -9.999242595991796323e-01
1.213372362569137448e-02 -4.870943113575709467e-04 -9.999262714627422666e-01
1.195292154941588955e-02 -5.276798065219032727e-04 -9.999284284847044235e-01
1.175784073249686382e-02 -5.674610115215388299e-04 -9.999307196205707848e-01
1.154877582741063204e-02 -6.063911322394207638e-04 -9.999331332336475198e-01
1.132603789193910825e-02 -6.444246036323799699e-04 -9.999356571572772800e-01
1.108995394348227803e-02 -6.815171422182643738e-04 -9.999382787592715482e-01
1.084086649503305903e-02 -7.176257967909179143e-04 -9.999409850082040530e-01
1.057913307344249092e-02 -7.527089973058095950e-04 -9.999437625412207487e-01
1.030512572062353832e-02 -7.867266018814225931e-04 -9.999465977330187494e-01
1.001923047836132154e-02 -8.196399418638939966e-04 -9.999494767656421645e-01
9.721846857416482565e-03 -8.514118649048359536e-04 -9.999523856987401205e-01
9.413387291626454378e-03 -8.820067760047781884e-04 -9.999553105399354713e-01
9.094276577726724195e-03 -9.113906764772402051e-04 -9.999582373149508152e-01
8.764951301630644065e-03 -9.395312007910685192e-04 -9.999611521371455369e-01
8.425859251921945930e-03 -9.663976512513635167e-04 -9.999640412761207076e-01
8.077458821328868666e-03 -9.919610304820597729e-04 -9.999668912250564423e-01
7.720218396962574836e-03 -1.016194071676018848e-03 -9.999696887664554223e-01
7.354615740115405705e-03 -1.039071266581339820e-03 -9.999724210359760557e-01
6.981137356426359887e-03 -1.060568891195479190e-03 -9.999750755840504102e-01
6.600277857232029165e-03 -1.080665029141710063e-03 -9.999776404349950409e-01
6.212539312931022670e-03 -1.099339592705420726e-03 -9.999801041433391546e-01
5.818430599198613773e-03 -1.116574341510764281e-03 -9.999824558471072100e-01
5.418466736895976785e-03 -1.132352898821208315e-03 -9.999846853178127049e-01
5.013168226524854568e-03 -1.146660765450603593e-03 -9.999867830069377739e-01
4.603060378083858456e-03 -1.159485331274479449e-03 -9.999887400886903199e-01
4.188672637186768681e-03 -1.170815884334380861e-03 -9.999905484988533821e-01
3.770537908306205010e-03 -1.180643617531182974e-03 -9.999922009695593195e-01
3.349191876007820597e-03 -1.188961632906447401e-03 -9.999936910598454798e-01
2.925172325040774433e-03 -1.195764943514014082e-03 -9.999950131818682308e-01
2.499018460149594195e-03 -1.201050472887151476e-03 -9.999961626226759881e-01
2.071270226470692949e-03 -1.204817052109704309e-03 -9.999971355614633017e-01
1.642467631373723804e-03 -1.207065414502788434e-03 -9.999979290822539335e-01
1.213150068603653436e-03 -1.207798187941663479e-03 -9.999985411819797276e-01
7.838556455739187270e-04 -1.207019884820479186e-03 -9.999989707739501688e-01
3.551205146542990511e-04 -1.204736889685619752e-03 -9.999992176867269489e-01
-7.252179071078800271e-05 -1.200957444561367212e-03 -9.999992826584416239e-01
-4.985410142269723795e-04 -1.195691631994558928e-03 -9.999991673266188652e-01
-9.224108285012778095e-04 -1.188951355847820985e-03 -9.999988742135861308e-01
-1.343609479515222834e-03 -1.180750319873814444e-03 -9.999984067075761152e-01
-1.761620423027312598e-03 -1.171104004105733183e-03 -9.999977690396454344e-01
-2.175932952126178460e-03 -1.160029639102027514e-03 -9.999969662565556527e-01
-2.586042815170314264e-03 -1.147546178085999662e-03 -9.999960041897807406e-01
-2.991452823366071850e-03 -1.133674267023517760e-03 -9.999948894208229300e-01
-3.391673447252282082e-03 -1.118436212684622514e-03 -9.999936292430369189e-01
-3.786223401377531491e-03 -1.101855948737246859e-03 -9.999922316201779182e-01
-4.174630216474697897e-03 -1.083958999923632710e-03 -9.999907051419034687e-01
-4.556430798456795675e-03 -1.064772444372310937e-03 -9.999890589764730553e-01
-4.931171973578452050e-03 -1.044324874100697543e-03 -9.999873028209022019e-01
-5.298411019128405723e-03 -1.022646353765459737e-03 -9.999854468488369452e-01
-5.657716179040215079e-03 -9.997683777198066585e-04 -9.999835016564259105e-01
-6.008667163830851317e-03 -9.757238254387711092e-04 -9.999814782064738727e-01
-6.350855634299996944e-03 -9.505469153753528036e-04 -9.999793877711681267e-01
-6.683885668446604145e-03 -9.242731573121054861e-04 -9.999772418736733171e-01
-7.007374211083551921e-03 -8.969393032743568257e-04 -9.999750522288939347e-01
-7.320951505656041365e-03 -8.685832970727541203e-04 -9.999728306837065706e-01
-7.624261507794601739e-03 -8.392442225442322320e-04 -9.999705891569627969e-01
-7.916962280159254781e-03 -8.089622505617955796e-04 -9.999683395795645469e-01
-8.198726368157396860e-03 -7.777785848847026473e-04 -9.999660938349094197e-01
-8.469241156144292557e-03 -7.457354069217304437e-04 -9.999638637000004548e-01
-8.728209203741727276e-03 -7.128758194811817732e-04 -9.999616607875092544e-01
-8.975348561937162781e-03 -6.792437895821845217e-04 -9.999594964890744508e-01
-9.210393068652842838e-03 -6.448840904026096341e-04 -9.999573819201088565e-01
-9.433092623501457621e-03 -6.098422424396165390e-04 -9.999553278663798617e-01
-9.643213441472299127e-03 -5.741644539594113490e-04 -9.999533447326168778e-01
-9.840538285319232886e-03 -5.378975608132840125e-04 -9.999514424933862999e-01
-1.002486667644925458e-02 -5.010889656973697374e-04 -9.999496306464636941e-01
-1.019601508413783483e-02 -4.637865769338667230e-04 -9.999479181689168161e-01
-1.035381709292468831e-02 -4.260387468516281246e-04 -9.999463134760989691e-01
-1.049812354807098773e-02 -3.878942098441434281e-04 -9.999448243837363304e-01
-1.062880267898632693e-02 -3.494020201829263613e-04 -9.999434580732752265e-01
-1.074574020056094127e-02 -3.106114896642388147e-04 -9.999422210606395689e-01
-1.084883939236575175e-02 -2.715721251669031360e-04 -9.999411191685286804e-01
-1.093802115570971512e-02 -2.323335661986917588e-04 -9.999401575023681987e-01
-1.101322404857069288e-02 -1.929455225084326562e-04 -9.999393404300085386e-01
-1.107440429844258611e-02 -1.534577118405355367e-04 -9.999386715652436308e-01
-1.112153579316781105e-02 -1.139197979081270535e-04 -9.999381537552058941e-01
-1.115461004985027378e-02 -7.438132866038595298e-05 -9.999377890716715234e-01
-1.117363616196981671e-02 -3.489167491899216938e-05 -9.999375788062924153e-01
-1.117864072484470520e-02 4.500030542151809635e-06 -9.999375234697487347e-01
-1.116966773961395633e-02 4.374495340059984160e-05 -9.999376227948000295e-01
-1.114677849593629505e-02 8.279461760002211558e-05 -9.999378757431903741e-01
-1.111005143362717162e-02 1.216009645044078202e-04 -9.999382805163463672e-01
-1.105958198347957271e-02 1.601164113214265409e-04 -9.999388345697871605e-01
-1.099548238753832174e-02 1.982939087256910704e-04 -9.999395346311482635e-01
-1.091788149912115320e-02 2.360869976138606230e-04 -9.999403767217038830e-01
-1.082692456290302099e-02 2.734498649247906876e-04 -9.999413561812547924e-01
-1.072277297540294438e-02 3.103373984592701297e-04 -9.999424676962347380e-01
-1.060560402623502915e-02 3.467052406352901179e-04 -9.999437053308711798e-01
-1.047561062050727382e-02 3.825098411162576508e-04 -9.999450625612248400e-01
-1.033300098277325184e-02 4.177085082511025876e-04 -9.999465323119165472e-01
-1.017799834296276122e-02 4.522594592668266033e-04 -9.999481069953400914e-01
-1.001084060473808601e-02 4.861218691557056895e-04 -9.999497785531475946e-01
-9.831779996742482514e-03 5.192559182010837845e-04 -9.999515384997853529e-01
-9.641082707227013535e-03 5.516228380874834032e-04 -9.999533779678468903e-01
-9.439028502560765921e-03 5.831849565426062369e-04 -9.999552877550066388e-01
-9.225910330147810492e-03 6.139057404607034790e-04 -9.999572583722872166e-01
-9.002033906292047916e-03 6.437498374587615098e-04 -9.999592800934111736e-01
-8.767717289568165845e-03 6.726831158189685482e-04 -9.999613430049836271e-01
-8.523290440273447247e-03 7.006727027730041274e-04 -9.999634370572494380e-01
-8.269094766550954059e-03 7.276870210858230568e-04 -9.999655521151680215e-01
-8.005482657789749282e-03 7.536958238987853231e-04 -9.999676780095494433e-01
-7.732817005922192760e-03 7.786702277942136917e-04 -9.999698045879955588e-01
-7.451470715252033784e-03 8.025827440457390096e-04 -9.999719217653948444e-01
-7.161826201459900454e-03 8.254073080211148062e-04 -9.999740195737211179e-01
-6.864274880444895879e-03 8.471193067065497162e-04 -9.999760882108941207e-01
-6.559216647672309539e-03 8.676956043240110052e-04 -9.999781180884640408e-01
-6.247059348707901215e-03 8.871145660153978993e-04 -9.999800998778914929e-01
-5.928218241628840923e-03 9.053560795699595182e-04 -9.999820245552013542e-01
-5.603115452010089606e-03 9.224015751738455027e-04 -9.999838834438001811e-01
-5.272179421192857603e-03 9.382340431632128341e-04 -9.999856682552558107e-01
-4.935844348548686436e-03 9.528380497648802731e-04 -9.999873711278518540e-01
-4.594549628458681652e-03 9.661997508111048539e-04 -9.999889846627388890e-01
-4.248739282732470757e-03 9.783069034176613936e-04 -9.999905019575200393e-01
-3.898861389195520423e-03 9.891488756170231395e-04 -9.999919166371222801e-01
-3.545367507176563123e-03 9.987166539410733540e-04 -9.999932228818176894e-01
-3.188712100628992348e-03 1.007002848950410735e-03 -9.999944154522758533e-01
-2.829351959621211835e-03 1.014001698709955613e-03 -9.999954897115432839e-01
-2.467745620931051723e-03 1.019709070213195004e-03 -9.999964416438630321e-01
-2.104352788478486367e-03 1.024122458760042464e-03 -9.999972678702616635e-01
-1.739633754329015462e-03 1.027240985295908024e-03 -9.999979656608498635e-01
-1.374048820997178554e-03 1.029065391722182050e-03 -9.999985329437989234e-01
-1.008057725775796370e-03 1.029598034190926624e-03 -9.999989683109715699e-01
-6.421190678116559447e-04 1.028842874399136078e-03 -9.999992710202028068e-01
-2.766897386424904811e-04 1.026805468900468142e-03 -9.999994409942436491e-01
8.777564309673326114e-05 1.023492956454858435e-03 -9.999994788163972803e-01
5.828179550309282690e-04 1.721434341512274608e-03 -9.999983549368467450e-01
1.457134207211026235e-03 3.117241441311664057e-03 -9.999940862363605465e-01
2.958044467399602046e-03 5.206655723064223217e-03 -9.999820767276522693e-01
5.331159412629023209e-03 7.984539128493662458e-03 -9.999539185298145227e-01
8.820011638999180822e-03 1.144485021898205418e-02 -9.998956128101356144e-01
1.340176469392158690e-02 1.417580387976784609e-02 -9.998097085717581045e-01
1.881668908161476458e-02 1.617664851648902002e-02 -9.996920838863240233e-01
2.480495369299067290e-02 1.744760771259188520e-02 -9.995400490995499654e-01
3.110703020882297012e-02 1.798988817327977149e-02 -9.993541570232687965e-01
3.746411757491389938e-02 1.780567717222380705e-02 -9.991393357779428941e-01
4.361856645166852647e-02 1.689812357994268169e-02 -9.989053451330933697e-01
4.931427635452315800e-02 1.527130019737160151e-02 -9.986665629063078420e-01
5.429703734960985434e-02 1.293014876395004453e-02 -9.984411135335097276e-01
5.831479348783070310e-02 9.880412547018152872e-03 -9.982493558440170833e-01
6.111781633797223195e-02 6.128564746943948073e-03 -9.981117509534036536e-01
6.259027561651367422e-02 2.382925690022538387e-03 -9.980364689518738119e-01
6.273549836679070957e-02 -1.352109700753484529e-03 -9.980292799047810748e-01
6.155809766799249377e-02 -5.072189250697575931e-03 -9.980906212880277240e-01
5.906395856125961491e-02 -8.772986166895629240e-03 -9.982156574018369311e-01
5.526026582914858598e-02 -1.245018219100652544e-02 -9.983943667746743023e-01
5.028715491274225735e-02 -1.539798554831157268e-02 -9.986161024681129428e-01
4.440320805784032238e-02 -1.761511385555148898e-02 -9.988583879628440965e-01
3.786754850776215264e-02 -1.910109311606035878e-02 -9.991002019552868152e-01
3.093960916784950499e-02 -1.985632248833420210e-02 -9.993240133618574994e-01
2.387880881476497213e-02 -1.988212940583305999e-02 -9.995171434565848223e-01
1.694415641821510332e-02 -1.918080736000664366e-02 -9.996724507328518250e-01
1.039381386815890589e-02 -1.775563232717003448e-02 -9.997883388869686083e-01
4.484650737147961343e-03 -1.561085755338045486e-02 -9.998680939454814842e-01
-5.281783208856633341e-04 -1.275169009880655971e-02 -9.999185624553639240e-01
-4.391612137509362870e-03 -9.184256072593455569e-03 -9.999481882771864560e-01
-6.986988355126510196e-03 -5.618065192662660343e-03 -9.999598169015965210e-01
-8.315525133256788243e-03 -2.057611866396856157e-03 -9.999633165593881934e-01
-8.380078969424440902e-03 1.492659247506521267e-03 -9.999637806564828368e-01
-7.185096198801644608e-03 5.028342124015582407e-03 -9.999615526705032398e-01
-4.736598502090434183e-03 8.545058143951284393e-03 -9.999522806699110422e-01
-1.174165407606045288e-03 1.133597499998608218e-02 -9.999350650472575985e-01
3.243917526395177688e-03 1.340020525395327518e-02 -9.999049600021951978e-01
8.259189487496093954e-03 1.473778788403595080e-02 -9.998572903607767515e-01
1.361336156429863303e-02 1.534970018853584403e-02 -9.997895182726106444e-01
1.904868876906796668e-02 1.523786378534646747e-02 -9.997024420843916293e-01
2.444022367347858590e-02 1.510741513663538434e-02 -9.995871443793037381e-01
2.978125630069403812e-02 1.495859238064105833e-02 -9.994445132206501992e-01
3.506517749886012975e-02 1.479165759563424998e-02 -9.992755665464767567e-01
4.028548879264497173e-02 1.460689621154198647e-02 -9.990814459608071685e-01
4.543581184644907012e-02 1.440461637531284360e-02 -9.988634099305352398e-01
5.037826733046865679e-02 1.348350626248606167e-02 -9.986391955252696961e-01
5.485849775635687209e-02 1.184761012678804334e-02 -9.984238563194042237e-01
5.862396750389641670e-02 9.501805424593794472e-03 -9.982349240363447285e-01
6.142418637999605413e-02 6.451740031690749930e-03 -9.980909085905946831e-01
6.301085609518396191e-02 2.703770003204569727e-03 -9.980091879292991575e-01
6.340088388395589969e-02 -3.328398164857506759e-04 -9.979880935226791427e-01
6.284696526243707670e-02 -2.657060950802254788e-03 -9.980196474839501120e-01
6.160187305543168845e-02 -4.268618962843048412e-03 -9.980916821535185113e-01
5.991829583118560287e-02 -5.168015978808964198e-03 -9.981899154626382442e-01
5.804864002189932121e-02 -5.356564576726736103e-03 -9.982993942251798813e-01
5.611322279436975480e-02 -5.537792662168458668e-03 -9.984090629545820939e-01
5.411466653575951191e-02 -5.711498620934131985e-03 -9.985184022169442120e-01
5.205566530903410483e-02 -5.877490711956413066e-03 -9.986268976627601379e-01
4.993898143925076805e-02 -6.035587298295552565e-03 -9.987340425502300167e-01
4.776744199617376924e-02 -6.185617066492276987e-03 -9.988393402159170265e-01
4.554393517642510436e-02 -6.327419233706257397e-03 -9.989423064806847163e-01
4.327140658886809155e-02 -6.460843742072281196e-03 -9.990424719792027064e-01
4.095285544741345679e-02 -6.585751439715486176e-03 -9.991393844017176784e-01
3.859133067592837585e-02 -6.702014247881029133e-03 -9.992326106372603212e-01
3.618992693041343800e-02 -6.809515313652381337e-03 -9.993217388079853603e-01
3.375178054408548706e-02 -6.908149147755953019e-03 -9.994063801849255579e-01
3.128006540146104075e-02 -6.997821746977890556e-03 -9.994861709760756163e-01
2.877798874797063422e-02 -7.078450700751430860e-03 -9.995607739784062584e-01
2.624878694204431373e-02 -7.149965281509998785e-03 -9.996298800861378453e-01
2.369572115698838355e-02 -7.212306518441949886e-03 -9.996932096483752694e-01
2.112207304031931548e-02 -7.265427254327239473e-03 -9.997505136700126638e-01
1.853114033852889045e-02 -7.309292185183969073e-03 -9.998015748506591249e-01
1.592623249552158060e-02 -7.343877882503334689e-03 -9.998462084572031783e-01
1.331066623318850201e-02 -7.369172797904556885e-03 -9.998842630265273312e-01
1.068776112275914708e-02 -7.385177250096477963e-03 -9.999156208957906689e-01
8.060835155700971782e-03 -7.391903394089171901e-03 -9.999401985586191532e-01
5.433200323016198000e-03 -7.389375172656673790e-03 -9.999579468464682153e-01
2.808158211814154159e-03 -7.377628250110267356e-03 -9.999688509353501509e-01
1.889956280157734612e-04 -7.356709928500201542e-03 -9.999729301790402092e-01
-2.421019746025304415e-03 -7.326679046421719771e-03 -9.999702377707843093e-01
-4.886665342407755033e-03 -6.585106720158839973e-03 -9.999663868531076805e-01
-6.955609980119394249e-03 -5.135474526312973353e-03 -9.999626314684507689e-01
-8.376929663127655190e-03 -2.982134015959194903e-03 -9.999604751607453768e-01
-8.901410278870839840e-03 -1.302949196225204782e-04 -9.999603822022967714e-01
-8.281846313994771849e-03 3.413980854114871330e-03 -9.999598862189170712e-01
-6.537310862946760226e-03 6.238798270036033725e-03 -9.999591789005539688e-01
-3.923782530648161487e-03 8.343207562749791265e-03 -9.999575058433787245e-01
-6.974140999274555663e-04 9.727160499905566915e-03 -9.999524562439491282e-01
2.885783821868775564e-03 1.039151169760169600e-02 -9.999418520960349221e-01
6.570269728653153549e-03 1.033802123323230258e-02 -9.999249850394336114e-01
1.023326398225931841e-02 1.027181345288647428e-02 -9.998948889687571118e-01
1.387022308265713558e-02 1.019301814087139949e-02 -9.998518580854691695e-01
1.747665532684001752e-02 1.010178096859168026e-02 -9.997962489218544802e-01
2.104812691879647327e-02 9.998263214350554956e-03 -9.997284780868097576e-01
2.458026793209741254e-02 9.882641457732476223e-03 -9.996490197218698137e-01
2.806877811136787929e-02 9.755107249685196838e-03 -9.995584026832919911e-01
3.150943249993470863e-02 9.615866759510826450e-03 -9.994572074673870876e-01
3.489808688203723669e-02 9.465140400055728487e-03 -9.993460628975239235e-01
3.823068302914444522e-02 9.303162432457981121e-03 -9.992256425923475849e-01
4.150325374112591448e-02 9.130180551868035538e-03 -9.990966612357294885e-01
4.471192767426231812e-02 8.946455455602814882e-03 -9.989598706698062935e-01
4.785293394934103661e-02 8.752260395225674658e-03 -9.988160558331626859e-01
5.092260653435001783e-02 8.547880714064301499e-03 -9.986660305667700577e-01
5.391738839754568746e-02 8.333613371686025839e-03 -9.985106333107056642e-01
5.683383542791554943e-02 8.109766456845276042e-03 -9.983507227149487351e-01
5.966862012127097104e-02 7.876658690401541416e-03 -9.981871731876825748e-01
6.241853503137905629e-02 7.634618919678625056e-03 -9.980208704045278045e-01
6.508049598666378055e-02 7.383985605697949289e-03 -9.978527068019964474e-01
6.765154507406551110e-02 7.125106304670794644e-03 -9.976835770781954382e-01
7.012885339263609519e-02 6.858337145077576628e-03 -9.975143737234234420e-01
7.250972358035608079e-02 6.584042301597406791e-03 -9.973459826028095998e-01
7.479159211848389333e-02 6.302593467079269790e-03 -9.971792786125381891e-01
7.697203141847945573e-02 6.014369323668178509e-03 -9.970151214304991960e-01
7.904875169718149353e-02 5.719755014116696505e-03 -9.968543513814096535e-01
8.101960264645580168e-02 5.419141614225364730e-03 -9.966977854355718591e-01
8.288257490396912230e-02 5.112925607265892021e-03 -9.965462133594795713e-01
8.463580133207911083e-02 4.801508361149588872e-03 -9.964003940354616562e-01
8.627755811206531955e-02 4.485295609011524624e-03 -9.962610519664699682e-01
8.780626566106118636e-02 4.164696933789306145e-03 -9.961288739809870396e-01
8.922048937908441668e-02 3.840125257285277940e-03 -9.960045061518510989e-01
9.038801979214484972e-02 2.812318823933389680e-03 -9.959026635659442572e-01
9.106066602958752532e-02 1.085174356961102118e-03 -9.958447650522284089e-01
9.099176529451691309e-02 -1.336682092784467670e-03 -9.958507571957573301e-01
8.993630072352040705e-02 -4.447954598111727303e-03 -9.959375966381911471e-01
8.765096808875780243e-02 -8.242721387210830836e-03 -9.961171540505912025e-01
8.415623442392894393e-02 -1.131466636473227143e-02 -9.963883410195385482e-01
7.970755045492493307e-02 -1.366242590380504704e-02 -9.967246682876066410e-01
7.456086828479403794e-02 -1.528532080103198014e-02 -9.970993209963489035e-01
6.897255041639874240e-02 -1.618343348457731631e-02 -9.974872951147959466e-01
6.319917095056812317e-02 -1.635768308622105940e-02 -9.978668804806155590e-01
5.736575745257168485e-02 -1.651104713623114534e-02 -9.982166976044467566e-01
5.147988809755495165e-02 -1.664338170798426719e-02 -9.985353469775793966e-01
4.554920675974748201e-02 -1.675457155458278877e-02 -9.988215928308021851e-01
3.958141065076183768e-02 -1.684453041658722644e-02 -9.990743685761108717e-01
3.358423768151401478e-02 -1.691320126153820352e-02 -9.992927813360062972e-01
2.769726025050698454e-02 -1.625845819498063227e-02 -9.994841391814143217e-01
2.217720851512689981e-02 -1.488344869463120029e-02 -9.996432735876416009e-01
1.727963211921893644e-02 -1.279228150006965839e-02 -9.997688691769563984e-01
1.325848851643340008e-02 -9.990018613582557841e-03 -9.998622064301138090e-01
1.036575087491770075e-02 -6.482659192838831699e-03 -9.999252702946426208e-01
8.587083057764170746e-03 -3.682095560036490085e-03 -9.999563610678505743e-01
7.671106101656000910e-03 -1.589406758147049719e-03 -9.999693234357837079e-01
7.366152187244512373e-03 -2.047175278996823944e-04 -9.999728585365756928e-01
7.420650650848153139e-03 4.727648839739733138e-04 -9.999723647992404540e-01
7.583473093301342643e-03 4.447271780467625677e-04 -9.999711561232210721e-01
7.736241165926300081e-03 4.162345777488295987e-04 -9.999699981730265641e-01
7.878800155919744169e-03 3.873242968763066668e-04 -9.999688967226396663e-01
8.011008654177451810e-03 3.580339370172134464e-04 -9.999678572217638450e-01
8.132738683709409000e-03 3.284014392138050577e-04 -9.999668847709847208e-01
8.243875810837825169e-03 2.984650353794889260e-04 -9.999659840988499582e-01
8.344319239106251507e-03 2.682631995316154898e-04 -9.999651595409678739e-01
8.433981885849563959e-03 2.378345989014055736e-04 -9.999644150212139149e-01
8.512790441396021410e-03 2.072180449821597957e-04 -9.999637540351243858e-01
8.580685410893991796e-03 1.764524445767085199e-04 -9.999631796355435975e-01
8.637621138777194438e-03 1.455767509048025475e-04 -9.999626944205805001e-01
8.683565815903430615e-03 1.146299148308169250e-04 -9.999623005239182127e-01
8.718501469422755903e-03 8.365083627174416884e-05 -9.999619996075068684e-01
8.742423935451845360e-03 5.267831584498951193e-05 -9.999617928566607583e-01
8.755342814651935479e-03 2.175100681495033977e-05 -9.999616809775655479e-01
8.757281410828118492e-03 -9.092632603233597908e-06 -9.999616641971912356e-01
8.748276652687955041e-03 -3.981438652503280776e-05 -9.999617422655944221e-01
8.728378998917324036e-03 -7.037632820598070877e-05 -9.999619144605806920e-01
8.697652326751076010e-03 -1.007408663230094923e-04 -9.999621795946875835e-01
8.656173804235495553e-03 -1.308707906722994150e-04 -9.999625360244359662e-01
8.604033746398663876e-03 -1.607293172291794745e-04 -9.999629816617884304e-01
8.541335455563606530e-03 -1.902801325165836177e-04 -9.999635139877410817e-01
8.468195046057594780e-03 -2.194874372295919495e-04 -9.999641300679659173e-01
8.384741253589074461e-03 -2.483159890646676068e-04 -9.999648265704119687e-01
8.291115229581461424e-03 -2.767311447033377492e-04 -9.999655997847620714e-01
8.187470320770440235e-03 -3.046989009012598991e-04 -9.999664456436363480e-01
8.073971834388368393e-03 -3.321859346348599354e-04 -9.999673597454232787e-01
7.950796789275963589e-03 -3.591596422590278160e-04 -9.999683373786142360e-01
7.818133653277627854e-03 -3.855881776307052517e-04 -9.999693735475078116e-01
7.676182067292427851e-03 -4.114404891546005641e-04 -9.999704629991479354e-01
7.525152556368007450e-03 -4.366863557087128506e-04 -9.999716002513506785e-01
7.365266228239467777e-03 -4.612964214088443259e-04 -9.999727796216744125e-01
7.196754459729504116e-03 -4.852422291728198138e-04 -9.999739952571805590e-01
7.019858571439849780e-03 -5.084962530467190952e-04 -9.999752411648322736e-01
6.834829491177287809e-03 -5.310319292570559119e-04 -9.999765112423733004e-01
6.641927406570166149e-03 -5.528236859545073096e-04 -9.999777993095321227e-01
6.309434008646494160e-03 -1.276352898545473399e-03 -9.999792907375283368e-01
5.588487941445899158e-03 -2.698203468099810362e-03 -9.999807540592293709e-01
4.231604849005166438e-03 -4.814097028336346978e-03 -9.999794688395305942e-01
1.992995821895998752e-03 -7.618888959616816441e-03 -9.999689999427476828e-01
-1.371084711803990594e-03 -1.110654980449613666e-02 -9.999373907556124985e-01
-5.838038856253628152e-03 -1.386524252344264498e-02 -9.998868403228299284e-01
-1.114835172800977825e-02 -1.589414873942056328e-02 -9.998115380667539354e-01
-1.704235807014796086e-02 -1.719340524686989100e-02 -9.997069402465802446e-01
-2.326062475316193270e-02 -1.776411738161355613e-02 -9.995716087756721935e-01
-2.954436023929969679e-02 -1.760836261392080548e-02 -9.994083739530803534e-01
-3.563583183433179785e-02 -1.672917823545111080e-02 -9.992248213404772983e-01
-4.127876403947741690e-02 -1.513053064358727343e-02 -9.990331085884401885e-01
-4.621869013040896812e-02 -1.281726736879972885e-02 -9.988491235375076549e-01
-5.020323408449030300e-02 -9.795056532780968550e-03 -9.986909999267055138e-01
-5.298231085599335727e-02 -6.070321764718065831e-03 -9.985770111231402346e-01
-5.457146076853737482e-02 -3.053202430862496375e-03 -9.985052102494200721e-01
-5.522232935867024683e-02 -7.446988720847045988e-04 -9.984738159264742174e-01
-5.518661124385433603e-02 8.549816935320281308e-04 -9.984757024151935667e-01
-5.471584070456886328e-02 1.746430412912840843e-03 -9.985004497467868667e-01
-5.406116906767880620e-02 1.931057157476153774e-03 -9.985357692179922529e-01
-5.334149691392683912e-02 2.112624605081976290e-03 -9.985741048703627998e-01
-5.255794370202438587e-02 2.290917867895563530e-03 -9.986152590690683395e-01
-5.171170404881936244e-02 2.465726793223901175e-03 -9.986590215160452422e-01
-5.080404609732009497e-02 2.636846204698468227e-03 -9.987051703807180436e-01
-4.983630980171415564e-02 2.804076137751023226e-03 -9.987534734801752911e-01
-4.880990513035658035e-02 2.967222069124595633e-03 -9.988036895026994877e-01
-4.772631018779993628e-02 3.126095140154807640e-03 -9.988555692683697140e-01
-4.658706925705079216e-02 3.280512373550112902e-03 -9.989088570203092932e-01
-4.539379076336350072e-02 3.430296883393663555e-03 -9.989632917400314005e-01
-4.414814516102179981e-02 3.575278078084491006e-03 -9.990186084802501476e-01
-4.285186274471067258e-02 3.715291855931651416e-03 -9.990745397084714874e-01
-4.150673138724449845e-02 3.850180793112110630e-03 -9.991308166546550851e-01
-4.011459420559101291e-02 3.979794323701553449e-03 -9.991871706562510669e-01
-3.867734715731322576e-02 4.103988911487116940e-03 -9.992433344939590789e-01
-3.719693656974133733e-02 4.222628213272396243e-03 -9.992990437116326952e-01
-3.567535660438241052e-02 4.335583233388019472e-03 -9.993540379138609042e-01
-3.411464665927547990e-02 4.442732469125750851e-03 -9.994080620349011790e-01
-3.251688871220198562e-02 4.543962046820467122e-03 -9.994608675728069436e-01
-3.088420460786418104e-02 4.639165848312561471e-03 -9.995122137827970876e-01
-2.921875329234579002e-02 4.728245627533315086e-03 -9.995618688241468819e-01
-2.752272799836733355e-02 4.811111116967616008e-03 -9.996096108551385528e-01
-2.579835338504193193e-02 4.887680123761993858e-03 -9.996552290708984323e-01
-2.404788263602370552e-02 4.957878615261335567e-03 -9.996985246792603474e-01
-2.227359452011856006e-02 5.021640793774696972e-03 -9.997393118101323140e-01
-2.047779041859437016e-02 5.078909160389333266e-03 -9.997774183542023074e-01
-1.866279132358271767e-02 5.129634567672297293e-03 -9.998126867272004725e-01
-1.683093481210577377e-02 5.173776261120601426e-03 -9.998449745563317004e-01
-1.498457200038842869e-02 5.211301909243894366e-03 -9.998741552859085058e-01
-1.312606448322570403e-02 5.242187622187693442e-03 -9.999001186996410162e-01
-1.125778126326812401e-02 5.266417958830343048e-03 -9.999227713574835308e-01
-9.382095675161707810e-03 5.283985922312799642e-03 -9.999420369453831947e-01
-7.501382309534024295e-03 5.294892943986974354e-03 -9.999578565367350791e-01
-5.618013941852597476e-03 5.299148855795481408e-03 -9.999701887648062559e-01
-3.734358471196383249e-03 5.296771851123045771e-03 -9.999790099058529780e-01
-1.852775873974954555e-03 5.287788434187360408e-03 -9.999843138731167036e-01
2.438482239677883939e-05 5.272233358064655484e-03 -9.999861121223405647e-01
1.894788540907789160e-03 5.250149551472442326e-03 -9.999844334698979598e-01
3.756117126551031162e-03 5.221588034458650440e-03 -9.999793238250686001e-01
5.606072283308517409e-03 5.186607823172527734e-03 -9.999708458384268805e-01
7.442378471821581298e-03 5.145275823918005371e-03 -9.999590784687240053e-01
9.262785763170737485e-03 5.097666716714612835e-03 -9.999441164710497487e-01
1.106507264433087903e-02 5.043862828614303559e-03 -9.999260698094406541e-01
1.284704877102472304e-02 4.983953997044546919e-03 -9.999050629974668425e-01
1.460655766386927991e-02 4.918037423468683833e-03 -9.998812343706715566e-01
1.634147934389513016e-02 4.846217517673656432e-03 -9.998547352950570843e-01
1.791778511573374408e-02 4.066195396737525523e-03 -9.998312059951711683e-01
1.908439322486526341e-02 2.581511387534478341e-03 -9.998145543984057193e-01
1.959165136274109917e-02 3.965541689532441072e-04 -9.998079972915343561e-01
1.919161531430622555e-02 -2.483454347640755115e-03 -9.998127504748565153e-01
1.763832478032459350e-02 -6.052464681509797835e-03 -9.998261244458989117e-01
1.495198575003094631e-02 -8.898789957789745783e-03 -9.998486244820465885e-01
1.138963583339143437e-02 -1.102145276536643792e-02 -9.998744052138756055e-01
7.208522755138373032e-03 -1.242035974539627136e-02 -9.998968918985557952e-01
2.665805343172953853e-03 -1.309631712418733197e-02 -9.999106973066363979e-01
-1.981774651980345962e-03 -1.305104427446044171e-02 -9.999128789237341497e-01
-6.610191315555519719e-03 -1.298963672526990375e-02 -9.998937930243121386e-01
-1.121363695787779002e-02 -1.291223020350818970e-02 -9.998537649432222008e-01
-1.578635983280208752e-02 -1.281898126253120350e-02 -9.997932222059308094e-01
-2.032267259149875965e-02 -1.271006695068768906e-02 -9.997126916141745312e-01
-2.481696054073106311e-02 -1.258568444025526950e-02 -9.996127958387048817e-01
-2.913183567414079356e-02 -1.174383932596185717e-02 -9.995065987378947137e-01
-3.301307355899173873e-02 -1.018830597558112970e-02 -9.994030007237989510e-01
-3.620806760670878394e-02 -7.923716843593404252e-03 -9.993128704067424373e-01
-3.846609484142352736e-02 -4.955520528486112228e-03 -9.992476293639367402e-01
-3.953853222940077738e-02 -1.289941035584115693e-03 -9.992172251745906619e-01
-3.944261200431325998e-02 1.662096983650194343e-03 -9.992204664120885038e-01
-3.843203154311339992e-02 3.899557656324494428e-03 -9.992536190702000498e-01
-3.676063711395335248e-02 5.422223672029537374e-03 -9.993094005135902957e-01
-3.468219461938644443e-02 6.230707035369912987e-03 -9.993789804735910831e-01
-3.245013875384071544e-02 6.326468441036727994e-03 -9.994533442048472160e-01
-3.018543475837662943e-02 6.414002275330349910e-03 -9.995237481207766006e-01
-2.789102679442092073e-02 6.493226677134865052e-03 -9.995898917002464801e-01
-2.556988774360405281e-02 6.564070516752002274e-03 -9.996514976629731208e-01
-2.322501528525972025e-02 6.626473468538384218e-03 -9.997083131983911519e-01
-2.085942793482925550e-02 6.680386068363724367e-03 -9.997601110637791555e-01
-1.847616105002553716e-02 6.725769755655281769e-03 -9.998066905468170340e-01
-1.607826281183848821e-02 6.762596899834926248e-03 -9.998478782884727689e-01
-1.366879018765741229e-02 6.790850810998357197e-03 -9.998835289628642542e-01
-1.125080488394246056e-02 6.810525734730945788e-03 -9.999135258114999480e-01
-8.827369295996645437e-03 6.821626831001049995e-03 -9.999377810300771330e-01
-6.401542462469690664e-03 6.824170137119050551e-03 -9.999562360067966171e-01
-3.976376032264868077e-03 6.818182514798409519e-03 -9.999688614119340846e-01
-1.554910251519300238e-03 6.803701581403365228e-03 -9.999756571391904547e-01
8.598300217130833839e-04 6.780775625516049718e-03 -9.999766521001158814e-01
3.264839267528163100e-03 6.749463507003462467e-03 -9.999719038736646359e-01
5.657135211560943011e-03 6.709834541811457269e-03 -9.999614982136846297e-01
8.033762682429746241e-03 6.661968371758335804e-03 -9.999455484178703113e-01
1.039179741216326655e-02 6.605954819644447619e-03 -9.999241945624087746e-01
1.272834977276891474e-02 6.541893730036000415e-03 -9.998976026072224910e-01
1.504056844236393436e-02 6.469894796120799832e-03 -9.998659633773498978e-01
1.732564399458366711e-02 6.390077373070584058e-03 -9.998294914266113720e-01
1.958081240530138573e-02 6.302570278378715439e-03 -9.997884237902709970e-01
2.180335847103822416e-02 6.207511579673021147e-03 -9.997430186339280045e-01
2.399061913380661631e-02 6.105048370531382558e-03 -9.996935538063498328e-01
2.613998670751293066e-02 5.995336534852044146e-03 -9.996403253043887327e-01
2.824891200144112602e-02 5.878540500351489215e-03 -9.995836456585063257e-01
3.031490733674571322e-02 5.754832981780005907e-03 -9.995238422477630280e-01
3.233554945229534516e-02 5.624394714458702711e-03 -9.994612555534068132e-01
3.430848229662448318e-02 5.487414178751750735e-03 -9.993962373604264871e-01
3.623141970316622051e-02 5.344087316094016382e-03 -9.993291489166072905e-01
3.810214794635096575e-02 5.194617237197154611e-03 -9.992603590587495477e-01
3.991852817656002528e-02 5.039213923056686494e-03 -9.991902423157807966e-01
4.167849873231703473e-02 4.878093919378761502e-03 -9.991191769985086069e-01
4.338007732848053744e-02 4.711480025038398967e-03 -9.990475432857283122e-01
4.502136311956538711e-02 4.539600975171159507e-03 -9.989757213163154015e-01
4.660053863766610432e-02 4.362691119487669029e-03 -9.989040892968010787e-01
4.811587160478017489e-02 4.180990096385475002e-03 -9.988330216337504286e-01
4.956571661963109915e-02 3.994742503415540068e-03 -9.987628871000382436e-01
5.094851671936848070e-02 3.804197564641657696e-03 -9.986940470438518958e-01
5.226280481677428313e-02 3.609608795410398398e-03 -9.986268536489428804e-01
5.350720501382948135e-02 3.411233665027225189e-03 -9.985616482543039352e-01
5.468043379269302284e-02 3.209333257811439275e-03 -9.984987597410679427e-01
5.578130108531522552e-02 3.004171932978914102e-03 -9.984385029940110456e-01
5.680871122305013871e-02 2.796016983777484949e-03 -9.983811774445987552e-01
5.776166376774661410e-02 2.585138296275647524e-03 -9.983270657020426597e-01
5.863925422588622816e-02 2.371808008181191391e-03 -9.982764322783391764e-01
5.944067464739886258e-02 2.156300168042811320e-03 -9.982295224127452071e-01
6.016521411082483700e-02 1.938890395164874969e-03 -9.981865610006072087e-01
6.081225909650728179e-02 1.719855540543618281e-03 -9.981477516309085196e-01
6.138129374949184702e-02 1.499473349112314443e-03 -9.981132757363335717e-01
6.187190003378454511e-02 1.278022123563621326e-03 -9.980832918590692993e-01
6.228375777957464998e-02 1.055780389999539911e-03 -9.980579350349814138e-01
6.261664462497026906e-02 8.330265656433677056e-04 -9.980373162982096868e-01
6.287043585372202592e-02 6.100386288338271621e-04 -9.980215223076364106e-01
6.304510413032729521e-02 3.870937915093093499e-04 -9.980106150960864619e-01
6.314071913381648360e-02 1.644681743799587944e-04 -9.980046319425270873e-01
6.315744709142617763e-02 -5.756351502280942470e-05 -9.980035853669496637e-01
6.309555021326475333e-02 -2.787283012358016620e-04 -9.980074632470334883e-01
6.295538602897569891e-02 -4.987552565129313702e-04 -9.980162290551244375e-01
6.273740662730613316e-02 -7.173758130557662902e-04 -9.980298222134995623e-01
6.244215779939473604e-02 -9.343240716478884086e-04 -9.980481585653435683e-01
6.207027808650646822e-02 -1.149337106513195240e-03 -9.980711309583342183e-01
6.162249773286399696e-02 -1.362155266214435355e-03 -9.980986099372196607e-01
6.109963754415938253e-02 -1.572522470402774267e-03 -9.981304445412781945e-01
6.050260765227609416e-02 -1.780186502222165556e-03 -9.981664632020801342e-01
5.983240618671278876e-02 -1.984899296163934127e-03 -9.982064747365217983e-01
5.909011785317785925e-02 -2.186417221157457760e-03 -9.982502694296792045e-01
5.827691241981894366e-02 -2.384501358672351176e-03 -9.982976202016314859e-01
5.739404311156536681e-02 -2.578917775596335435e-03 -9.983482838520372216e-01
5.644284491309474461e-02 -2.769437791641246073e-03 -9.984020023759054840e-01
5.542473278098820205e-02 -2.955838241017613981e-03 -9.984585043436988716e-01
5.434119976571238908e-02 -3.137901728106193191e-03 -9.985175063386287908e-01
5.319381504416043766e-02 -3.315416876842937951e-03 -9.985787144437633378e-01
5.198422186359829417e-02 -3.488178573522505294e-03 -9.986418257713625124e-01
5.071413539799694836e-02 -3.655988202714582740e-03 -9.987065300266835255e-01
4.938534051788401325e-02 -3.818653875977474563e-03 -9.987725110983690646e-01
4.799968947501948718e-02 -3.975990653044618808e-03 -9.988394486674334605e-01
4.655909950338846942e-02 -4.127820755152291320e-03 -9.989070198268055201e-01
4.506555033820729833e-02 -4.273973770170825040e-03 -9.989749007033694728e-01
4.352108165485707447e-02 -4.414286849197490009e-03 -9.990427680744652372e-01
4.192779042988813848e-02 -4.548604894266816343e-03 -9.991103009708692806e-01
4.028782822647887507e-02 -4.676780736833833704e-03 -9.991771822583775942e-01
3.860339840697987746e-02 -4.798675306687460659e-03 -9.992431001902485344e-01
3.687675327542818543e-02 -4.914157790955335676e-03 -9.993077499229420235e-01
3.511019115317318140e-02 -5.023105782867676866e-03 -9.993708349878021036e-01
3.330605339101386231e-02 -5.125405419956444164e-03 -9.994320687115841872e-01
3.146672132150368784e-02 -5.220951511377126125e-03 -9.994911755790124586e-01
2.959461315533206197e-02 -5.309647654053898519e-03 -9.995478925308736162e-01
2.769218082593772126e-02 -5.391406337364672285e-03 -9.996019701915075384e-01
2.576190678674695339e-02 -5.466149036100611223e-03 -9.996531740199386951e-01
2.380630076565594735e-02 -5.533806291454991706e-03 -9.997012853793070253e-01
2.182789648158961829e-02 -5.594317779818652921e-03 -9.997461025196953122e-01
1.982924832816662999e-02 -5.647632369183675470e-03 -9.997874414699163825e-01
1.781292802968022226e-02 -5.693708162983147393e-03 -9.998251368343102907e-01
1.578152127476486685e-02 -5.732512531222757994e-03 -9.998590424911069086e-01
1.373762433325807254e-02 -5.764022128789332219e-03 -9.998890321894328137e-01
1.168384066188344304e-02 -5.788222900852080417e-03 -9.999150000425781615e-01
9.622777504474063978e-03 -5.805110075304060341e-03 -9.999368609156848997e-01
7.557042492523448167e-03 -5.814688142223889064e-03 -9.999545507065739081e-01
5.489240251893861069e-03 -5.816970820370923403e-03 -9.999680265189858641e-01
3.421969021528372800e-03 -5.811981010760627550e-03 -9.999772667280718563e-01
1.357817290003137268e-03 -5.799750737400482040e-03 -9.999822709385266517e-01
-7.006395442797860341e-04 -5.780321075300275287e-03 -9.999830598363115275e-01
-2.750842483521006958e-03 -5.753742065903726111e-03 -9.999796749354555869e-01
-4.790252205923580323e-03 -5.720072620120883120e-03 -9.999721782219602728e-01
-6.816352300526491194e-03 -5.679380409172365626e-03 -9.999606516973469361e-01
-8.826652456070890190e-03 -5.631741743487080065e-03 -9.999451968248910250e-01
-1.081869159865736507e-02 -5.577241439924299389e-03 -9.999259338820651877e-01
-1.279004097313295868e-02 -5.515972677618778859e-03 -9.999030012231731046e-01
-1.473830716334681087e-02 -5.448036842773701371e-03 -9.998765544565884067e-01
-1.666113504663131392e-02 -5.373543362750522918e-03 -9.998467655414189359e-01
-1.855621067809969799e-02 -5.292609529827119012e-03 -9.998138218087924134e-01
-2.042126410059903405e-02 -5.205360315015863243e-03 -9.997779249133056378e-01
-2.225407207641744156e-02 -5.111928172351303326e-03 -9.997392897204906426e-01
-2.405246073711391971e-02 -5.012452834072900730e-03 -9.996981431364303505e-01
-2.594621030411364132e-02 -5.609372371404047763e-03 -9.996476139521552895e-01
-2.818217532983360862e-02 -6.899365652066868568e-03 -9.995790047787321830e-01
-3.100577437271511208e-02 -8.878209415941111168e-03 -9.994797859714011912e-01
-3.466059389162031573e-02 -1.154074682459273714e-02 -9.993325161824021530e-01
-3.938792334615016932e-02 -1.488083868124328094e-02 -9.991131948452802725e-01
-4.516284066463038122e-02 -1.748775937068650088e-02 -9.988265717658559861e-01
-5.172395394772883598e-02 -1.936113136315051331e-02 -9.984737371793648286e-01
-5.881004398364460956e-02 -2.050164545397404475e-02 -9.980586586411758221e-01
-6.616057585128962137e-02 -2.091104997756711159e-02 -9.975898611548756900e-01
-7.351620685542059608e-02 -2.059212365529358366e-02 -9.970814192528847375e-01
-8.061926238879912887e-02 -1.954862706184211374e-02 -9.965532652308550787e-01
-8.721414568140276047e-02 -1.778523146239864572e-02 -9.960308242763130648e-01
-9.304764821466082747e-02 -1.530742749853418114e-02 -9.955439931236891304e-01
-9.786913458690925383e-02 -1.212141977205410080e-02 -9.951254835430315415e-01
-1.014305884036770383e-01 -8.234016694917113688e-03 -9.948085549657826876e-01
-1.036171140576877259e-01 -4.351353068815106903e-03 -9.946077537537062474e-01
-1.044320202372657075e-01 -4.777471777849414368e-04 -9.945319248360643405e-01
-1.038796279709889581e-01 3.382538930156394220e-03 -9.945841373179481471e-01
-1.019652349465776792e-01 7.225276803261964850e-03 -9.947617360314465751e-01
-9.869512902624608119e-02 1.104624923367994796e-02 -9.950564192819985054e-01
-9.420738913162095274e-02 1.414203579255150431e-02 -9.954521569166946415e-01
-8.875769507989927920e-02 1.651109938439577346e-02 -9.959164028793050516e-01
-8.260243403205787260e-02 1.815256224764211918e-02 -9.964172564533703147e-01
-7.599862925944143865e-02 1.906630190618675835e-02 -9.969256297166233516e-01
-6.920373720109924964e-02 1.925304152735480417e-02 -9.974167583698694273e-01
-6.247532814246284372e-02 1.871442592741119973e-02 -9.978710489342813572e-01
-5.607067716274054259e-02 1.745307801353940605e-02 -9.982742587931274780e-01
-5.024629714236339417e-02 1.547263410457853407e-02 -9.986170104685613280e-01
-4.525744452153968728e-02 1.277776022830189387e-02 -9.988936473879739264e-01
-4.135762123923974326e-02 9.374155040070310252e-03 -9.991004446681274187e-01
-3.853453649204613418e-02 6.672437543633577203e-03 -9.992350044881774807e-01
-3.653905715866430370e-02 4.673809602534505919e-03 -9.993213091453768682e-01
-3.512155388467136374e-02 3.378443406977220224e-03 -9.993773504891899639e-01
-3.403237883804716146e-02 2.785544356007391142e-03 -9.994168619873707859e-01
-3.302226822679423662e-02 2.893398271012884593e-03 -9.994504410630943303e-01
-3.210639836521297918e-02 2.295112613260003737e-03 -9.994818346178799828e-01
-3.153511807769644043e-02 9.939263328969884150e-04 -9.995021633491218971e-01
-3.155746977665366965e-02 -1.006022936210081110e-03 -9.995014458133375523e-01
-3.242082351756318120e-02 -3.699676724856361398e-03 -9.994674726643769658e-01
-3.437046737996685836e-02 -7.081025004698733062e-03 -9.993840886657536782e-01
-3.738553973125224861e-02 -9.739012966132156932e-03 -9.992534713112284361e-01
-4.120852815624124338e-02 -1.167298847902414199e-02 -9.990823918106832568e-01
-4.558191585235453480e-02 -1.288330857431344879e-02 -9.988775382938644976e-01
-5.024861507663028193e-02 -1.337131660005894465e-02 -9.986472409324129718e-01
-5.495238104258805961e-02 -1.313931436832616907e-02 -9.984025347841424258e-01
-5.943819559753830278e-02 -1.219052406641259710e-02 -9.981575623075872317e-01
-6.345260358908527687e-02 -1.052903815382218514e-02 -9.979293229190530079e-01
-6.674398444301042621e-02 -8.159758904785560304e-03 -9.977367818785745079e-01
-6.906274695037289968e-02 -5.088332583066143208e-03 -9.975993549098786106e-01
-7.016144629878444394e-02 -1.321086358528016265e-03 -9.975347880633325115e-01
-7.005753026451712329e-02 1.733417429325582581e-03 -9.975414603318958351e-01
-6.900398608948606072e-02 4.074126613708577843e-03 -9.976080788008502287e-01
-6.725389887514397758e-02 5.700719116188268133e-03 -9.977196211722606511e-01
-6.506031708552108273e-02 6.613634864384392367e-03 -9.978594302847361153e-01
-6.267606938112377235e-02 6.814117622299005472e-03 -9.980106741768588474e-01
-6.009054479298930884e-02 7.706619025653600394e-03 -9.981631941455129109e-01
-5.705867749872292616e-02 9.287768970206536703e-03 -9.983276378481146240e-01
-5.333659407945343101e-02 1.155338562215353464e-02 -9.985097671349504322e-01
-4.868188442053151405e-02 1.449848876295310209e-02 -9.987091149983727822e-01
-4.285389397704683634e-02 1.811728896699441732e-02 -9.989170819512759314e-01
