-2.956537641342820155e+00
-1.904049875890276411e+01
-1.969888272363203630e+00
-7.581727619710114219e+00
-2.368864799146760181e+00
-5.071655437618096229e+00
2.104413378151320568e+00
-3.611665568328215059e+00
-1.299996100546117139e+00
-1.012405015035402034e+00
-5.408067198503459849e+00
-1.878124356778092752e+00
1.063978467377355797e+00
-8.024110609866506039e+00
-2.609484126723472297e+00
-2.664394866097987702e+00
-2.954684561849903357e+00
-4.576170050261504585e+00
-4.528958378668210827e+00
-4.157691598370147013e+00
-5.116194447139453594e+00
-7.097966198552442485e+00
9.240323383016059822e+00
7.986433394026425603e+00
8.870155737547230856e+00
1.548979010757063612e+01
-1.181324092679150617e+00
-4.879303988982372609e+00
1.959142505806305579e+01
3.104604152467860700e+00
3.185435294824128238e+00
3.418900949104298981e+00
1.993517964194235859e+01
6.646809008417701392e+00
1.172376012563073822e+01
7.023236846651306209e+00
-5.321946493767550912e-01
1.172910121594469324e+01
1.517686685767371735e+01
8.274879338292462805e+00
5.830131312386837905e+00
1.418491943136365485e+01
4.316830616461948722e+01
3.510665237311339837e+00
8.922333959812394966e+00
2.698990995063399367e+01
6.610800599688349166e+01
2.147503307749352430e+01
7.094057520082253632e+01
3.950453904070506894e+01
3.371671893980266788e+01
4.360598712353642981e+01
2.114241541431670512e+01
1.786999054086707872e+01
4.302264469393892199e+01
4.242327749486500466e+01
9.854253068979770092e+01
3.585012513397369815e+01
1.071557051580417266e+02
3.719890783395904066e+01
8.749165372001704100e+01
1.138538411262861700e+02
1.844557622153597833e+02
1.857329057272556838e+02
1.839505514006373801e+02
1.710844337226784830e+02
1.794389624006890642e+02
1.340877709735997030e+02
2.992501404346875393e+00
1.860243153144061807e+02
1.647341060609902570e+02
1.850869524712828706e+02
1.771672550034182620e+02
1.862355063094846628e+02
1.378309812824460607e+02
1.853994651411177301e+02
1.594606121903511280e+02
1.848393534594171115e+02
1.859340809842387614e+02
1.281955935230156172e+02
1.850873208735333719e+02
9.091683497587563068e+01
1.827217676261254269e+02
1.793615102771031502e+02
1.851183009549653775e+02
1.835623353330845760e+02
1.840895509733924769e+02
1.846088573277654348e+02
1.816807981743200457e+02
1.829699443990188570e+02
1.801209235798507393e+02
1.840041351404680370e+02
1.634094019866356575e+02
1.743139862365728732e+02
1.526420707640006356e+02
1.846814718754732780e+02
5.326560847843690993e+01
1.836711482713384100e+02
1.699676830795643809e+02
1.839982430010410042e+02
1.830517196934967217e+02
1.755291103552509355e+02
1.806745445607248541e+02
1.770551133065125384e+02
1.492692149262488215e+02
1.828086482806186268e+02
1.831284138367380763e+02
1.804833758960120065e+02
1.837288482662272315e+02
1.825842827293548396e+02
1.828028244775703968e+02
1.818801940990871344e+02
1.803235567941408135e+02
1.810595907432583545e+02
1.841184427676250550e+02
1.832242926483540941e+02
1.795146819097892603e+02
1.817823881663514385e+02
1.806014580071880573e+02
1.820101532904144790e+02
1.836940474045901510e+02
1.755377352572275811e+02
1.813605171683905439e+02
1.785005164315228967e+02
1.802023308182986909e+02
1.771043331787148531e+02
1.807445128290697198e+02
1.810015208088675251e+02
1.802083140562984624e+02
1.822724459753830786e+02
1.796278224943967814e+02
1.548351548645413231e+02
1.779896733434715372e+02
1.726199330461894590e+02
1.772495505577219035e+02
1.804568061202374167e+02
1.750503203839385549e+02
1.818521536407984058e+02
1.819233624426328504e+02
1.802578911576090093e+02
1.823860265482262548e+02
1.753549135923066160e+02
1.787483613610734210e+02
1.814153519250319846e+02
1.817580987593792941e+02
1.830029489634977722e+02
1.807308348424323299e+02
1.818287756540630937e+02
1.786869834484886894e+02
1.788844005797408556e+02
1.812986509713723819e+02
1.781142344727820159e+02
1.651397821780732329e+02
1.818065612170470899e+02
1.803082987576171661e+02
1.809798882238369799e+02
1.826892062342621728e+02
1.826328806594432592e+02
1.783044106109329334e+02
1.733406408518358433e+02
1.752412634146872676e+02
1.845385851459718367e+02
1.559891030874576359e+02
1.813425637889752693e+02
1.589459002457667225e+02
1.820350730365956622e+02
1.852996834738623591e+02
1.793300984615265179e+02
1.834740955579290755e+02
1.698161845023400929e+02
1.828255726619231041e+02
1.848299952505530541e+02
1.483081442190884331e+02
1.821373928511513896e+02
1.849716701560076331e+02
1.840510257817411457e+02
1.837681421286017098e+02
1.785671533286271142e+02
1.627857455542394405e+02
1.858622537422830590e+02
1.849122982932218804e+02
1.818937699734091211e+02
1.807651059662600517e+02
1.839233967989436280e+02
1.848069533644450928e+02
1.817419214073798628e+02
1.848360480142861491e+02
1.848424225910357848e+02
1.842912244924491461e+02
1.818803815064386811e+02
1.859016575870437862e+02
1.841192931081747588e+02
1.855576641365364594e+02
1.558143730134995906e+02
1.740527456817163170e+02
1.830478706912867324e+02
1.848431344585150953e+02
1.843056419345741972e+02
1.816677665051188626e+02
1.855484703765776828e+02
1.634138550251037998e+02
1.828388290914149650e+02
1.834933420063816811e+02
1.854203179065473819e+02
1.841785753110311816e+02
1.830095688574857888e+02
1.807976922497861665e+02
1.653943255881460459e+02
1.792885233010584045e+02
1.807935222393087429e+02
1.835863832801804563e+02
1.848909125263511442e+02
-1.556567620702338894e+00
1.830040998679647259e+02
1.847523807970058272e+02
1.830564182038681054e+02
1.560091216448571743e+02
1.795579871438987709e+02
1.785575526145528897e+02
1.818770185318771553e+02
1.846693876431752130e+02
1.838321732460222790e+02
1.603019267304653113e+02
1.682860515222091635e+02
1.809856715346073486e+02
1.744602948040987371e+02
1.840006445142812481e+02
1.813298924154814529e+02
1.857152757029425345e+02
1.803287561185716754e+02
1.824141212151262152e+02
1.827519566835522085e+02
1.660820257728794616e+02
1.859757534942298491e+02
1.830557491396539262e+02
1.790207464188029007e+02
1.847452573058333201e+02
1.840569321659583863e+02
1.754483726155168313e+02
1.851531516455514463e+02
1.859455250749813331e+02
1.804245457274730313e+02
1.847187961672027825e+02
1.737470563194448232e+02
1.842446984525950029e+02
1.825103182650402118e+02
1.855603094073450734e+02
1.835535821813307393e+02
1.836293892729739810e+02
1.849733372176554838e+02
1.849904975401504430e+02
1.856093169653360064e+02
1.840747433779510231e+02
1.825691763397300917e+02
1.851822288158791139e+02
1.820043796932117743e+02
1.818208380124331995e+02
1.839429808877937376e+02
1.854321015931717511e+02
1.854363869017746822e+02
1.854293709186882495e+02
1.832495526982084471e+02
1.852168226746438506e+02
1.857365944298657041e+02
1.857471170335947193e+02
1.682483883849448603e+02
1.786685424524951600e+02
1.843769724383949438e+02
1.791903748038861863e+02
1.787442598802963687e+02
1.817465688997965287e+02
1.620555157454649873e+02
1.848968552612482483e+02
1.850544028196216289e+02
1.823343870356839318e+02
1.862146534071592896e+02
1.859467857262540349e+02
1.816309972365966701e+02
1.857870162121320732e+02
1.858834800897346895e+02
1.804253600002420228e+02
1.648736936891127129e+02
1.820762023897254949e+02
1.657668167986583683e+02
1.790727043586105935e+02
1.798781879098562513e+02
1.856152811687366295e+02
1.852340685233004649e+02
1.819114644036266100e+02
1.761364338200623649e+02
1.848376631561497732e+02
1.814438481598263309e+02
1.672221627746280603e+02
1.854484243756062654e+02
1.827243125938429671e+02
1.844158130146660710e+02
1.816502873221751884e+02
1.825580614375616904e+02
1.852500323194347516e+02
1.841172576114020671e+02
1.847083927845926326e+02
1.614299943589770976e+02
1.784831804372413728e+02
1.823716610341365651e+02
1.855280106914371459e+02
1.432156081638559613e+02
1.819139969542552535e+02
1.697460002675464068e+02
1.814584895136402167e+02
1.832132542554055874e+02
1.834651734278123172e+02
1.846011484673497307e+02
1.810949951373203817e+02
1.850742557362796674e+02
1.853054791002995501e+02
1.709247614973425016e+02
1.839934314394260184e+02
1.714264785489812084e+02
1.821836616967393070e+02
1.840096362783210964e+02
1.840509249795006781e+02
1.856348232068782522e+02
1.844517541917967094e+02
1.823098744714925203e+02
1.735554774081753351e+02
1.848434977493128599e+02
1.844362824530553553e+02
1.816382850433705869e+02
1.810138961536956117e+02
1.796647543613514415e+02
1.398764246733715311e+02
1.743661859346909466e+02
1.841796060195424332e+02
1.827539566912582529e+02
1.606609205713272388e+02
1.847459703542351122e+02
1.790393835436995573e+02
1.299557264070246845e+02
1.830921877142206995e+02
1.800603442766192188e+02
1.804048662096681142e+02
1.613074793385101202e+02
1.595849450536834979e+02
1.824081593402356702e+02
1.833372721255625208e+02
1.801394258873892511e+02
1.854922721249762674e+02
1.811796124699745576e+02
1.638715640558216649e+02
1.832245134268583513e+02
1.847541102500316867e+02
1.846489483109598098e+02
1.818478077515896416e+02
1.838609935791307066e+02
1.829109552544144606e+02
1.660424166535958079e+02
1.834987202778422670e+02
1.710005820703500206e+02
1.795935343518568743e+02
1.813301803620563533e+02
1.815966795230665696e+02
1.814546973006317216e+02
1.826831532048195754e+02
1.856383921334628155e+02
1.829534000266869782e+02
1.718977838261099862e+02
1.844429958788095689e+02
1.830996545541918010e+02
1.846849940482517809e+02
1.858824911977451109e+02
1.847397682296123378e+02
1.837884894736480987e+02
1.842210479859744510e+02
1.834740719777997811e+02
1.856585298887621036e+02
1.851379236939243924e+02
1.834615627825235151e+02
1.821756305248267438e+02
1.840666090894198135e+02
1.847596274388955067e+02
1.840269628223728375e+02
1.845001457050624367e+02
1.830946239171257730e+02
1.835576432723608491e+02
1.858231366634558128e+02
1.845827010380846502e+02
1.827596102487140115e+02
1.819514795819659696e+02
1.769257528906479422e+02
1.842438592008174112e+02
1.785072239094899373e+02
1.829458194404420794e+02
1.853228782603827653e+02
1.851229602127055500e+02
1.847654841402808756e+02
1.858158567826974661e+02
1.785325802573218255e+02
1.853153500845111239e+02
1.808028234400266854e+02
1.856938331863969438e+02
1.853037269844284936e+02
1.710946002412670452e+02
1.781529332656112672e+02
1.842981075898454719e+02
1.860185076013922583e+02
1.812558904475125701e+02
1.710551992879847205e+02
1.838339059504755824e+02
1.835811607038345414e+02
1.828754847527366962e+02
1.837885741060959504e+02
1.858323165076126600e+02
1.833841425036144415e+02
1.565082558953149032e+02
1.849499254441408027e+02
1.803892707832411020e+02
1.841917651375761125e+02
1.857905287770928453e+02
1.838527936679165862e+02
1.828507595128273238e+02
1.805115012832482648e+02
1.809294366755811723e+02
1.855360728738147031e+02
1.811013878176960930e+02
1.846874211145218112e+02
1.821304635665355534e+02
1.622213668866163516e+02
1.851291531095335756e+02
1.764463145884735695e+02
1.835769378161192549e+02
1.859391322353031910e+02
1.813665824457968938e+02
1.823849599811422877e+02
1.434592747817126792e+02
1.860787638620431039e+02
1.857414654741472759e+02
1.852544544434029206e+02
1.785185233516994856e+02
1.854145547508968548e+02
1.863053603486571603e+02
1.801158687198696100e+02
1.807440658095320032e+02
1.824690852945231256e+02
1.847537749224738377e+02
1.842562511543474102e+02
1.845055119267551333e+02
1.804638455347086961e+02
1.500392572804234987e+02
1.803352187862125788e+02
1.775168075531604188e+02
1.829301720731290004e+02
1.809890965865810983e+02
1.710818955418372695e+02
1.826935894152191224e+02
1.809877834264122498e+02
1.842052506840837509e+02
1.829187848086985468e+02
1.821469834700525041e+02
1.793274356094538575e+02
1.833468654490018821e+02
1.800386053336998202e+02
1.232604756539744670e+02
1.787296495867414308e+02
1.801093448304165463e+02
1.849068753915867376e+02
1.858398197208499596e+02
1.765542843683875560e+02
1.851815858796863097e+02
1.861984023078468624e+02
1.809033048354262689e+02
1.833990958874670412e+02
1.833213713899483253e+02
1.829845615145696058e+02
1.853854016595483358e+02
1.850029105999990975e+02
1.831908100686871705e+02
1.812529862939387897e+02
1.859580578569196518e+02
1.780360575960667688e+02
1.855656544916929818e+02
1.813824438554317169e+02
1.839140204087834718e+02
1.739455176923746365e+02
1.860483952056480348e+02
1.857498047037353501e+02
1.800812384941668540e+02
1.841362022292170195e+02
1.611723025599705750e+02
1.847491297239281209e+02
1.845209749301470197e+02
1.847336828654794942e+02
1.826440565587561764e+02
1.838452978338932269e+02
1.746312022160263950e+02
1.854205607646028113e+02
1.844551482456279530e+02
1.814862174401183665e+02
1.753723173405731472e+02
1.837448070808121372e+02
1.829893338079975251e+02
1.856739376929098171e+02
1.804921148027649735e+02
-1.516106474040141983e+00
1.804828645469459616e+02
1.806662619117074371e+02
1.813640334215571102e+02
1.788626003007237841e+02
1.817946039786508550e+02
1.808101102862469816e+02
1.747663871762897543e+02
1.760142681555512638e+02
1.773092844287691037e+02
1.505001969860248892e+02
1.790149755452242459e+02
1.804889247885504631e+02
1.782624277725463458e+02
1.779650724879984693e+02
3.723233929103711426e-01
1.792146669985871199e+02
1.817180234060768100e+02
1.817408212437370025e+02
3.184358950576346436e-01
1.834104771112511116e+02
1.791518215941894994e+02
1.796922266231700860e+02
-3.966615463492878746e+00
1.784236633676054566e+02
1.802704836866703886e+02
1.846478449994606592e+02
1.808307568667390512e+02
1.797660585809017562e+02
1.836876897979578018e+02
1.839887657460840842e+02
1.823578058332075216e+02
-1.483938443169483090e+00
1.858749410827170436e+02
1.761602518515074962e+02
1.836932050823149893e+02
1.773501511804746542e+02
1.858236741473070879e+02
1.808846398949358161e+02
1.825929703231473127e+02
1.825794244706757752e+02
1.779366875884388435e+02
1.837537553410744806e+02
1.847243694877126075e+02
1.827648954658765490e+02
1.819815937173086695e+02
1.820566818688601245e+02
1.838818480494390997e+02
1.846653659710781312e+02
1.851598996720362038e+02
1.769773526385708635e+02
1.840619251782093500e+02
1.845109987023144527e+02
1.638860944057112192e+02
1.855079914832775216e+02
1.852020173706723938e+02
1.786838908004186521e+02
1.829880712843666402e+02
1.814505732029029446e+02
1.829016863555278007e+02
1.769770460240162322e+02
1.118636998139986183e+00
1.826468787876486033e+02
1.839725195227542542e+02
1.831882854368028859e+02
1.854168520602814851e+02
1.852257955822135784e+02
1.835717233467021003e+02
1.832241069491460337e+02
1.827021777448842101e+02
1.838113128248698729e+02
1.847246255630407177e+02
1.809855718963843287e+02
1.855216814300215162e+02
1.811685021646184737e+02
1.855179771555645800e+02
1.817578795148694724e+02
1.825890848232122892e+02
1.857161549869937858e+02
1.840217969716138668e+02
1.800630844554988244e+02
1.851645613888488526e+02
1.836998829723903555e+02
1.835861338066026178e+02
1.848568108586821666e+02
1.844407756370275990e+02
1.767981767958009982e+02
1.838476400347985873e+02
1.839844888336224642e+02
1.843888455825828032e+02
1.820607760926150149e+02
1.841147058132028178e+02
1.850072551488104580e+02
1.854286032438375003e+02
1.841067647079142660e+02
1.732733332221203284e+02
1.844546430817888165e+02
1.831282414344815948e+02
1.833310652559169682e+02
1.822649195982220931e+02
1.847500353084301423e+02
1.855925483955329582e+02
1.848837627901555436e+02
1.802065277869499766e+02
1.825127968046152773e+02
1.834980793925945477e+02
1.530539299532520658e+02
1.840047000337834504e+02
1.770814654171762470e+02
1.851740975720593099e+02
1.832078925612087232e+02
1.830857994666266393e+02
1.835318574481935059e+02
1.851257935231951706e+02
1.850351157615148736e+02
1.553366904791403442e+02
1.852958968826169155e+02
1.848211627128611099e+02
1.843175141657652603e+02
1.802970087186962473e+02
1.832213336759276672e+02
1.839884962264889054e+02
1.821103741132253617e+02
1.831747838940663087e+02
1.548177761328897759e+02
1.845972991346954473e+02
1.683181653999841956e+02
1.824039090519848401e+02
1.818157703557849061e+02
1.744331140759747711e+02
1.810371671162350538e+02
1.847886788204142761e+02
1.799898220320083340e+02
1.839936123918191413e+02
1.687378657436572382e+02
1.505245305815074914e+02
1.828893059070765617e+02
1.830779037070595336e+02
1.753556548779563684e+02
1.825755014229562221e+02
1.837508983255278281e+02
1.780885738162686209e+02
1.832676360036314520e+02
1.852261501107756487e+02
1.784159596296086079e+02
1.800502649388016607e+02
1.808919399120339619e+02
1.855134234164247573e+02
1.786343279744690165e+02
1.851118075168003259e+02
1.826458735344903630e+02
1.818968899918777424e+02
1.825992407292588098e+02
1.854112278545889865e+02
1.794648789714480301e+02
1.759382272157663465e+02
1.726123511812764946e+02
1.847631293073065706e+02
1.756825428275501508e+02
1.819758589455165634e+02
1.795090993342255388e+02
1.856699714488347013e+02
1.322476628857458252e+02
1.826249046903471367e+02
1.802418147393364052e+02
1.549831758583760006e+02
1.841940601348885309e+02
1.829356523707428153e+02
1.818545343096683666e+02
1.850985432822789107e+02
1.853689254124815591e+02
1.791861986240060958e+02
1.847918985968781271e+02
1.855143433389041832e+02
1.760839588340901400e+02
1.834062182090575845e+02
1.711622322332171109e+02
1.764284815259380252e+02
1.777806708585152080e+02
1.801133195521045707e+02
1.781979135519044917e+02
1.649278718884384887e+02
1.841198856576666003e+02
1.825713500032357786e+02
1.796326771465080583e+02
1.624753332755338988e+02
1.830453269712202484e+02
1.782181790752400445e+02
1.621881997087787397e+02
1.816540418654145981e+02
1.812878344262616395e+02
1.823862191301127211e+02
1.804305470383312979e+02
1.735943770785934532e+02
1.800386380454272910e+02
1.766377624762608036e+02
1.827152047281281568e+02
1.833474911273344787e+02
1.821428413334282084e+02
1.806170646571014231e+02
1.779747350718395467e+02
1.698369371136522545e+02
1.837521686743687894e+02
1.636499357832306885e+02
1.834221836145502209e+02
1.662172361886430565e+02
1.656993347349575174e+02
1.766748087729808105e+02
1.810562991235319146e+02
1.827675611047462496e+02
1.716522740383239523e+02
1.843106867414012981e+02
1.816083069626776876e+02
1.788646960919761000e+02
1.821416710768523615e+02
1.779174231090440514e+02
1.785743754705316064e+02
1.781485360539300018e+02
1.811244315385107768e+02
1.796548723658828237e+02
1.849305046378185864e+02
1.559166562372836609e+02
1.668429365339592323e+02
1.834201998827382170e+02
1.836801746764709833e+02
1.727381852041289960e+02
1.771524342426186251e+02
1.796506748911430407e+02
1.816759846528360640e+02
1.795687376028481879e+02
1.816205439195225608e+02
1.843259618071324724e+02
1.548665647400016496e+02
1.833079715691362992e+02
1.823571697295345189e+02
1.847775652419390156e+02
1.656262168003298143e+02
1.794223253834233276e+02
1.835063620022112900e+02
1.832979503158630621e+02
1.823600402143698034e+02
1.790962032126020915e+02
1.855590160555457544e+02
1.562726952185411449e+02
1.805588844724277919e+02
1.530029439757534533e+02
1.809341497111564934e+02
1.549847377766222962e+02
1.827249500055145859e+02
1.817307496442486183e+02
1.547815032244081124e+02
1.687426561836392409e+02
1.848184512374036785e+02
1.114328436150913859e+02
1.653727032206145680e+02
1.619887998296822502e+02
1.824705985423394736e+02
1.824000669483705508e+02
1.847635192807172473e+02
1.763924372947996915e+02
1.800561978934092622e+02
1.811801216245508215e+02
1.802089396887770931e+02
1.824439366847323356e+02
1.816698171543105502e+02
1.622023783435960524e+02
1.532766595918429005e+02
1.830621448902299448e+02
1.831153629149790163e+02
1.813905836052234122e+02
1.631687434608291767e+02
1.814491749038640478e+02
1.801545506178833591e+02
1.662560347282171165e+02
1.507508103803810968e+02
1.770974865942271492e+02
1.672358784972593924e+02
1.657327310430353577e+02
1.810053601178368865e+02
1.762462755038382056e+02
1.680688222699851622e+02
1.842956619796752022e+02
1.824925123554966149e+02
1.834929642593867811e+02
1.785154597828471310e+02
1.826083428598733747e+02
1.782240914456659482e+02
1.849200896510631367e+02
1.836379686019283781e+02
1.655758866426027112e+02
1.837527754007145973e+02
1.810131206478308741e+02
1.843706138898475899e+02
1.808903520393094766e+02
1.855154661014740327e+02
1.627646845837710430e+02
1.847691207346572924e+02
1.823977763942204433e+02
1.778952988589176414e+02
1.375779224540489167e+02
1.837842477302399971e+02
1.857455653183404820e+02
1.772329576104240800e+02
1.853171458636298325e+02
1.825295208361286541e+02
1.820958463400241385e+02
1.614178358032071685e+02
1.859915766319658985e+02
1.799323009901094110e+02
1.832754045998551931e+02
1.811498698309788153e+02
1.766997460621444418e+02
1.770378279355889788e+02
1.838193865109790579e+02
1.822437874114643535e+02
1.746265712066146989e+02
1.826192487542554659e+02
1.771151872668272347e+02
1.829678806347881448e+02
1.815093915874162747e+02
1.814868886690018144e+02
1.781399969920693991e+02
1.663314053342583918e+02
1.710810915932214584e+02
1.835123321529406439e+02
1.846117521495285985e+02
1.797475154018796957e+02
1.857186561521909312e+02
1.796444543423162088e+02
1.839458738694861779e+02
1.841386945913447448e+02
1.852743124242381896e+02
1.718082295429087765e+02
1.625581122438636896e+02
1.837910769133419251e+02
1.504695907350786399e+02
1.810803044864733806e+02
1.559203117275748980e+02
1.663149252431888101e+02
1.839255465039170758e+02
1.814844504377055046e+02
1.813777178471922582e+02
1.843157790580231392e+02
1.761680043019857180e+02
1.814115002591784958e+02
1.814980380525811370e+02
1.785649707017081482e+02
1.843569992662594359e+02
1.823301642662770234e+02
1.800792767403917480e+02
1.829348456647671810e+02
1.823459769767665364e+02
1.849838222846582880e+02
1.332353724937298978e+02
1.498501810412285806e+02
1.815861386614978983e+02
1.712600926287335028e+02
1.838589356349593231e+02
1.718173782299273000e+02
1.839026053754136001e+02
1.839511786194347280e+02
1.835431340502434239e+02
1.547523576962780965e+02
1.842422636030509864e+02
1.831304136868256194e+02
1.818485869890174058e+02
1.786336876690914153e+02
1.825463817505261943e+02
1.801248305209164471e+02
1.818695980221681623e+02
1.834441016259953869e+02
1.833440177363588361e+02
1.843663150585383903e+02
1.844552987671319784e+02
1.726940827885144643e+02
1.803418370908593715e+02
1.856939120928606997e+02
1.855174970027693462e+02
1.752771664064055130e+02
1.819324065904849022e+02
1.792451415550723937e+02
1.752918314495549339e+02
1.831135491718534070e+02
1.791190025872060403e+02
1.819130520397861233e+02
1.822193243049016473e+02
1.813652637737104669e+02
1.849279253796977400e+02
1.827939939931399351e+02
1.805028428600934944e+02
1.842276350249492225e+02
1.814669983081307976e+02
1.736437976522735482e+02
1.848079423643278858e+02
1.824950096634479166e+02
1.842727050899551955e+02
1.754395656202969178e+02
1.800381427744234770e+02
1.779325847814738779e+02
1.845750998862686743e+02
1.780095079740630979e+02
1.798643386970649374e+02
1.827899672137621394e+02
1.769597561857368362e+02
1.694659511920900457e+02
1.824663723674302958e+02
1.804368826960808292e+02
1.807064223136591750e+02
1.849966546094289015e+02
1.845112275624037466e+02
1.855022613301115655e+02
1.849930785183786099e+02
1.846198403655193374e+02
1.850355257993929001e+02
1.857039048443116087e+02
1.817796361279775965e+02
1.860862273070284516e+02
1.822423965922882871e+02
1.838322992292256970e+02
1.852473301368040097e+02
1.416154044205480318e+02
1.818212594002087030e+02
1.829094883451493558e+02
1.798991854473408409e+02
1.797169469154211754e+02
1.587820348903667593e+02
1.833317928955368359e+02
1.826973203807309574e+02
1.833132345854189964e+02
1.857481327566641767e+02
1.827298677348063052e+02
1.859946905541740705e+02
1.749145085368912476e+02
1.858718732637760525e+02
1.854504867787074147e+02
1.841129772388339347e+02
1.836690774495852452e+02
1.830057026850537909e+02
1.781488676426363895e+02
1.844989822648437041e+02
1.841205116770709083e+02
1.839082689890462632e+02
1.856382676335172164e+02
1.841408865634977303e+02
1.804181187554871997e+02
1.824523211813007038e+02
1.839933032224790281e+02
1.816039455454105394e+02
1.819947499441715308e+02
9.930615660324072280e+01
1.834121000979973815e+02
1.825947570254271000e+02
1.542318722833514926e+02
1.830493267378400617e+02
1.814152277438360841e+02
1.821774159095267009e+02
1.724987399331822928e+02
1.810273114124094889e+02
1.858208491809613463e+02
1.773775169371001539e+02
1.831272368007825264e+02
1.835055372970420535e+02
1.816511877791516270e+02
1.853164188332113440e+02
1.748086739848371565e+02
1.816877641024419745e+02
1.847684378535156497e+02
1.785954440373135412e+02
1.819386011138246602e+02
1.788819440195233597e+02
1.658438397838120579e+02
1.831538380786866753e+02
1.670014766801150188e+02
1.838741768356559021e+02
1.852056419225324930e+02
1.828305061943000567e+02
1.841278446025391418e+02
1.817361901584091015e+02
1.836406237529756140e+02
1.736757159323582869e+02
1.804454952926636224e+02
1.819146366540310567e+02
1.824770426655247775e+02
1.826403968921266312e+02
1.777949639557135413e+02
1.788961131914874159e+02
1.820075325380692277e+02
1.840312874543514852e+02
1.755979080992524359e+02
1.835421028481046051e+02
1.857006600086495780e+02
1.822283831548091371e+02
1.838474149597809344e+02
1.856001833940310348e+02
1.842313806420652327e+02
1.852450003109018724e+02
1.638711037371186876e+02
1.825289348149060800e+02
1.850253010445049995e+02
1.835020215948388511e+02
1.823884007699011534e+02
1.843736565593574994e+02
1.843028684813150164e+02
1.795645032280976920e+02
1.828974176961307307e+02
1.839298703619368212e+02
1.820709281721521506e+02
1.836475059798709140e+02
1.845964359777845800e+02
1.799654167965868226e+02
1.811607981203520978e+02
1.787127001665836019e+02
1.827484792967060514e+02
1.853699556214270956e+02
1.561236432275574941e+02
1.800220920686759882e+02
1.846374728653275952e+02
1.823208540006210399e+02
1.842893510056859725e+02
1.795563410393676236e+02
1.772371474041882209e+02
1.839265978484192203e+02
1.777723924463993228e+02
1.774883236062466096e+02
1.829832306110160403e+02
1.829505770734088230e+02
1.820322917243756535e+02
1.794687355452559814e+02
1.823030822685455519e+02
1.837639751825749954e+02
1.784257558543794744e+02
1.414314837827447775e+02
1.810618102126349527e+02
1.850455130615566759e+02
1.773425020114461859e+02
1.840400218458737811e+02
1.699297698486352317e+02
1.836522736687167026e+02
1.829091595044072278e+02
1.797711770896668497e+02
1.832201211787940167e+02
1.842635094106366012e+02
1.827177593750392077e+02
1.811755672187463517e+02
1.821933392105231349e+02
1.821882948248529033e+02
1.638414288647416299e+02
1.804389283089930132e+02
1.839626430443364882e+02
1.746051427165819803e+02
1.847415873270313114e+02
1.807967535840966775e+02
1.837319949983832430e+02
1.539700692611428678e+02
1.846242773500829060e+02
1.839252750611788656e+02
1.582861932624026906e+02
1.830519312918912647e+02
1.852752219552568818e+02
1.821342125167237498e+02
1.498805467610986000e+02
1.827177463707236882e+02
1.818754556168334489e+02
1.836014856857259190e+02
1.817138928878321451e+02
1.805277730175156989e+02
1.807355602945853548e+02
1.837528470048976317e+02
1.827481335554047064e+02
1.823315274802069723e+02
1.795300253071584677e+02
1.834577935953351187e+02
1.775490848608673105e+02
1.690565589379949927e+02
1.757027508611892017e+02
1.832275728357684272e+02
1.824878493849269034e+02
1.833879252149192780e+02
1.819689315041620432e+02
1.836144954294385911e+02
1.786011584928587013e+02
1.641083358782692017e+02
1.810060504713624141e+02
1.851537226152624100e+02
1.684649133874938514e+02
1.702244355110844083e+02
1.855493779173791324e+02
1.381817333965243506e+02
1.745730006204189237e+02
1.831590201456311320e+02
1.851046410511080751e+02
1.732692680042921722e+02
1.722783542448694902e+02
1.833953371368072283e+02
1.856491860708958939e+02
1.835387519252147115e+02
1.837255183014076465e+02
1.779718289848106565e+02
1.728710551344565829e+02
1.831140917014867000e+02
1.850156334773395770e+02
1.845742736861490982e+02
1.797618155172293939e+02
1.812993824178921045e+02
1.816750688205490292e+02
1.796500833001993840e+02
1.842184312731257876e+02
1.804165551110996546e+02
1.804976033987710196e+02
1.644550165035104214e+02
1.778506778109031927e+02
1.798594744785156934e+02
1.759534264378554838e+02
1.800944117597595948e+02
1.541228219832661921e+02
1.785817634362073534e+02
1.783796095860287210e+02
1.833199999852397752e+02
1.774565038261712004e+02
1.814535173179411061e+02
1.820076381756115325e+02
1.836458692840754452e+02
1.800228774370823430e+02
1.834219277344891168e+02
1.747552545131642034e+02
1.811755423875075621e+02
1.844757624080896790e+02
1.678140793640031632e+02
1.840057446221096313e+02
1.825054937556670325e+02
1.841822440624891613e+02
1.847171362852303105e+02
1.665334037791319872e+02
1.837793519458677451e+02
1.807631839673313721e+02
1.832748686206819571e+02
1.845616583261443111e+02
1.828295852933734977e+02
1.851821856011712839e+02
1.593357345613699465e+02
1.803741102054417809e+02
1.736394261529867435e+02
1.823111517707823737e+02
1.807946396584745798e+02
1.813988996829343705e+02
1.827898111980507281e+02
1.852918291364021570e+02
1.835031432772294977e+02
1.837248262313238456e+02
1.775445543114605300e+02
1.657382971193802632e+02
1.663578969959292522e+02
1.824153560369861964e+02
1.649316096871177137e+02
1.653903379131255633e+02
1.704342828997254458e+02
1.712069770818877714e+02
1.857350149459613249e+02
1.814348664149346462e+02
1.847466904049239815e+02
1.826180749267480508e+02
1.847374288088315950e+02
1.807644773130865872e+02
1.834138429046248007e+02
1.816238260210511157e+02
1.669622204346033243e+02
1.842381468357637573e+02
1.847446356891757375e+02
1.346677499631061323e+02
1.745891616614123620e+02
1.841851984175837629e+02
1.860523803953360584e+02
1.850691404782425877e+02
1.807839550392547778e+02
1.849307716948739824e+02
1.832162254979837144e+02
1.791302289771273024e+02
1.810330787474197791e+02
1.845517348839385647e+02
1.630409574448327987e+02
1.777145343441230523e+02
1.833385280192829043e+02
1.573839374712342760e+02
1.757594265132205464e+02
1.844039644156031272e+02
1.837191538558920740e+02
1.531614722242504172e+02
1.826682047361541379e+02
1.831094702981152693e+02
1.438483210251909554e+02
1.805349960616566136e+02
1.790611684413548517e+02
1.787940279213279950e+02
1.846265600087369307e+02
1.854401624778737983e+02
1.839409234152875570e+02
1.840617587683905185e+02
1.818421208165538872e+02
1.841356393575015034e+02
1.781871095242532590e+02
1.782911677781897879e+02
1.716417666307527270e+02
1.812767235107031922e+02
1.769504733978215540e+02
1.822598076835932375e+02
1.740611394004007764e+02
1.597682402638184556e+02
1.837640779982122297e+02
1.796089499941300858e+02
1.799407125142277550e+02
1.830835962965619501e+02
1.818664962798371221e+02
1.770713043718982931e+02
1.791695186833443358e+02
1.836075028598328629e+02
1.831218240128917785e+02
1.819503650012181879e+02
1.813075787139902673e+02
1.717570661117675002e+02
1.822687315033296613e+02
1.796007458294037065e+02
1.828055399229611737e+02
1.805027766959638313e+02
1.842416481082026394e+02
1.812564236988957589e+02
1.836563627124038476e+02
1.787990600133320527e+02
1.829948837136129782e+02
1.800869848584254100e+02
1.817361663221909964e+02
1.818736782215103176e+02
1.745900047118049088e+02
1.816103057096326836e+02
1.749168943662036213e+02
1.840670531985392415e+02
1.850003560324614114e+02
1.782115133341848718e+02
1.828186766310511473e+02
1.823364300155283217e+02
1.844845572352005263e+02
1.676995878475782149e+02
1.804615795489126526e+02
1.751279798942664172e+02
1.832147521448782470e+02
1.853680981088616022e+02
1.824341415743295443e+02
1.848144055881551253e+02
1.857364146248665406e+02
1.836719611657027542e+02
1.773646106411404446e+02
1.823801097991938036e+02
1.771087927366149870e+02
1.687011345910380555e+02
1.813888245843302229e+02
1.852440572994374293e+02
1.830505496914547621e+02
1.858238451129171835e+02
1.796860846215916183e+02
1.834209702711978878e+02
1.827180687201942533e+02
1.778867151152095687e+02
1.831802253041652193e+02
1.852124077128362103e+02
1.836386559738193114e+02
1.822719795224508346e+02
1.819178007330800995e+02
1.855624004032260075e+02
1.851600094568044312e+02
1.830360333252847340e+02
1.852551345057186722e+02
1.819570554299270384e+02
1.851662597297952288e+02
1.848628071865929599e+02
1.852332771901035073e+02
1.852656168034852158e+02
1.814347182322369747e+02
1.800007993323200708e+02
1.670132326964292986e+02
1.837594027118655617e+02
1.854298467297714126e+02
1.566223243179099143e+02
1.686599236738068157e+02
1.817578437292943647e+02
1.836131802743718424e+02
1.727926389777092027e+02
1.544656399628643726e+02
1.847482622871489752e+02
1.847821338034929681e+02
1.709493989842739268e+02
1.636690451004126032e+02
1.856003993929945466e+02
1.847793452352219674e+02
1.689151968672192936e+02
1.845264271278414299e+02
1.834588338940006622e+02
1.855549222398120435e+02
1.846588321668669721e+02
1.821832747941828075e+02
1.856316764232789751e+02
1.838163606885726722e+02
1.841675976645159096e+02
1.844094898875272293e+02
1.830940034636704752e+02
1.781213928705250851e+02
1.860771132114815032e+02
1.782070914229144591e+02
1.830821097802496524e+02
1.861647597609714353e+02
1.779305855670155836e+02
1.830086600916503983e+02
1.806721981528009167e+02
1.589755228101379885e+02
1.618870912058814326e+02
1.838054372635127720e+02
1.849387637469650940e+02
1.777683980182108314e+02
1.834865028446838835e+02
1.677802226634539409e+02
1.834799480814648120e+02
1.849546063342881723e+02
1.686494119501238060e+02
1.772804483251297825e+02
1.661603420408169143e+02
1.716845964746614470e+02
1.829920069205293203e+02
1.823696395124703997e+02
1.607557106571846930e+02
1.667428715143296358e+02
1.820528338973968232e+02
1.854303488954908516e+02
1.617946187593312573e+02
1.852562935577749954e+02
1.848648104487325270e+02
1.823419470636313235e+02
1.537836591407942421e+02
1.824406712762129814e+02
6.945217427920835007e+01
1.790215089393126107e+02
1.849546481443377957e+02
1.780685655192228296e+02
1.808889137268580214e+02
1.815150821459928352e+02
1.773950569866769911e+02
1.844748921792073020e+02
1.790712491344221178e+02
1.844311826806404326e+02
1.858446149636243661e+02
1.722206531234277804e+02
1.857793728137287417e+02
1.858547479019564719e+02
1.817036199912984102e+02
1.851765474495111050e+02
1.837830556404006472e+02
1.798913753620343527e+02
1.836610180336681708e+02
1.822226918251486154e+02
1.855937575890887103e+02
1.768244712369056799e+02
1.823723174650129124e+02
1.777980439838589177e+02
1.841065317217368431e+02
1.836014196822528675e+02
1.835087145722339130e+02
1.849954876518825415e+02
1.849032624437899415e+02
1.831671430769648339e+02
1.848832690071297122e+02
1.661194056833887203e+02
1.853313695549639419e+02
1.799401461823525779e+02
1.858886910589876891e+02
1.819648564074388162e+02
1.804654269430635622e+02
1.813243844014087642e+02
1.852593012707050661e+02
1.743536696373863890e+02
1.832813043133058102e+02
1.848079907284228796e+02
1.842676974078053718e+02
1.841734582662839159e+02
1.812437325219347315e+02
1.828869951226704131e+02
1.828602830362321754e+02
1.843329476654381835e+02
1.836962489602952644e+02
1.851315050602150620e+02
1.852811163585449208e+02
1.615104568467609170e+02
1.757380400691013449e+02
1.500890845681256280e+02
1.726310957743267807e+02
1.839128259800798162e+02
1.740603515154948013e+02
1.802702875612885407e+02
1.805700810406119103e+02
1.835149512700405694e+02
1.750130381719039860e+02
1.788919616014799487e+02
1.826081679105408568e+02
1.798922108708399605e+02
1.823025996699871882e+02
1.689427516996974816e+02
1.641878531700678252e+02
1.842826286625491718e+02
1.828716904298691759e+02
1.856862759225439845e+02
1.847443934163007668e+02
1.702398157491969926e+02
1.833257751081050060e+02
1.719701781400942764e+02
1.859587536627724660e+02
1.766242005871215213e+02
1.826728342114137433e+02
1.791576913522677046e+02
1.834286318000511073e+02
1.799333101772976420e+02
1.851363751255936450e+02
1.837653256877049728e+02
1.852523462216174437e+02
1.825051099387613647e+02
1.778863782253619377e+02
1.823698045065160613e+02
1.822298573703220370e+02
1.744961344315644567e+02
1.818010892730120531e+02
1.779483831522016999e+02
1.739655876189655999e+02
1.848245311481309159e+02
1.766540032297035054e+02
1.788213197322187966e+02
1.843217636006376665e+02
1.810420857896289419e+02
1.796464262916657333e+02
1.805117167216591270e+02
1.815463969114811675e+02
1.844702255617505386e+02
1.801874722087369776e+02
1.821440468670666348e+02
1.697184695434006869e+02
1.809875521072405604e+02
1.799379448908093195e+02
1.750252037637484648e+02
1.771645307495881525e+02
1.819748313196996889e+02
1.804159726694567780e+02
1.735109941756626313e+02
1.541967377368809196e+02
1.826271771857989563e+02
1.763615594179942434e+02
1.832444020383177872e+02
1.833094210738421452e+02
1.813568171338787067e+02
1.834986488936735043e+02
1.830467946124578873e+02
1.799405158580654813e+02
1.669056831510201562e+02
1.293118133307917788e+02
1.789539502352241129e+02
1.814391755648551907e+02
1.807186444147669420e+02
1.811217585079405410e+02
1.836825833894226321e+02
1.814743527061024793e+02
1.800637389094163439e+02
1.595060543004135525e+02
1.683235552693165289e+02
1.839982489986616940e+02
1.824269260619595912e+02
1.841956684767792467e+02
1.818474681878988690e+02
1.793858342593247244e+02
1.798345861630170361e+02
1.853257062649322222e+02
1.651247050817949855e+02
1.840266712599287757e+02
1.499763112890802290e+02
1.823501268351133433e+02
1.824375935034377392e+02
1.819895191071615841e+02
1.828720083779612082e+02
1.562992049545341331e+02
1.825252224242638874e+02
1.846927953019645372e+02
1.766783142021457422e+02
1.845774161980783390e+02
1.828714017623662755e+02
1.656328930725312318e+02
1.828654191608988526e+02
1.820345431005770820e+02
1.755048938137038306e+02
1.835773903623800720e+02
1.630636898663035481e+02
1.830104376152750376e+02
1.779894837265169087e+02
1.798413281096110268e+02
1.826727727695692352e+02
1.837289515637169188e+02
1.853051820457476992e+02
1.848042056346863262e+02
1.776385115565118156e+02
1.818064435874267417e+02
1.779355472821047215e+02
1.763815123798553941e+02
1.801075074965246472e+02
1.793914368965041888e+02
1.837904434895637564e+02
1.812989995209209440e+02
1.825361695635521073e+02
1.667657231031834044e+02
1.536411023498359327e+02
1.810588018321424784e+02
1.839428453399028740e+02
1.829980616346890940e+02
1.810822345606466399e+02
1.822609426300711277e+02
1.818546337635453938e+02
1.838452246989358514e+02
1.779454765038837536e+02
1.825919004107653620e+02
1.827346892530251523e+02
1.592578234231912973e+02
1.722806647376932005e+02
1.804882773666649314e+02
1.829108065460664534e+02
1.798176929211152242e+02
1.823378476594366191e+02
1.442375883561097965e+02
1.828585629457139419e+02
1.716667582392069278e+02
1.813471918202534425e+02
1.831933697099394180e+02
1.782186631465449125e+02
1.794624771089663682e+02
1.772252743240076995e+02
1.704053895607620461e+02
1.818499308135544652e+02
1.834291581317648649e+02
1.624801922064697806e+02
1.822122387374888888e+02
1.825474190677608135e+02
1.841929544727144901e+02
1.758856291575324349e+02
1.828785696677573185e+02
1.671944312470770058e+02
1.848875164602833649e+02
1.836244687840278402e+02
1.840952993293650195e+02
1.649791493695400959e+02
1.831292505025250534e+02
1.835648640608415292e+02
1.727483129726288666e+02
1.857730534381088603e+02
1.812458752426836668e+02
1.821223269385423293e+02
1.825988821673687141e+02
1.794723305369354307e+02
1.785899267291450201e+02
1.852361381236704574e+02
1.808599274324760700e+02
1.855525476470316448e+02
1.824366016810154179e+02
1.786319213883027430e+02
1.838238827083578713e+02
1.847576449507401151e+02
1.835592869401284588e+02
1.787784082576637559e+02
1.855652917020835844e+02
1.762379706846588192e+02
1.821275272350501950e+02
1.836522454696397801e+02
1.821959853041311135e+02
1.815891724245445005e+02
1.766429081701375878e+02
1.818562947852003333e+02
1.828839605301613744e+02
1.851653977703028886e+02
1.852349701088826919e+02
1.814438995788287912e+02
1.834238622740746507e+02
1.818674582582701476e+02
1.848357524414879265e+02
1.775855367050138796e+02
1.795897013719869619e+02
1.762136380536844911e+02
1.826240775217743249e+02
1.528593030102119883e+02
1.697911399063466433e+02
1.839645147685784536e+02
1.840027689420822412e+02
1.680862736920655038e+02
1.822726668859401968e+02
1.770673023836051811e+02
1.848069294922078143e+02
-3.304985966276308140e+00
1.807652435000929358e+02
1.832137458496002580e+02
1.851221162195314207e+02
1.750616572742389963e+02
1.555661357202045565e+02
1.837489161523165251e+02
1.858246556628465385e+02
1.842605323626283393e+02
1.856914819673289969e+02
1.817474934112134690e+02
1.677592412502496302e+02
1.813804275979573220e+02
1.805591075846008096e+02
1.832515294133540351e+02
1.829753553134735569e+02
1.838539181965556963e+02
1.856626663485584174e+02
1.636505602226348799e+02
1.625732101115872581e+02
1.825795058457457003e+02
1.847377918438113795e+02
1.800268614602713626e+02
1.846519525481192545e+02
1.749418462421604943e+02
1.847782239545721268e+02
1.716068244426672607e+02
1.835360088854466483e+02
1.850058398747619322e+02
1.649320583268524274e+02
1.714877228313181661e+02
1.584533124691429009e+02
1.835648104718757168e+02
1.801826437166118069e+02
1.844020970140192617e+02
1.763895457085481553e+02
1.839258875668477060e+02
1.710629911899342517e+02
1.798192990051885545e+02
1.830095951540197063e+02
1.664342691394759015e+02
1.785177193531633577e+02
1.850713188683569683e+02
1.823200421001476172e+02
1.852522260932973381e+02
1.829870157192956412e+02
1.796129884244087407e+02
1.807773718856075504e+02
1.802680374270613584e+02
1.833568246107113566e+02
1.829424528200146938e+02
1.819770428083788829e+02
5.333332225980558405e+01
1.845872007966916613e+02
1.748937662428447766e+02
1.843379294143391292e+02
1.818108538749289380e+02
1.824415317551487590e+02
1.807122453773652353e+02
1.790691993152430257e+02
1.556061450646214439e+02
1.673790871802801519e+02
1.782930417537480139e+02
1.765239564452506897e+02
1.824399555698609561e+02
1.823545272882143138e+02
1.850249347786514420e+02
1.836359439623014680e+02
1.863612157420029121e+02
1.845199321154567258e+02
1.769749219202674624e+02
1.856213025238675982e+02
1.811962770188275442e+02
1.736729552156963905e+02
1.856322792907963333e+02
1.803122930522365834e+02
1.808958639496722753e+02
1.856102902668741876e+02
1.843011083187965369e+02
1.779002442946160443e+02
1.858558449927940615e+02
1.850876055493382353e+02
1.830815821211762398e+02
1.801097079167641937e+02
1.819856769597249979e+02
1.809256706856330652e+02
1.786589659777916097e+02
1.849088757566361210e+02
1.824754355571990629e+02
1.810796223434662977e+02
1.824493428862303688e+02
1.821627039620040591e+02
1.839973517948636470e+02
1.842143781752750442e+02
1.809079358013759986e+02
1.713536636693823709e+02
1.846946118612293901e+02
1.857878257114590212e+02
1.859010332830926302e+02
1.842772433368439522e+02
1.857533468282495903e+02
1.851346163958006059e+02
1.580000854493547138e+02
1.841920875184687816e+02
1.846648747793039433e+02
1.757026679152049269e+02
1.846931380050216092e+02
1.838188159601300242e+02
1.820559532476032416e+02
1.844185807719553054e+02
1.821142936311845233e+02
1.694417972982083711e+02
1.794935665224440697e+02
1.841908809613091194e+02
1.851665147941561429e+02
1.657742845784029555e+02
1.801028740276433950e+02
1.828953889500181447e+02
1.779199218895717820e+02
1.589227110186596974e+02
1.802879155963257176e+02
1.843662234270755107e+02
1.759631138710395248e+02
1.789743716219168164e+02
1.850900240094273670e+02
1.813724992738105470e+02
1.843635333773272578e+02
1.847945045706109681e+02
1.805956965215899288e+02
1.834214398231082725e+02
1.803170678595515142e+02
1.825323961873447445e+02
1.830806083450943618e+02
1.832856772654122324e+02
1.856058848473079195e+02
1.613512590197752559e+02
1.806443495194899356e+02
1.791273061571143614e+02
1.815227590119551166e+02
1.823783619216814031e+02
1.840752255572380136e+02
1.828606041283212278e+02
1.749216717767882585e+02
1.815924690124182916e+02
1.815657315788163544e+02
1.856224830446359420e+02
1.509626908016061009e+02
1.838739705311423620e+02
1.718114199793879493e+02
1.837100617173842068e+02
1.818191857901165918e+02
1.811624772329392101e+02
1.822152462532696688e+02
1.785787619458313600e+02
1.776620782007804280e+02
1.849910440364698161e+02
1.838514596328155903e+02
1.488801845071312187e+02
1.790313897915498274e+02
1.856126044471820364e+02
1.575375416402122823e+02
1.836677039176435073e+02
1.582210911328297129e+02
1.603281229217643329e+02
1.674540191599843695e+02
1.793063260035935969e+02
1.811779775472389531e+02
1.800503038067988655e+02
1.830903956792231781e+02
1.372977764220880204e+02
1.840934120081136314e+02
1.779246371651283596e+02
1.843099264509715169e+02
1.620000276626965388e+02
1.832350939622994588e+02
1.784777417944768843e+02
1.536220742862702764e+02
1.828182492976362710e+02
1.628046831007735307e+02
1.727315086278943284e+02
1.740179661092045649e+02
1.740068444391900471e+02
1.761687960821333263e+02
1.835038871379483112e+02
1.828067303112303534e+02
1.809696648700140429e+02
1.792642195070218065e+02
1.817865344583650540e+02
1.810564774130889134e+02
1.597413443403706879e+02
1.720846519140487203e+02
1.790053436926626773e+02
1.718493997555363251e+02
1.639643630451843421e+02
1.619853414618507372e+02
1.821888364028921785e+02
1.794747548532521648e+02
1.814912137917897326e+02
1.691882807701382490e+02
1.821095166273923098e+02
1.773111566136893487e+02
1.768948967771004277e+02
1.794317673421447239e+02
1.671081032774584116e+02
1.740550661905808454e+02
1.800919399989687122e+02
1.842494664099351382e+02
1.826732043633337810e+02
1.791244256450480350e+02
1.853026566065144323e+02
1.623967488802128685e+02
1.563345507897887501e+02
1.835705780239559601e+02
6.053539288948854846e+01
1.826002906743255210e+02
1.844936104899252598e+02
1.808969131951651548e+02
1.820059064381906921e+02
1.642001737074355674e+02
1.811668163580357600e+02
1.856167130112494590e+02
1.817016470064401119e+02
1.853279628537790984e+02
1.658624178201629604e+02
1.861208300649704768e+02
1.818824281105266607e+02
1.855179212938923285e+02
1.852845768057125042e+02
1.848689549615976659e+02
1.824796723170034340e+02
1.850284110268789846e+02
1.770444602939630272e+02
1.803671693405454732e+02
1.811225211968861970e+02
1.686174072454176951e+02
1.481920501834669608e+02
1.838396200213300062e+02
1.854799839966007369e+02
1.854087922604971936e+02
1.785502993693909843e+02
1.797500724764392714e+02
1.854028883430663370e+02
1.592017153036948116e+02
1.859053366772692470e+02
1.778133757967760573e+02
1.829603294498362516e+02
1.836947112286948993e+02
1.830890008050517110e+02
1.679233448360988064e+02
1.841761667612794895e+02
1.844691158977941825e+02
1.834041107390683862e+02
1.850348887316251876e+02
1.846841087805242978e+02
1.844104394833023264e+02
1.778219277782280869e+02
1.818693119075716993e+02
1.719305738840738229e+02
1.800655980484209522e+02
1.835215189543351073e+02
1.834813965921007650e+02
1.836375223275956614e+02
1.846492665888098088e+02
1.833958493123882079e+02
1.820432159833052879e+02
1.699634002838218976e+02
1.802133068555018838e+02
1.817072710069396635e+02
1.850201979369632852e+02
1.716361992935879073e+02
1.796279805995669676e+02
1.834462361197784048e+02
1.798174640694130630e+02
1.700730810783902314e+02
1.550698924440155508e+02
1.666934245111052064e+02
1.687013357033458476e+02
1.741532376537470270e+02
1.839365416144822234e+02
1.837069348828482589e+02
1.840237739436404638e+02
1.810904212289765951e+02
1.850996812345183855e+02
1.833180663583965782e+02
1.837980579869079634e+02
1.783569422256014434e+02
1.854858648661830784e+02
1.626259253877583717e+02
1.758374944558067909e+02
1.845249390109742080e+02
1.774736229210483316e+02
1.770461873028173159e+02
1.847471482544611945e+02
1.821561213944175677e+02
1.815380412003508468e+02
1.844759261762364417e+02
1.838315276616377218e+02
1.830885363416720395e+02
1.830921851929450952e+02
1.841748826903385350e+02
1.842582369944239531e+02
1.803420238401546953e+02
1.844258587384301222e+02
1.779640892100384235e+02
1.839798704773122324e+02
1.824035164721639433e+02
1.769084828564683960e+02
1.826652144355203404e+02
1.849979880825689520e+02
1.822331726233460927e+02
1.851056927731883377e+02
1.737469481330865619e+02
1.855525522582230167e+02
1.818866539609769575e+02
1.838638603708807011e+02
1.861865079215332912e+02
1.809864551864640703e+02
1.855811767871649067e+02
1.750834282654516016e+02
1.817917875783565478e+02
1.842604735629095956e+02
1.822895270130366612e+02
1.856084778500502068e+02
1.817115587023109526e+02
1.307364629175852997e+02
1.833524954711311921e+02
1.826774630030008666e+02
1.808007523028165053e+02
1.843327625228546083e+02
1.834807928616405377e+02
1.844477149773586291e+02
1.849042398892322012e+02
1.846145479753070333e+02
1.787911335391897012e+02
1.842767596258280776e+02
1.765861157136539532e+02
1.848584031623946089e+02
1.686600289923796083e+02
1.806230700377221012e+02
1.754954325583977095e+02
1.722591875856335264e+02
1.742342470151629641e+02
1.601894174750916022e+02
1.582081129313105521e+02
2.602931140019527945e+01
1.701349562451856912e+02
1.691575862290436874e+02
1.821348518200125284e+02
1.830645629596609183e+02
1.839062156666578289e+02
1.844023379364590483e+02
1.825570593945323878e+02
1.820516658185901804e+02
1.788775968820035303e+02
1.789947742151351235e+02
1.833409588120883598e+02
1.807033724040485083e+02
1.610140238310149812e+02
1.750476004759202340e+02
1.823162989340036972e+02
1.787783290702132888e+02
1.848172181691465710e+02
1.826661692760071389e+02
1.836009945669649710e+02
1.821618461565920484e+02
1.822922996543466638e+02
1.823414060481620140e+02
1.830255618972517766e+02
1.855398155890632665e+02
1.723794336918994929e+02
1.835836293684359646e+02
1.853128433170907670e+02
1.855524170156385821e+02
1.828514618154822244e+02
1.846512625337209386e+02
1.820174671899312102e+02
1.853777372703255821e+02
1.847183547627221003e+02
1.847772825050928702e+02
1.855949939771045081e+02
1.823011582867540312e+02
1.858776445718553418e+02
1.646586298307993559e+02
1.848882466602679813e+02
1.844450607846128776e+02
1.683468241643206795e+02
1.842432947184177010e+02
1.734840912823938481e+02
1.841178691953612372e+02
1.840163616906607729e+02
1.776263268990591939e+02
1.828389231422146679e+02
1.836090554672588269e+02
1.832558461947494379e+02
1.838344982752510930e+02
1.648008594554115405e+02
1.811259404907515886e+02
1.842525519099328903e+02
1.834209982710342217e+02
1.734610651852830472e+02
1.833050487915983808e+02
1.830672946811069153e+02
1.813073002912516358e+02
1.802618852928649176e+02
1.804785735070954900e+02
