1.484389263735857801e-07 -4.395815384999419490e-06 9.999999999903274039e-01
5.479420733921516425e-05 -2.822060927368827497e-04 9.999999586786569861e-01
3.361188277439133387e-04 -9.247688709872905035e-04 9.999995159132163414e-01
9.841290812029426273e-04 -1.786931717128269811e-03 9.999979191803273215e-01
2.056641420495909037e-03 -2.676487411198991487e-03 9.999943033043711127e-01
3.517308279188401370e-03 -3.397008267608360790e-03 9.999880443671721464e-01
5.244526416014013391e-03 -3.791207062737881727e-03 9.999790606265981374e-01
7.059065706294860056e-03 -3.775253744331252131e-03 9.999679580118985278e-01
8.764144990983130379e-03 -3.356562764942906760e-03 9.999559606547381296e-01
1.018899421996297475e-02 -2.631286056159129472e-03 9.999446288322306753e-01
1.122626085177472199e-02 -1.762262077116201345e-03 9.999354306652034063e-01
1.185507286349757501e-02 -9.424744875586572954e-04 9.999292819940741595e-01
1.214481503793622685e-02 -3.522169422232977330e-04 9.999261869812499093e-01
1.223897344140990884e-02 -1.194648784347056790e-04 9.999250938231246666e-01
1.232279853815050792e-02 -2.921560055514668512e-04 9.999240287546841133e-01
1.258206524437268520e-02 -8.283765940174528733e-04 9.999204995530124318e-01
1.316210330368351548e-02 -1.606451559067971881e-03 9.999120853104788154e-01
1.413613073983463302e-02 -2.452530847138462318e-03 9.998970721529715222e-01
1.548979150020590202e-02 -3.179425160805009545e-03 9.998749709913012929e-01
1.712515887774774745e-02 -3.628015240080892292e-03 9.998467714798856543e-01
1.888313538984167858e-02 -3.702070087198900024e-03 9.998148437960056034e-01
2.057912521145131846e-02 -3.388854606808515500e-03 9.997824839783354678e-01
2.204397617013494418e-02 -2.761123436996039925e-03 9.997531891981514818e-01
2.316111077417069494e-02 -1.960251811511411982e-03 9.997298236825966633e-01
2.389170450435658052e-02 -1.164414046522535074e-03 9.997138743639079062e-01
2.428248889076084494e-02 -5.489688611647225869e-04 9.997049861665934234e-01
2.445463472293877422e-02 -2.478488726780326504e-04 9.997009099782758756e-01
2.457634462272028850e-02 -3.244428880735560810e-04 9.996979033796592473e-01
2.482534096072391144e-02 -7.582933297019355109e-04 9.996915161375021786e-01
2.534960436421858712e-02 -1.450396000199477000e-03 9.996775949824553420e-01
2.623503388406621395e-02 -2.245767517247962853e-03 9.996532796551225175e-01
2.748710113650536246e-02 -2.968146391851641044e-03 9.996177516320848833e-01
2.903041866355682635e-02 -3.459056331891626444e-03 9.995725435011610926e-01
3.072614588910076508e-02 -3.612566191965557814e-03 9.995213120910287907e-01
3.240321230235283095e-02 -3.398117910318321569e-03 9.994691013868363116e-01
3.389632729259911548e-02 -2.866511577410853912e-03 9.994212435741482992e-01
3.508232829282417059e-02 -2.137908490224925320e-03 9.993821389181839487e-01
3.590688347150820803e-02 -1.374686353741583732e-03 9.993541944459086723e-01
3.639577815977303177e-02 -7.452774644892793147e-04 9.993371762790985713e-01
3.664846230246569109e-02 -3.870314380663873385e-04 9.993281445137862651e-01
3.681545119506129254e-02 -3.762745976941414224e-04 9.993220106505046330e-01
3.706469937584717933e-02 -7.120820889714532011e-04 9.993126142499715314e-01
3.754444594283661701e-02 -1.317210803011861298e-03 9.992940906131586587e-01
3.835074644754092599e-02 -2.055837098850325090e-03 9.992622247341136354e-01
3.950680902996050320e-02 -2.764040030351454149e-03 9.992154783242735983e-01
4.095858682571038717e-02 -3.286187623734904747e-03 9.991554409279680415e-01
4.258744358669909469e-02 -3.509138490583165858e-03 9.990865806303358410e-01
4.423692441671719933e-02 -3.386734088579664622e-03 9.990153274851035770e-01
4.574757855722320909e-02 -2.949285201082398403e-03 9.989486777471368040e-01
4.699207656129909816e-02 -2.296129294852808454e-03 9.988926231234830366e-01
4.790289532384565258e-02 -1.573084799757930438e-03 9.988507586339394617e-01
4.848657151224695927e-02 -9.399213251463179935e-04 9.988233922624555339e-01
4.882153767165897662e-02 -5.350917443312847759e-04 9.988073743900713897e-01
4.904018095161459534e-02 -4.454926822458592770e-04 9.987967071372887418e-01
4.929921200312042950e-02 -6.878440424957246680e-04 9.987838177334634748e-01
4.974495916972330317e-02 -1.205674975062686304e-03 9.987612254111806198e-01
5.048126695134283470e-02 -1.882444232328491342e-03 9.987232339795057978e-01
5.154704720872613916e-02 -2.567765038204433605e-03 9.986672661635348502e-01
5.290834611769822116e-02 -3.110834560980072980e-03 9.985945271326081008e-01
5.446653845397412402e-02 -3.393625220991893128e-03 9.985098294440912792e-01
5.608067741305295534e-02 -3.356520268958184706e-03 9.984205984415271962e-01
5.759892144593468932e-02 -3.010826997769753405e-03 9.983352639112814675e-01
5.889201973029882520e-02 -2.435563134021891205e-03 9.982613876355505012e-01
5.988147597826445206e-02 -1.759404343220198792e-03 9.982039437563681172e-01
6.055627344632933534e-02 -1.131922776761915255e-03 9.981641430630850964e-01
6.097462233951905786e-02 -6.905370069216488745e-04 9.981390777787112478e-01
6.125050218375985289e-02 -5.304567802304229179e-04 9.981222843908367226e-01
6.152809433367657094e-02 -6.841787567810695813e-04 9.981051174635041656e-01
6.194982092441671251e-02 -1.114944022105384021e-03 9.980786424861518569e-01
6.262506455146125972e-02 -1.725474027605207461e-03 9.980356326449686399e-01
6.360644289759719017e-02 -2.379932943853629770e-03 9.979722222290715594e-01
6.487879631303460071e-02 -2.934162982194996484e-03 9.978888377350929595e-01
6.636319520486959334e-02 -3.267451832409241138e-03 9.977901833955102884e-01
6.793493104883259470e-02 -3.308816768664765966e-03 9.976842671279816388e-01
6.945137673970426528e-02 -3.052079013754037916e-03 9.975806689598408772e-01
7.078347740966975388e-02 -2.556544537166004823e-03 9.974884277050681813e-01
7.184391854838173552e-02 -1.933313334938632690e-03 9.974140131694877454e-01
7.260584102153383457e-02 -1.320386331542636659e-03 9.973598389895138583e-01
7.310811748795638387e-02 -8.521429625649435107e-04 9.973236570990559047e-01
7.344618114755793736e-02 -6.299216349630605127e-04 9.972989830904621655e-01
7.375055506803786243e-02 -7.001238444787961143e-04 9.972764739295991721e-01
7.415789302731623511e-02 -1.044564495844042687e-03 9.972459655403262957e-01
7.478094303696022904e-02 -1.585077515281622983e-03 9.971987254742488149e-01
7.568403645483988418e-02 -2.201244996210801122e-03 9.971294204595805288e-01
7.686944331879917713e-02 -2.757237822215751269e-03 9.970373545274696658e-01
7.827749531760892776e-02 -3.131776688035395328e-03 9.969266902341706871e-01
7.980030985908288799e-02 -3.244588330281924279e-03 9.968055894669910488e-01
8.130594755821179964e-02 -3.073577830373888653e-03 9.966844515746445810e-01
8.266757640959841724e-02 -2.659055683981645206e-03 9.965736306129595601e-01
8.379119088872956367e-02 -2.094251229385739235e-03 9.964811340115253824e-01
8.463584200433095506e-02 -1.504354762194281712e-03 9.964108144558766478e-01
8.522205058907139641e-02 -1.018799811357360991e-03 9.963614625927644797e-01
8.562670056895323178e-02 -7.429063019385907666e-04 9.963270127019318023e-01
8.596566457647616954e-02 -7.350755618466828581e-04 9.962978290538913040e-01
8.636806937178279076e-02 -9.944628500347441925e-04 9.962628004880459409e-01
8.694789978241697359e-02 -1.461730844580949725e-03 9.962117877570093594e-01
8.777918260873739109e-02 -2.032608627032791992e-03 9.961378838305270378e-01
8.888016394530513786e-02 -2.581171448478599036e-03 9.960389821742193783e-01
9.020987280741402103e-02 -2.987639055151182499e-03 9.959182962776549353e-01
9.167770201737503177e-02 -3.164539683860519495e-03 9.957837037434571492e-01
9.316375973860822890e-02 -3.075512707912533145e-03 9.956460491020787673e-01
9.454540211647508019e-02 -2.742714642240306339e-03 9.955167725631991482e-01
9.572406514409254052e-02 -2.241349602591966028e-03 9.954053846066271971e-01
9.664653457872297848e-02 -1.682680117196876969e-03 9.953173443385595620e-01
9.731608809750791345e-02 -1.189361196303389667e-03 9.952528143225503054e-01
9.779120261642323952e-02 -8.685537504621660332e-04 9.952065746893100640e-01
9.817224045934570820e-02 -7.886893682491167169e-04 9.951691259137238621e-01
9.857912873335830661e-02 -9.649084871141209562e-04 9.951287476147974154e-01
9.912497755457637394e-02 -1.356268929308086313e-03 9.950740672728872749e-01
9.989143331372080103e-02 -1.875234615357133884e-03 9.949965753937427548e-01
1.009111452770329459e-01 -2.407263524498979169e-03 9.948925297944526402e-01
1.021611234593704093e-01 -2.836111529261074737e-03 9.947638218816126088e-01
1.035683367044508557e-01 -3.069247550240570329e-03 9.946176045854724368e-01
1.050261908458437199e-01 -3.057808485455149571e-03 9.944647550533238789e-01
1.064181514123549999e-01 -2.806791017413312866e-03 9.943175041070861919e-01
1.076432615902341156e-01 -2.373376891652004359e-03 9.941867507243926649e-01
1.086379709797947873e-01 -1.853909182837904261e-03 9.940796518799238646e-01
1.093895763014645223e-01 -1.362494826043264074e-03 9.939980202213726246e-01
1.099384577958042453e-01 -1.005978678458187454e-03 9.939378871458470766e-01
1.103687507170542648e-01 -8.607577419458867533e-04 9.938903349770726869e-01
1.107895926071414405e-01 -9.564481652402659568e-04 9.938434239740292497e-01
1.113111073269613949e-01 -1.269891087341154480e-03 9.937847980130518621e-01
1.120203993742510257e-01 -1.730713392729674128e-03 9.937044000882527817e-01
1.129627952190365159e-01 -2.237132152932866640e-03 9.935966999419822976e-01
1.141323841386491650e-01 -2.678458164954672198e-03 9.934619392569841168e-01
1.154738373329594198e-01 -2.959311789962695144e-03 9.933061136250432854e-01
1.168949865071634148e-01 -3.020236972400181137e-03 9.931396882099070567e-01
1.182872875706103971e-01 -2.850253124610717219e-03 9.929753237900018625e-01
1.195496090147355611e-01 -2.488710544037315078e-03 9.928251091223432301e-01
1.206101288283868977e-01 -2.016185870737598976e-03 9.926979056178529826e-01
1.214416150143273199e-01 -1.536535391528233993e-03 9.925973872629513250e-01
1.220668644786469109e-01 -1.154102054914130267e-03 9.925212081584613433e-01
1.225532382964021894e-01 -9.510617315147875533e-04 9.924614850280994993e-01
1.229975900139175932e-01 -9.698067515557155880e-04 9.924064955073422789e-01
1.235049416315772280e-01 -1.204133087798108220e-03 9.923432266386555956e-01
1.241655878335987534e-01 -1.601065475947857988e-03 9.922602195930296798e-01
1.250356191104304016e-01 -2.072832988973562045e-03 9.921500880998789240e-01
1.261250758962927654e-01 -2.516297564705414179e-03 9.920111559232803744e-01
1.273962444415684125e-01 -2.835527869151710251e-03 9.918478495633316072e-01
1.287723593205077899e-01 -2.962561666931651672e-03 9.916697548594048950e-01
1.301546949333858005e-01 -2.871853327977622657e-03 9.914895399573145918e-01
1.314442226398968572e-01 -2.585343732719196444e-03 9.913201966730423864e-01
1.325630743640843490e-01 -2.167176707450659510e-03 9.911722023239755153e-01
1.334711708206543501e-01 -1.709343594452498180e-03 9.910512220383647097e-01
1.341744870365485509e-01 -1.311472875072853964e-03 9.909568542912812195e-01
1.347232746286136373e-01 -1.059193059759646390e-03 9.908826960760283020e-01
1.352007348726499969e-01 -1.005747895673059136e-03 9.908177177264032576e-01
1.357046806767462921e-01 -1.160797097413744910e-03 9.907486523796097400e-01
1.363262132716012154e-01 -1.488757140830168982e-03 9.906628827086901845e-01
1.371300565964980178e-01 -1.916958972367578673e-03 9.905511964788231705e-01
1.381408021270614517e-01 -2.351766812794071557e-03 9.904098080996752707e-01
1.393379983122593480e-01 -2.699080862319184343e-03 9.902412015202722850e-01
1.406610612856130926e-01 -2.884720554410502655e-03 9.900536067429905884e-01
1.420228272271751302e-01 -2.870260050755779700e-03 9.898592213810569751e-01
1.433286978329114669e-01 -2.660937254152299838e-03 9.896715635956800927e-01
1.444971608196637669e-01 -2.304029985693407945e-03 9.895025325689389417e-01
1.454772376888965046e-01 -1.878179522164845870e-03 9.893598161212888709e-01
1.462591435390194206e-01 -1.476081146858911281e-03 9.892452092960258847e-01
1.468759540878427083e-01 -1.184345483140929233e-03 9.891542101391568309e-01
1.473960263280898186e-01 -1.064887984064181526e-03 9.890769825628977774e-01
1.479078977449212462e-01 -1.141828668154338177e-03 9.890004802887745194e-01
1.485009840116361668e-01 -1.396668372679036934e-03 9.889112736057202868e-01
1.492462737150178076e-01 -1.772708312220405572e-03 9.887984664666885637e-01
1.501811914603785325e-01 -2.187677219594121817e-03 9.886560695203233662e-01
1.513018676943506391e-01 -2.551757435424747457e-03 9.884843111378344149e-01
1.525644156470314927e-01 -2.787049955058201571e-03 9.882895989689817196e-01
1.538948379521730969e-01 -2.844245617472848046e-03 9.880831387681806577e-01
1.552053132033335836e-01 -2.712930267956777542e-03 9.878785101227021137e-01
1.564132623150699120e-01 -2.423383998716637042e-03 9.876887255514162911e-01
1.574590523387739416e-01 -2.039604326468530144e-03 9.875234107858873456e-01
1.583185561630246763e-01 -1.645171543848821622e-03 9.873867166335943413e-01
1.590079457454482981e-01 -1.325078077435537949e-03 9.872764138564857905e-01
1.595797882855958805e-01 -1.147458365263230758e-03 9.871843670305182616e-01
1.601113764933670136e-01 -1.149128755383062436e-03 9.870982862004792358e-01
1.606878693116331469e-01 -1.327996312810937650e-03 9.870043794640932511e-01
1.613839080663959369e-01 -1.643902568623934000e-03 9.868903342322180583e-01
1.622476750989760852e-01 -2.027646225561542670e-03 9.867479823010411044e-01
1.632908080398610684e-01 -2.396166192488010261e-03 9.865750708368210553e-01
1.644862885615865911e-01 -2.670548207606860108e-03 9.863757544906061048e-01
1.657746743809892231e-01 -2.792937751312619867e-03 9.861597014844993847e-01
1.670772297811149998e-01 -2.738725432604163443e-03 9.859400076429961635e-01
1.683130381979386636e-01 -2.521444623244039566e-03 9.857303705826381268e-01
1.694163689567676490e-01 -2.189431042204693662e-03 9.855421352334998719e-01
1.703505780108047207e-01 -1.815074706444947967e-03 9.853818478511681134e-01
1.711156227057195334e-01 -1.479059780525659746e-03 9.852498444798585275e-01
1.717476710018405184e-01 -1.253015175160755810e-03 9.851401765524533394e-01
1.723109807975835850e-01 -1.184289755263090611e-03 9.850418891365657625e-01
1.728838614225005066e-01 -1.286074709463326093e-03 9.849413771747382862e-01
1.735417708651023350e-01 -1.534930651054172267e-03 9.848253133181956720e-01
1.743411910086074823e-01 -1.876181607252076083e-03 9.846835172072578857e-01
1.753077313772609669e-01 -2.235948039759872233e-03 9.845111476540516771e-01
1.764309758591348087e-01 -2.537170576398282452e-03 9.843097447055131344e-01
1.776671086357033413e-01 -2.716138122081038307e-03 9.840868971295673173e-01
1.789486635870198017e-01 -2.735963596880013841e-03 9.838546083151616939e-01
1.801992140037376178e-01 -2.594156390951504916e-03 9.836267145743928797e-01
1.813497915984332298e-01 -2.322752867699396685e-03 9.834159129817232614e-01
1.823535076880959949e-01 -1.981082837664105509e-03 9.832310377240899291e-01
1.831952915260594839e-01 -1.642814430290763777e-03 9.830751681955863797e-01
1.838947440942494960e-01 -1.380104175044277737e-03 9.829449722168205339e-01
1.845015874193280669e-01 -1.248249025316060983e-03 9.828314230393061512e-01
1.850847572827692133e-01 -1.274089626432984646e-03 9.827217354452632003e-01
1.857175195471274520e-01 -1.450589385767795921e-03 9.826021060037692934e-01
1.864618140696314985e-01 -1.738684906781785833e-03 9.824606703924601003e-01
1.873551718953868905e-01 -2.075946729844972607e-03 9.822900437287184205e-01
1.884029767101634278e-01 -2.390135372208705526e-03 9.820888990407088404e-01
1.895776709645889402e-01 -2.614702487720390548e-03 9.818622459397644553e-01
1.908249972526841476e-01 -2.702898895656108327e-03 9.816203516433450460e-01
1.920758525962759367e-01 -2.637492512032505333e-03 9.813765385834277710e-01
1.932611516744312252e-01 -2.434084123910026324e-03 9.811443331576011895e-01
1.943264960881564696e-01 -2.137407474665254173e-03 9.809345770267797748e-01
1.952435429646420528e-01 -1.811498935901383446e-03 9.807531174569555921e-01
1.960157152295614047e-01 -1.525900872531970893e-03 9.805995671062098795e-01
1.966771220975625789e-01 -1.340862946053135961e-03 9.804673945263527868e-01
1.972849984486272079e-01 -1.294675811885209141e-03 9.803453234452543796e-01
1.979073292015440244e-01 -1.395788852227804189e-03 9.802197410892637963e-01
1.986083235864971319e-01 -1.621332137308755146e-03 9.800776015620252801e-01
1.994348385401761847e-01 -1.922296040455484436e-03 9.799092049540581995e-01
2.004066263964116024e-01 -2.234205441237151375e-03 9.797102594245711282e-01
2.015124434839448420e-01 -2.490962310116327360e-03 9.794827871010295395e-01
2.027127834140715623e-01 -2.638874795002154640e-03 9.792346826882887267e-01
2.039485725464526555e-01 -2.647885735223238189e-03 9.789780224584669899e-01
2.051539011939242929e-01 -2.517653271429320765e-03 9.787264879659727246e-01
2.062700363867649433e-01 -2.277268648788675388e-03 9.784924558399974437e-01
2.072577380838497851e-01 -1.978763644168776616e-03 9.782843730215103895e-01
2.081053095365036354e-01 -1.685864504981949728e-03 9.781049728954800404e-01
2.088307486511521704e-01 -1.460421041740848783e-03 9.779507071358245485e-01
2.094776235744290893e-01 -1.349389199796409986e-03 9.778125098246980285e-01
2.101056105675340180e-01 -1.375093758414650067e-03 9.776777288679926459e-01
2.107777388461266888e-01 -1.530783818834095117e-03 9.775328135193671608e-01
2.115470609182223682e-01 -1.782365789525171967e-03 9.773661873567798253e-01
2.124455676465599185e-01 -2.075889311975979805e-03 9.771706972019611470e-01
2.134776702742866572e-01 -2.349146242788926857e-03 9.769451191369254994e-01
2.146195806714888132e-01 -2.544883050395185808e-03 9.766944041827613221e-01
2.158246514681881889e-01 -2.622810319153073919e-03 9.764286152525056828e-01
2.170334694866299652e-01 -2.567885452610373445e-03 9.761607854683344021e-01
2.181865063626896029e-01 -2.393173210369439492e-03 9.759041557255931920e-01
2.192366275175198220e-01 -2.136761633468168154e-03 9.756693781213573446e-01
2.201588378493457843e-01 -1.853467954820942499e-03 9.754622754225884540e-01
2.209552648891502102e-01 -1.603144369881650405e-03 9.752826261372345984e-01
2.216544027758532431e-01 -1.438071822203183759e-03 9.751242267930576579e-01
2.223048455721581551e-01 -1.392084486596563636e-03 9.749762139330191424e-01
2.229648803987118455e-01 -1.473677265188705907e-03 9.748253640439134005e-01
2.236901600023568082e-01 -1.664497472582760059e-03 9.746588848235698821e-01
2.245220579550870066e-01 -1.923484399813145743e-03 9.744671085771009489e-01
2.254791462456665063e-01 -2.195731694429798198e-03 9.742455200666245707e-01
2.265535560966138173e-01 -2.424158775279877664e-03 9.739956928413203707e-01
2.277129327660338542e-01 -2.561502138340041469e-03 9.737249400919729680e-01
2.289075029803745998e-01 -2.580099417911321195e-03 9.734447586614808356e-01
2.300807006882348293e-01 -2.477441185100185111e-03 9.731683993303557045e-01
2.311810733356382541e-01 -2.276388767792334768e-03 9.729080785895334316e-01
2.321729626164976967e-01 -2.020092224434760948e-03 9.726724189862163694e-01
2.330437533415637696e-01 -1.762745419145575693e-03 9.724646532169052282e-01
2.338062327541838847e-01 -1.558158378886516154e-03 9.722819640757370818e-01
2.344956350494980524e-01 -1.448547484607294513e-03 9.721160932996256721e-01
2.351620483062700495e-01 -1.455867342133945318e-03 9.719550871752714594e-01
2.358598120607851567e-01 -1.577457379206865119e-03 9.717858100847504010e-01
2.366361429268904748e-01 -1.786865284420223379e-03 9.715966976952651324e-01
2.375213683525063402e-01 -2.039624134308915850e-03 9.713801724909491009e-01
2.385227929329683805e-01 -2.282725435405680466e-03 9.711342164784650954e-01
2.396234407081073992e-01 -2.465765779743410435e-03 9.708627743721167658e-01
2.407858779795282456e-01 -2.551414843676709336e-03 9.705749075919465341e-01
2.419602506905667305e-01 -2.523025897145997169e-03 9.702828821664685188e-01
2.430948002198747293e-01 -2.387842270462624348e-03 9.699995960383361870e-01
2.441466337328035974e-01 -2.175198623603903040e-03 9.697358865933908278e-01
2.450905121845158297e-01 -1.930165626179711344e-03 9.694982801928871963e-01
2.459238681619036193e-01 -1.704019588784412478e-03 9.692876494543322119e-01
2.466670707816791819e-01 -1.543548434321323536e-03 9.690990525479796780e-01
2.473589444603005172e-01 -1.481414348372894893e-03 9.689227822722448202e-01
2.480485219249327633e-01 -1.529548755690666659e-03 9.687464019291284201e-01
2.487847758046812519e-01 -1.676911173556872112e-03 9.685573412534237425e-01
2.496064747885688162e-01 -1.892031009077012977e-03 9.683455106321571249e-01
2.505342668116615212e-01 -2.129756358628314989e-03 9.681053895574398549e-01
2.515666100288612705e-01 -2.340763088102314551e-03 9.678371565226844275e-01
2.526803530441258383e-01 -2.481815641801692583e-03 9.675466292514152133e-01
2.538357850141803596e-01 -2.524637883710868086e-03 9.672440335556207192e-01
2.549850462185171973e-01 -2.461572541452038566e-03 9.669418632289720206e-01
2.560821088818953650e-01 -2.306905034945643754e-03 9.666522806567570125e-01
2.570922446062448574e-01 -2.093644457264932056e-03 9.663845996368917168e-01
2.579990382204362942e-01 -1.866493261396408960e-03 9.661433705612116896e-01
2.588075446143806579e-01 -1.672504847177089119e-03 9.659274597905131987e-01
2.595429950336382019e-01 -1.551375649245806876e-03 9.657303075712722062e-01
2.602453745393194517e-01 -1.527365005244833143e-03 9.655413052719022948e-01
2.609610302794618808e-01 -1.604480131568734565e-03 9.653480027006460240e-01
2.617330655190483468e-01 -1.765879378550983024e-03 9.651386864503761487e-01
2.625925080560583824e-01 -1.977572529759275433e-03 9.649047952616113255e-01
2.635520649542588134e-01 -2.195610253885258052e-03 9.646426739228832758e-01
2.646037235442676439e-01 -2.375240232284258485e-03 9.643543061134095540e-01
2.657206473927387069e-01 -2.480116041388865950e-03 9.640468798625558833e-01
2.668629193671087085e-01 -2.489658524888231465e-03 9.637312819797921870e-01
2.679858943664367166e-01 -2.403080361398835484e-03 9.634198387123414919e-01
2.690494071042855428e-01 -2.239297682551795801e-03 9.631237729813517667e-01
2.700259365602111772e-01 -2.032810367558575936e-03 9.628509029262530827e-01
2.709060762739091688e-01 -1.826453788087935206e-03 9.626040525073341625e-01
2.717002357812946522e-01 -1.662544448005181304e-03 9.623804953455017408e-01
2.724362788032867466e-01 -1.574242948889928873e-03 9.621725394907404416e-01
2.731536299306558946e-01 -1.578888465373922854e-03 9.619691271376766828e-01
2.738950907154220071e-01 -1.674638940002807575e-03 9.617581166101552004e-01
2.746980591531331672e-01 -1.841066102982088495e-03 9.615287758419951425e-01
2.755869530177818549e-01 -2.043541562181727233e-03 9.612739751305844349e-01
2.765683746587216385e-01 -2.240474853256412251e-03 9.609916307700910876e-01
2.776299760677518047e-01 -2.391887359690660162e-03 9.606851072347113440e-01
2.787432100590538364e-01 -2.467548540228787016e-03 9.603625013760497264e-01
2.798693511555597202e-01 -2.453015247622002126e-03 9.600349623836855750e-01
2.809675083625965408e-01 -2.352371510790817865e-03 9.597143979288157434e-01
2.820029671574719177e-01 -2.187161545336586185e-03 9.594110395642907463e-01
2.829541615783719433e-01 -1.991792165721905858e-03 9.591313649383607087e-01
2.838168855367647625e-01 -1.806389949740065930e-03 9.588767973199850969e-01
2.846049327323245115e-01 -1.668594116124231348e-03 9.586434415658272590e-01
2.853470848183594089e-01 -1.605956721710717194e-03 9.584229035700990718e-01
2.860811019816680845e-01 -1.630477093891276015e-03 9.582040203591647431e-01
2.868459656139351055e-01 -1.736350372691632333e-03 9.579751443004440592e-01
2.876739630736881437e-01 -1.901350418603589077e-03 9.577265141130457682e-01
2.885842218245315838e-01 -2.091526786173230051e-03 9.574522298416207056e-01
2.895789901122717835e-01 -2.268224113428289439e-03 9.571514319291304362e-01
2.906433872018724385e-01 -2.395968816500412910e-03 9.568284489961123018e-01
2.917486285418676717e-01 -2.449608721104919520e-03 9.564918907968338324e-01
2.928580220002583445e-01 -2.419266956520104653e-03 9.561528779941705913e-01
2.939344789932228363e-01 -2.312139749298363321e-03 9.558227744031866369e-01
2.949479998863853147e-01 -2.150824459558339265e-03 9.555108849804929694e-01
2.958816268448952180e-01 -1.968569315492446278e-03 9.552225853849487525e-01
2.967346922818140387e-01 -1.802446413457420944e-03 9.549582575078235935e-01
2.975227514515614846e-01 -1.685847080148051907e-03 9.547132398198674430e-01
2.982742580966134538e-01 -1.641812060216232480e-03 9.544787956833326037e-01
2.990246903841144444e-01 -1.678522247531461257e-03 9.542438981218474003e-01
2.998093353775895809e-01 -1.787828911194975362e-03 9.539974664993929876e-01
3.006561968256033501e-01 -1.947084369145074935e-03 9.537306014655551056e-01
3.015804522042708213e-01 -2.123867537041137024e-03 9.534383671921200509e-01
3.025815579499085417e-01 -2.282618245479561304e-03 9.531207638287877426e-01
3.036435535277225983e-01 -2.391818805280831583e-03 9.527826990467851420e-01
3.047384599014215656e-01 -2.430268046036303860e-03 9.524329713177447365e-01
3.058320435550007099e-01 -2.391198413563070703e-03 9.520824771542271137e-01
3.068907524779582729e-01 -2.283442716686204851e-03 9.517420091242579927e-01
3.078884169830596873e-01 -2.129463816738348236e-03 9.514200902180501851e-01
3.088113815802686624e-01 -1.960690580186434228e-03 9.511212784382107044e-01
3.096610705123552520e-01 -1.811130641839949883e-03 9.508452772212416804e-01
3.104535149318222165e-01 -1.710555022670324273e-03 9.505870234055316947e-01
3.112159775200752931e-01 -1.678614225421901779e-03 9.503377281732543480e-01
3.119813823078809722e-01 -1.721042959864448225e-03 9.500866566284301706e-01
3.127816839884293709e-01 -1.828683388975127500e-03 9.498232857102515414e-01
3.136415100200322104e-01 -1.979488930414834754e-03 9.495394066677375067e-01
3.145733411148436964e-01 -2.143074257396120931e-03 9.492307518678265721e-01
3.155751745160126354e-01 -2.286871807681933270e-03 9.488978235013022511e-01
3.166311052428404937e-01 -2.382643650091053299e-03 9.485457638938228353e-01
3.177146688320617307e-01 -2.412043010278701067e-03 9.481833004522007835e-01
3.187942379671812598e-01 -2.370130376843296825e-03 9.478209832663004875e-01
3.198393672074537064e-01 -2.266176611438688697e-03 9.474690726492732695e-01
3.208268118666691149e-01 -2.121637390481188185e-03 9.471355000427454929e-01
3.217450356702520331e-01 -1.965745248750287374e-03 9.468243067571366911e-01
3.225963414018090947e-01 -1.829626464260020614e-03 9.465348662252931478e-01
3.233962402562362559e-01 -1.740123829753773173e-03 9.462620375752960333e-01
3.241702225907872603e-01 -1.714545576765157163e-03 9.459972130603060414e-01
3.249485998003774911e-01 -1.757362561562902242e-03 9.457300456068639116e-01
3.257604578673873319e-01 -1.859481033734250270e-03 9.454505097673135960e-01
3.266279270066521634e-01 -2.000204079290547436e-03 9.451508855637463791e-01
3.275618968564499300e-01 -2.151461898151549139e-03 9.448272725416315687e-01
3.285600076256255386e-01 -2.283445426319669069e-03 9.444803371510623879e-01
3.296072850914120167e-01 -2.370509224095651568e-03 9.441151509745168147e-01
3.306792564627227260e-01 -2.396171652866691589e-03 9.437401589980237704e-01
3.317468940920984544e-01 -2.356238038595728692e-03 9.433654892996099495e-01
3.327823836802629720e-01 -2.259460997911522974e-03 9.430009437678305018e-01
3.337645698887073409e-01 -2.125648249718713103e-03 9.426540688425738557e-01
3.346830173985833601e-01 -1.981630342703536406e-03 9.423286852288309534e-01
3.355399154525049443e-01 -1.855910639999453068e-03 9.420241614378863648e-01
3.363494867823725309e-01 -1.773061756974815984e-03 9.417355674456441283e-01
3.371350516441254941e-01 -1.748965030993783823e-03 9.414546712790585747e-01
3.379243508754832259e-01 -1.787810613390585423e-03 9.411715767157011747e-01
3.387440631914409028e-01 -1.881421975514174956e-03 9.408766762455248456e-01
3.396145987877559058e-01 -2.011008681856338645e-03 9.405625338770589039e-01
3.405461855765445356e-01 -2.150974534204066341e-03 9.402253287360092804e-01
3.415369990213436568e-01 -2.274008510602984045e-03 9.398655793163740446e-01
3.425736749287774385e-01 -2.356442942883539299e-03 9.394880118561177440e-01
3.436340705311832777e-01 -2.382825034852405557e-03 9.391006057467597978e-01
3.446916992980039174e-01 -2.348819280116122392e-03 9.387130101804005422e-01
3.457209470114858130e-01 -2.261900999432739975e-03 9.383346474474083543e-01
3.467020409679955617e-01 -2.139742373801715742e-03 9.379728760950922783e-01
3.476248118852840463e-01 -2.006642313006184227e-03 9.376315713259902873e-01
3.484905395878341583e-01 -1.888722973190790555e-03 9.373103949824762582e-01
3.493115552451765415e-01 -1.808840435332704057e-03 9.370048908449563063e-01
3.501087095516434711e-01 -1.782196669532022919e-03 9.367073797456734185e-01
3.509072249640490804e-01 -1.813490873533573884e-03 9.364084742876749301e-01
3.517317547470481531e-01 -1.896141099017136346e-03 9.360989142982605316e-01
3.526016152636533563e-01 -2.013700987950185414e-03 9.357713641273057714e-01
3.535271135797919961e-01 -2.143169547449491445e-03 9.354218229157976738e-01
3.545076688590088621e-01 -2.259527307364694784e-03 9.350503768543051430e-01
3.555320677599875800e-01 -2.340601702557362860e-03 9.346611527055427304e-01
3.565807733312044148e-01 -2.371313115773305332e-03 9.342614885370691402e-01
3.576298085507184088e-01 -2.346488743360376165e-03 9.338604895943631856e-01
3.586554386008928286e-01 -2.271723699214168134e-03 9.334672547188266334e-01
3.596387362930485443e-01 -2.162155902262482415e-03 9.330891192368806486e-01
3.605691552905702091e-01 -2.039425049799213456e-03 9.327302530728659447e-01
3.614464424630187689e-01 -1.927428399180942768e-03 9.323908806125533744e-01
3.622805496235601552e-01 -1.847704418392197984e-03 9.320672665380380639e-01
3.630895913355222659e-01 -1.815332326205605293e-03 9.317524634961817931e-01
3.638962665549492215e-01 -1.836124101790558797e-03 9.314376714705633331e-01
3.647234490178666855e-01 -1.905628912509591032e-03 9.311139427126037260e-01
3.655898015452671568e-01 -2.010117314317902068e-03 9.307739018866630909e-01
3.665062549275949211e-01 -2.129331151051948225e-03 9.304131507274840951e-01
3.674740158734711160e-01 -2.240448145252551659e-03 9.300310898291387351e-01
3.684844654317636081e-01 -2.322483209143368175e-03 9.296310046497217039e-01
3.695209397250918126e-01 -2.360275422474777170e-03 9.292194058474305685e-01
3.705620225252920230e-01 -2.347303019039661577e-03 9.288047575402139655e-01
