-5.444634836172070359e-08 4.399334448743037613e-06 9.999999999903214087e-01
-8.189100687098772226e-06 2.901931289342571016e-04 9.999999578604422679e-01
-4.472260436324899046e-05 1.014723955587597043e-03 9.999994841674580970e-01
-1.304382828217573876e-04 2.175939017340059074e-03 9.999976241348010886e-01
-2.859882747466285379e-04 3.770799009921745309e-03 9.999928496172026948e-01
-5.318461859797716119e-04 5.795282675928555005e-03 9.999830657757862173e-01
-8.882594644423211575e-04 8.244392487234901423e-03 9.999656199028243986e-01
-1.375201395103353404e-03 1.111216156970297464e-02 9.999373123783168449e-01
-2.012322633672159865e-03 1.439166201154354514e-02 9.998944097364298456e-01
-2.818902221301869491e-03 1.807501472127739581e-02 9.998326598151774380e-01
-3.813798049853621853e-03 2.215340102252347579e-02 9.997473089574036020e-01
-5.015396777793394885e-03 2.661707619032293096e-02 9.996331212251021725e-01
-6.441563230132396622e-03 3.145538514695529753e-02 9.994843995823092797e-01
-8.109589351475066446e-03 3.665678054381684564e-02 9.992950089941975422e-01
-1.003614281865016812e-02 4.220884345956199546e-02 9.990584013815861919e-01
-1.223721545796331578e-02 4.809830694306790888e-02 9.987676423608480292e-01
-1.472807165116926664e-02 5.431108262264502246e-02 9.984154396892086503e-01
-1.752319695312440709e-02 6.083229059013483403e-02 9.979941733247249536e-01
-2.063624718201450409e-02 6.764629275004398201e-02 9.974959269989127630e-01
-2.407999827930605227e-02 7.473672979968570829e-02 9.969125211881531001e-01
-2.786629727037230608e-02 8.208656197655928022e-02 9.962355473578075049e-01
-3.200601468732745120e-02 8.967811367411977763e-02 9.954564033405427503e-01
-3.650899884220491776e-02 9.749312198700886556e-02 9.945663296979089241e-01
-4.138403236050787470e-02 1.055127892021755359e-01 9.935564469019189104e-01
-4.663879140165316101e-02 1.137178392036639202e-01 9.924177931614522885e-01
-5.227980800329746353e-02 1.220885777068469735e-01 9.911413627069864951e-01
-5.831243599042722908e-02 1.306049561832959838e-01 9.897181443366728226e-01
-6.474082088695783110e-02 1.392466392811531339e-01 9.881391600173495826e-01
-7.156787425708026340e-02 1.479930754887478495e-01 9.863955033259789174e-01
-7.879525288549947548e-02 1.568235707322720163e-01 9.844783775103939094e-01
-8.642334317995026272e-02 1.657173645426442965e-01 9.823791329434113928e-01
-9.445125114602802296e-02 1.746537083733349927e-01 9.800893037414499798e-01
-1.028767982436614437e-01 1.836119456009591977e-01 9.776006433180023381e-01
-1.116965233868735807e-01 1.925715926949480017e-01 9.749051586437657013e-01
-1.209056912943749507e-01 2.015124210025834584e-01 9.719951429890568706e-01
-1.304983073387123438e-01 2.104145385620831976e-01 9.688632069303939609e-01
-1.404671389770096035e-01 2.192584713300883836e-01 9.655023074118558313e-01
-1.508037437777611234e-01 2.280252431915783529e-01 9.619057746630097494e-01
-1.614985039867715688e-01 2.366964541104877584e-01 9.580673367887923009e-01
-1.725406675023583858e-01 2.452543557785656358e-01 9.539811418626130690e-01
-1.839183950566006254e-01 2.536819241285390159e-01 9.496417773720050581e-01
-1.956188133270149176e-01 2.619629280954854922e-01 9.450442868861677059e-01
-2.076280736328625642e-01 2.700819940373538897e-01 9.401841838365125881e-01
-2.199314158036136391e-01 2.780246652614636882e-01 9.350574623245810901e-01
-2.325132367451311355e-01 2.857774561480620479e-01 9.296606048961428836e-01
-2.453571631730225022e-01 2.933279004139108248e-01 9.239905872456016800e-01
-2.584461279333594708e-01 3.006645931175727093e-01 9.180448798406957156e-01
-2.717624492894645805e-01 3.077772260725473163e-01 9.118214464835205924e-01
-2.852879125204377808e-01 3.146566164035674573e-01 9.053187398497896110e-01
-2.990038531530798682e-01 3.212947280539703576e-01 8.985356940736185516e-01
-3.128912411342329447e-01 3.276846861268440936e-01 8.914717144696487905e-01
-3.269307652454526703e-01 3.338207840182917385e-01 8.841266645076715225e-01
-3.411029170663252286e-01 3.396984833763558864e-01 8.765008501768115634e-01
-3.553880738064166822e-01 3.453144069926132875e-01 8.685950018964718744e-01
-3.697665793483865815e-01 3.506663248039718628e-01 8.604102541494360601e-01
-3.842188228756373558e-01 3.557531332486488229e-01 8.519481230285436135e-01
-3.987253144962802920e-01 3.605748282816560457e-01 8.432104819020737052e-01
-4.132667573203333000e-01 3.651324724104874631e-01 8.341995354142636154e-01
-4.278241154979637306e-01 3.694281561603547370e-01 8.249177920462003044e-01
-4.423786777822348304e-01 3.734649544196679827e-01 8.153680354686407838e-01
-4.569121162391219793e-01 3.772468781501057689e-01 8.055532949221428929e-01
-4.714065397894427467e-01 3.807788219713126865e-01 7.954768148613255985e-01
-4.858445423307035105e-01 3.840665081479170406e-01 7.851420240991892063e-01
-5.002092452506422537e-01 3.871164275162729540e-01 7.745525046843877437e-01
-5.144843342074371106e-01 3.899357778902977079e-01 7.637119607392939269e-01
-5.286540901132221748e-01 3.925324004803739664e-01 7.526241874798577092e-01
-5.427034143168588676e-01 3.949147148469779878e-01 7.412930406298137154e-01
-5.566178480381203109e-01 3.970916528920524491e-01 7.297224064320014802e-01
-5.703835861579149569e-01 3.990725923668148045e-01 7.179161724486424756e-01
-5.839874855174160828e-01 4.008672903453818215e-01 7.058781993306214586e-01
-5.974170679225735414e-01 4.024858170800507118e-01 6.936122937234053820e-01
-6.106605180891928608e-01 4.039384906170666034e-01 6.811221824644166922e-01
-6.237066767974490666e-01 4.052358125119939758e-01 6.684114882137148772e-01
-6.365450295532875113e-01 4.063884049421579991e-01 6.554837066469466622e-01
-6.491656910777406919e-01 4.074069494707485140e-01 6.423421853269072335e-01
-6.615593859639109509e-01 4.083021276737812677e-01 6.289901043579029238e-01
-6.737174258554697870e-01 4.090845637978225979e-01 6.154304589156071037e-01
-6.856316835103205554e-01 4.097647695737956508e-01 6.016660437343860357e-01
-6.972945641189408628e-01 4.103530912708135414e-01 5.876994396242988250e-01
-7.086989742492622035e-01 4.108596590342970534e-01 5.735330020812376972e-01
-7.198382887892394999e-01 4.112943385150218956e-01 5.591688520460732503e-01
-7.307063162549469748e-01 4.116666847605421342e-01 5.446088688622728879e-01
-7.412972628266415454e-01 4.119858983079214276e-01 5.298546854763099834e-01
-7.516056954682167612e-01 4.122607833870983729e-01 5.149076859213217450e-01
-7.616265044773276038e-01 4.124997081176838831e-01 4.997690051218960927e-01
-7.713548658046825990e-01 4.127105665586632277e-01 4.844395310565863255e-01
-7.807862034719957878e-01 4.129007424504486101e-01 4.689199093147084496e-01
-7.899161524093287756e-01 4.130770744720628218e-01 4.532105500851714708e-01
-7.987405220243903869e-01 4.132458228229767272e-01 4.373116376174156494e-01
-8.072552608091857484e-01 4.134126369292998593e-01 4.212231421979538148e-01
-8.154564222835145593e-01 4.135825240676773151e-01 4.049448346904075957e-01
-8.233401325704954310e-01 4.137598186973979741e-01 3.884763036922052049e-01
-8.309025598967695325e-01 4.139481522919202239e-01 3.718169753671344835e-01
-8.381398863094857710e-01 4.141504234653394234e-01 3.549661360195742743e-01
-8.450482819037145044e-01 4.143687681973418635e-01 3.379229574833044758e-01
-8.516238818576683522e-01 4.146045299720316213e-01 3.206865254051272096e-01
-8.578627665789990697e-01 4.148582296618423815e-01 3.032558705109189567e-01
-8.637609452734685833e-01 4.151295350077365276e-01 2.856300029489424186e-01
-8.693143432572963958e-01 4.154172295712950103e-01 2.678079498120145563e-01
-8.745187933462759133e-01 4.157191810633786844e-01 2.497887959461705665e-01
-8.793700316680105322e-01 4.160323089881110548e-01 2.315717281584570297e-01
-8.838636982579689549e-01 4.163525515803470634e-01 2.131560829400665769e-01
-8.879953428149595096e-01 4.166748320599241717e-01 1.945413978228017204e-01
-8.917604360064785851e-01 4.169930242772509343e-01 1.757274664863782976e-01
-8.951543867284141864e-01 4.172999178825748667e-01 1.567143977308654290e-01
-8.981725657358735626e-01 4.175871832159950836e-01 1.375026784220751974e-01
-9.008103360713889396e-01 4.178453361873195049e-01 1.180932405073816666e-01
-9.030630907221819381e-01 4.180637034945260400e-01 9.848753218463593417e-02
-9.049262979381090810e-01 4.182303886171205298e-01 7.868759328687539856e-02
-9.063955546347293168e-01 4.183322391161981568e-01 5.869613491969034869e-02
-9.074666482898077202e-01 4.183548158764563429e-01 3.851662335565221584e-02
-9.081356277144605471e-01 4.182823650365198320e-01 1.815336815035322252e-02
-9.083988830398236347e-01 4.180977934721679667e-01 -2.388385603434044300e-03
-9.082532352041892132e-01 4.177826488215236056e-01 -2.310236102397834196e-02
-9.076963759362445261e-01 4.173375574057106574e-01 -4.377958760577293357e-02
-9.067315131053491628e-01 4.167853095130536478e-01 -6.424927171480079857e-02
-9.053641110029098105e-01 4.161422414614519005e-01 -8.450716762169618868e-02
-9.035999080047624199e-01 4.154233077533864282e-01 -1.045499001870070777e-01
-9.014448422502999714e-01 4.146421196455399305e-01 -1.243748728493008077e-01
-8.989049868151754996e-01 4.138109862011550844e-01 -1.439801805045829441e-01
-8.959864938881364482e-01 4.129409570417905129e-01 -1.633645272620446176e-01
-8.926955474405650071e-01 4.120418661368844826e-01 -1.825271490226089699e-01
-8.890383962846547528e-01 4.110739998293813646e-01 -2.015661097406555302e-01
-8.850194297105030694e-01 4.100462171770519748e-01 -2.204602204793099929e-01
-8.806442006735265560e-01 4.090032764558709788e-01 -2.391278145020969970e-01
-8.759190908464881131e-01 4.079507544204362679e-01 -2.575692688551203813e-01
-8.708504087034063534e-01 4.068932196507564214e-01 -2.757851944239494979e-01
-8.654443808513150316e-01 4.058342764126927626e-01 -2.937763839071741989e-01
-8.597071484737713876e-01 4.047766076187912510e-01 -3.115437638403735776e-01
-8.536447684305458194e-01 4.037220168455664115e-01 -3.290883505161126266e-01
-8.472632185780266667e-01 4.026714694079945311e-01 -3.464112096478955127e-01
-8.405684068945631360e-01 4.016251325299458053e-01 -3.635134196300730536e-01
-8.335661840137651435e-01 4.005824146810641473e-01 -3.803960382510956917e-01
-8.262623587863174857e-01 3.995420041766816754e-01 -3.970600727238431382e-01
-8.186627165068639522e-01 3.985019071581737959e-01 -4.135064529037168479e-01
-8.107730394568268828e-01 3.974594850871423501e-01 -4.297360075724590556e-01
-8.025991294265573117e-01 3.964114918983182578e-01 -4.457494436730089493e-01
-7.941468318909480351e-01 3.953541109634328143e-01 -4.615473283878914756e-01
-7.854220615216389589e-01 3.942829920218138828e-01 -4.771300739604892316e-01
-7.764308287263143038e-01 3.931932882333714074e-01 -4.924979251648838874e-01
-7.671792669114744223e-01 3.920796935061821586e-01 -5.076509493356528013e-01
-7.576736601696862916e-01 3.909364802442657494e-01 -5.225890288739472034e-01
-7.479204710958687885e-01 3.897575376515602930e-01 -5.373118561502684409e-01
-7.379263684399576251e-01 3.885364107157308067e-01 -5.518189307275296329e-01
-7.276982543055697805e-01 3.872663399804405771e-01 -5.661095588301808812e-01
-7.172432906063783697e-01 3.859403021972800385e-01 -5.801828549863650153e-01
-7.065689244941255609e-01 3.845510519288313778e-01 -5.940377457702228359e-01
-6.956829124748804549e-01 3.830911641525671096e-01 -6.076729755705974068e-01
-6.845933429336050757e-01 3.815530778916267907e-01 -6.210871143104996772e-01
-6.733086567916840570e-01 3.799291408732301534e-01 -6.342785670388323416e-01
-6.618376660280842483e-01 3.782116551888151657e-01 -6.472455853120691049e-01
-6.501895698025804693e-01 3.763929239022175688e-01 -6.599862802789190352e-01
-6.383739679292647073e-01 3.744652985236540110e-01 -6.724986373755466040e-01
-6.264008714606181805e-01 3.724212272382577127e-01 -6.847805325327661619e-01
-6.142807101569864869e-01 3.702533037488337508e-01 -6.968297497898853221e-01
-6.020243366335117363e-01 3.679543165637256807e-01 -7.086440002026647145e-01
-5.896430269966044246e-01 3.655172985326584634e-01 -7.202209419253253753e-01
-5.771484778048965314e-01 3.629355764065587131e-01 -7.315582013388028937e-01
-5.645527992153877017e-01 3.602028201721335088e-01 -7.426533950896928582e-01
-5.518685042040434308e-01 3.573130918888391405e-01 -7.535041528966952562e-01
-5.391084937813748201e-01 3.542608937352832998e-01 -7.641081409740335673e-01
-5.262860381572778135e-01 3.510412149544901994e-01 -7.744630859144486790e-01
-5.134147538454079118e-01 3.476495773732684591e-01 -7.845667988681315208e-01
-5.005085767352527304e-01 3.440820791605351814e-01 -7.944171998485152209e-01
-4.875817311994595782e-01 3.403354364832211210e-01 -8.040123419913745018e-01
-4.746486953444010726e-01 3.364070227166133797e-01 -8.133504355903083960e-01
-4.617241625529142635e-01 3.322949048689147755e-01 -8.224298717295671635e-01
-4.488229995090462499e-01 3.279978768875829176e-01 -8.312492453344455523e-01
-4.359602009349053398e-01 3.235154895277359555e-01 -8.398073774601960695e-01
-4.231508413086967346e-01 3.188480764805820544e-01 -8.481033366427244147e-01
-4.104100238701094971e-01 3.139967764823462515e-01 -8.561364591382495393e-01
-3.977528272537569354e-01 3.089635511513489363e-01 -8.639063678847028749e-01
-3.851942501227555438e-01 3.037511983324494014e-01 -8.714129900248898108e-01
-3.727491542021694748e-01 2.983633607636421714e-01 -8.786565728403463726e-01
-3.604322061354071072e-01 2.928045299187055917e-01 -8.856376979553213236e-01
-3.482578186052670555e-01 2.870800449219228501e-01 -8.923572936823456203e-01
-3.362400911747864263e-01 2.811960864754063927e-01 -8.988166453942874057e-01
-3.243927513110304583e-01 2.751596657857754979e-01 -9.050174038225310413e-01
-3.127290960572666756e-01 2.689786085241577251e-01 -9.109615911967791080e-01
-3.012619348154713106e-01 2.626615339009405470e-01 -9.166516051587972891e-01
-2.900035336918089790e-01 2.562178289836294920e-01 -9.220902204000084312e-01
-2.789655618427253070e-01 2.496576184318089198e-01 -9.272805879909745697e-01
-2.681590402387947214e-01 2.429917298667971515e-01 -9.322262323892779312e-01
-2.575942932378035288e-01 2.362316551344385007e-01 -9.369310461308872906e-01
-2.472809033281302971e-01 2.293895077569104990e-01 -9.413992822285479622e-01
-2.372276693688267768e-01 2.224779769028648602e-01 -9.456355443188473320e-01
-2.274425686144831982e-01 2.155102782341471457e-01 -9.496447746171444715e-01
-2.179327227716403581e-01 2.085001020113327053e-01 -9.534322397563259610e-01
-2.087043682898816199e-01 2.014615588590601691e-01 -9.570035146011537375e-01
-1.997628310455426270e-01 1.944091236054164284e-01 -9.603644641446319463e-01
-1.911125055299638664e-01 1.873575776173264096e-01 -9.635212236062004054e-01
-1.827568386081351581e-01 1.803219500560296340e-01 -9.664801768635059576e-01
-1.746983178681775495e-01 1.733174584733905843e-01 -9.692479333599411939e-01
-1.669384645380810328e-01 1.663594491612019055e-01 -9.718313036389663040e-01
-1.594778309041250675e-01 1.594633376521061019e-01 -9.742372736634178354e-01
-1.523160021260481223e-01 1.526445497526636719e-01 -9.764729780835249562e-01
-1.454516023078374076e-01 1.459184634669046243e-01 -9.785456726212142797e-01
-1.388823046504225056e-01 1.393003521429299063e-01 -9.804627057405129742e-01
-1.326048454839498236e-01 1.328053291463536512e-01 -9.822314897745192397e-01
-1.266150419529587234e-01 1.264482943331949605e-01 -9.838594716785732386e-01
-1.209078131078636653e-01 1.202438825618643015e-01 -9.853541035770276846e-01
-1.154772041407647054e-01 1.142064144497662997e-01 -9.867228132674980001e-01
-1.103164134927671070e-01 1.083498495453795590e-01 -9.879729748417979129e-01
-1.054178225536159808e-01 1.026877420520737050e-01 -9.891118795770611483e-01
-1.007730276723911161e-01 9.723319920595002719e-02 -9.901467072439729122e-01
-9.637287420003720628e-02 9.199884237717577407e-02 -9.910844979717168268e-01
-9.220749229034259919e-02 8.699677093310108356e-02 -9.919321248013427406e-01
-8.826633419528927271e-02 8.223852887232842301e-02 -9.926962670509080766e-01
-8.453821280309846420e-02 7.773507421221374780e-02 -9.933833846070947438e-01
-8.101134118237934834e-02 7.349675108831975334e-02 -9.939996932491784731e-01
-7.767337291311396386e-02 6.953326450335753361e-02 -9.945511411023436610e-01
-7.451144300433282242e-02 6.585365764531829480e-02 -9.950433863085130781e-01
-7.151220921879254677e-02 6.246629167992590742e-02 -9.954817759942033994e-01
-6.866189364630806424e-02 5.937882791128892834e-02 -9.958713266064807001e-01
-6.594632438916989137e-02 5.659821219668890319e-02 -9.962167056799762221e-01
-6.335097724486450643e-02 5.413066149675579281e-02 -9.965222150901661413e-01
-6.086101729270406574e-02 5.198165244073799790e-02 -9.967917758407695006e-01
-5.846774012537660214e-02 4.991478617921533273e-02 -9.970406398364525247e-01
-5.616913993017149526e-02 4.797858950036997666e-02 -9.972678089005118096e-01
-5.395062072569289935e-02 4.637466420887539215e-02 -9.974661503244078853e-01
-5.179640939828435847e-02 4.510644904724068344e-02 -9.976384817297105911e-01
-4.969057571156951236e-02 4.417660179716795948e-02 -9.977871890033843671e-01
-4.761707332095201778e-02 4.358699601607202850e-02 -9.979142188118226287e-01
-4.556619423100095878e-02 4.309735286594865156e-02 -9.980312320360612555e-01
-4.354155324959626400e-02 4.251125096572653389e-02 -9.981467460659826374e-01
-4.154768950617197115e-02 4.183006680714726477e-02 -9.982605045817328770e-01
-3.958907152439314348e-02 4.105539099718347185e-02 -9.983722553667406796e-01
-3.767008705648185879e-02 4.018902473702485462e-02 -9.984817508758042637e-01
-3.579503308565304409e-02 3.923297581129516626e-02 -9.985887487927926909e-01
-3.396810602098478821e-02 3.818945409490464432e-02 -9.986930125766618760e-01
-3.219981629734150474e-02 3.681931283756509354e-02 -9.988030386581507880e-01
-3.050109001098489508e-02 3.541142318026595237e-02 -9.989072602682684821e-01
-2.886329870485506571e-02 3.412261253154424273e-02 -9.990007794301586364e-01
-2.728910635911425964e-02 3.275806397317505142e-02 -9.990906935403904843e-01
-2.578202127646862449e-02 3.132090734554130590e-02 -9.991768052462586258e-01
-2.434539808595282892e-02 2.981443583870158412e-02 -9.992589259085079556e-01
-2.298243004227915748e-02 2.824209845505463307e-02 -9.993368760254848215e-01
-2.170257459838918421e-02 2.636578914546126168e-02 -9.994167516200170853e-01
-2.052209064527319229e-02 2.423397731287545154e-02 -9.994956518861474182e-01
-1.943813456043915269e-02 2.229114116601727674e-02 -9.995625362879980713e-01
-1.843321523477929949e-02 2.073926507884557915e-02 -9.996149756082418625e-01
-1.748867300508501199e-02 1.958153541834797493e-02 -9.996552954830727478e-01
-1.658572017342329827e-02 1.882023104912289302e-02 -9.996853068789972596e-01
-1.570548637326390704e-02 1.845672190450596897e-02 -9.997063004275241749e-01
-1.483550106048575276e-02 1.824969115001962017e-02 -9.997233900841678844e-01
-1.397672106948928510e-02 1.800169699088813649e-02 -9.997402613547989869e-01
-1.313107329847169012e-02 1.771333559733917137e-02 -9.997568767736554340e-01
-1.230689159303778070e-02 1.714350295825885911e-02 -9.997772955642698633e-01
-1.152589734566933019e-02 1.609595920867448390e-02 -9.998040176893157049e-01
-1.081069486704114638e-02 1.457348914500907616e-02 -9.998353575918386138e-01
-1.017084543854029910e-02 1.306356811105351817e-02 -9.998629391528824906e-01
-9.588840081409331917e-03 1.196518520893633496e-02 -9.998824373339981753e-01
-9.045056769640224051e-03 1.128045084579880342e-02 -9.998954637245424104e-01
-8.519802347461613232e-03 1.101053135356177930e-02 -9.999030858875478378e-01
-7.999798731661239212e-03 1.091382643174693828e-02 -9.999084416150505472e-01
-7.485216478987093310e-03 1.079259106318789137e-02 -9.999137420360687534e-01
-6.977211475167978405e-03 1.064712167426011720e-02 -9.999189753776315248e-01
-6.483364098633680357e-03 1.023594192055550522e-02 -9.999265930472753805e-01
-6.024665347363815024e-03 9.362421314914720280e-03 -9.999380223167544379e-01
-5.610125212789498356e-03 8.512622830690041997e-03 -9.999480295234385308e-01
-5.221745680655200464e-03 8.084060915984018353e-03 -9.999536895933339720e-01
-4.845930208499563997e-03 7.835474047294758645e-03 -9.999575602529524598e-01
-4.482516885313200979e-03 7.569443650646103319e-03 -9.999613045340108863e-01
-4.132314070576778575e-03 7.286586364012906034e-03 -9.999649142043686156e-01
-3.796099560296693418e-03 6.987556228241152342e-03 -9.999683813432572732e-01
-3.474618858718899871e-03 6.673043176529382288e-03 -9.999716983588683439e-01
-3.168583524499852828e-03 6.343771444121766925e-03 -9.999748580051810443e-01
-2.885110761401880539e-03 5.758657820423509002e-03 -9.999792567829447476e-01
-2.644712113020611984e-03 4.721447571714196961e-03 -9.999853566082034240e-01
-2.455899114185337503e-03 3.718590253472579647e-03 -9.999900702738186986e-01
-2.300154542862409539e-03 3.147951153042631914e-03 -9.999923998175117568e-01
-2.163347882842053295e-03 2.768566826715429269e-03 -9.999938274628664692e-01
-2.038330043050686369e-03 2.625139373217310213e-03 -9.999944769117856680e-01
-1.905478003138165238e-03 2.915585724979826657e-03 -9.999939342384177587e-01
-1.750647967472115365e-03 3.396994089008477206e-03 -9.999926978048500059e-01
-1.573211766596135670e-03 3.870279600089749066e-03 -9.999912729322809612e-01
-1.373591365725972905e-03 4.334382003646366534e-03 -9.999896631363623944e-01
-1.158699725546837901e-03 4.546420306310991998e-03 -9.999889936781872768e-01
-9.489298312684815067e-04 4.308339885271849322e-03 -9.999902688225409397e-01
-7.656422359502443407e-04 3.621103965096213531e-03 -9.999931506756484234e-01
-6.301179033865947224e-04 2.486686610507886537e-03 -9.999967096652360166e-01
-5.635104244403174503e-04 9.080694183157787813e-04 -9.999994289328882902e-01
-5.739150732038871081e-04 -6.270724919609208968e-04 -9.999996387008089904e-01
-6.423396479254072462e-04 -1.719677232930755814e-03 -9.999983150536611021e-01
-7.476816413577521032e-04 -2.367699865179591617e-03 -9.999969174800900085e-01
-8.687754575785000630e-04 -2.570101827895364659e-03 -9.999963198962130706e-01
-9.908817169735986436e-04 -2.568694820292498262e-03 -9.999962099730749232e-01
-1.112725413807055634e-03 -2.561493119752716180e-03 -9.999961002900571438e-01
-1.234031868279777955e-03 -2.548518482236800890e-03 -9.999959911014969505e-01
-1.354527873915088634e-03 -2.529805669125022305e-03 -9.999958826603670969e-01
-1.473942312621246168e-03 -2.505402356411089767e-03 -9.999957752177071058e-01
-1.598448194932094914e-03 -2.717213176839877817e-03 -9.999950308456992953e-01
-1.734770869135151715e-03 -2.878664676156412073e-03 -9.999943519139918857e-01
-1.876578880263052394e-03 -3.077494087470941577e-03 -9.999935037199085830e-01
-2.029559605190718943e-03 -3.225163655597957941e-03 -9.999927395773305916e-01
-2.174461869394296500e-03 -2.925755329255367264e-03 -9.999933558136789857e-01
-2.296515396207604327e-03 -2.422212491407405195e-03 -9.999944294364108144e-01
-2.394467892663091398e-03 -1.913681958520122624e-03 -9.999953021614871318e-01
-2.468121145852891600e-03 -1.401316008529510755e-03 -9.999959723377013221e-01
-2.523773424212701847e-03 -1.128118881595567601e-03 -9.999961789505316112e-01
-2.581210335210883805e-03 -1.292297462012034293e-03 -9.999958336516441282e-01
-2.648310341861386495e-03 -1.409377193490029406e-03 -9.999955000440908792e-01
-2.718900185963333497e-03 -1.567192421642792967e-03 -9.999950757328077700e-01
-2.798829920909239131e-03 -1.677294604665583409e-03 -9.999946766028580125e-01
-2.875456239850793932e-03 -1.585690409669625323e-03 -9.999946086542211843e-01
-2.947610844327621955e-03 -1.490595273672159528e-03 -9.999945448432266959e-01
-3.015135173080974850e-03 -1.392227085736474348e-03 -9.999944853166948810e-01
-3.077881263207396176e-03 -1.290810913150670621e-03 -9.999944302116328121e-01
-3.135712073941632032e-03 -1.186578486771622341e-03 -9.999943796549339847e-01
-3.182060363514085163e-03 -8.379237240242900326e-04 -9.999945861732691954e-01
-3.209821247933506479e-03 -5.317362306466895654e-04 -9.999947071381475316e-01
-3.237845249322147609e-03 -6.643008536378019850e-04 -9.999945375164254191e-01
-3.286961485793671919e-03 -1.234901477585026485e-03 -9.999938354323510969e-01
-3.377931580761171174e-03 -2.241833229493121922e-03 -9.999917818473207376e-01
-3.531402549101767419e-03 -3.682405529198271282e-03 -9.999869844581615874e-01
-3.754977086795287158e-03 -5.069265835619736482e-03 -9.999801011475869528e-01
-4.029187649563207088e-03 -6.003708346524353444e-03 -9.999738602249296227e-01
-4.338916136209304206e-03 -6.725898950749470591e-03 -9.999679675320805039e-01
-4.682430803598073947e-03 -7.432223590815472888e-03 -9.999614177029223505e-01
-5.058923625226178881e-03 -8.121103538954002263e-03 -9.999542264370085976e-01
-5.467512884386061672e-03 -8.791001035538731356e-03 -9.999464108660147676e-01
-5.900804595691712048e-03 -9.198592096947389579e-03 -9.999402814212107193e-01
-6.337906501209359528e-03 -9.145404390672681044e-03 -9.999380943437875535e-01
-6.756940244786600186e-03 -8.631997419289451010e-03 -9.999399143844865945e-01
-7.136088751960974891e-03 -7.659963051936056685e-03 -9.999451991002005213e-01
-7.466526089429809283e-03 -6.715589435996110849e-03 -9.999495746520699058e-01
-7.766445504563970759e-03 -6.196599776273689977e-03 -9.999506410196504769e-01
-8.043207322487514258e-03 -5.620096864796010616e-03 -9.999518595049317060e-01
-8.283756256448655472e-03 -4.833651505792712841e-03 -9.999540065400894795e-01
-8.486585390595331735e-03 -4.037045706520784975e-03 -9.999558390901794880e-01
-8.651272644868044162e-03 -3.232086635721475362e-03 -9.999573536395323092e-01
-8.777482441258829468e-03 -2.420598621477157864e-03 -9.999585473930809876e-01
-8.864966381387451300e-03 -1.604419013279663334e-03 -9.999594182819921961e-01
-8.920004701876699596e-03 -1.027229610621983045e-03 -9.999596883452948060e-01
-8.962396643485200098e-03 -8.879163833803091488e-04 -9.999594427030901178e-01
-9.012949699526514105e-03 -1.186377621393232620e-03 -9.999586787692913425e-01
-9.092433105142629438e-03 -1.921523073357673953e-03 -9.999568167723446033e-01
-9.208648963823021227e-03 -2.607608088675026931e-03 -9.999541995334038091e-01
-9.342405920886514420e-03 -2.847513709808221181e-03 -9.999523044212934586e-01
-9.472494702991168455e-03 -2.641124337874647433e-03 -9.999516469842463229e-01
-9.577734625671196350e-03 -1.989329847010939869e-03 -9.999521536385496123e-01
-9.637021072620474693e-03 -8.940228730897125742e-04 -9.999531631772171636e-01
-9.635813829892786453e-03 4.000707814889181029e-04 -9.999534944363058786e-01
-9.573174539933041252e-03 1.692032562608082082e-03 -9.999527445610661980e-01
-9.455743921194593657e-03 2.737114674796074613e-03 -9.999515473813358479e-01
-9.303731487587412266e-03 3.335385615456039170e-03 -9.999511566988544820e-01
-9.131962917628865667e-03 3.727754383202153392e-03 -9.999513543671531002e-01
-8.941842924289520114e-03 4.111339983113602992e-03 -9.999515689916360639e-01
-8.733817872705298274e-03 4.485285308652044341e-03 -9.999518001590077532e-01
-8.514814958228190261e-03 4.606922028971339490e-03 -9.999531359997926305e-01
-8.292349047335280735e-03 4.762074374924043021e-03 -9.999542787523331144e-01
-8.060913336193034628e-03 4.862309984475225721e-03 -9.999556888272475019e-01
-7.839932327192697392e-03 4.511835185837963572e-03 -9.999590885653947270e-01
-7.650785562187355053e-03 3.711865301978074447e-03 -9.999638431145575490e-01
-7.508320116288213185e-03 2.706465222606408046e-03 -9.999681495803774967e-01
-7.413812294486285710e-03 1.695910005211394376e-03 -9.999710792201393916e-01
-7.367430349920261502e-03 6.824860024377042787e-04 -9.999726272169000563e-01
-7.369233526193591510e-03 -3.315160846594124712e-04 -9.999727918771069701e-01
-7.412730890077395655e-03 -1.101967961404030092e-03 -9.999719181494733933e-01
-7.477891428583082617e-03 -1.429550029957156682e-03 -9.999710183433657695e-01
-7.543655869143525185e-03 -1.313944653829841229e-03 -9.999706829731304092e-01
-7.588983667232332420e-03 -7.558338390625763889e-04 -9.999709175982471887e-01
-7.605782584161367883e-03 -2.405734237128593158e-04 -9.999710466787947727e-01
-7.612936423916417429e-03 -1.649103069061910991e-04 -9.999710075816048427e-01
-7.631329838656756084e-03 -5.285976389492189542e-04 -9.999707412667651063e-01
-7.675361136375927380e-03 -1.088558973070896099e-03 -9.999699514840246772e-01
-7.745905040108286461e-03 -1.645531717118835441e-03 -9.999686460987924352e-01
-7.842777063143986996e-03 -2.198261745619849682e-03 -9.999668286965373021e-01
-7.965733438266120459e-03 -2.745505717313328608e-03 -9.999645040146779573e-01
-8.108030721032926519e-03 -3.044197737068888784e-03 -9.999624956457809910e-01
-8.249436683488112210e-03 -2.896090447596042297e-03 -9.999617789969267312e-01
-8.368742056394810891e-03 -2.301942833333539291e-03 -9.999623318984367515e-01
-8.444807474639002068e-03 -1.263518043199210851e-03 -9.999635437099917423e-01
-8.469493017680426381e-03 -2.672531966248410944e-04 -9.999640974874678401e-01
-8.461686030027155622e-03 2.890209943542532004e-04 -9.999641575259422543e-01
-8.442326320881571311e-03 4.044670181118584641e-04 -9.999642811285294197e-01
-8.425918859743572464e-03 3.210796815743313637e-04 -9.999644497677807609e-01
-8.413496355337585220e-03 2.370470954908443669e-04 -9.999645778165977550e-01
-8.405083053184129668e-03 1.525594759062424749e-04 -9.999646650280440419e-01
-8.400694129302211516e-03 6.780788506882734674e-05 -9.999647112475568145e-01
-8.406776704600358446e-03 -2.588529401903146617e-04 -9.999646289248272923e-01
-8.430317902215479081e-03 -5.405938488927847533e-04 -9.999643181126670610e-01
-8.452353639276965688e-03 -3.811996264854447731e-04 -9.999642055618663816e-01
-8.464826347475678386e-03 -2.651222351481016338e-04 -9.999641375695833556e-01
-8.473729270262698662e-03 -1.045314041576074927e-04 -9.999640918481087493e-01
-8.460151346834452607e-03 4.957904506844869851e-04 -9.999640893708086065e-01
-8.416135284954105386e-03 1.050397949271854271e-03 -9.999640320187451747e-01
-8.360703669220821699e-03 1.162460995396090348e-03 -9.999643730247403939e-01
-8.314883747099913527e-03 8.321468219323103783e-04 -9.999650845105101382e-01
-8.286779072964760295e-03 5.442942660174852378e-04 -9.999655159236845448e-01
-8.270423951088148179e-03 2.114613476878003445e-04 -9.999657771003667150e-01
-8.271856453160813735e-03 -7.750698260822930675e-05 -9.999657846064826661e-01
-8.272162027459584524e-03 7.362246612565007586e-05 -9.999657823722251093e-01
-8.250449636453306701e-03 6.640907042392684562e-04 -9.999657439455140739e-01
-8.192338828091437833e-03 1.450311060318498378e-03 -9.999653904923542225e-01
-8.096996844709740057e-03 2.232512011158035298e-03 -9.999647266440898630e-01
-7.971115289944787768e-03 2.767095698564361536e-03 -9.999644016176786332e-01
-7.834900020314514504e-03 2.855280334468637653e-03 -9.999652302535603221e-01
-7.703118378203524172e-03 2.739127561964514908e-03 -9.999665790153304812e-01
-7.577061964167535260e-03 2.616904731400642933e-03 -9.999678694547091684e-01
-7.457009788779625503e-03 2.488893361267065143e-03 -9.999690987300651202e-01
