0.000000000000000000e+00 0.000000000000000000e+00 1.000000000000000000e+00
1.307733095758406362e-05 -7.026922663136798356e-05 9.999999974456545981e-01
6.392081314975805615e-05 -2.105607902061080571e-04 9.999999757893656138e-01
1.771325169001870250e-04 -4.206286607420820184e-04 9.999998958484213052e-01
3.772280456304004056e-04 -7.002276494736055278e-04 9.999996836914082365e-01
6.886367829979026921e-04 -1.049113375301243163e-03 9.999992125723898839e-01
1.135702072270212320e-03 -1.467042207406286155e-03 9.999982789865385913e-01
1.742681278366635779e-03 -1.953771172411143502e-03 9.999965729204065568e-01
2.533745660464468714e-03 -2.509057811673674320e-03 9.999936423697075583e-01
3.532979955836744717e-03 -3.132659971561073658e-03 9.999888521974792388e-01
4.764381543788017911e-03 -3.824335506857251370e-03 9.999813374059838278e-01
6.251859022307917901e-03 -4.583841874817164846e-03 9.999699508969187578e-01
8.019229989498275965e-03 -5.410935594793326101e-03 9.999532057967620569e-01
1.009021777708497998e-02 -6.305371545825708135e-03 9.999292124277512350e-01
1.248844683454930146e-02 -7.266902072109789057e-03 9.998956100105653721e-01
1.523743640977338193e-02 -8.295275863843444217e-03 9.998494931928136875e-01
1.836059211578668082e-02 -9.390236578608939996e-03 9.997873335085948332e-01
2.188119491345939110e-02 -1.055152116618140144e-02 9.997048958894517723e-01
2.582238697710265846e-02 -1.177885785748308475e-02 9.995971503668904523e-01
3.020715384426149105e-02 -1.307196377634134085e-02 9.994581791322485476e-01
3.505830218297233819e-02 -1.443054213077992094e-02 9.992810791522068747e-01
4.039843243996622812e-02 -1.585427893880712175e-02 9.990578605788497102e-01
4.624990556243623041e-02 -1.734283924209609543e-02 9.987793412432370843e-01
5.263480291493721763e-02 -1.889586275962659018e-02 9.984350375823889401e-01
5.957487844284298228e-02 -2.051295893232718895e-02 9.980130524229127165e-01
6.709150206590190624e-02 -2.219370130908697447e-02 9.974999601318343956e-01
7.520559322146180836e-02 -2.393762122427185376e-02 9.968806897481468088e-01
8.393754341888153003e-02 -2.574420071717318376e-02 9.961384068288097193e-01
9.330712661691942245e-02 -2.761286464473864180e-02 9.952543948820228303e-01
1.033333961973540716e-01 -2.954297194060706566e-02 9.942079374200403219e-01
1.140345672841253932e-01 -3.153380597602616076e-02 9.929762018449135308e-01
1.254278831518226278e-01 -3.358456398182698560e-02 9.915341265843801155e-01
1.375294644849305026e-01 -3.569434549543203106e-02 9.898543131223045410e-01
1.503541402950513972e-01 -3.786213980307043259e-02 9.879069248187248853e-01
1.639152593831788574e-01 -4.008681235516636104e-02 9.856595946881010484e-01
1.782244813544738571e-01 -4.236709014246951149e-02 9.830773445993108428e-01
1.932915463609628515e-01 -4.470154603213460920e-02 9.801225186747438700e-01
2.091240229707263532e-01 -4.708858207686025810e-02 9.767547339945855667e-01
2.257270338484554939e-01 -4.952641182659423685e-02 9.729308520505622893e-01
2.431029592898863168e-01 -5.201304169142271366e-02 9.686049747336499260e-01
2.612511190896512625e-01 -5.454625142628288098e-02 9.637284689730059029e-01
2.801674337461400599e-01 -5.712357383323894700e-02 9.582500244567069281e-01
2.998440666247369490e-01 -5.974227380535727244e-02 9.521157491441537557e-01
3.202690494175067792e-01 -6.239932686775775256e-02 9.452693075077613916e-01
3.414258940560489508e-01 -6.509139740616760872e-02 9.376521065973686397e-01
3.632931951548358240e-01 -6.781481681111020676e-02 9.292035350812942740e-01
3.858442280809769032e-01 -7.056556180643804022e-02 9.198612603570026636e-01
4.090465488541411565e-01 -7.333923327381218493e-02 9.095615886133785466e-01
4.328616032624472143e-01 -7.613103592929625074e-02 8.982398923353900333e-01
4.572443538145198327e-01 -7.893575925360463152e-02 8.858311091393701320e-01
4.821429344045213283e-01 -8.174776012261697478e-02 8.722703149827316649e-01
5.074886952393624640e-01 -8.450021048774218613e-02 8.575050713126959323e-01
5.331983432408453627e-01 -8.718900257637364481e-02 8.414853618086354237e-01
5.591833275138611281e-01 -8.980987369516033048e-02 8.241651553181166268e-01
5.853500258658166366e-01 -9.235842197453562885e-02 8.055031225520812299e-01
6.116000145772693131e-01 -9.483012458362140296e-02 7.854633549098835044e-01
6.378304256585684007e-01 -9.722035839770448717e-02 7.640160752480872342e-01
6.639343945043545414e-01 -9.952442306290285035e-02 7.411383293274910189e-01
6.898015992989475764e-01 -1.017375663616457149e-01 7.168146457523744131e-01
7.153188917472418362e-01 -1.038550117388407079e-01 6.910376515055141056e-01
7.403710167349903948e-01 -1.058719878029249356e-01 6.638086297325928031e-01
7.648414163979968539e-01 -1.077837595693975359e-01 6.351380062877268751e-01
7.886131118518442396e-01 -1.095856611680676995e-01 6.050457517598518686e-01
8.115696535631463648e-01 -1.112731296904112821e-01 5.735616862911208091e-01
8.335961290999908124e-01 -1.128417398114947984e-01 5.407256754956534239e-01
8.545802148605124993e-01 -1.142872387833330228e-01 5.065877071986661928e-01
8.744132564260644891e-01 -1.156055813647305780e-01 4.712078405352071453e-01
8.929913605018821032e-01 -1.167929642279961211e-01 4.346560211501789284e-01
9.102164800732474026e-01 -1.178458593666681931e-01 3.970117587848678853e-01
9.259974734916693873e-01 -1.187610460216281805e-01 3.583636663598809835e-01
9.402511177750089155e-01 -1.195356406465322846e-01 3.188088626938081482e-01
9.529030565040773615e-01 -1.201671244479069617e-01 2.784522441404608251e-01
9.638886633536793980e-01 -1.206533680607173725e-01 2.374056335836931819e-01
9.731538035146721777e-01 -1.209926529565646391e-01 1.957868182894012266e-01
9.806554770287588818e-01 -1.211836892283361111e-01 1.537184909693225521e-01
9.863623303294141165e-01 -1.212256294511868393e-01 1.113271109541987963e-01
9.902550249980518471e-01 -1.211180783838736175e-01 6.874170450703732949e-02
9.923264558214950348e-01 -1.208610983450823240e-01 2.609262494689367634e-02
9.925818135753511351e-01 -1.204552101746126785e-01 -1.648970566547985905e-02
9.910384914460392825e-01 -1.199013897670524326e-01 -5.887605104985532689e-02
9.877258375228888942e-01 -1.192010602437212075e-01 -1.009395893482748496e-01
9.826847592205248949e-01 -1.183560799050122070e-01 -1.425570945541155543e-01
9.759671887147328695e-01 -1.173687261776997087e-01 -1.836100507349663902e-01
9.676354213862221609e-01 -1.162416758383623405e-01 -2.239856809221566769e-01
9.577613417750868718e-01 -1.149779818530812237e-01 -2.635778748586873332e-01
9.464255535820300658e-01 -1.135810472235910251e-01 -3.022880024776420371e-01
9.337164317598292129e-01 -1.120545962700190412e-01 -3.400256029225514065e-01
9.197291156923934619e-01 -1.104026438095466744e-01 -3.767089420113777787e-01
9.045644628545638222e-01 -1.086294627084573167e-01 -4.122654341779369846e-01
8.883279822010811122e-01 -1.067395502921623385e-01 -4.466319279943117837e-01
8.711287658852733262e-01 -1.047375940943418293e-01 -4.797548572897711305e-01
8.530784368111063998e-01 -1.026284374130331939e-01 -5.115902625531970616e-01
8.342901280434077416e-01 -1.004170451193445862e-01 -5.421036896697768448e-01
8.148775083163113386e-01 -9.810847013466418576e-02 -5.712699750485935590e-01
7.949538658700276983e-01 -9.570782095612347107e-02 -5.990729278133777314e-01
7.746312606924019573e-01 -9.322023056907860483e-02 -6.255049209391656539e-01
7.540197530230340339e-01 -9.065082704094108712e-02 -6.505664040243459567e-01
7.332267137667650703e-01 -8.800470604422765131e-02 -6.742653508064418988e-01
7.123562203245612512e-01 -8.528690550953661742e-02 -6.966166545889882489e-01
6.915085393377947698e-01 -8.250238256250209956e-02 -7.176414844835463658e-01
6.707796960002115894e-01 -7.965599285368725468e-02 -7.373666148295904277e-01
6.502538518270205570e-01 -7.680498201272137337e-02 -7.558246651902283952e-01
6.300026171096393401e-01 -7.395624636886892478e-02 -7.730635012006601414e-01
6.100907919108350397e-01 -7.111623338753798873e-02 -7.891335166672972523e-01
5.905764861472362348e-01 -6.829095003695362376e-02 -8.040869105416792451e-01
5.715113011329796544e-01 -6.548597407849224283e-02 -8.179770283427004740e-01
5.529405609469393301e-01 -6.270646777631276592e-02 -8.308577697253020089e-01
5.349035828258174030e-01 -5.995719355304067466e-02 -8.427830623416749933e-01
5.174339767451731076e-01 -5.724253115400621678e-02 -8.538064008515611203e-01
5.005599653795965720e-01 -5.456649592124711984e-02 -8.639804488993020337e-01
4.843047166890221411e-01 -5.193275781873009367e-02 -8.733567010686035248e-01
4.686866824258599240e-01 -4.934466089082387846e-02 -8.819852012291926613e-01
4.537199368699473823e-01 -4.680524287599391320e-02 -8.899143132780212850e-01
4.394145110548746125e-01 -4.431725473621674766e-02 -8.971905400259625463e-01
4.257767186356715139e-01 -4.188317989915146117e-02 -9.038583858639295254e-01
4.128094703550187483e-01 -3.950525304424265527e-02 -9.099602588360758970e-01
4.005125747882487541e-01 -3.718547829539529948e-02 -9.155364078300517461e-01
3.888830236851325006e-01 -3.492564671150599070e-02 -9.206248907451671792e-01
3.779152607802325758e-01 -3.272735299190768915e-02 -9.252615697011021823e-01
3.676014334169282471e-01 -3.059201133671216738e-02 -9.294801295872296976e-01
3.579316267280224784e-01 -2.852087042220426139e-02 -9.333121165127901131e-01
3.488940804440286980e-01 -2.651502746898622837e-02 -9.367869929903890336e-01
3.404753886652558958e-01 -2.457544139565147681e-02 -9.399322069609520325e-01
3.326606831423436494e-01 -2.270294506356750758e-02 -9.427732720405695988e-01
3.254338007685912415e-01 -2.089825662906003023e-02 -9.453338566334218429e-01
3.187774361027159165e-01 -1.916199002811006663e-02 -9.476358798064038469e-01
3.126732798186531159e-01 -1.749466462579610943e-02 -9.496996120575633693e-01
3.071021440253384194e-01 -1.589671406832032091e-02 -9.515437793303896941e-01
3.020440754192598720e-01 -1.436849437972772571e-02 -9.531856688285025303e-01
2.974784572306174990e-01 -1.291029134852464573e-02 -9.546412353701779763e-01
2.933841009043379189e-01 -1.152232725147912459e-02 -9.559252071896807701e-01
2.897393284236479127e-01 -1.020476696307950383e-02 -9.570511902431754203e-01
2.865220461396248419e-01 -8.957723499562520592e-03 -9.580317702119578449e-01
2.837098109178998184e-01 -7.781263046210783532e-03 -9.588786115159314560e-01
2.812798893558818292e-01 -6.675409515860257492e-03 -9.596025527568058378e-01
2.792093107625356341e-01 -5.640148685339169306e-03 -9.602136981046154318e-01
2.774749145295995478e-01 -4.675431954957201715e-03 -9.607215042240310199e-01
2.760533924596114130e-01 -3.781179774245287204e-03 -9.611348624097240112e-01
2.749213265534151684e-01 -2.957284774970129863e-03 -9.614621756638325190e-01
2.740552226989198537e-01 -2.203614650064577261e-03 -9.617114305043772404e-01
2.734315406445763097e-01 -1.520014814568965101e-03 -9.618902633422109494e-01
2.730267205859467361e-01 -9.063108820075236726e-04 -9.620060213065693144e-01
2.728172066423693032e-01 -3.623109868604380054e-04 -9.620658174362554105e-01
2.727794674534326225e-01 1.121920190357079050e-04 -9.620765801855503119e-01
2.728900140820512132e-01 5.174184711945917659e-04 -9.620450972216316732e-01
2.731254153725569678e-01 8.535998762174532191e-04 -9.619780535140424194e-01
2.734623108785124157e-01 1.120976955375020722e-03 -9.618820637369379645e-01
2.738774214459592793e-01 1.319797731726273047e-03 -9.617636990217425241e-01
2.743475575135462252e-01 1.450315647320064936e-03 -9.616295081116855714e-01
2.748496251713958838e-01 1.512787699845224119e-03 -9.614860329806358408e-01
2.753606300055989609e-01 1.507472590872296989e-03 -9.613398189868294086e-01
2.758697620674335216e-01 1.502176156202083201e-03 -9.611938485258717524e-01
2.763770283374451520e-01 1.496898330224477299e-03 -9.610481226780871467e-01
2.768824357703575934e-01 1.491639047559878460e-03 -9.609026425060708254e-01
2.773859912951562867e-01 1.486398243058380600e-03 -9.607574090548515189e-01
2.778877018151719169e-01 1.481175851798965503e-03 -9.606124233520527689e-01
2.783875742081640681e-01 1.475971809088699000e-03 -9.604676864080532450e-01
2.788856153264044901e-01 1.470786050461929525e-03 -9.603231992161455066e-01
2.793818319967605324e-01 1.465618511679489923e-03 -9.601789627526936544e-01
2.798762310207784099e-01 1.460469128727901432e-03 -9.600349779772896497e-01
2.803688191747663039e-01 1.455337837818581346e-03 -9.598912458329081909e-01
2.808596032098775175e-01 1.450224575387052848e-03 -9.597477672460609233e-01
2.813485898521934647e-01 1.445129278092157450e-03 -9.596045431269488724e-01
2.818357858028065488e-01 1.440051882815270891e-03 -9.594615743696139898e-01
2.823211977379029847e-01 1.434992326659521433e-03 -9.593188618520891442e-01
2.828048323088454552e-01 1.429950546949010533e-03 -9.591764064365474463e-01
2.832866961422557672e-01 1.424926481228036773e-03 -9.590342089694499084e-01
2.837667958400972856e-01 1.419920067260322391e-03 -9.588922702816921051e-01
2.842451379797573674e-01 1.414931243028242410e-03 -9.587505911887497234e-01
2.847217291141295736e-01 1.409959946732056591e-03 -9.586091724908228917e-01
2.851965757716958816e-01 1.405006116789143771e-03 -9.584680149729791765e-01
2.856696844566086746e-01 1.400069691833239665e-03 -9.583271194052958020e-01
2.861410616487727321e-01 1.395150610713676194e-03 -9.581864865430004263e-01
2.866107138039269975e-01 1.390248812494624710e-03 -9.580461171266110298e-01
2.870786473537262351e-01 1.385364236454340739e-03 -9.579060118820744707e-01
2.875448687058226316e-01 1.380496822084412200e-03 -9.577661715209039306e-01
2.880093842439471752e-01 1.375646509089010431e-03 -9.576265967403155832e-01
2.884722003279909797e-01 1.370813237384142531e-03 -9.574872882233635973e-01
2.889333232940864971e-01 1.365996947096907591e-03 -9.573482466390748069e-01
2.893927594546884530e-01 1.361197578564755321e-03 -9.572094726425813827e-01
2.898505150986548373e-01 1.356415072334747054e-03 -9.570709668752532817e-01
2.903065964913275621e-01 1.351649369162818927e-03 -9.569327299648292540e-01
2.907610098746132299e-01 1.346900410013048954e-03 -9.567947625255467381e-01
2.912137614670635144e-01 1.342168136056924978e-03 -9.566570651582707585e-01
2.916648574639554847e-01 1.337452488672616737e-03 -9.565196384506220451e-01
2.921143040373717636e-01 1.332753409444249228e-03 -9.563824829771034874e-01
2.925621073362807967e-01 1.328070840161179548e-03 -9.562455992992263676e-01
2.930082734866164551e-01 1.323404722817276115e-03 -9.561089879656350377e-01
2.934528085913579720e-01 1.318754999610199626e-03 -9.559726495122307099e-01
2.938957187306094343e-01 1.314121612940687481e-03 -9.558365844622943586e-01
2.943370099616792746e-01 1.309504505411840597e-03 -9.557007933266085109e-01
2.947766883191595966e-01 1.304903619828411956e-03 -9.555652766035780399e-01
2.952147598150052232e-01 1.300318899196099050e-03 -9.554300347793500681e-01
2.956512304386127443e-01 1.295750286720836987e-03 -9.552950683279329835e-01
2.960861061568991759e-01 1.291197725808095704e-03 -9.551603777113140126e-01
2.965193929143808416e-01 1.286661160062178713e-03 -9.550259633795765701e-01
2.969510966332515878e-01 1.282140533285525087e-03 -9.548918257710161672e-01
2.973812232134613875e-01 1.277635789478012750e-03 -9.547579653122553189e-01
2.978097785327942781e-01 1.273146872836265027e-03 -9.546243824183580085e-01
2.982367684469464653e-01 1.268673727752960001e-03 -9.544910774929425967e-01
2.986621987896040942e-01 1.264216298816141183e-03 -9.543580509282942881e-01
2.990860753725209098e-01 1.259774530808531424e-03 -9.542253031054764856e-01
2.995084039855957503e-01 1.255348368706849004e-03 -9.540928343944413692e-01
2.999291903969498740e-01 1.250937757681126099e-03 -9.539606451541392529e-01
3.003484403530040092e-01 1.246542643094029424e-03 -9.538287357326273863e-01
3.007661595785554587e-01 1.242162970500184337e-03 -9.536971064671777576e-01
3.011823537768547054e-01 1.237798685645499384e-03 -9.535657576843840078e-01
3.015970286296821845e-01 1.233449734466494961e-03 -9.534346897002675680e-01
3.020101897974246663e-01 1.229116063089633710e-03 -9.533039028203826870e-01
3.024218429191514179e-01 1.224797617830653083e-03 -9.531733973399207915e-01
3.028319936126903644e-01 1.220494345193900293e-03 -9.530431735438139595e-01
3.032406474747040281e-01 1.216206191871669869e-03 -9.529132317068375047e-01
3.036478100807650793e-01 1.211933104743543590e-03 -9.527835720937118946e-01
3.040534869854319977e-01 1.207675030875731944e-03 -9.526541949592034486e-01
3.044576837223244015e-01 1.203431917520419265e-03 -9.525251005482248123e-01
3.048604058041980980e-01 1.199203712115109966e-03 -9.523962890959338790e-01
3.052616587230202461e-01 1.194990362281977145e-03 -9.522677608278323769e-01
3.056614479500439074e-01 1.190791815827214667e-03 -9.521395159598637914e-01
3.060597789358828757e-01 1.186608020740390328e-03 -9.520115546985097321e-01
3.064566571105859505e-01 1.182438925193801194e-03 -9.518838772408865223e-01
3.068520878837111554e-01 1.178284477541832178e-03 -9.517564837748402340e-01
3.072460766443998459e-01 1.174144626320316369e-03 -9.516293744790410569e-01
3.076386287614504833e-01 1.170019320245897299e-03 -9.515025495230771124e-01
3.080297495833923538e-01 1.165908508215393819e-03 -9.513760090675476011e-01
3.084194444385588985e-01 1.161812139305167576e-03 -9.512497532641547293e-01
3.088077186351612102e-01 1.157730162770491573e-03 -9.511237822557951915e-01
3.091945774613608089e-01 1.153662528044921984e-03 -9.509980961766507646e-01
3.095800261853428048e-01 1.149609184739671915e-03 -9.508726951522782356e-01
3.099640700553884520e-01 1.145570082642987124e-03 -9.507475792996987751e-01
3.103467142999475348e-01 1.141545171719524337e-03 -9.506227487274859778e-01
3.107279641277109206e-01 1.137534402109730870e-03 -9.504982035358539028e-01
3.111078247276823916e-01 1.133537724129227717e-03 -9.503739438167438935e-01
3.114863012692507538e-01 1.129555088268194155e-03 -9.502499696539107310e-01
3.118633989022613906e-01 1.125586445190754088e-03 -9.501262811230083427e-01
3.122391227570878725e-01 1.121631745734364988e-03 -9.500028782916744019e-01
3.126134779447032885e-01 1.117690940909209230e-03 -9.498797612196147044e-01
3.129864695567511901e-01 1.113763981897587362e-03 -9.497569299586862135e-01
3.133581026656167001e-01 1.109850820053313132e-03 -9.496343845529803263e-01
3.137283823244971237e-01 1.105951406901111095e-03 -9.495121250389042533e-01
3.140973135674725025e-01 1.102065694136015973e-03 -9.493901514452627310e-01
3.144649014095758366e-01 1.098193633622774820e-03 -9.492684637933387348e-01
3.148311508468633058e-01 1.094335177395250065e-03 -9.491470620969734151e-01
3.151960668564841583e-01 1.090490277655826448e-03 -9.490259463626451453e-01
3.155596543967503775e-01 1.086658886774817751e-03 -9.489051165895484585e-01
3.159219184072061815e-01 1.082840957289877854e-03 -9.487845727696722076e-01
3.162828638086974675e-01 1.079036441905412234e-03 -9.486643148878763920e-01
3.166424955034407018e-01 1.075245293491992708e-03 -9.485443429219693190e-01
3.170008183750920305e-01 1.071467465085772838e-03 -9.484246568427834312e-01
3.173578372888158361e-01 1.067702909887906790e-03 -9.483052566142509132e-01
3.177135570913532936e-01 1.063951581263969945e-03 -9.481861421934782985e-01
3.180679826110905939e-01 1.060213432743380580e-03 -9.480673135308205213e-01
3.184211186581271669e-01 1.056488418018824592e-03 -9.479487705699548572e-01
3.187729700243434605e-01 1.052776490945681953e-03 -9.478305132479534212e-01
3.191235414834686090e-01 1.049077605541455342e-03 -9.477125414953557758e-01
3.194728377911480455e-01 1.045391715985199846e-03 -9.475948552362403188e-01
3.198208636850106701e-01 1.041718776616956362e-03 -9.474774543882956701e-01
3.201676238847359079e-01 1.038058741937185206e-03 -9.473603388628908384e-01
3.205131230921205998e-01 1.034411566606202983e-03 -9.472435085651456088e-01
3.208573659911456710e-01 1.030777205443621182e-03 -9.471269633939992660e-01
3.212003572480425784e-01 1.027155613427785863e-03 -9.470107032422796500e-01
3.215421015113596459e-01 1.023546745695220594e-03 -9.468947279967713238e-01
3.218826034120279012e-01 1.019950557540070472e-03 -9.467790375382828527e-01
3.222218675634271889e-01 1.016367004413548745e-03 -9.466636317417140845e-01
3.225598985614516190e-01 1.012796041923384304e-03 -9.465485104761223178e-01
3.228967009845750136e-01 1.009237625833272426e-03 -9.464336736047883614e-01
3.232322793939161887e-01 1.005691712062326383e-03 -9.463191209852817032e-01
3.235666383333040130e-01 1.002158256684532091e-03 -9.462048524695253482e-01
3.238997823293421341e-01 9.986372159282034047e-04 -9.460908679038598779e-01
3.242317158914735931e-01 9.951285461754402328e-04 -9.459771671291070660e-01
3.245624435120453843e-01 9.916322039615879571e-04 -9.458637499806332727e-01
3.248919696663724044e-01 9.881481459746994499e-04 -9.457506162884116163e-01
3.252202988128016781e-01 9.846763290549983942e-04 -9.456377658770841466e-01
3.255474353927760300e-01 9.812167101943447718e-04 -9.455251985660234615e-01
3.258733838308977004e-01 9.777692465357018699e-04 -9.454129141693936589e-01
3.261981485349917387e-01 9.743338953726054553e-04 -9.453009124962106213e-01
3.265217338961691751e-01 9.709106141486353349e-04 -9.451891933504019683e-01
3.268441442888899706e-01 9.674993604568875652e-04 -9.450777565308665640e-01
3.271653840710258554e-01 9.641000920394495908e-04 -9.449666018315334703e-01
3.274854575839228343e-01 9.607127667868765744e-04 -9.448557290414203447e-01
3.278043691524635261e-01 9.573373427376697872e-04 -9.447451379446910602e-01
3.281221230851293913e-01 9.539737780777570592e-04 -9.446348283207135488e-01
3.284387236740626270e-01 9.506220311399747472e-04 -9.445247999441163111e-01
3.287541751951278957e-01 9.472820604035514383e-04 -9.444150525848450384e-01
3.290684819079739976e-01 9.439538244935939291e-04 -9.443055860082186781e-01
3.293816480560950444e-01 9.406372821805745067e-04 -9.441963999749845016e-01
3.296936778668916879e-01 9.373323923798202893e-04 -9.440874942413735038e-01
3.300045755517320711e-01 9.340391141510045190e-04 -9.439788685591545825e-01
3.303143453060125023e-01 9.307574066976391546e-04 -9.438705226756886058e-01
3.306229913092180728e-01 9.274872293665697423e-04 -9.437624563339822581e-01
3.309305177249827756e-01 9.242285416474716950e-04 -9.436546692727406649e-01
3.312369287011499575e-01 9.209813031723487406e-04 -9.435471612264204611e-01
3.315422283698318817e-01 9.177454737150324542e-04 -9.434399319252816385e-01
3.318464208474697363e-01 9.145210131906846094e-04 -9.433329810954396155e-01
3.321495102348929751e-01 9.113078816553000713e-04 -9.432263084589160851e-01
3.324515006173787146e-01 9.081060393052122924e-04 -9.431199137336903071e-01
3.327523960647107981e-01 9.049154464766003252e-04 -9.430137966337490685e-01
3.330522006312387484e-01 9.017360636449973542e-04 -9.429079568691368651e-01
3.333509183559364430e-01 8.985678514248011776e-04 -9.428023941460054180e-01
3.336485532624607342e-01 8.954107705687864259e-04 -9.426971081666627450e-01
3.339451093592095687e-01 8.922647819676182961e-04 -9.425920986296216775e-01
3.342405906393802195e-01 8.891298466493680226e-04 -9.424873652296481552e-01
3.345350010810272390e-01 8.860059257790305152e-04 -9.423829076578091879e-01
3.348283446471200797e-01 8.828929806580428650e-04 -9.422787256015199286e-01
3.351206252856006040e-01 8.797909727238053439e-04 -9.421748187445910805e-01
3.354118469294404825e-01 8.766998635492034885e-04 -9.420711867672748596e-01
3.357020134966982039e-01 8.736196148421321349e-04 -9.419678293463117358e-01
3.359911288905760296e-01 8.705501884450212976e-04 -9.418647461549757294e-01
3.362791969994768371e-01 8.674915463343632399e-04 -9.417619368631200416e-01
3.365662216970604637e-01 8.644436506202418224e-04 -9.416594011372219075e-01
3.368522068423000504e-01 8.614064635458627177e-04 -9.415571386404271159e-01
3.371371562795382748e-01 8.583799474870861196e-04 -9.414551490325939742e-01
3.374210738385431951e-01 8.553640649519605359e-04 -9.413534319703374953e-01
3.377039633345640390e-01 8.523587785802583163e-04 -9.412519871070723632e-01
3.379858285683866592e-01 8.493640511430130234e-04 -9.411508140930561206e-01
3.382666733263889891e-01 8.463798455420579962e-04 -9.410499125754318017e-01
3.385465013805961099e-01 8.434061248095672987e-04 -9.409492821982700095e-01
3.388253164887351510e-01 8.404428521075972113e-04 -9.408489226026109931e-01
3.391031223942901907e-01 8.374899907276305401e-04 -9.407488334265058372e-01
3.393799228265567680e-01 8.345475040901213608e-04 -9.406490143050579844e-01
3.396557215006961172e-01 8.316153557440421470e-04 -9.405494648704634253e-01
3.399305221177895686e-01 8.286935093664324174e-04 -9.404501847520516655e-01
3.402043283648923944e-01 8.257819287619483578e-04 -9.403511735763253609e-01
3.404771439150875434e-01 8.228805778624150458e-04 -9.402524309670000635e-01
3.407489724275394316e-01 8.199894207263792173e-04 -9.401539565450437452e-01
3.410198175475471216e-01 8.171084215386640931e-04 -9.400557499287153229e-01
3.412896829065977244e-01 8.142375446099260486e-04 -9.399578107336037380e-01
3.415585721224193572e-01 8.113767543762122596e-04 -9.398601385726660373e-01
3.418264887990338785e-01 8.085260153985201906e-04 -9.397627330562651204e-01
3.420934365268097355e-01 8.056852923623587098e-04 -9.396655937922075985e-01
3.423594188825141993e-01 8.028545500773106138e-04 -9.395687203857807646e-01
3.426244394293658235e-01 8.000337534765966695e-04 -9.394721124397898970e-01
3.428885017170863470e-01 7.972228676166413916e-04 -9.393757695545943420e-01
3.431516092819527075e-01 7.944218576766399033e-04 -9.392796913281440396e-01
3.434137656468486677e-01 7.916306889581268581e-04 -9.391838773560154952e-01
3.436749743213163288e-01 7.888493268845464448e-04 -9.390883272314471952e-01
3.439352388016074791e-01 7.860777370008244528e-04 -9.389930405453750240e-01
3.441945625707347745e-01 7.833158849729409887e-04 -9.388980168864671239e-01
3.444529490985225872e-01 7.805637365875054681e-04 -9.388032558411585349e-01
3.447104018416577986e-01 7.778212577513328018e-04 -9.387087569936853892e-01
3.449669242437404804e-01 7.750884144910208818e-04 -9.386145199261193284e-01
3.452225197353341324e-01 7.723651729525300193e-04 -9.385205442184005875e-01
3.454771917340159759e-01 7.696514994007634669e-04 -9.384268294483720796e-01
3.457309436444269135e-01 7.669473602191493504e-04 -9.383333751918118137e-01
3.459837788583215445e-01 7.642527219092246603e-04 -9.382401810224660910e-01
3.462357007546175702e-01 7.615675510902198938e-04 -9.381472465120819226e-01
3.464867126994455315e-01 7.588918144986458655e-04 -9.380545712304391159e-01
3.467368180461978255e-01 7.562254789878814941e-04 -9.379621547453821373e-01
3.469860201355780549e-01 7.535685115277632141e-04 -9.378699966228518647e-01
3.472343222956497666e-01 7.509208792041760158e-04 -9.377780964269167852e-01
3.474817278418853572e-01 7.482825492186454593e-04 -9.376864537198040805e-01
3.477282400772145898e-01 7.456534888879315327e-04 -9.375950680619301592e-01
3.479738622920729441e-01 7.430336656436238108e-04 -9.375039390119314087e-01
3.482185977644497998e-01 7.404230470317381321e-04 -9.374130661266941722e-01
3.484624497599365656e-01 7.378216007123142512e-04 -9.373224489613846133e-01
3.487054215317744732e-01 7.352292944590155515e-04 -9.372320870694784700e-01
3.489475163209022068e-01 7.326460961587297335e-04 -9.371419800027901426e-01
3.491887373560034757e-01 7.300719738111710209e-04 -9.370521273115021144e-01
3.494290878535543099e-01 7.275068955284837765e-04 -9.369625285441934848e-01
3.496685710178701889e-01 7.249508295348475271e-04 -9.368731832478685018e-01
3.499071900411529490e-01 7.224037441660832899e-04 -9.367840909679848727e-01
3.501449481035376898e-01 7.198656078692614166e-04 -9.366952512484818527e-01
3.503818483731392930e-01 7.173363892023106297e-04 -9.366066636318077787e-01
3.506178940060988847e-01 7.148160568336286861e-04 -9.365183276589477135e-01
3.508530881466301876e-01 7.123045795416941238e-04 -9.364302428694506464e-01
3.510874339270654287e-01 7.098019262146795273e-04 -9.363424088014563607e-01
3.513209344679014690e-01 7.073080658500664189e-04 -9.362548249917220788e-01
3.515535928778453778e-01 7.048229675542606919e-04 -9.361674909756492191e-01
3.517854122538601191e-01 7.023466005422104299e-04 -9.360804062873093745e-01
3.520163956812098482e-01 6.998789341370243756e-04 -9.359935704594702921e-01
3.522465462335052089e-01 6.974199377695917013e-04 -9.359069830236216303e-01
3.524758669727484084e-01 6.949695809782037307e-04 -9.358206435100002718e-01
3.527043609493781262e-01 6.925278334081764195e-04 -9.357345514476159698e-01
3.529320312023140893e-01 6.900946648114742463e-04 -9.356487063642757729e-01
3.531588807590017587e-01 6.876700450463356200e-04 -9.355631077866093381e-01
3.533849126354566828e-01 6.852539440768995894e-04 -9.354777552400930229e-01
3.536101298363087397e-01 6.828463319728336365e-04 -9.353926482490743100e-01
3.538345353548461025e-01 6.804471789089630964e-04 -9.353077863367960099e-01
3.540581321730591480e-01 6.780564551649013354e-04 -9.352231690254199092e-01
3.542809232616841997e-01 6.756741311246820987e-04 -9.351387958360503072e-01
3.545029115802470487e-01 6.733001772763921823e-04 -9.350546662887576632e-01
3.547241000771063080e-01 6.709345642118062737e-04 -9.349707799026014676e-01
3.549444916894967106e-01 6.685772626260223350e-04 -9.348871361956533343e-01
3.551640893435720758e-01 6.662282433170987200e-04 -9.348037346850195384e-01
3.553828959544482191e-01 6.638874771856925934e-04 -9.347205748868636643e-01
3.556009144262456956e-01 6.615549352346989992e-04 -9.346376563164289220e-01
3.558181476521323217e-01 6.592305885688923154e-04 -9.345549784880599065e-01
3.560345985143655856e-01 6.569144083945677084e-04 -9.344725409152246920e-01
3.562502698843349469e-01 6.546063660191849725e-04 -9.343903431105363699e-01
3.564651646226037474e-01 6.523064328510126946e-04 -9.343083845857744762e-01
3.566792855789512884e-01 6.500145803987742625e-04 -9.342266648519063077e-01
3.568926355924145200e-01 6.477307802712949569e-04 -9.341451834191076831e-01
3.571052174913296184e-01 6.454550041771501276e-04 -9.340639397967838153e-01
3.573170340933733979e-01 6.431872239243149967e-04 -9.339829334935901839e-01
3.575280882056046661e-01 6.409274114198151113e-04 -9.339021640174525185e-01
3.577383826245051912e-01 6.386755386693785319e-04 -9.338216308755873385e-01
3.579479201360208918e-01 6.364315777770891041e-04 -9.337413335745216036e-01
3.581567035156023593e-01 6.341955009450407068e-04 -9.336612716201128093e-01
3.583647355282456592e-01 6.319672804729930182e-04 -9.335814445175684151e-01
3.585720189285327986e-01 6.297468887580284736e-04 -9.335018517714652742e-01
3.587785564606720823e-01 6.275342982942103088e-04 -9.334224928857690617e-01
3.589843508585381926e-01 6.253294816722415779e-04 -9.333433673638529271e-01
3.591894048457122679e-01 6.231324115791259067e-04 -9.332644747085167003e-01
3.593937211355217598e-01 6.209430607978290049e-04 -9.331858144220052109e-01
3.595973024310801236e-01 6.187614022069416958e-04 -9.331073860060269398e-01
3.598001514253263977e-01 6.165874087803438139e-04 -9.330291889617723378e-01
3.600022708010646721e-01 6.144210535868694029e-04 -9.329512227899318111e-01
3.602036632310031128e-01 6.122623097899731071e-04 -9.328734869907137073e-01
3.604043313777933744e-01 6.101111506473978633e-04 -9.327959810638620786e-01
3.606042778940692362e-01 6.079675495108435683e-04 -9.327187045086740014e-01
3.608035054224856819e-01 6.058314798256368315e-04 -9.326416568240172289e-01
3.610020165957573135e-01 6.037029151304021358e-04 -9.325648375083473995e-01
3.611998140366969867e-01 6.015818290567341922e-04 -9.324882460597249123e-01
3.613969003582541140e-01 5.994681953288710525e-04 -9.324118819758319132e-01
3.615932781635528004e-01 5.973619877633688487e-04 -9.323357447539888376e-01
3.617889500459300356e-01 5.952631802687772915e-04 -9.322598338911709526e-01
3.619839185889734967e-01 5.931717468453165778e-04 -9.321841488840250101e-01
3.621781863665592405e-01 5.910876615845551659e-04 -9.321086892288850123e-01
3.623717559428895063e-01 5.890108986690888518e-04 -9.320334544217885320e-01
3.625646298725300198e-01 5.869414323722212546e-04 -9.319584439584923663e-01
3.627568107004472964e-01 5.848792370576446275e-04 -9.318836573344883023e-01
3.629483009620458889e-01 5.828242871791228371e-04 -9.318090940450187709e-01
3.631391031832054139e-01 5.807765572801744510e-04 -9.317347535850919460e-01
3.633292198803174111e-01 5.787360219937575604e-04 -9.316606354494972875e-01
3.635186535603219804e-01 5.767026560419556865e-04 -9.315867391328203073e-01
3.637074067207445305e-01 5.746764342356645546e-04 -9.315130641294576685e-01
3.638954818497321941e-01 5.726573314742798440e-04 -9.314396099336318402e-01
3.640828814260900770e-01 5.706453227453866725e-04 -9.313663760394056412e-01
3.642696079193174508e-01 5.686403831244494058e-04 -9.312933619406968955e-01
3.644556637896437801e-01 5.666424877745030939e-04 -9.312205671312923094e-01
3.646410514880645826e-01 5.646516119458456660e-04 -9.311479911048621272e-01
3.648257734563772892e-01 5.626677309757314267e-04 -9.310756333549736752e-01
3.650098321272166046e-01 5.606908202880656359e-04 -9.310034933751054620e-01
3.651932299240902569e-01 5.587208553930999569e-04 -9.309315706586608341e-01
3.653759692614141352e-01 5.567578118871289875e-04 -9.308598646989814096e-01
3.655580525445475959e-01 5.548016654521882021e-04 -9.307883749893607339e-01
3.657394821698283227e-01 5.528523918557525429e-04 -9.307171010230572694e-01
3.659202605246074658e-01 5.509099669504363131e-04 -9.306460422933076071e-01
3.661003899872842804e-01 5.489743666736939367e-04 -9.305751982933395672e-01
3.662798729273407661e-01 5.470455670475220201e-04 -9.305045685163850777e-01
3.664587117053763055e-01 5.451235441781623892e-04 -9.304341524556924981e-01
3.666369086731418037e-01 5.432082742558057764e-04 -9.303639496045397195e-01
3.668144661735741607e-01 5.412997335542972435e-04 -9.302939594562461556e-01
3.669913865408301890e-01 5.393978984308420372e-04 -9.302241815041853989e-01
3.671676721003206967e-01 5.375027453257128548e-04 -9.301546152417972113e-01
3.673433251687441836e-01 5.356142507619578684e-04 -9.300852601625995142e-01
3.675183480541207026e-01 5.337323913451100504e-04 -9.300161157602003792e-01
3.676927430558253329e-01 5.318571437628972576e-04 -9.299471815283099074e-01
3.678665124646215978e-01 5.299884847849534002e-04 -9.298784569607516648e-01
3.680396585626948269e-01 5.281263912625309108e-04 -9.298099415514743393e-01
3.682121836236852408e-01 5.262708401282137566e-04 -9.297416347945630655e-01
3.683840899127210911e-01 5.244218083956316435e-04 -9.296735361842508594e-01
3.685553796864515230e-01 5.225792731591756297e-04 -9.296056452149294991e-01
3.687260551930793828e-01 5.207432115937140650e-04 -9.295379613811607378e-01
3.688961186723938024e-01 5.189136009543098308e-04 -9.294704841776872950e-01
3.690655723558027845e-01 5.170904185759388812e-04 -9.294032130994434038e-01
3.692344184663656215e-01 5.152736418732090009e-04 -9.293361476415654687e-01
3.694026592188250357e-01 5.134632483400805147e-04 -9.292692872994028352e-01
3.695702968196394322e-01 5.116592155495872140e-04 -9.292026315685280036e-01
3.697373334670148726e-01 5.098615211535586925e-04 -9.291361799447471759e-01
3.699037713509370495e-01 5.080701428823432243e-04 -9.290699319241101373e-01
3.700696126532028729e-01 5.062850585445322679e-04 -9.290038870029204698e-01
3.702348595474522774e-01 5.045062460266854041e-04 -9.289380446777455447e-01
3.703995141991995865e-01 5.027336832930562500e-04 -9.288724044454264028e-01
3.705635787658650426e-01 5.009673483853197820e-04 -9.288069658030874143e-01
3.707270553968060045e-01 4.992072194223000922e-04 -9.287417282481459369e-01
3.708899462333480335e-01 4.974532745996994472e-04 -9.286766912783216421e-01
3.710522534088159241e-01 4.957054921898281039e-04 -9.286118543916463963e-01
3.712139790485647350e-01 4.939638505413353198e-04 -9.285472170864729202e-01
3.713751252700103755e-01 4.922283280789409039e-04 -9.284827788614845590e-01
3.715356941826604142e-01 4.904989033031680696e-04 -9.284185392157040528e-01
3.716956878881444437e-01 4.887755547900773717e-04 -9.283544976485025302e-01
3.718551084802446116e-01 4.870582611910007510e-04 -9.282906536596083891e-01
3.720139580449258743e-01 4.853470012322775315e-04 -9.282270067491161791e-01
3.721722386603661947e-01 4.836417537149906884e-04 -9.281635564174951503e-01
3.723299523969865188e-01 4.819424975147043621e-04 -9.281003021655979124e-01
3.724871013174807510e-01 4.802492115812020783e-04 -9.280372434946686511e-01
3.726436874768455643e-01 4.785618749382260510e-04 -9.279743799063518983e-01
3.727997129224100981e-01 4.768804666832172456e-04 -9.279117109027004151e-01
3.729551796938654906e-01 4.752049659870565251e-04 -9.278492359861835181e-01
3.731100898232944107e-01 4.735353520938066644e-04 -9.277869546596951844e-01
3.732644453352003677e-01 4.718716043204551234e-04 -9.277248664265619338e-01
3.734182482465369657e-01 4.702137020566579044e-04 -9.276629707905507116e-01
3.735715005667368804e-01 4.685616247644842219e-04 -9.276012672558766603e-01
3.737242042977410028e-01 4.669153519781620953e-04 -9.275397553272110018e-01
3.738763614340273045e-01 4.652748633038247534e-04 -9.274784345096883653e-01
3.740279739626395372e-01 4.636401384192581784e-04 -9.274173043089142254e-01
3.741790438632159321e-01 4.620111570736491367e-04 -9.273563642309726740e-01
3.743295731080177324e-01 4.603878990873345122e-04 -9.272956137824334144e-01
3.744795636619575596e-01 4.587703443515511802e-04 -9.272350524703589780e-01
3.746290174826278352e-01 4.571584728281870747e-04 -9.271746798023121627e-01
3.747779365203288693e-01 4.555522645495327437e-04 -9.271144952863626942e-01
3.749263227180970048e-01 4.539516996180342052e-04 -9.270544984310945535e-01
3.750741780117326507e-01 4.523567582060462910e-04 -9.269946887456124163e-01
3.752215043298280372e-01 4.507674205555871837e-04 -9.269350657395489801e-01
3.753683035937950274e-01 4.491836669780935494e-04 -9.268756289230710710e-01
3.755145777178928168e-01 4.476054778541767006e-04 -9.268163778068866376e-01
3.756603286092553007e-01 4.460328336333795182e-04 -9.267573119022511907e-01
3.758055581679186630e-01 4.444657148339342949e-04 -9.266984307209742422e-01
3.759502682868486878e-01 4.429041020425214460e-04 -9.266397337754256336e-01
3.760944608519678489e-01 4.413479759140288708e-04 -9.265812205785419753e-01
3.762381377421825102e-01 4.397973171713124522e-04 -9.265228906438325307e-01
3.763813008294099594e-01 4.382521066049572612e-04 -9.264647434853855446e-01
3.765239519786051092e-01 4.367123250730395203e-04 -9.264067786178743491e-01
3.766660930477874758e-01 4.351779535008894889e-04 -9.263489955565631373e-01
3.768077258880677682e-01 4.336489728808552691e-04 -9.262913938173129580e-01
3.769488523436744787e-01 4.321253642720672091e-04 -9.262339729165873781e-01
3.770894742519802501e-01 4.306071088002032818e-04 -9.261767323714584776e-01
3.772295934435284104e-01 4.290941876572554390e-04 -9.261196716996122902e-01
3.773692117420591186e-01 4.275865821012965083e-04 -9.260627904193543536e-01
3.775083309645354546e-01 4.260842734562479022e-04 -9.260060880496153723e-01
3.776469529211695653e-01 4.245872431116485212e-04 -9.259495641099564356e-01
3.777850794154485881e-01 4.230954725224240348e-04 -9.258932181205745682e-01
3.779227122441604636e-01 4.216089432086571939e-04 -9.258370496023077267e-01
3.780598531974196930e-01 4.201276367553588467e-04 -9.257810580766404618e-01
3.781965040586929283e-01 4.186515348122399859e-04 -9.257252430657084696e-01
3.783326666048246190e-01 4.171806190934843365e-04 -9.256696040923042546e-01
3.784683426060622691e-01 4.157148713775217041e-04 -9.256141406798815696e-01
3.786035338260819172e-01 4.142542735068025146e-04 -9.255588523525607458e-01
3.787382420220132828e-01 4.127988073875726253e-04 -9.255037386351333550e-01
3.788724689444649685e-01 4.113484549896493834e-04 -9.254487990530668728e-01
3.790062163375493842e-01 4.099031983461981716e-04 -9.253940331325096746e-01
3.791394859389077276e-01 4.084630195535098756e-04 -9.253394404002955875e-01
3.792722794797348529e-01 4.070279007707791109e-04 -9.252850203839483312e-01
3.794045986848039176e-01 4.055978242198830992e-04 -9.252307726116861808e-01
3.795364452724911408e-01 4.041727721851615758e-04 -9.251766966124262970e-01
3.796678209548002836e-01 4.027527270131973469e-04 -9.251227919157891666e-01
3.797987274373870181e-01 4.013376711125974435e-04 -9.250690580521030437e-01
3.799291664195832974e-01 3.999275869537754135e-04 -9.250154945524079464e-01
3.800591395944216688e-01 3.985224570687339392e-04 -9.249621009484600975e-01
3.801886486486593664e-01 3.971222640508487015e-04 -9.249088767727358107e-01
3.803176952628024021e-01 3.957269905546525156e-04 -9.248558215584358200e-01
3.804462811111294918e-01 3.943366192956206042e-04 -9.248029348394890548e-01
3.805744078617159243e-01 3.929511330499564680e-04 -9.247502161505567475e-01
3.807020771764572653e-01 3.915705146543784604e-04 -9.246976650270362086e-01
3.808292907110932268e-01 3.901947470059072298e-04 -9.246452810050647120e-01
3.809560501152309819e-01 3.888238130616538117e-04 -9.245930636215232701e-01
3.810823570323688125e-01 3.874576958386085354e-04 -9.245410124140401864e-01
3.812082130999194796e-01 3.860963784134306340e-04 -9.244891269209948303e-01
3.813336199492335932e-01 3.847398439222386138e-04 -9.244374066815213009e-01
3.814585792056225944e-01 3.833880755604013833e-04 -9.243858512355117574e-01
3.815830924883821251e-01 3.820410565823299234e-04 -9.243344601236201941e-01
3.817071614108148436e-01 3.806987703012700420e-04 -9.242832328872654379e-01
3.818307875802535722e-01 3.793612000890956171e-04 -9.242321690686349234e-01
3.819539725980839462e-01 3.780283293761024896e-04 -9.241812682106876897e-01
3.820767180597672286e-01 3.767001416508032781e-04 -9.241305298571578231e-01
3.821990255548629589e-01 3.753766204597229527e-04 -9.240799535525575648e-01
3.823208966670516018e-01 3.740577494071948422e-04 -9.240295388421805312e-01
3.824423329741569177e-01 3.727435121551576176e-04 -9.239792852721046001e-01
3.825633360481683898e-01 3.714338924229528167e-04 -9.239291923891953529e-01
3.826839074552635944e-01 3.701288739871233459e-04 -9.238792597411086271e-01
3.828040487558303506e-01 3.688284406812123058e-04 -9.238294868762937373e-01
3.829237615044887577e-01 3.675325763955628478e-04 -9.237798733439962495e-01
3.830430472501134553e-01 3.662412650771185185e-04 -9.237304186942607576e-01
3.831619075358553284e-01 3.649544907292244706e-04 -9.236811224779336582e-01
3.832803438991635447e-01 3.636722374114293257e-04 -9.236319842466661489e-01
3.833983578718072605e-01 3.623944892392876320e-04 -9.235830035529166704e-01
3.835159509798973243e-01 3.611212303841631363e-04 -9.235341799499534599e-01
3.836331247439078163e-01 3.598524450730326515e-04 -9.234855129918574379e-01
3.837498806786977523e-01 3.585881175882907378e-04 -9.234370022335244288e-01
3.838662202935322898e-01 3.573282322675549799e-04 -9.233886472306679360e-01
3.839821450921042101e-01 3.560727735034718605e-04 -9.233404475398212519e-01
3.840976565725551795e-01 3.548217257435236100e-04 -9.232924027183401217e-01
3.842127562274968433e-01 3.535750734898353807e-04 -9.232445123244051866e-01
3.843274455440319204e-01 3.523328012989833976e-04 -9.231967759170238708e-01
3.844417260037754080e-01 3.510948937818034340e-04 -9.231491930560330461e-01
3.845555990828752879e-01 3.498613356032004794e-04 -9.231017633021010305e-01
3.846690662520334536e-01 3.486321114819584629e-04 -9.230544862167298081e-01
3.847821289765264163e-01 3.474072061905512216e-04 -9.230073613622571393e-01
3.848947887162261772e-01 3.461866045549536332e-04 -9.229603883018587807e-01
3.850070469256205441e-01 3.449702914544538319e-04 -9.229135665995502613e-01
3.851189050538338376e-01 3.437582518214658042e-04 -9.228668958201892147e-01
3.852303645446473190e-01 3.425504706413426892e-04 -9.228203755294769328e-01
3.853414268365194517e-01 3.413469329521908921e-04 -9.227740052939605864e-01
3.854520933626062185e-01 3.401476238446846860e-04 -9.227277846810350015e-01
3.855623655507813830e-01 3.389525284618815173e-04 -9.226817132589444359e-01
3.856722448236564738e-01 3.377616319990379089e-04 -9.226357905967844664e-01
3.857817325986008794e-01 3.365749197034262298e-04 -9.225900162645036540e-01
3.858908302877618879e-01 3.353923768741516815e-04 -9.225443898329052095e-01
3.859995392980843931e-01 3.342139888619704777e-04 -9.224989108736488808e-01
3.861078610313308235e-01 3.330397410691081318e-04 -9.224535789592522850e-01
3.862157968841007927e-01 3.318696189490787205e-04 -9.224083936630927960e-01
3.863233482478507508e-01 3.307036080065047434e-04 -9.223633545594087657e-01
3.864305165089135796e-01 3.295416937969374710e-04 -9.223184612233014112e-01
3.865373030485180772e-01 3.283838619266779969e-04 -9.222737132307358143e-01
3.866437092428082756e-01 3.272300980525989951e-04 -9.222291101585429196e-01
3.867497364628628698e-01 3.260803878819670733e-04 -9.221846515844205339e-01
3.868553860747144246e-01 3.249347171722655604e-04 -9.221403370869346583e-01
3.869606594393685817e-01 3.237930717310182689e-04 -9.220961662455212648e-01
3.870655579128231549e-01 3.226554374156135295e-04 -9.220521386404870734e-01
3.871700828460871158e-01 3.215218001331290377e-04 -9.220082538530109950e-01
3.872742355851996332e-01 3.203921458401572976e-04 -9.219645114651455753e-01
3.873780174712488367e-01 3.192664605426317158e-04 -9.219209110598177714e-01
3.874814298403906343e-01 3.181447302956530747e-04 -9.218774522208303956e-01
3.875844740238675867e-01 3.170269412033169276e-04 -9.218341345328632253e-01
3.876871513480273923e-01 3.159130794185414275e-04 -9.217909575814738909e-01
3.877894631343414833e-01 3.148031311428958062e-04 -9.217479209530989870e-01
3.878914106994236777e-01 3.136970826264293415e-04 -9.217050242350554035e-01
3.879929953550484423e-01 3.125949201675011914e-04 -9.216622670155407704e-01
3.880942184081693225e-01 3.114966301126105000e-04 -9.216196488836347900e-01
3.881950811609372609e-01 3.104021988562273159e-04 -9.215771694293001248e-01
3.882955849107186941e-01 3.093116128406241615e-04 -9.215348282433831750e-01
3.883957309501138710e-01 3.082248585557079276e-04 -9.214926249176148554e-01
3.884955205669748390e-01 3.071419225388525806e-04 -9.214505590446117056e-01
3.885949550444233180e-01 3.060627913747323583e-04 -9.214086302178763344e-01
3.886940356608689084e-01 3.049874516951556701e-04 -9.213668380317984186e-01
3.887927636900266326e-01 3.039158901788993768e-04 -9.213251820816554805e-01
3.888911404009350314e-01 3.028480935515437747e-04 -9.212836619636133317e-01
3.889891670579735949e-01 3.017840485853083392e-04 -9.212422772747269617e-01
3.890868449208806368e-01 3.007237420988876308e-04 -9.212010276129409814e-01
3.891841752447707803e-01 2.996671609572881226e-04 -9.211599125770906227e-01
3.892811592801523890e-01 2.986142920716654617e-04 -9.211189317669017385e-01
3.893777982729451637e-01 2.975651223991623265e-04 -9.210780847829920237e-01
3.894740934644974062e-01 2.965196389427468809e-04 -9.210373712268709046e-01
3.895700460916033392e-01 2.954778287510517699e-04 -9.209967907009404264e-01
3.896656573865203699e-01 2.944396789182136039e-04 -9.209563428084956982e-01
3.897609285769861875e-01 2.934051765837131470e-04 -9.209160271537253362e-01
3.898558608862359720e-01 2.923743089322160477e-04 -9.208758433417115752e-01
3.899504555330193245e-01 2.913470631934140034e-04 -9.208357909784310458e-01
3.900447137316173096e-01 2.903234266418665754e-04 -9.207958696707549962e-01
3.901386366918592752e-01 2.893033865968435456e-04 -9.207560790264495143e-01
3.902322256191397276e-01 2.882869304221679242e-04 -9.207164186541760831e-01
3.903254817144350963e-01 2.872740455260592283e-04 -9.206768881634915802e-01
3.904184061743204426e-01 2.862647193609777364e-04 -9.206374871648488334e-01
3.905110001909860018e-01 2.852589394234688507e-04 -9.205982152695966203e-01
3.906032649522538924e-01 2.842566932540082736e-04 -9.205590720899800017e-01
3.906952016415945472e-01 2.832579684368477253e-04 -9.205200572391404323e-01
3.907868114381430891e-01 2.822627525998610415e-04 -9.204811703311159832e-01
3.908780955167158178e-01 2.812710334143909215e-04 -9.204424109808414523e-01
3.909690550478264748e-01 2.802827985950963265e-04 -9.204037788041484758e-01
3.910596911977023971e-01 2.792980358998000952e-04 -9.203652734177655281e-01
3.911500051283008372e-01 2.783167331293374264e-04 -9.203268944393181439e-01
3.912399979973249509e-01 2.773388781274047413e-04 -9.202886414873289178e-01
3.913296709582400057e-01 2.763644587804090337e-04 -9.202505141812175049e-01
3.914190251602892023e-01 2.753934630173179247e-04 -9.202125121413005093e-01
3.915080617485097725e-01 2.744258788095099342e-04 -9.201746349887915954e-01
3.915967818637486331e-01 2.734616941706257288e-04 -9.201368823458014878e-01
3.916851866426783180e-01 2.725008971564194232e-04 -9.200992538353376382e-01
3.917732772178127432e-01 2.715434758646106950e-04 -9.200617490813045585e-01
3.918610547175228609e-01 2.705894184347373333e-04 -9.200243677085031546e-01
3.919485202660522027e-01 2.696387130480083836e-04 -9.199871093426311708e-01
3.920356749835325338e-01 2.686913479271575635e-04 -9.199499736102825231e-01
3.921225199859992849e-01 2.677473113362976000e-04 -9.199129601389475219e-01
3.922090563854069289e-01 2.668065915807746216e-04 -9.198760685570124274e-01
3.922952852896445242e-01 2.658691770070234712e-04 -9.198392984937593386e-01
3.923812078025508687e-01 2.649350560024232360e-04 -9.198026495793658608e-01
3.924668250239298217e-01 2.640042169951533745e-04 -9.197661214449049938e-01
3.925521380495655133e-01 2.630766484540504927e-04 -9.197297137223446883e-01
3.926371479712373880e-01 2.621523388884653381e-04 -9.196934260445477349e-01
3.927218558767354151e-01 2.612312768481206068e-04 -9.196572580452713197e-01
3.928062628498749098e-01 2.603134509229689669e-04 -9.196212093591666914e-01
3.928903699705116881e-01 2.593988497430517871e-04 -9.195852796217789393e-01
3.929741783145568323e-01 2.584874619783582989e-04 -9.195494684695462162e-01
3.930576889539915686e-01 2.575792763386852463e-04 -9.195137755397999602e-01
3.931409029568820879e-01 2.566742815734969160e-04 -9.194782004707641176e-01
3.932238213873942012e-01 2.557724664717858708e-04 -9.194427429015545883e-01
3.933064453058080501e-01 2.548738198619340638e-04 -9.194074024721791139e-01
3.933887757685326503e-01 2.539783306115743857e-04 -9.193721788235366121e-01
3.934708138281205470e-01 2.530859876274528628e-04 -9.193370715974167329e-01
3.935525605332821919e-01 2.521967798552911255e-04 -9.193020804364993026e-01
3.936340169289004320e-01 2.513106962796495284e-04 -9.192672049843541027e-01
3.937151840560448868e-01 2.504277259237907031e-04 -9.192324448854398700e-01
3.937960629519862699e-01 2.495478578495435450e-04 -9.191977997851040749e-01
3.938766546502107113e-01 2.486710811571676881e-04 -9.191632693295823664e-01
3.939569601804338572e-01 2.477973849852185763e-04 -9.191288531659977945e-01
3.940369805686151361e-01 2.469267585104128050e-04 -9.190945509423603665e-01
3.941167168369717477e-01 2.460591909474941683e-04 -9.190603623075663808e-01
3.941961700039927630e-01 2.451946715490998683e-04 -9.190262869113977606e-01
3.942753410844531681e-01 2.443331896056275920e-04 -9.189923244045213879e-01
3.943542310894276870e-01 2.434747344451026693e-04 -9.189584744384886594e-01
3.944328410263047702e-01 2.426192954330459901e-04 -9.189247366657345983e-01
3.945111718988003058e-01 2.417668619723421656e-04 -9.188911107395772992e-01
3.945892247069715530e-01 2.409174235031083392e-04 -9.188575963142170400e-01
3.946670004472306870e-01 2.400709695025633240e-04 -9.188241930447357264e-01
3.947445001123586206e-01 2.392274894848972814e-04 -9.187909005870960044e-01
3.948217246915184386e-01 2.383869730011417521e-04 -9.187577185981408157e-01
3.948986751702691644e-01 2.375494096390403113e-04 -9.187246467355922874e-01
3.949753525305790269e-01 2.367147890229195483e-04 -9.186916846580511775e-01
3.950517577508391720e-01 2.358831008135604801e-04 -9.186588320249959860e-01
3.951278918058768741e-01 2.350543347080705345e-04 -9.186260884967820672e-01
3.952037556669689145e-01 2.342284804397559120e-04 -9.185934537346411854e-01
3.952793503018549592e-01 2.334055277779943551e-04 -9.185609274006801828e-01
3.953546766747507712e-01 2.325854665281084862e-04 -9.185285091578805350e-01
3.954297357463613105e-01 2.317682865312394708e-04 -9.184961986700972414e-01
3.955045284738939460e-01 2.309539776642211960e-04 -9.184639956020581586e-01
3.955790558110716115e-01 2.301425298394548012e-04 -9.184318996193628903e-01
3.956533187081457403e-01 2.293339330047838051e-04 -9.183999103884821213e-01
3.957273181119093097e-01 2.285281771433695036e-04 -9.183680275767566181e-01
3.958010549657097754e-01 2.277252522735669646e-04 -9.183362508523961187e-01
3.958745302094618390e-01 2.269251484488013200e-04 -9.183045798844788887e-01
3.959477447796605487e-01 2.261278557574445194e-04 -9.182730143429501668e-01
3.960206996093937892e-01 2.253333643226926254e-04 -9.182415538986218317e-01
3.960933956283552160e-01 2.245416643024433800e-04 -9.182101982231708481e-01
3.961658337628568560e-01 2.237527458891743946e-04 -9.181789469891387112e-01
3.962380149358418202e-01 2.229665993098215023e-04 -9.181477998699303367e-01
3.963099400668968486e-01 2.221832148256578428e-04 -9.181167565398129504e-01
3.963816100722647451e-01 2.214025827321730816e-04 -9.180858166739152004e-01
3.964530258648570893e-01 2.206246933589533349e-04 -9.180549799482262685e-01
3.965241883542665047e-01 2.198495370695612299e-04 -9.180242460395944271e-01
3.965950984467790930e-01 2.190771042614166693e-04 -9.179936146257263729e-01
3.966657570453868131e-01 2.183073853656777321e-04 -9.179630853851860062e-01
3.967361650497997494e-01 2.175403708471222784e-04 -9.179326579973935418e-01
3.968063233564583792e-01 2.167760512040296903e-04 -9.179023321426240667e-01
3.968762328585457855e-01 2.160144169680632898e-04 -9.178721075020069842e-01
3.969458944459997585e-01 2.152554587041529744e-04 -9.178419837575243490e-01
3.970153090055249523e-01 2.144991670103783398e-04 -9.178119605920102009e-01
3.970844774206049865e-01 2.137455325178522637e-04 -9.177820376891493437e-01
3.971534005715143256e-01 2.129945458906047607e-04 -9.177522147334761238e-01
3.972220793353303803e-01 2.122461978254673793e-04 -9.177224914103733200e-01
3.972905145859453313e-01 2.115004790519579782e-04 -9.176928674060711444e-01
3.973587071940781201e-01 2.107573803321658552e-04 -9.176633424076459100e-01
3.974266580272861615e-01 2.100168924606372824e-04 -9.176339161030189207e-01
3.974943679499771676e-01 2.092790062642615025e-04 -9.176045881809553606e-01
3.975618378234209160e-01 2.085437126021571315e-04 -9.175753583310630734e-01
3.976290685057609076e-01 2.078110023655588322e-04 -9.175462262437915628e-01
3.976960608520260232e-01 2.070808664777045306e-04 -9.175171916104304382e-01
3.977628157141420706e-01 2.063532958937230107e-04 -9.174882541231085264e-01
3.978293339409434415e-01 2.056282816005217812e-04 -9.174594134747924290e-01
3.978956163781846023e-01 2.049058146166754838e-04 -9.174306693592855222e-01
3.979616638685514740e-01 2.041858859923146002e-04 -9.174020214712266252e-01
3.980274772516729231e-01 2.034684868090146190e-04 -9.173734695060887789e-01
3.980930573641321413e-01 2.027536081796855289e-04 -9.173450131601779134e-01
3.981584050394780250e-01 2.020412412484616906e-04 -9.173166521306318488e-01
3.982235211082362780e-01 2.013313771905922509e-04 -9.172883861154187413e-01
3.982884063979209022e-01 2.006240072123316660e-04 -9.172602148133359723e-01
3.983530617330452439e-01 1.999191225508308739e-04 -9.172321379240088168e-01
3.984174879351332077e-01 1.992167144740287393e-04 -9.172041551478893329e-01
3.984816858227303582e-01 1.985167742805437957e-04 -9.171762661862549182e-01
3.985456562114150225e-01 1.978192932995665571e-04 -9.171484707412069781e-01
3.986093999138092259e-01 1.971242628907520194e-04 -9.171207685156697043e-01
3.986729177395898494e-01 1.964316744441127038e-04 -9.170931592133888532e-01
3.987362104954993991e-01 1.957415193799119440e-04 -9.170656425389303035e-01
3.987992789853569975e-01 1.950537891485576078e-04 -9.170382181976787228e-01
3.988621240100692633e-01 1.943684752304961972e-04 -9.170108858958363474e-01
3.989247463676411365e-01 1.936855691361073285e-04 -9.169836453404216492e-01
3.989871468531865362e-01 1.930050624055984834e-04 -9.169564962392677820e-01
3.990493262589392409e-01 1.923269466089003296e-04 -9.169294383010215821e-01
3.991112853742635469e-01 1.916512133455621760e-04 -9.169024712351419026e-01
3.991730249856648149e-01 1.909778542446479983e-04 -9.168755947518985039e-01
3.992345458768002397e-01 1.903068609646326804e-04 -9.168488085623704986e-01
3.992958488284893415e-01 1.896382251932987172e-04 -9.168221123784451310e-01
3.993569346187244573e-01 1.889719386476332156e-04 -9.167955059128163331e-01
3.994178040226812887e-01 1.883079930737253287e-04 -9.167689888789832819e-01
3.994784578127294483e-01 1.876463802466639614e-04 -9.167425609912490669e-01
3.995388967584426188e-01 1.869870919704358825e-04 -9.167162219647193577e-01
3.995991216266090995e-01 1.863301200778242164e-04 -9.166899715153010719e-01
3.996591331812421322e-01 1.856754564303072597e-04 -9.166638093597007098e-01
3.997189321835901699e-01 1.850230929179576776e-04 -9.166377352154231328e-01
3.997785193921470914e-01 1.843730214593420258e-04 -9.166117488007702319e-01
3.998378955626624154e-01 1.837252340014206237e-04 -9.165858498348392613e-01
3.998970614481515695e-01 1.830797225194478084e-04 -9.165600380375216183e-01
3.999560177989058274e-01 1.824364790168725404e-04 -9.165343131295015100e-01
4.000147653625026334e-01 1.817954955252393072e-04 -9.165086748322540666e-01
4.000733048838154282e-01 1.811567641040894613e-04 -9.164831228680444530e-01
4.001316371050238629e-01 1.805202768408627743e-04 -9.164576569599262035e-01
4.001897627656236800e-01 1.798860258507995065e-04 -9.164322768317395562e-01
4.002476826024366496e-01 1.792540032768426934e-04 -9.164069822081104544e-01
4.003053973496204510e-01 1.786242012895408108e-04 -9.163817728144486585e-01
4.003629077386786084e-01 1.779966120869507667e-04 -9.163566483769466364e-01
4.004202144984702616e-01 1.773712278945412709e-04 -9.163316086225778978e-01
4.004773183552199911e-01 1.767480409650965586e-04 -9.163066532790954399e-01
4.005342200325274771e-01 1.761270435786203294e-04 -9.162817820750306375e-01
4.005909202513773248e-01 1.755082280422402298e-04 -9.162569947396915770e-01
4.006474197301486684e-01 1.748915866901124699e-04 -9.162322910031612810e-01
4.007037191846248292e-01 1.742771118833268476e-04 -9.162076705962968193e-01
4.007598193280029197e-01 1.736647960098122061e-04 -9.161831332507271997e-01
4.008157208709033914e-01 1.730546314842420542e-04 -9.161586786988524800e-01
4.008714245213795824e-01 1.724466107479406471e-04 -9.161343066738418806e-01
4.009269309849272100e-01 1.718407262687893114e-04 -9.161100169096323409e-01
4.009822409644937524e-01 1.712369705411331767e-04 -9.160858091409271875e-01
4.010373551604879960e-01 1.706353360856881782e-04 -9.160616831031944685e-01
4.010922742707893063e-01 1.700358154494484113e-04 -9.160376385326653992e-01
4.011469989907570088e-01 1.694384012055937850e-04 -9.160136751663331411e-01
4.012015300132396600e-01 1.688430859533980274e-04 -9.159897927419511365e-01
4.012558680285844837e-01 1.682498623181370430e-04 -9.159659909980314429e-01
4.013100137246464194e-01 1.676587229509974881e-04 -9.159422696738432901e-01
4.013639677867973377e-01 1.670696605289858055e-04 -9.159186285094118585e-01
4.014177308979353653e-01 1.664826677548374503e-04 -9.158950672455162811e-01
4.014713037384938232e-01 1.658977373569265213e-04 -9.158715856236885333e-01
4.015246869864504964e-01 1.653148620891756637e-04 -9.158481833862116561e-01
4.015778813173365713e-01 1.647340347309663247e-04 -9.158248602761183133e-01
4.016308874042457400e-01 1.641552480870493063e-04 -9.158016160371892367e-01
4.016837059178431368e-01 1.635784949874556171e-04 -9.157784504139516724e-01
4.017363375263743319e-01 1.630037682874076492e-04 -9.157553631516778259e-01
4.017887828956742680e-01 1.624310608672307067e-04 -9.157323539963835302e-01
4.018410426891761422e-01 1.618603656322647251e-04 -9.157094226948264692e-01
4.018931175679201773e-01 1.612916755127764509e-04 -9.156865689945047349e-01
4.019450081905625582e-01 1.607249834638718646e-04 -9.156637926436552721e-01
4.019967152133842037e-01 1.601602824654089032e-04 -9.156410933912522143e-01
4.020482392902995361e-01 1.595975655219104524e-04 -9.156184709870054395e-01
4.020995810728650866e-01 1.590368256624777462e-04 -9.155959251813591271e-01
4.021507412102883205e-01 1.584780559407039560e-04 -9.155734557254900929e-01
4.022017203494362425e-01 1.579212494345881861e-04 -9.155510623713061236e-01
4.022525191348439444e-01 1.573663992464497134e-04 -9.155287448714446441e-01
4.023031382087233765e-01 1.568134985028425254e-04 -9.155065029792709419e-01
4.023535782109716741e-01 1.562625403544701556e-04 -9.154843364488768342e-01
4.024038397791798727e-01 1.557135179761008994e-04 -9.154622450350788920e-01
4.024539235486413458e-01 1.551664245664832189e-04 -9.154402284934168854e-01
4.025038301523602424e-01 1.546212533482614734e-04 -9.154182865801525626e-01
4.025535602210598696e-01 1.540779975678920023e-04 -9.153964190522675404e-01
4.026031143831911852e-01 1.535366504955594242e-04 -9.153746256674621939e-01
4.026524932649410693e-01 1.529972054250933167e-04 -9.153529061841537695e-01
4.027016974902407620e-01 1.524596556738850846e-04 -9.153312603614750520e-01
4.027507276807740233e-01 1.519239945828052083e-04 -9.153096879592728108e-01
4.027995844559855154e-01 1.513902155161207905e-04 -9.152881887381059123e-01
4.028482684330890184e-01 1.508583118614132378e-04 -9.152667624592439877e-01
4.028967802270756460e-01 1.503282770294964849e-04 -9.152454088846658786e-01
4.029451204507218942e-01 1.498001044543352458e-04 -9.152241277770579719e-01
4.029932897145979132e-01 1.492737875929637799e-04 -9.152029188998126452e-01
4.030412886270756667e-01 1.487493199254047937e-04 -9.151817820170267126e-01
4.030891177943368708e-01 1.482266949545886134e-04 -9.151607168934998704e-01
4.031367778203810981e-01 1.477059062062727917e-04 -9.151397232947330318e-01
4.031842693070337713e-01 1.471869472289618762e-04 -9.151188009869267725e-01
4.032315928539542682e-01 1.466698115938274501e-04 -9.150979497369797766e-01
4.032787490586438039e-01 1.461544928946285514e-04 -9.150771693124871708e-01
4.033257385164532582e-01 1.456409847476322552e-04 -9.150564594817391928e-01
4.033725618205912244e-01 1.451292807915346625e-04 -9.150358200137194142e-01
4.034192195621318366e-01 1.446193746873820245e-04 -9.150152506781029649e-01
4.034657123300225967e-01 1.441112601184922734e-04 -9.149947512452554221e-01
4.035120407110921459e-01 1.436049307903767159e-04 -9.149743214862308127e-01
4.035582052900580918e-01 1.431003804306621332e-04 -9.149539611727702804e-01
4.036042066495347247e-01 1.425976027890129899e-04 -9.149336700773003095e-01
4.036500453700407887e-01 1.420965916370540755e-04 -9.149134479729311709e-01
4.036957220300071425e-01 1.415973407682933098e-04 -9.148932946334557004e-01
4.037412372057843646e-01 1.410998439980448726e-04 -9.148732098333470786e-01
4.037865914716504689e-01 1.406040951633526052e-04 -9.148531933477577205e-01
4.038317853998185103e-01 1.401100881229136279e-04 -9.148332449525176102e-01
4.038768195604440780e-01 1.396178167570022834e-04 -9.148133644241325246e-01
4.039216945216329568e-01 1.391272749673943241e-04 -9.147935515397827011e-01
4.039664108494484540e-01 1.386384566772913432e-04 -9.147738060773209501e-01
4.040109691079191712e-01 1.381513558312455578e-04 -9.147541278152714339e-01
4.040553698590461651e-01 1.376659663950847285e-04 -9.147345165328277794e-01
4.040996136628106083e-01 1.371822823558374572e-04 -9.147149720098516346e-01
4.041437010771810612e-01 1.367002977216586488e-04 -9.146954940268711143e-01
4.041876326581209100e-01 1.362200065217553514e-04 -9.146760823650790240e-01
4.042314089595956950e-01 1.357414028063127056e-04 -9.146567368063315273e-01
4.042750305335804373e-01 1.352644806464203266e-04 -9.146374571331463699e-01
4.043184979300668558e-01 1.347892341339988233e-04 -9.146182431287013248e-01
4.043618116970708054e-01 1.343156573817265594e-04 -9.145990945768326386e-01
4.044049723806393826e-01 1.338437445229667688e-04 -9.145800112620335875e-01
4.044479805248581417e-01 1.333734897116949135e-04 -9.145609929694527018e-01
4.044908366718583115e-01 1.329048871224262050e-04 -9.145420394848922108e-01
4.045335413618239007e-01 1.324379309501434775e-04 -9.145231505948064887e-01
4.045760951329989141e-01 1.319726154102252242e-04 -9.145043260863003898e-01
4.046184985216944030e-01 1.315089347383739855e-04 -9.144855657471279153e-01
4.046607520622955145e-01 1.310468831905449547e-04 -9.144668693656904379e-01
4.047028562872685975e-01 1.305864550428747725e-04 -9.144482367310350357e-01
4.047448117271681411e-01 1.301276445916106476e-04 -9.144296676328531603e-01
4.047866189106438806e-01 1.296704461530396940e-04 -9.144111618614787496e-01
4.048282783644476246e-01 1.292148540634185114e-04 -9.143927192078870059e-01
4.048697906134404167e-01 1.287608626789030653e-04 -9.143743394636925093e-01
4.049111561805991411e-01 1.283084663754787010e-04 -9.143560224211478848e-01
4.049523755870237385e-01 1.278576595488905383e-04 -9.143377678731420266e-01
4.049934493519438128e-01 1.274084366145740010e-04 -9.143195756131986540e-01
4.050343779927256249e-01 1.269607920075856719e-04 -9.143014454354745357e-01
4.050751620248788099e-01 1.265147201825343379e-04 -9.142833771347582683e-01
4.051158019620632600e-01 1.260702156135123052e-04 -9.142653705064683889e-01
4.051562983160957865e-01 1.256272727940269053e-04 -9.142474253466519318e-01
4.051966515969568916e-01 1.251858862369323257e-04 -9.142295414519829855e-01
4.052368623127975411e-01 1.247460504743616301e-04 -9.142117186197606937e-01
4.052769309699457145e-01 1.243077600576589963e-04 -9.141939566479082568e-01
4.053168580729132331e-01 1.238710095573122513e-04 -9.141762553349708220e-01
4.053566441244022545e-01 1.234357935628855967e-04 -9.141586144801143732e-01
4.053962896253119341e-01 1.230021066829525508e-04 -9.141410338831239546e-01
4.054357950747450312e-01 1.225699435450292160e-04 -9.141235133444020056e-01
4.054751609700144033e-01 1.221392987955077086e-04 -9.141060526649670281e-01
4.055143878066495566e-01 1.217101670995898331e-04 -9.140886516464518108e-01
4.055534760784033077e-01 1.212825431412209724e-04 -9.140713100911019851e-01
4.055924262772580002e-01 1.208564216230242639e-04 -9.140540278017745823e-01
4.056312388934322222e-01 1.204317972662349775e-04 -9.140368045819361464e-01
4.056699144153870784e-01 1.200086648106350978e-04 -9.140196402356614014e-01
4.057084533298326301e-01 1.195870190144881774e-04 -9.140025345676318080e-01
4.057468561217343339e-01 1.191668546544744062e-04 -9.139854873831336768e-01
4.057851232743194259e-01 1.187481665256258850e-04 -9.139684984880569463e-01
4.058232552690831940e-01 1.183309494412621829e-04 -9.139515676888934070e-01
4.058612525857952513e-01 1.179151982329260443e-04 -9.139346947927353693e-01
4.058991157025059748e-01 1.175009077503193938e-04 -9.139178796072737754e-01
4.059368450955526675e-01 1.170880728612395174e-04 -9.139011219407969788e-01
4.059744412395658308e-01 1.166766884515154875e-04 -9.138844216021890787e-01
4.060119046074754379e-01 1.162667494249448050e-04 -9.138677784009283656e-01
4.060492356705169836e-01 1.158582507032302850e-04 -9.138511921470856558e-01
4.060864348982378691e-01 1.154511872259171459e-04 -9.138346626513231818e-01
4.061235027585033963e-01 1.150455539503303024e-04 -9.138181897248923713e-01
4.061604397175029302e-01 1.146413458515118874e-04 -9.138017731796330700e-01
4.061972462397560601e-01 1.142385579221590606e-04 -9.137854128279713217e-01
4.062339227881186510e-01 1.138371851725619098e-04 -9.137691084829182575e-01
4.062704698237888934e-01 1.134372226305416790e-04 -9.137528599580684308e-01
4.063068878063133549e-01 1.130386653413891586e-04 -9.137366670675983737e-01
4.063431771935929193e-01 1.126415083678033329e-04 -9.137205296262649323e-01
4.063793384418889487e-01 1.122457467898301773e-04 -9.137044474494037116e-01
4.064153720058291119e-01 1.118513757048017254e-04 -9.136884203529277437e-01
4.064512783384133798e-01 1.114583902272753545e-04 -9.136724481533259334e-01
4.064870578910199095e-01 1.110667854889732460e-04 -9.136565306676612819e-01
4.065227111134110394e-01 1.106765566387220767e-04 -9.136406677135695542e-01
4.065582384537391181e-01 1.102876988423929269e-04 -9.136248591092579474e-01
4.065936403585523329e-01 1.099002072828413919e-04 -9.136091046735030918e-01
4.066289172728005386e-01 1.095140771598479372e-04 -9.135934042256501630e-01
4.066640696398411969e-01 1.091293036900583760e-04 -9.135777575856106614e-01
4.066990979014450391e-01 1.087458821069246578e-04 -9.135621645738615237e-01
4.067340024978018387e-01 1.083638076606458205e-04 -9.135466250114433473e-01
4.067687838675262957e-01 1.079830756181091316e-04 -9.135311387199587241e-01
4.068034424476636435e-01 1.076036812628314461e-04 -9.135157055215710198e-01
4.068379786736953663e-01 1.072256198949008229e-04 -9.135003252390027084e-01
4.068723929795449723e-01 1.068488868309182483e-04 -9.134849976955339290e-01
4.069066857975834894e-01 1.064734774039396585e-04 -9.134697227150010423e-01
4.069408575586352939e-01 1.060993869634181111e-04 -9.134545001217948546e-01
4.069749086919836056e-01 1.057266108751461731e-04 -9.134393297408596180e-01
4.070088396253762064e-01 1.053551445211985262e-04 -9.134242113976910327e-01
4.070426507850308795e-01 1.049849832998747342e-04 -9.134091449183351363e-01
4.070763425956411274e-01 1.046161226256422548e-04 -9.133941301293865278e-01
4.071099154803815012e-01 1.042485579290796407e-04 -9.133791668579869238e-01
4.071433698609133733e-01 1.038822846568199178e-04 -9.133642549318239379e-01
4.071767061573902113e-01 1.035172982714941921e-04 -9.133493941791294146e-01
4.072099247884631845e-01 1.031535942516754214e-04 -9.133345844286777648e-01
4.072430261712866040e-01 1.027911680918224289e-04 -9.133198255097848550e-01
4.072760107215233072e-01 1.024300153022240808e-04 -9.133051172523062311e-01
4.073088788533500981e-01 1.020701314089436667e-04 -9.132904594866358972e-01
4.073416309794632428e-01 1.017115119537634696e-04 -9.132758520437045391e-01
4.073742675110836320e-01 1.013541524941295394e-04 -9.132612947549781923e-01
4.074067888579623320e-01 1.009980486030966562e-04 -9.132467874524570206e-01
4.074391954283858586e-01 1.006431958692735238e-04 -9.132323299686734286e-01
4.074714876291814503e-01 1.002895898967680718e-04 -9.132179221366909516e-01
4.075036658657223976e-01 9.993722630513302832e-05 -9.132035637901024794e-01
4.075357305419333165e-01 9.958610072931165620e-05 -9.131892547630291457e-01
4.075676820602954220e-01 9.923620881958366440e-05 -9.131749948901185521e-01
4.075995208218517463e-01 9.888754624151133697e-05 -9.131607840065435466e-01
4.076312472262123010e-01 9.854010867588582426e-05 -9.131466219480006696e-01
4.076628616715594622e-01 9.819389181867365117e-05 -9.131325085507085992e-01
4.076943645546529105e-01 9.784889138096340146e-05 -9.131184436514069303e-01
4.077257562708349603e-01 9.750510308891256479e-05 -9.131044270873545088e-01
4.077570372140356669e-01 9.716252268369461403e-05 -9.130904586963282110e-01
4.077882077767778224e-01 9.682114592144624532e-05 -9.130765383166213889e-01
4.078192683501822291e-01 9.648096857321479427e-05 -9.130626657870423157e-01
4.078502193239726403e-01 9.614198642490585543e-05 -9.130488409469129651e-01
4.078810610864810338e-01 9.580419527723107792e-05 -9.130350636360674565e-01
4.079117940246523855e-01 9.546759094565615089e-05 -9.130213336948507230e-01
4.079424185240498879e-01 9.513216926034895153e-05 -9.130076509641168458e-01
4.079729349688598350e-01 9.479792606612789637e-05 -9.129940152852279445e-01
4.080033437418967845e-01 9.446485722241046879e-05 -9.129804265000525110e-01
4.080336452246083323e-01 9.413295860316192273e-05 -9.129668844509640779e-01
4.080638397970801634e-01 9.380222609684418962e-05 -9.129533889808398861e-01
4.080939278380409929e-01 9.347265560636489382e-05 -9.129399399330593301e-01
4.081239097248674508e-01 9.314424304902666613e-05 -9.129265371515025151e-01
4.081537858335890223e-01 9.281698435647652511e-05 -9.129131804805491468e-01
4.081835565388928777e-01 9.249087547465547525e-05 -9.128998697650766436e-01
4.082132222141287015e-01 9.216591236374830839e-05 -9.128866048504592490e-01
4.082427832313136329e-01 9.184209099813352714e-05 -9.128733855825661436e-01
4.082722399611370401e-01 9.151940736633352579e-05 -9.128602118077604466e-01
4.083015927729652939e-01 9.119785747096485252e-05 -9.128470833728975498e-01
4.083308420348465972e-01 9.087743732868868850e-05 -9.128340001253238967e-01
4.083599881135158149e-01 9.055814297016155732e-05 -9.128209619128754282e-01
4.083890313743990808e-01 9.023997043998607511e-05 -9.128079685838763613e-01
4.084179721816186825e-01 8.992291579666201237e-05 -9.127950199871376347e-01
4.084468108979976697e-01 8.960697511253743711e-05 -9.127821159719555766e-01
4.084755478850645716e-01 8.929214447376007484e-05 -9.127692563881106835e-01
4.085041835030581714e-01 8.897841998022881760e-05 -9.127564410858659549e-01
4.085327181109320582e-01 8.866579774554539568e-05 -9.127436699159656719e-01
4.085611520663594010e-01 8.835427389696625256e-05 -9.127309427296341759e-01
4.085894857257373891e-01 8.804384457535456901e-05 -9.127182593785742037e-01
4.086177194441920069e-01 8.773450593513243618e-05 -9.127056197149656658e-01
4.086458535755826404e-01 8.742625414423325914e-05 -9.126930235914642031e-01
4.086738884725065191e-01 8.711908538405422817e-05 -9.126804708611999661e-01
4.087018244863034333e-01 8.681299584940906111e-05 -9.126679613777761713e-01
4.087296619670601761e-01 8.650798174848085408e-05 -9.126554949952677687e-01
4.087574012636150944e-01 8.620403930277508136e-05 -9.126430715682198880e-01
4.087850427235626416e-01 8.590116474707282560e-05 -9.126306909516468391e-01
4.088125866932578178e-01 8.559935432938410289e-05 -9.126183530010304468e-01
4.088400335178206668e-01 8.529860431090141831e-05 -9.126060575723189405e-01
4.088673835411408275e-01 8.499891096595341622e-05 -9.125938045219254002e-01
4.088946371058818086e-01 8.470027058195874750e-05 -9.125815937067265349e-01
4.089217945534855403e-01 8.440267945938005872e-05 -9.125694249840612393e-01
4.089488562241767600e-01 8.410613391167819813e-05 -9.125572982117294840e-01
4.089758224569673972e-01 8.381063026526648944e-05 -9.125452132479907608e-01
4.090026935896610150e-01 8.351616485946530377e-05 -9.125331699515627504e-01
4.090294699588570837e-01 8.322273404645661799e-05 -9.125211681816201015e-01
4.090561518999553670e-01 8.293033419123891194e-05 -9.125092077977930982e-01
4.090827397471602511e-01 8.263896167158209271e-05 -9.124972886601663280e-01
4.091092338334850753e-01 8.234861287798260867e-05 -9.124854106292771272e-01
4.091356344907564058e-01 8.205928421361878035e-05 -9.124735735661146929e-01
4.091619420496184212e-01 8.177097209430621262e-05 -9.124617773321184178e-01
4.091881568395369650e-01 8.148367294845339660e-05 -9.124500217891767795e-01
4.092142791888040421e-01 8.119738321701747423e-05 -9.124383067996257868e-01
4.092403094245419259e-01 8.091209935346015190e-05 -9.124266322262480911e-01
4.092662478727073228e-01 8.062781782370373603e-05 -9.124149979322710990e-01
4.092920948580957563e-01 8.034453510608741264e-05 -9.124034037813661957e-01
4.093178507043455649e-01 8.006224769132354042e-05 -9.123918496376471898e-01
4.093435157339422870e-01 7.978095208245425559e-05 -9.123803353656690929e-01
4.093690902682225463e-01 7.950064479480811730e-05 -9.123688608304267866e-01
4.093945746273784936e-01 7.922132235595691580e-05 -9.123574258973536910e-01
4.094199691304616917e-01 7.894298130567271084e-05 -9.123460304323205428e-01
4.094452740953873904e-01 7.866561819588491092e-05 -9.123346743016341742e-01
4.094704898389385228e-01 7.838922959063759628e-05 -9.123233573720360701e-01
4.094956166767698136e-01 7.811381206604696404e-05 -9.123120795107010350e-01
4.095206549234119420e-01 7.783936221025885454e-05 -9.123008405852363056e-01
4.095456048922754833e-01 7.756587662340654879e-05 -9.122896404636798851e-01
4.095704668956549610e-01 7.729335191756862009e-05 -9.122784790144993217e-01
4.095952412447329549e-01 7.702178471672697544e-05 -9.122673561065905989e-01
4.096199282495839311e-01 7.675117165672501885e-05 -9.122562716092768031e-01
4.096445282191784054e-01 7.648150938522599090e-05 -9.122452253923067911e-01
4.096690414613868847e-01 7.621279456167144378e-05 -9.122342173258540798e-01
4.096934682829838081e-01 7.594502385723983832e-05 -9.122232472805152925e-01
4.097178089896515440e-01 7.567819395480531721e-05 -9.122123151273092700e-01
