2.722075515025447374e-08 -2.199667280426805697e-06 9.999999999975803799e-01
4.084024232098820803e-06 -1.450970445377421027e-04 9.999999894650842824e-01
2.223257270561244966e-05 -5.073707443849888050e-04 9.999998710403121827e-01
6.462700869328729053e-05 -1.088023275200018835e-03 9.999994060141750296e-01
1.412150990435284605e-04 -1.885601847668474463e-03 9.999982122803862117e-01
2.617186862539013382e-04 -2.898217061663702597e-03 9.999957659116327502e-01
4.356154446338895308e-04 -4.123562074614172367e-03 9.999914032005481346e-01
6.721219160708942963e-04 -5.558932178568054376e-03 9.999843231397000931e-01
9.801777977883681815e-04 -7.201244718905054285e-03 9.999735903142559224e-01
1.368431452742673460e-03 -9.047059293149632697e-03 9.999581381805469071e-01
1.845226612129847619e-03 -1.109259817355743617e-02 9.999367727034097486e-01
2.418590238802070976e-03 -1.333376690203660550e-02 9.999081763249360044e-01
3.096221520162184722e-03 -1.576617501049520573e-02 9.998709122370932345e-01
3.885481959248774254e-03 -1.838515682385100797e-02 9.998234289305822919e-01
4.793386533180409720e-03 -2.118579230668418342e-02 9.997640649922768796e-01
5.826595888833259115e-03 -2.416292791784833277e-02 9.996910541236153636e-01
6.991409546521059823e-03 -2.731119744027918697e-02 9.996025303524053163e-01
8.293760083472795364e-03 -3.062504275575823887e-02 9.994965334106397092e-01
9.739208270006663795e-03 -3.409873453651129926e-02 9.993710142511048611e-01
1.133293913242837750e-02 -3.772639282726591298e-02 9.992238406757834035e-01
1.307975891779037010e-02 -4.150200749277777740e-02 9.990528030493291967e-01
1.498409293669367322e-02 -4.541945850689029646e-02 9.988556200711918853e-01
1.704998426125811997e-02 -4.947253605994165332e-02 9.986299445803177299e-01
1.928109325619551534e-02 -5.365496046181223583e-02 9.983733693667350417e-01
2.168069792156680775e-02 -5.796040181814716974e-02 9.980834329647559899e-01
2.425169502626359913e-02 -6.238249945732777385e-02 9.977576254029880687e-01
2.699660201150941644e-02 -6.691488108564247472e-02 9.973933938868486671e-01
2.991755964371204529e-02 -7.155118164785623236e-02 9.969881483898193064e-01
3.301633539580738075e-02 -7.628506187003959715e-02 9.965392671302599759e-01
3.629432753581270099e-02 -8.111022646112792112e-02 9.960441019112294958e-01
3.975256990065412221e-02 -8.602044194927831178e-02 9.954999833014285260e-01
4.339173733245335618e-02 -9.100955412870768979e-02 9.949042256360989267e-01
4.721215175336236636e-02 -9.607150509236737912e-02 9.942541318174671350e-01
5.121378885373199796e-02 -1.012003498255656941e-01 9.935469978951316783e-01
5.539628536690978378e-02 -1.063902723355195645e-01 9.927801174076373858e-01
5.975894690230031808e-02 -1.116356012918265223e-01 9.919507854673743630e-01
6.430075630651022056e-02 -1.169308251530175452e-01 9.910563025718801544e-01
6.902038252046314992e-02 -1.222706067547029152e-01 9.900939781255951866e-01
7.391618989833327602e-02 -1.276497973353688531e-01 9.890611336571435430e-01
7.898624795203361415e-02 -1.330634499766346623e-01 9.879551057182592855e-01
8.422834148283862843e-02 -1.385068324357474900e-01 9.867732484515717717e-01
8.963998105954307238e-02 -1.439754393492730655e-01 9.855129358155730879e-01
9.521841380039074154e-02 -1.494650037883435145e-01 9.841715634562345771e-01
1.009606344138747058e-01 -1.549715081474342671e-01 9.827465502159034028e-01
1.068633964514394824e-01 -1.604911943504579164e-01 9.812353392712818145e-01
1.129232237231318214e-01 -1.660205733599740274e-01 9.796353988934878299e-01
1.191364218253718882e-01 -1.715564339774952318e-01 9.779442228243769852e-01
1.254990897282721729e-01 -1.770958509252175683e-01 9.761593302645069636e-01
1.320071313683366943e-01 -1.826361922019799633e-01 9.742782654692995203e-01
1.386562671909412348e-01 -1.881751257088511431e-01 9.722985969511295234e-01
1.454420455857415861e-01 -1.937106251424204062e-01 9.702179162862178963e-01
1.523598541570907738e-01 -1.992409751566021348e-01 9.680338365263266853e-01
1.594049307706713881e-01 -2.047647757965260773e-01 9.657439902163507117e-01
1.665723743168723014e-01 -2.102809462108400362e-01 9.633460270199472042e-01
1.738571551309568697e-01 -2.157887276514680597e-01 9.608376109563646628e-01
1.812541250097807199e-01 -2.212876857725126767e-01 9.582164172525891033e-01
1.887580267647113452e-01 -2.267777122425270186e-01 9.554801288158440986e-01
1.963635032504718048e-01 -2.322590256867817504e-01 9.526264323323349048e-01
2.040651058098612025e-01 -2.377321719783732634e-01 9.496530139989339814e-01
2.118573020746795377e-01 -2.431980238990361920e-01 9.465575548952354090e-01
2.197344830636860924e-01 -2.486577801922945086e-01 9.433377260040965995e-01
2.276909695190249550e-01 -2.541129640330873074e-01 9.399911828893982024e-01
2.357210174232384770e-01 -2.595654209391971001e-01 9.365155600403101133e-01
2.438188226397320080e-01 -2.650173161506647057e-01 9.329084648918556377e-01
2.519785246203243290e-01 -2.704711315038671460e-01 9.291674715320095146e-01
2.601942091242946398e-01 -2.759296618270263290e-01 9.252901141059549639e-01
2.684599098940849138e-01 -2.813960108835850127e-01 9.212738799284774238e-01
2.767696092335124591e-01 -2.868735868891030272e-01 9.171162023157778398e-01
2.851172374349639216e-01 -2.923660976260577526e-01 9.128144531482675905e-01
2.934966710025486147e-01 -2.978775451791578766e-01 9.083659351761637080e-01
3.019017296185650401e-01 -3.034122203114608674e-01 9.037678740799510724e-01
3.103261718008542003e-01 -3.089746964986999078e-01 8.990174102980259541e-01
3.187636891986543319e-01 -3.145698236357416522e-01 8.941115906341043917e-01
3.272078994744225255e-01 -3.202027214249726916e-01 8.890473596572814330e-01
3.356523377187231594e-01 -3.258787724516277740e-01 8.838215509079775378e-01
3.440904463447058137e-01 -3.316036149455699467e-01 8.784308779234355491e-01
3.525155634078888101e-01 -3.373831352227884550e-01 8.728719250969565469e-01
3.609209092959377863e-01 -3.432234597928298103e-01 8.671411383856953980e-01
3.692995717318824367e-01 -3.491309471104789286e-01 8.612348158826339528e-01
3.776444890327737558e-01 -3.551121789412016172e-01 8.551490982693098486e-01
3.859484315641558694e-01 -3.611739513000770674e-01 8.488799591670571631e-01
3.942907791448423405e-01 -3.672271479623219759e-01 8.424244792744446375e-01
4.027358928680124239e-01 -3.731927670169466471e-01 8.357816456719104892e-01
4.112773073256162371e-01 -3.790674664431294416e-01 8.289504402335430289e-01
4.199083385309467231e-01 -3.848481873666886321e-01 8.219299604666819858e-01
4.286220976558911544e-01 -3.905321614202941216e-01 8.147194169144764686e-01
4.374115051584154257e-01 -3.961169169990176320e-01 8.073181301211130867e-01
4.462693052130776716e-01 -4.016002843791426913e-01 7.997255271724394987e-01
4.551880803555676813e-01 -4.069803996749394859e-01 7.919411378269520796e-01
4.641602662511869481e-01 -4.122557076149415689e-01 7.839645902542659028e-01
4.731781664968123802e-01 -4.174249631260663618e-01 7.757956064002456964e-01
4.822339673662295878e-01 -4.224872317206225247e-01 7.674339969999238731e-01
4.913197524097573932e-01 -4.274418886877714430e-01 7.588796562611581642e-01
5.004275168208015545e-01 -4.322886170972895514e-01 7.501325562436866878e-01
5.095491814843362555e-01 -4.370274046294406745e-01 7.411927409598035865e-01
5.186766066252909146e-01 -4.416585392503586394e-01 7.320603202243115559e-01
5.278016049783726960e-01 -4.461826037574945225e-01 7.227354632826906711e-01
5.369159544049456612e-01 -4.506004692243567589e-01 7.132183922475815452e-01
5.460114098871542421e-01 -4.549132873779146435e-01 7.035093753746785028e-01
5.550797148344882581e-01 -4.591224819456135586e-01 6.936087202100132965e-01
5.641126116433787807e-01 -4.632297390119291536e-01 6.835167666413429766e-01
5.731018514561267985e-01 -4.672369964267433784e-01 6.732338798869860197e-01
5.820392030714690579e-01 -4.711464323095471696e-01 6.627604434559473123e-01
5.909164609653008160e-01 -4.749604526945406802e-01 6.520968521135880325e-01
5.997254523864705700e-01 -4.786816783621226090e-01 6.412435048873977861e-01
6.084580434990842779e-01 -4.823129309020344757e-01 6.302007981476739351e-01
6.171061445493565278e-01 -4.858572180525559392e-01 6.189691187980783660e-01
6.256617140416913525e-01 -4.893177183586683299e-01 6.075488376111749522e-01
6.341167619153326163e-01 -4.926977651900152910e-01 5.959403027441491085e-01
6.424633517195471599e-01 -4.960008301568415989e-01 5.841438334699934343e-01
6.506936017918931725e-01 -4.992305059588938998e-01 5.721597141595431424e-01
6.587996854506441569e-01 -5.023904886985786078e-01 5.599881885498532164e-01
6.667738302188863653e-01 -5.054845596855143119e-01 5.476294543345782140e-01
6.746083161041745990e-01 -5.085165667550425317e-01 5.350836581122294655e-01
6.822954729639211235e-01 -5.114904051183201128e-01 5.223508907284898362e-01
6.898276769929219121e-01 -5.144099977563496573e-01 5.094311830491654591e-01
6.971973463755958278e-01 -5.172792753647735831e-01 4.963245022008618279e-01
7.043969361516684291e-01 -5.201021558505136699e-01 4.830307483171251137e-01
7.114189323501828310e-01 -5.228825233754341717e-01 4.695497518285747240e-01
7.182558454529205383e-01 -5.256242069362179192e-01 4.558812713365114622e-01
7.249002032545920349e-01 -5.283309584636113332e-01 4.420249921106101376e-01
7.313445431935696739e-01 -5.310064304182100514e-01 4.279805252526236448e-01
7.375814042335350207e-01 -5.336541528540656998e-01 4.137474075695323217e-01
7.436033183832456706e-01 -5.362775099156884551e-01 3.993251022012854201e-01
7.494028019487788406e-01 -5.388797157285697415e-01 3.847130000502042013e-01
7.549723466201119226e-01 -5.414637896382439308e-01 3.699104220612425276e-01
7.603044105018497145e-01 -5.440325307482325456e-01 3.549166224046454987e-01
7.653914092063587304e-01 -5.465884917030766621e-01 3.397307926150844315e-01
7.702257071365772312e-01 -5.491339516591632330e-01 3.243520667440932814e-01
7.747996090954274440e-01 -5.516708883833126853e-01 3.087795275855460542e-01
7.791053523690935068e-01 -5.542009494172442929e-01 2.930122140370084449e-01
7.831350994425280154e-01 -5.567254222452223678e-01 2.770491296630164801e-01
7.868809315174420949e-01 -5.592452034025546803e-01 2.608892525296745424e-01
7.903348430157670634e-01 -5.617607664643524679e-01 2.445315463833673264e-01
7.934887372651636683e-01 -5.642721288572556393e-01 2.279749732498100034e-01
7.963344235776261826e-01 -5.667788174418774139e-01 2.112185075330576256e-01
7.988636159475390741e-01 -5.692798328207681058e-01 1.942611516973903607e-01
8.010679336116920402e-01 -5.717736123359987710e-01 1.771019536181131226e-01
8.029389037306396970e-01 -5.742579917322542249e-01 1.597400256901588267e-01
8.044679664683397347e-01 -5.767301654759454665e-01 1.421745657858635714e-01
8.056464827650370308e-01 -5.791866457385688172e-01 1.244048801552685157e-01
8.064658987204010865e-01 -5.816100973280839970e-01 1.065009337382971100e-01
8.069200820081281478e-01 -5.839897073199695754e-01 8.852120082979542115e-02
8.070039088931396654e-01 -5.863267845920666632e-01 7.046696177031271102e-02
8.067123465337884269e-01 -5.886219240378610662e-01 5.233947355421858516e-02
8.060404528352963505e-01 -5.908749861999149644e-01 3.413999233067738920e-02
8.049833792707283830e-01 -5.930850770808009376e-01 1.586979653169134225e-02
8.035363768176511101e-01 -5.952505281570162898e-01 -2.469789378457641106e-03
8.016948051567514000e-01 -5.973688766449581911e-01 -2.087737053938449119e-02
7.994541452761972922e-01 -5.994368460933178211e-01 -3.935145672552718688e-02
7.968100156220858654e-01 -6.014503274031217650e-01 -5.789043678388657715e-02
7.937581919306354594e-01 -6.034043604051216869e-01 -7.649255249444371352e-02
7.902946308714633439e-01 -6.052931161542224325e-01 -9.515587187383395262e-02
7.864154976230031124e-01 -6.071098801320626848e-01 -1.138782619485324832e-01
7.821171974904156388e-01 -6.088470365815936702e-01 -1.326573610304837558e-01
7.773964116628601095e-01 -6.104960542313805361e-01 -1.514905505358234983e-01
7.722501371902419365e-01 -6.120474737021546208e-01 -1.703749263961280014e-01
7.666757312391279111e-01 -6.134908969235943754e-01 -1.893072701215030018e-01
7.606709596629422920e-01 -6.148149789250916264e-01 -2.082840195858081667e-01
7.542340498923987280e-01 -6.160074223999119081e-01 -2.273012396163988369e-01
7.473637481179346009e-01 -6.170549754772304274e-01 -2.463545924839473655e-01
7.400593620224452662e-01 -6.179753058035047930e-01 -2.653651486160553130e-01
7.323230297597980165e-01 -6.187848064341063825e-01 -2.842680836987520610e-01
7.241583459947626977e-01 -6.194752995078574020e-01 -3.030594714339173157e-01
7.155693926746238276e-01 -6.200378275759753643e-01 -3.217351964615636217e-01
7.065607758537829630e-01 -6.204626874882043230e-01 -3.402909394324830639e-01
6.971376641797646379e-01 -6.207394672871660024e-01 -3.587221639849621502e-01
6.873058286712440124e-01 -6.208570863065678846e-01 -3.770241056716149841e-01
6.770716833933775325e-01 -6.208038386609808779e-01 -3.951917628831311258e-01
6.664423266101425769e-01 -6.205674403021013141e-01 -4.132198898158059852e-01
6.554255819679567496e-01 -6.201350797985447638e-01 -4.311029915289935066e-01
6.440300392400251095e-01 -6.194934729731897960e-01 -4.488353211369819906e-01
6.322650941371805722e-01 -6.186289215037915623e-01 -4.664108791771356399e-01
6.201409866690151818e-01 -6.175273755590143798e-01 -4.838234151923688775e-01
6.076688375195032910e-01 -6.161745005032304157e-01 -5.010664315610470210e-01
5.948606818847582689e-01 -6.145557476595223667e-01 -5.181331896011661664e-01
5.817295002077746968e-01 -6.126564290715366123e-01 -5.350167179681007967e-01
5.682892452367210856e-01 -6.104617961514693381e-01 -5.517098233562933718e-01
5.545548648303054717e-01 -6.079571220439611290e-01 -5.682051035049745513e-01
5.405423199366823361e-01 -6.051277874745778496e-01 -5.844949624963632351e-01
5.262685971819975883e-01 -6.019593697875118554e-01 -6.005716283218415219e-01
5.117517155216430025e-01 -5.984377348109547468e-01 -6.164271726773760118e-01
4.970107264321811935e-01 -5.945491311211646979e-01 -6.320535329340856157e-01
4.820657071552066908e-01 -5.902802862086086177e-01 -6.474425362134232920e-01
4.669377465464822907e-01 -5.856185039828423200e-01 -6.625859254791243158e-01
4.516489231347612376e-01 -5.805517629882117614e-01 -6.774753875400401082e-01
4.362222750548448436e-01 -5.750688146413371893e-01 -6.921025828394381518e-01
4.206817615884928530e-01 -5.691592807450435165e-01 -7.064591768875442268e-01
4.050522161244991537e-01 -5.628137494832998744e-01 -7.205368731752882505e-01
3.893592904350201001e-01 -5.560238690592370636e-01 -7.343274473886800546e-01
3.736293902583535109e-01 -5.487824381047874400e-01 -7.478227827252773574e-01
3.578896022778245700e-01 -5.410834919672030674e-01 -7.610149060971410639e-01
3.421676126910579430e-01 -5.329223839658663309e-01 -7.738960249888112708e-01
3.264916176722779673e-01 -5.242958607134322602e-01 -7.864585647245146971e-01
3.108902261407988643e-01 -5.152021306092859909e-01 -7.986952058863378001e-01
2.953923553597576634e-01 -5.056409246412100211e-01 -8.105989216147784227e-01
2.800271199985165937e-01 -4.956135486733919127e-01 -8.221630145152173386e-01
2.648237153979990377e-01 -4.851229264555802501e-01 -8.333811528886526654e-01
2.498112958784725335e-01 -4.741736326591057815e-01 -8.442474060027860272e-01
2.350188490218918236e-01 -4.627719153300927646e-01 -8.547562781203721372e-01
2.204750669438361732e-01 -4.509257072476596795e-01 -8.649027410058067744e-01
2.061000168962554280e-01 -4.386935383089259899e-01 -8.746832355095232048e-01
1.918387680377286464e-01 -4.261134771970528368e-01 -8.840956914434400238e-01
1.777275280134096580e-01 -4.131798093551858342e-01 -8.931379349952093261e-01
1.638027145858186873e-01 -3.998888769286308431e-01 -9.018079378687725578e-01
1.501008467351055420e-01 -3.862391612695184606e-01 -9.101038655622097906e-01
1.366584252199467553e-01 -3.722313540755901040e-01 -9.180241248788132413e-01
1.235118035810963549e-01 -3.578684162137346636e-01 -9.255674103234581285e-01
1.106970507037182277e-01 -3.431556233548901380e-01 -9.327327490366525975e-01
9.824980617914888525e-02 -3.281005976430789728e-01 -9.395195439223554823e-01
8.620512981890664228e-02 -3.127133247365002089e-01 -9.459276146329629320e-01
7.459734677091520161e-02 -2.970061556911635092e-01 -9.519572360859255289e-01
6.345988976757402367e-02 -2.809937933054745263e-01 -9.576091742013268515e-01
5.282514009527903426e-02 -2.646932627050145315e-01 -9.628847185684009657e-01
4.272426891341598448e-02 -2.481238661176824456e-01 -9.677857117713043467e-01
3.318708056626046982e-02 -2.313071219672518386e-01 -9.723145751302807449e-01
2.424185952264309302e-02 -2.142666885948707467e-01 -9.764743306434311432e-01
1.591522254520199783e-02 -1.970282730995602249e-01 -9.802686189462593846e-01
8.231977633617878348e-03 -1.796195259667499877e-01 -9.837017131406176063e-01
1.214991205033783255e-03 -1.620699223247283605e-01 -9.867785283811637553e-01
-5.114935128922157813e-03 -1.444106308291108476e-01 -9.895046271454386311e-01
-1.073917695376341679e-02 -1.266743713217751699e-01 -9.918862201526231770e-01
-1.564138752103533953e-02 -1.088952625401961860e-01 -9.939301629353989309e-01
-1.980758536250327648e-02 -9.110866126314164093e-02 -9.956439481084673471e-01
-2.322622829014958645e-02 -7.335099436710212917e-02 -9.970356934156587858e-01
-2.588827320473218591e-02 -5.565958533296642974e-02 -9.981141256745708068e-01
-2.778722132416981336e-02 -3.807247678319961026e-02 -9.988885607727964189e-01
-2.891914863420036452e-02 -2.062825064557582966e-02 -9.993688799025370884e-01
-2.928272155399269661e-02 -3.365847530373295565e-03 -9.995655022502877296e-01
-2.887919799514370237e-02 1.367561312557797649e-02 -9.994893543849648898e-01
-2.771241417039646202e-02 3.045701065139676603e-02 -9.991518366109863880e-01
-2.578875767535802194e-02 4.693939705308497468e-02 -9.985647865721749561e-01
-2.311712751968653112e-02 6.308416592294352476e-02 -9.977404404077871991e-01
-1.970888192124886640e-02 7.885321514298039569e-02 -9.966913917733564166e-01
-1.557777479564160725e-02 9.420910230791600115e-02 -9.954305490464088191e-01
-1.073988197269791847e-02 1.091151919352387478e-01 -9.939710910404947475e-01
-5.213518250123836892e-03 1.235357936803540280e-01 -9.923264215505422925e-01
9.808535483526630364e-04 1.374362909311459824e-01 -9.905101230484677499e-01
7.820720307086085482e-03 1.507832593151991474e-01 -9.885359098405323008e-01
1.528162192684728860e-02 1.635445748115754994e-01 -9.864175809874194956e-01
2.333725899490039085e-02 1.756895113146347553e-01 -9.841689732747711528e-01
3.195960362911113434e-02 1.871888276473699375e-01 -9.818039145063344186e-01
4.111901235098856799e-02 1.980148441638004686e-01 -9.793361773743242127e-01
5.078433990136249632e-02 2.081415092121172705e-01 -9.767794341425163340e-01
6.092305298553981480e-02 2.175444558508140280e-01 -9.741472123573441388e-01
7.150134302027666422e-02 2.262010493175878323e-01 -9.714528517812948127e-01
8.248423705068128053e-02 2.340904258443146368e-01 -9.687094627215566689e-01
9.383570610912153609e-02 2.411935234901621261e-01 -9.659298859055436282e-01
1.055187703982647940e-01 2.474931057284739944e-01 -9.631266540339368243e-01
1.174956007944951836e-01 2.529737785712957154e-01 -9.603119551215616445e-01
1.297276162841927705e-01 2.576220020484203399e-01 -9.574975977170282482e-01
1.421755770619006209e-01 2.614260968759432036e-01 -9.546949780738460678e-01
1.547996731345640253e-01 2.643762471530474722e-01 -9.519150493288778270e-01
1.675596083882742171e-01 2.664644999157756433e-01 -9.491682927286929639e-01
1.804146801819168922e-01 2.676847623536851017e-01 -9.464646909307322664e-01
1.933238546346084663e-01 2.680327974604281849e-01 -9.438137033942943788e-01
2.062458378697560324e-01 2.675062188434184085e-01 -9.412242438662528077e-01
2.191391435671038723e-01 2.661044853618358408e-01 -9.387046599581198025e-01
2.319621572544822430e-01 2.638288961973355162e-01 -9.362627148045807868e-01
2.446731978425245313e-01 2.606825868889582343e-01 -9.339055707888757052e-01
2.572305769678595033e-01 2.566705267839474724e-01 -9.316397753173359941e-01
2.695955913094121859e-01 2.519119459802274807e-01 -9.294399327654732090e-01
2.817356251686098934e-01 2.465066220237277228e-01 -9.272861062311935632e-01
2.936186676918168259e-01 2.404635912985061685e-01 -9.251839488679062251e-01
3.052129991513972129e-01 2.337934251280274489e-01 -9.231390250206197301e-01
3.164872536961452765e-01 2.265082206787590868e-01 -9.211567967577077853e-01
3.274104812002547327e-01 2.186215905614439514e-01 -9.192426104901304518e-01
3.379522083462838111e-01 2.101486512908301019e-01 -9.174016836885701132e-01
3.480824991021850834e-01 2.011060107396402397e-01 -9.156390917076848712e-01
3.577720147744201107e-01 1.915117546945707960e-01 -9.139597547256489429e-01
3.669920738381932668e-01 1.813854325913379639e-01 -9.123684248063969049e-01
3.757147117616234655e-01 1.707480424724649448e-01 -9.108696730914982442e-01
3.839127410529754592e-01 1.596220151758808992e-01 -9.094678771284305796e-01
3.915598117686449053e-01 1.480311977247368849e-01 -9.081672083421622466e-01
3.986304727241749002e-01 1.360008358494198544e-01 -9.069716196574586498e-01
4.051002336509545443e-01 1.235575555318642188e-01 -9.058848332801732184e-01
4.109456285371787532e-01 1.107293434202383797e-01 -9.049103286470001617e-01
4.161442803829182302e-01 9.754552591926594907e-02 -9.040513305547608347e-01
4.206749675855471216e-01 8.403674671819937048e-02 -9.033107974822605080e-01
4.245176921531089165e-01 7.023494247519207478e-02 -9.026914101201045648e-01
4.276537499192845648e-01 5.617331633394671148e-02 -9.021955601265944091e-01
4.300687653112786335e-01 4.199536506362107346e-02 -9.018188545472564099e-01
4.317564832226532534e-01 2.782554524108677568e-02 -9.015609121004325432e-01
4.327129172695269865e-01 1.369967506862863893e-02 -9.014276732668190517e-01
4.329357556526918782e-01 -3.458241363193386309e-04 -9.014247122656566802e-01
4.324244087332685949e-01 -1.427398066575253852e-02 -9.015571996317038872e-01
4.311800581344369943e-01 -2.804732756121267739e-02 -9.018298647106236521e-01
4.292057075013318013e-01 -4.162796074580955852e-02 -9.022469581730669930e-01
4.265062349791590712e-01 -5.497760078115047910e-02 -9.028122146583847929e-01
4.230884473872817408e-01 -6.805765893270281086e-02 -9.035288156711698271e-01
4.189611359745284425e-01 -8.082930827013545816e-02 -9.043993528677651828e-01
4.141351335385325960e-01 -9.325356056322134379e-02 -9.054257918854711207e-01
4.086233725798845695e-01 -1.052913497573647744e-01 -9.066094368843969908e-01
4.024409440408656113e-01 -1.169036228240894204e-01 -9.079508959906539278e-01
3.956051560492933050e-01 -1.280514387791577280e-01 -9.094500478497619111e-01
3.881355919516070174e-01 -1.386960766426107161e-01 -9.111060095205473219e-01
3.800541667770673815e-01 -1.487991530791085704e-01 -9.129171059622355200e-01
3.713851811284784032e-01 -1.583227504017141463e-01 -9.148808413905821224e-01
3.621553713461678203e-01 -1.672295555459437089e-01 -9.169938728024099595e-01
3.523939546434461390e-01 -1.754830105218552205e-01 -9.192519859913698133e-01
3.421326677661878368e-01 -1.830474747286772730e-01 -9.216500744006833612e-01
3.314264193105962431e-01 -1.899602366192471303e-01 -9.241599629320984555e-01
3.203257426752100234e-01 -1.962523357598887075e-01 -9.267558682244776413e-01
3.088647483236773295e-01 -2.018999839201972846e-01 -9.294293753352745879e-01
2.970790978447735431e-01 -2.068811288135104232e-01 -9.321717696673328390e-01
2.850059370245060508e-01 -2.111755697375926055e-01 -9.349740609273239356e-01
2.726838190977062815e-01 -2.147650733089003228e-01 -9.378270086156922369e-01
2.601526176798564793e-01 -2.176334883710781543e-01 -9.407211490414686406e-01
2.474534289675996424e-01 -2.197668590678984457e-01 -9.436468238423503241e-01
2.346284628974689701e-01 -2.211535349881510459e-01 -9.465942099763580142e-01
2.217209230663502173e-01 -2.217842772169179022e-01 -9.495533511362727053e-01
2.087748753433106841e-01 -2.216523590661572396e-01 -9.525141905220858574e-01
1.958351052396198055e-01 -2.207536602094758993e-01 -9.554666048900190001e-01
1.829469642507098037e-01 -2.190867529132245195e-01 -9.584004397795025110e-01
1.701562055388070871e-01 -2.166529790403239897e-01 -9.613055458020328681e-01
1.575088094860458143e-01 -2.134565165060816061e-01 -9.641718158583224563e-01
1.450507998128056919e-01 -2.095044338880051038e-01 -9.669892231328591770e-01
1.328280511222744986e-01 -2.048067319353314431e-01 -9.697478596981731203e-01
1.208860888970837988e-01 -1.993763707893784209e-01 -9.724379755450647256e-01
1.092698831343619642e-01 -1.932292818132588241e-01 -9.750500178400579587e-01
9.802363695863224036e-02 -1.863843630389003247e-01 -9.775746701977037212e-01
8.716465287701057052e-02 -1.789922444000861534e-01 -9.799816833663858029e-01
7.670665037503589245e-02 -1.711784971831657454e-01 -9.822494652024613693e-01
6.668049223557249994e-02 -1.629638840186244386e-01 -9.843761905191298345e-01
5.711593578251553116e-02 -1.543715342453068351e-01 -9.863605827964776473e-01
4.804143992207617758e-02 -1.454268857236677703e-01 -9.882019231711195451e-01
3.948397522602848514e-02 -1.361576100453900373e-01 -9.899000560295214690e-01
3.146883863545160004e-02 -1.265935213655429992e-01 -9.914553911010727250e-01
2.401947433552515179e-02 -1.167664692508199875e-01 -9.928689019762463319e-01
1.715730230349859706e-02 -1.067102160997627641e-01 -9.941421210057365121e-01
1.090155596397428955e-02 -9.646029984543898206e-02 -9.952771305678985714e-01
5.269130299464016426e-03 -8.605388279511670679e-02 -9.962765507237184570e-01
2.744416615484712198e-04 -7.552958759267294764e-02 -9.971435233104782858e-01
-4.070699589008823158e-03 -6.492732140566877252e-02 -9.978816925568487761e-01
-7.757202613765621160e-03 -5.428808953848241609e-02 -9.984951823329203391e-01
-1.077879493852869353e-02 -4.365379975427618325e-02 -9.989885701782924565e-01
-1.313210588925504789e-02 -3.306705865099104913e-02 -9.993668582794151822e-01
-1.481673405384720775e-02 -2.257096147957974794e-02 -9.996354415936089532e-01
-1.583529835086888715e-02 -1.220887681633907491e-02 -9.998000733412697461e-01
-1.619347243322643085e-02 -2.024227505975143698e-03 -9.998668281094964527e-01
-1.590000229711768451e-02 7.939730721138514233e-03 -9.998420628295326962e-01
-1.496670710158095816e-02 1.764013158384065971e-02 -9.997323759068869053e-01
-1.340846332959681232e-02 2.703472020824531155e-02 -9.995445647966828551e-01
-1.124317253604644601e-02 3.608207343767797642e-02 -9.992855823276712846e-01
-8.491713029426821782e-03 4.474181729150934761e-02 -9.989624920863998669e-01
-5.177875921978766956e-03 5.297484044651905311e-02 -9.985824231783747562e-01
-1.328286056136750333e-03 6.074350269678000652e-02 -9.981525246857179123e-01
3.027691626278874570e-03 6.801183743360428302e-02 -9.976799201409816131e-01
7.858059661747122948e-03 7.474574727330556001e-02 -9.971716623345765473e-01
1.312830894922809889e-02 8.091319204499049234e-02 -9.966346887688688483e-01
1.880155228344018367e-02 8.648436843102706717e-02 -9.960757780656128713e-01
2.483866987446789812e-02 9.143188062721706311e-02 -9.955015076251941819e-01
3.119846619559773354e-02 9.573090145625021141e-02 -9.949182128263678315e-01
3.783783751407959750e-02 9.935932342528759620e-02 -9.943319480439747338e-01
4.471194947835955419e-02 1.022978992654025310e-01 -9.937484497496985592e-01
5.177442415798764325e-02 1.045303715263690425e-01 -9.931731019474238087e-01
5.897753595654788711e-02 1.060435908245838665e-01 -9.926109041803453659e-01
6.627241584123652607e-02 1.068276223548002557e-01 -9.920664423317558933e-01
7.360926335281092747e-02 1.068758402782922640e-01 -9.915438624254938604e-01
8.093756587432408833e-02 1.061850095919055076e-01 -9.910468476154435935e-01
8.820632464427721753e-02 1.047553550654052590e-01 -9.905785985362656199e-01
9.535624116801683092e-02 1.027219597346193392e-01 -9.901289745577539492e-01
1.023418245127276638e-01 1.002018609567511126e-01 -9.896897180512757020e-01
1.091301905327420607e-01 9.720816570015208824e-02 -9.892629448411091042e-01
1.156894926912272192e-01 9.375618116586709183e-02 -9.888507065145094588e-01
1.219890658581209847e-01 8.986333234320940944e-02 -9.884549809229767892e-01
1.279995634911528790e-01 8.554907060282994358e-02 -9.880776630737445609e-01
1.336930877070154622e-01 8.083477386922698071e-02 -9.877205564495870060e-01
1.390433117950672370e-01 7.574363893193705732e-02 -9.873853647925996402e-01
1.440255947701780948e-01 7.030056646810588228e-02 -9.870736843850957953e-01
1.486170876041627287e-01 6.453203935914764156e-02 -9.867869968581945983e-01
1.527968308164327216e-01 5.846599489116453829e-02 -9.865266625560860092e-01
1.565458431438616349e-01 5.213169143313251680e-02 -9.862939144813310799e-01
1.598472010472838656e-01 4.555957018898590394e-02 -9.860898528439250299e-01
1.626861088474911010e-01 3.878111262006424254e-02 -9.859154402342131807e-01
1.650499593170697277e-01 3.182869413331720215e-02 -9.857714974371151184e-01
1.669283845860073112e-01 2.473543462857180630e-02 -9.856586999024830043e-01
1.683132972488210755e-01 1.753504649539335686e-02 -9.855775748838070394e-01
1.691989215891940013e-01 1.026168064692174232e-02 -9.855284992548752898e-01
1.695818148649681500e-01 2.949771174801012544e-03 -9.855116980114102532e-01
1.694608786220820063e-01 -4.366120793844970038e-03 -9.855272434621273892e-01
1.688355634163252461e-01 -1.167186975140421107e-02 -9.855751214304330210e-01
1.677039710156264241e-01 -1.894922280836290607e-02 -9.856552668457486677e-01
1.660663655595652766e-01 -2.616275226051755637e-02 -9.857674536239301455e-01
1.639254877103333841e-01 -3.327681114142207186e-02 -9.859112984033623350e-01
1.612865957755299229e-01 -4.025570451590588378e-02 -9.860862600590710736e-01
1.581574955080881917e-01 -4.706386621163228395e-02 -9.862916399889234409e-01
1.545485579598641634e-01 -5.366604032490391446e-02 -9.865265831940822627e-01
1.504727247905712217e-01 -6.002746677106132051e-02 -9.867900801727634841e-01
1.459455004653935351e-01 -6.611407008251835027e-02 -9.870809696429412305e-01
1.409849308133014900e-01 -7.189265058931841590e-02 -9.873979421059326800e-01
1.356115674643664504e-01 -7.733107704876443500e-02 -9.877395442587869612e-01
1.298484177386765581e-01 -8.239847972296723833e-02 -9.881041842590928548e-01
1.237208796221871687e-01 -8.706544283696134034e-02 -9.884901378412122019e-01
1.172566615362893028e-01 -9.130419528634384219e-02 -9.888955552780590574e-01
1.104856866882326233e-01 -9.508879840327325028e-02 -9.893184691773804218e-01
1.034399818788539621e-01 -9.839532953427082562e-02 -9.897568030960783858e-01
9.615355074225223619e-02 -1.012020601338063375e-01 -9.902083809504724776e-01
8.866223149887500488e-02 -1.034896270353774655e-01 -9.906709371945582321e-01
8.100353941852975193e-02 -1.052411955279844435e-01 -9.911421277323136936e-01
7.321649431251303630e-02 -1.064426128418392153e-01 -9.916195415239735800e-01
6.535465273365220762e-02 -1.070747801087462842e-01 -9.921006807935148775e-01
5.747094986970938124e-02 -1.071266689731201344e-01 -9.925829772447369859e-01
4.960809647692489277e-02 -1.065983074934076930e-01 -9.930638638092249559e-01
4.180870693731000842e-02 -1.054928708623793648e-01 -9.935407823646063008e-01
3.411506696177663001e-02 -1.038166710842713530e-01 -9.940111976287817619e-01
2.656890175398173362e-02 -1.015791293050150729e-01 -9.944726109599270059e-01
1.921114596270723576e-02 -9.879273073167295360e-02 -9.949225739853384542e-01
1.208171677338540535e-02 -9.547296218473858009e-02 -9.953587019822113247e-01
5.219291502565300174e-03 -9.163823243906518701e-02 -9.957786869339438907e-01
-1.338908938078978844e-03 -8.730977562487565735e-02 -9.961803101865768229e-01
-7.557329349833591565e-03 -8.251153807846652033e-02 -9.965614546315042510e-01
-1.340228098855958394e-02 -7.727004915163097898e-02 -9.969201163426509860e-01
-1.884213243300745383e-02 -7.161427660818066310e-02 -9.972544155988988246e-01
-2.384748931687243056e-02 -6.557546735386785008e-02 -9.975626072256524868e-01
-2.839136171765858224e-02 -5.918697436107626941e-02 -9.978430901930610553e-01
-3.244931806343869657e-02 -5.248407076042017894e-02 -9.980944164125320484e-01
-3.599962449825057365e-02 -4.550375217643564535e-02 -9.983152986777729110e-01
-3.902336873761132890e-02 -3.828452848246850088e-02 -9.985046177016331237e-01
-4.150456754672585125e-02 -3.086620623932622570e-02 -9.986614282054717684e-01
-4.343025708450271721e-02 -2.328966316202338988e-02 -9.987849640235961779e-01
-4.479692097035552212e-02 -1.571189965176947312e-02 -9.988725504693539703e-01
-4.561151521521487895e-02 -8.268323007510645917e-03 -9.989250344818975114e-01
-4.588257653601631597e-02 -9.993992063340667933e-04 -9.989463400863373144e-01
-4.562178080301264316e-02 6.054869385975669878e-03 -9.989404344971359873e-01
-4.484392520801907395e-02 1.285518876257639442e-02 -9.989112906029558037e-01
-4.356689126644906068e-02 1.936321782219812410e-02 -9.988628493347797566e-01
-4.181158865036736089e-02 2.554181128891737720e-02 -9.987989822436053045e-01
-3.960187994587530819e-02 3.135525959554352760e-02 -9.987234546162901960e-01
-3.696448651833391524e-02 3.676952434129218683e-02 -9.986398894578565333e-01
-3.392887575356054453e-02 4.175246795707565628e-02 -9.985517326657852299e-01
-3.052713002284221377e-02 4.627407623554034843e-02 -9.984622197165827773e-01
-2.679379779529332886e-02 5.030667240682352992e-02 -9.983743441772265914e-01
-2.276572739387382888e-02 5.382512146403586190e-02 -9.982908283440552477e-01
-1.848188396257652646e-02 5.680702346414296527e-02 -9.982140962992803734e-01
-1.398315028330704771e-02 5.923289454998635628e-02 -9.981462496606575696e-01
-9.312112153287857227e-03 6.108633445777120197e-02 -9.980890462829501431e-01
-4.512829108878379722e-03 6.235417929193489556e-02 -9.980438821507373603e-01
3.694086391110408887e-04 6.302663836674249342e-02 -9.980117766808650481e-01
5.288336109003474901e-03 6.309741393242772334e-02 -9.979933616294700549e-01
1.019698125026319638e-02 6.256380262473743015e-02 -9.979888737730330250e-01
1.504502912484659456e-02 6.154928420095606700e-02 -9.979906476081000788e-01
1.979524737125186451e-02 6.016003476228271030e-02 -9.979924440591545487e-01
2.441874544181405621e-02 5.840513170958398087e-02 -9.979942712567477781e-01
2.888745249810565491e-02 5.629587391650214823e-02 -9.979961371009410387e-01
3.317428775570427368e-02 5.384570919195607458e-02 -9.979980492134093994e-01
3.725332451016258317e-02 5.107014871835512115e-02 -9.980000148913223956e-01
4.109994685147848326e-02 4.798666900907683219e-02 -9.980020410632803873e-01
4.469099812064117327e-02 4.461460200415790639e-02 -9.980041342475723942e-01
4.800492021381000396e-02 4.097501399464079097e-02 -9.980063005130078713e-01
5.102188289703964152e-02 3.709057413317531221e-02 -9.980085454425569047e-01
5.372390235683872917e-02 3.298541335089434645e-02 -9.980108741000169870e-01
5.609494827884932422e-02 2.868497455789240091e-02 -9.980132909999058777e-01
5.812103881814605078e-02 2.421585505649598985e-02 -9.980158000807597407e-01
5.979032289963402691e-02 1.960564214261798985e-02 -9.980184046819928767e-01
6.109314936531112794e-02 1.488274291056336865e-02 -9.980211075244567187e-01
6.202212256627015474e-02 1.007620931046761606e-02 -9.980239106948110006e-01
6.257214408075047196e-02 5.215559534905715028e-03 -9.980268156337955832e-01
6.274044032479553223e-02 3.305968319527300726e-04 -9.980298231284695509e-01
6.252657590860989656e-02 -4.548773144008429192e-03 -9.980329333084596577e-01
6.193245267900750889e-02 -9.392725325225328645e-03 -9.980361456462319980e-01
6.096229447586930250e-02 -1.417169744837918494e-02 -9.980394589613823531e-01
5.962261771775066721e-02 -1.885657038482531009e-02 -9.980428714289109049e-01
5.792218801816412937e-02 -2.341884548407540886e-02 -9.980463805914243647e-01
5.587196311908879109e-02 -2.783081785124617152e-02 -9.980499833751869110e-01
5.348502251140658387e-02 -3.206574450567512002e-02 -9.980536761099135790e-01
5.077648419273442931e-02 -3.609800640076656075e-02 -9.980574545521798679e-01
4.776340909102150256e-02 -3.990326332416919280e-02 -9.980613139123004629e-01
4.446469375684166531e-02 -4.345860074235539244e-02 -9.980652488845049852e-01
4.090095199808323201e-02 -4.674266770428778944e-02 -9.980692536802240333e-01
3.709438619729504838e-02 -4.973580497480706297e-02 -9.980733220642742376e-01
3.306864911388951445e-02 -5.242016262930496162e-02 -9.980774473937192859e-01
2.884869703035881222e-02 -5.477980640678328100e-02 -9.980816226591634477e-01
2.446063515328764787e-02 -5.680081218813478466e-02 -9.980858405282229118e-01
1.993155622593869788e-02 -5.847134803998691593e-02 -9.980900933909037098e-01
1.528937334926994650e-02 -5.978174334126896278e-02 -9.980943734066082262e-01
1.056264804218052730e-02 -6.072454458932600302e-02 -9.980986725524791936e-01
5.780414599373446920e-03 -6.129455756441816450e-02 -9.981029826727836340e-01
9.720018263091019864e-04 -6.148887561530813617e-02 -9.981072955290332116e-01
-3.833146754817899540e-03 -6.130689391383827708e-02 -9.981116028505326865e-01
-8.605653126394555846e-03 -6.075030961240969474e-02 -9.981158963850494947e-01
