0.000000000000000000e+00 0.000000000000000000e+00 1.000000000000000000e+00
3.009982949929765052e-06 -1.756852940739519938e-05 9.999999998411455149e-01
1.468447184389581887e-05 -5.264129441170074065e-05 9.999999985066415631e-01
4.065601048082891062e-05 -1.051467314219803545e-04 9.999999936456601679e-01
8.653282809384829871e-05 -1.750060609086477928e-04 9.999999809425483832e-01
1.578965214561336788e-04 -2.621333439451388144e-04 9.999999531775399797e-01
2.602997550006480153e-04 -3.664355413044399355e-04 9.999998989847542763e-01
3.992639792726951223e-04 -4.878125749299828647e-04 9.999998013139518305e-01
5.802771677617469051e-04 -6.261573915670828102e-04 9.999996356031836120e-01
8.087915718355994906e-04 -7.813560283102460521e-04 9.999993676701197654e-01
1.090221493129452145e-03 -9.532876797936117377e-04 9.999989513304745614e-01
1.429941072329025909e-03 -1.141824766726816202e-03 9.999983257525572045e-01
1.833282092834748883e-03 -1.346833005456941510e-03 9.999974125575693540e-01
2.305531797308028614e-03 -1.568171478219186404e-03 9.999961126758430963e-01
2.851930714585665296e-03 -1.805692703724678591e-03 9.999943029697684338e-01
3.477670493909723864e-03 -2.059242707723654611e-03 9.999918326346933783e-01
4.187891742863115649e-03 -2.328661093176196892e-03 9.999885193895967639e-01
4.987681864831285464e-03 -2.613781109661013694e-03 9.999841454698341625e-01
5.882072891233583803e-03 -2.914429721655453775e-03 9.999784534347407883e-01
6.876039303189921542e-03 -3.230427675327166275e-03 9.999711418033441213e-01
7.974495836715243813e-03 -3.561589563489598285e-03 9.999618605318937314e-01
9.182295264972209145e-03 -3.907723888389874785e-03 9.999502063473594271e-01
1.050422615056739381e-02 -4.268633122018549754e-03 9.999357179514818394e-01
1.194501056035454124e-02 -4.644113763656190427e-03 9.999178711103834383e-01
1.350930173471594047e-02 -5.033956394401720505e-03 9.998960736451665277e-01
1.520168170283621792e-02 -5.437945728461776596e-03 9.998696603393355531e-01
1.702665883506770256e-02 -5.855860661018952307e-03 9.998378877792926112e-01
1.898866532311921373e-02 -6.287474312539485105e-03 9.997999291445602843e-01
2.109205457848661175e-02 -6.732554069427592984e-03 9.997548689647954845e-01
2.334109853928966610e-02 -7.190861620984001848e-03 9.997016978610637761e-01
2.573998487549148187e-02 -7.662152992680009572e-03 9.996393072892575393e-01
2.829281408235966022e-02 -8.146178575815444384e-03 9.995664843039515635e-01
3.100359645198785125e-02 -8.642683153688757863e-03 9.994819063614086563e-01
3.387624891273789685e-02 -9.151405924469967201e-03 9.993841361808666335e-01
3.691459172659125598e-02 -9.672080521031779787e-03 9.992716166836617120e-01
4.012234503461883928e-02 -1.020443502806069047e-02 9.991426660301669926e-01
4.350312524109516132e-02 -1.074819199683764090e-02 9.989954727749514873e-01
4.706044122720012823e-02 -1.130306845814655833e-02 9.988280911609858093e-01
5.079769038577376661e-02 -1.186877593383820102e-02 9.986384365741425295e-01
5.471815446921902276e-02 -1.244502044764577917e-02 9.984242811796470995e-01
5.882499524338851565e-02 -1.303150253591718426e-02 9.981832497625371392e-01
6.312124994114538812e-02 -1.362791725899574133e-02 9.979128157945674760e-01
6.760982651025779222e-02 -1.423395421404669361e-02 9.976102977503605862e-01
7.229349865137268960e-02 -1.484929755018932207e-02 9.972728556959321589e-01
7.717490064301767150e-02 -1.547362598685414481e-02 9.968974881730185977e-01
8.225652195189982196e-02 -1.610661283634033311e-02 9.964810294028852988e-01
8.754070162820631884e-02 -1.674792603159946935e-02 9.960201468334978214e-01
9.302962248716156735e-02 -1.739722816031747180e-02 9.955113390540776264e-01
9.872530507975622871e-02 -1.805417650640605762e-02 9.949509341011369967e-01
1.046296014573313005e-01 -1.871842310004776314e-02 9.943350881800778751e-01
1.107441887365694932e-01 -1.938961477746347153e-02 9.936597848263419852e-01
1.170705624734109107e-01 -2.006739325158794079e-02 9.929208345298979888e-01
1.236100298564619532e-01 -2.075139519484597850e-02 9.921138748465407886e-01
1.303637027325971198e-01 -2.144125233521924218e-02 9.912343710190406609e-01
1.373324904796520418e-01 -2.213659156677996731e-02 9.902776171306124642e-01
1.445170927433606090e-01 -2.283703507584302489e-02 9.892387378124575248e-01
1.519179920579872556e-01 -2.354220048385050751e-02 9.881126905262637150e-01
1.595354463724306116e-01 -2.425170100805307608e-02 9.868942684415107358e-01
1.673694815059122432e-01 -2.496514564098920377e-02 9.855781039262198062e-01
1.754198835596957884e-01 -2.568213934968631082e-02 9.841586726683949626e-01
1.836861913135876545e-01 -2.640228329541672442e-02 9.826302984438212151e-01
1.921676886382316929e-01 -2.712517507473578490e-02 9.809871585441101161e-01
2.008633969564035393e-01 -2.785040898240924434e-02 9.792232898769117622e-01
2.097720677886149021e-01 -2.857757629670235056e-02 9.773325957480357706e-01
2.188921754203284331e-01 -2.930626558735374698e-02 9.753088533328563292e-01
2.282219097299380273e-01 -3.003606304639393904e-02 9.731457218418024802e-01
2.377591692183603223e-01 -3.076655284179085487e-02 9.708367513819788908e-01
2.475015542825889647e-01 -3.149731749371484368e-02 9.683753925140143881e-01
2.574463607768560092e-01 -3.222793827301288772e-02 9.657550065001198059e-01
2.675905739061034683e-01 -3.295799562126817267e-02 9.629688762360595344e-01
2.779308624972673392e-01 -3.368706959159725733e-02 9.600102178563205690e-01
2.884635736943934603e-01 -3.441474030910503246e-02 9.568721929982175745e-01
2.991847281238228518e-01 -3.514058844967824641e-02 9.535479217070300662e-01
3.100900155755784704e-01 -3.586419573555426482e-02 9.500304959605446742e-01
3.211747912466462185e-01 -3.658514544585438066e-02 9.463129937876078035e-01
3.324340725910519545e-01 -3.730302294002292574e-02 9.423884939515094761e-01
3.438625368204866195e-01 -3.801741619186699284e-02 9.382500911652511544e-01
3.554545190977138613e-01 -3.872791633164918146e-02 9.338909118020324307e-01
3.672040114631082153e-01 -3.943411819345034319e-02 9.293041300606654787e-01
3.791046625324180908e-01 -4.013562086479335184e-02 9.244829845421247416e-01
3.911497780012313519e-01 -4.083202823530548975e-02 9.194207951901056664e-01
4.033323219886555400e-01 -4.152294954099898516e-02 9.141109805453356829e-01
4.156449192494223732e-01 -4.220799990056940676e-02 9.085470752604980493e-01
4.280798582800112717e-01 -4.288680083995282527e-02 9.027227478200239297e-01
4.406290953404822797e-01 -4.355898080124807198e-02 8.966318184067259001e-01
4.532842594095463640e-01 -4.422417563200208013e-02 8.902682768553137338e-01
4.660366580860171859e-01 -4.488202905077739308e-02 8.836263006312842228e-01
4.788772844452198751e-01 -4.553219308487339162e-02 8.767002727725426992e-01
4.917968248542262111e-01 -4.617432847605873469e-02 8.694847997304085974e-01
5.047856677449852336e-01 -4.680810505019408763e-02 8.619747290464104816e-01
5.178339133395790661e-01 -4.743320204668240864e-02 8.541651668014907939e-01
5.309313843170003766e-01 -4.804930840378059814e-02 8.460514947749304682e-01
5.440676374060848808e-01 -4.865612299594154755e-02 8.376293872514685157e-01
5.572319758845827309e-01 -4.925335481953008882e-02 8.288948274167202701e-01
5.704134629598814898e-01 -4.984072312347039013e-02 8.198441232830878667e-01
5.836009360026479520e-01 -5.041795748163469676e-02 8.104739230908789560e-01
5.967830216006915212e-01 -5.098479780407416673e-02 8.007812301322813076e-01
6.099481513967137669e-01 -5.154099428451980325e-02 7.907634169491527532e-01
6.230845786703482769e-01 -5.208630728194373061e-02 7.804182388592322273e-01
6.361803956220443146e-01 -5.262050713436649402e-02 7.697438467693149544e-01
6.492235513139503755e-01 -5.314337390352164014e-02 7.587387992381156021e-01
6.622001788281933754e-01 -5.364147270712070481e-02 7.474045215665424680e-01
6.750950093545927677e-01 -5.411505535631417479e-02 7.357433604661900439e-01
6.878930025204170740e-01 -5.456440319461342697e-02 7.237582098846860879e-01
7.005793755851623672e-01 -5.498982587974304836e-02 7.114525008639679404e-01
7.131396314434832462e-01 -5.539166004661872506e-02 6.988301893401672737e-01
7.255595852968140802e-01 -5.577026785942125475e-02 6.858957420156593932e-01
7.378253898678660549e-01 -5.612603546154064371e-02 6.726541204455174228e-01
7.499235590468983359e-01 -5.645937133286370313e-02 6.591107634906032686e-01
7.618409898742212194e-01 -5.677070456446795671e-02 6.452715682977472333e-01
7.735649827795701983e-01 -5.706048306126010328e-02 6.311428699738493853e-01
7.850832600155721597e-01 -5.732917168345693509e-02 6.167314201252579453e-01
7.963839822392752010e-01 -5.757725033804989012e-02 6.020443644364310565e-01
8.074557632124221840e-01 -5.780521203152327869e-02 5.870892194627049809e-01
8.182876826075992094e-01 -5.801356089511339187e-02 5.718738488110214346e-01
8.288692969233893981e-01 -5.820281019380646459e-02 5.564064388797883565e-01
8.391906485270268501e-01 -5.837348033008347981e-02 5.406954743247618378e-01
8.492422728576122237e-01 -5.852609685313652638e-02 5.247497134120553408e-01
8.590152038365723719e-01 -5.866118848391323887e-02 5.085781634122460426e-01
8.685009775446038693e-01 -5.877928516590147368e-02 4.921900561811970443e-01
8.776916342357241607e-01 -5.888091615105593701e-02 4.755948240638082081e-01
8.865797187691910608e-01 -5.896660812970141996e-02 4.588020762466056279e-01
8.951582795488798316e-01 -5.903688341263408496e-02 4.418215756740510591e-01
9.034208660671907420e-01 -5.909225817299316313e-02 4.246632166318574653e-01
9.113615251566852260e-01 -5.913324075479983732e-02 4.073370030886021009e-01
9.189747960574127239e-01 -5.916033005436816677e-02 3.898530278746933364e-01
9.262557044113232108e-01 -5.917401398009349001e-02 3.722214527654191252e-01
9.331997552972896015e-01 -5.917476799542497473e-02 3.544524895225311667e-01
9.398029254211489603e-01 -5.916305374913932019e-02 3.365563819367293208e-01
9.460616545748682382e-01 -5.913931779635824698e-02 3.185433889016248687e-01
9.519728364775315033e-01 -5.910399041309996604e-02 3.004237685383929213e-01
9.575338091084042436e-01 -5.905748450652928416e-02 2.822077633794624063e-01
9.627423446389515860e-01 -5.900019462247699242e-02 2.639055866093262814e-01
9.675966390664618721e-01 -5.893249605123966617e-02 2.455274093509480227e-01
9.720953016469496832e-01 -5.885474403214938782e-02 2.270833489773556590e-01
9.762373442193821305e-01 -5.876727305692008158e-02 2.085834584198912323e-01
9.800221705070847333e-01 -5.867039627133486396e-02 1.900377164372576977e-01
9.834495654755337490e-01 -5.856440497443703846e-02 1.714560188029961574e-01
9.865196848187225420e-01 -5.844956821402557540e-02 1.528481703633466360e-01
9.892330446389911991e-01 -5.832613247693359260e-02 1.342238779125970172e-01
9.915905113777149227e-01 -5.819432147228362912e-02 1.155927438290006160e-01
9.935932920466374885e-01 -5.805433600566468205e-02 9.696426041113082039e-02
9.952429248019890595e-01 -5.790635394196066293e-02 7.834780485211936818e-02
9.965412698959089655e-01 -5.775053025437575094e-02 5.975263478756958485e-02
9.974905010321706289e-01 -5.758699715704600902e-02 4.118788435201609088e-02
9.980930971458359391e-01 -5.741586431849601130e-02 2.266256067858385750e-02
9.983518346193016590e-01 -5.723721915309075425e-02 4.185540776946283098e-03
9.982697799402914240e-01 -5.705112718754414003e-02 -1.423443127424640908e-02
9.978502828007338454e-01 -5.685763249947244774e-02 -3.258874688264136454e-02
9.970969696291908102e-01 -5.665675822492198532e-02 -5.086893530513537931e-02
9.960137375435901275e-01 -5.644850713175147972e-02 -6.906666587578536021e-02
9.946047374972085686e-01 -5.623424509090334256e-02 -8.717298600035347511e-02
9.928743392436774062e-01 -5.601456634058906564e-02 -1.051804092175321476e-01
9.908271028600948993e-01 -5.579003910430992835e-02 -1.230817915932009010e-01
9.884677571648108341e-01 -5.556120581715739970e-02 -1.408703272308557408e-01
9.858011791620914233e-01 -5.532858341867013391e-02 -1.585395428695201558e-01
9.828323745321946303e-01 -5.509266370583962291e-02 -1.760832916673810145e-01
9.795664591772441643e-01 -5.485391374007243109e-02 -1.934957462662271477e-01
9.760086418258501206e-01 -5.461277630216065937e-02 -2.107713912281414803e-01
9.721642076926941822e-01 -5.436967038957832288e-02 -2.279050149318985752e-01
9.680385031832493548e-01 -5.412499175070453056e-02 -2.448917010122277083e-01
9.636369216284351724e-01 -5.387911345086989628e-02 -2.617268194205936149e-01
9.589648900292779832e-01 -5.363238646542656946e-02 -2.784060171814893847e-01
9.540278567875362103e-01 -5.338514029535016553e-02 -2.949252089134895005e-01
9.488312803947217544e-01 -5.313768360119087986e-02 -3.112805671795321749e-01
9.433806190489700816e-01 -5.289030485149794070e-02 -3.274685127261320883e-01
9.376813211667435199e-01 -5.264327298214341311e-02 -3.434857046665142910e-01
9.317388167543595445e-01 -5.239683806326654592e-02 -3.593290306580376736e-01
9.255585096027816316e-01 -5.215123197084592377e-02 -3.749955971197752591e-01
9.191457702679521891e-01 -5.190666906018250037e-02 -3.904827195317617794e-01
9.125059297981543693e-01 -5.166334683884071105e-02 -4.057879128532265733e-01
9.056442741694215037e-01 -5.142144663684636990e-02 -4.209088820931169428e-01
8.985660393898401432e-01 -5.118113427217830386e-02 -4.358435130623962150e-01
8.912764072336754051e-01 -5.094256070981511425e-02 -4.505898633339784909e-01
8.837805015665636255e-01 -5.070586271280889262e-02 -4.651461534327452352e-01
8.760833852235282437e-01 -5.047116348405396302e-02 -4.795107582748777131e-01
8.681900574022626271e-01 -5.023857329760086921e-02 -4.936821988727345678e-01
8.601054515349546570e-01 -5.000819011853403773e-02 -5.076591343187049077e-01
8.518344336028867980e-01 -4.978010021058624363e-02 -5.214403540588673502e-01
8.433818008591037474e-01 -4.955437873080429517e-02 -5.350247704648820601e-01
8.347522809255849552e-01 -4.933109031070898737e-02 -5.484114117103283670e-01
8.259505312325688964e-01 -4.911028962350870442e-02 -5.615994149556687853e-01
8.169811387689375204e-01 -4.889202193703075239e-02 -5.745880198441617459e-01
8.078486201138674883e-01 -4.867632365212792855e-02 -5.873765623093547550e-01
7.985574217212784154e-01 -4.846322282640109363e-02 -5.999644686932540383e-01
7.891119204299447132e-01 -4.825273968315165612e-02 -6.123512501728834989e-01
7.795164241734808819e-01 -4.804488710554201403e-02 -6.245364974916983725e-01
7.697751728657470371e-01 -4.783967111599752436e-02 -6.365198759912070736e-01
7.598923394385516117e-01 -4.763709134093126185e-02 -6.483011209371626338e-01
7.498720310098384578e-01 -4.743714146091313616e-02 -6.598800331338092739e-01
7.397182901618377660e-01 -4.723980964643870184e-02 -6.712564748188989405e-01
7.294350963099259788e-01 -4.704507897948057710e-02 -6.824303658315227228e-01
7.190263671441771143e-01 -4.685292786102757817e-02 -6.934016800442208694e-01
7.084959601267932783e-01 -4.666333040483380823e-02 -7.041704420503414052e-01
6.978476740297778758e-01 -4.647625681761267252e-02 -7.147367240971983504e-01
6.870852504983511189e-01 -4.629167376591965255e-02 -7.251006432552368208e-01
6.762123756267127694e-01 -4.610954472997293857e-02 -7.352623588131317334e-01
6.652326815338214239e-01 -4.592983034466333048e-02 -7.452220698885273498e-01
6.541497479278920446e-01 -4.575248872800455335e-02 -7.549800132439639100e-01
6.429671036493054270e-01 -4.557747579727254583e-02 -7.645364612974234753e-01
6.316882281825784151e-01 -4.540474557307786624e-02 -7.738917203168630410e-01
6.203183785709258657e-01 -4.522056804937751168e-02 -7.830454729727979180e-01
6.088645202472148243e-01 -4.502462406928946920e-02 -7.919954434920890574e-01
5.973337947953000215e-01 -4.481660917001514810e-02 -8.007395409417884524e-01
5.857335116208296499e-01 -4.459623429931176136e-02 -8.092758692364969697e-01
5.740711388712131935e-01 -4.436322649713624749e-02 -8.176027366116621620e-01
5.623542936386096702e-01 -4.411732953901754267e-02 -8.257186645049099383e-01
5.505907314846171241e-01 -4.385830453786827843e-02 -8.336223957900288362e-01
5.387883353299574019e-01 -4.358593050113165196e-02 -8.413129023112169147e-01
5.269551037568165341e-01 -4.330000484037339198e-02 -8.487893916686439777e-01
5.150991387755635698e-01 -4.300034383067078553e-02 -8.560513132102534062e-01
5.032286331112877376e-01 -4.268678301741866965e-02 -8.630983631889990182e-01
4.913518570689209275e-01 -4.235917756846398208e-02 -8.699304890493487763e-01
4.794771450386111633e-01 -4.201740256979331206e-02 -8.765478928118505264e-01
4.676128817054484577e-01 -4.166135326332882916e-02 -8.829510335297984236e-01
4.557674880295876085e-01 -4.129094522573417692e-02 -8.891406287975218703e-01
4.439494070642389656e-01 -4.090611448748986828e-02 -8.951176552954808185e-01
4.321670896798921468e-01 -4.050681759186371134e-02 -9.008833483631470962e-01
4.204289802634845752e-01 -4.009303159377278908e-02 -9.064392005965206112e-01
4.087435024610239220e-01 -3.966475399890496967e-02 -9.117869594730191318e-01
3.971190450314215359e-01 -3.922200264383694096e-02 -9.169286240123278864e-01
3.855639478780008567e-01 -3.876481551824804972e-02 -9.218664404875549501e-01
3.740864883223259940e-01 -3.829325053068151352e-02 -9.266028972066422398e-01
3.626948676826706186e-01 -3.780738521964338572e-02 -9.311407183893901651e-01
3.513971982166435026e-01 -3.730731641215151440e-02 -9.354828571706083062e-01
3.402014904842360909e-01 -3.679315983214888341e-02 -9.396324877647621587e-01
3.291156411838965790e-01 -3.626504966147530568e-02 -9.435929968320061478e-01
3.181474215102049752e-01 -3.572313805634576983e-02 -9.473679740896365775e-01
3.073044660773688319e-01 -3.516759462251124041e-02 -9.509612022167350798e-01
2.965942624481291978e-01 -3.459860585247597625e-02 -9.543766461030748216e-01
2.860241413028080659e-01 -3.401637452831351299e-02 -9.576184414962114477e-01
2.756012672781969486e-01 -3.342111909376032503e-02 -9.606908831030601670e-01
2.653326305008296693e-01 -3.281307299937089722e-02 -9.635984122041620914e-01
2.552250388339563081e-01 -3.219248402459065628e-02 -9.663456038402662429e-01
2.452851108522878243e-01 -3.155961358064383188e-02 -9.689371536317989975e-01
2.355192695533654679e-01 -3.091473599814241122e-02 -9.713778642922689111e-01
2.259337368092697029e-01 -3.025813780330067690e-02 -9.736726318966774096e-01
2.165345285573684608e-01 -2.959011698658870274e-02 -9.758264319655929331e-01
2.073274507239547260e-01 -2.891098226757878378e-02 -9.778443054247166755e-01
1.983180958699771734e-01 -2.822105235963297959e-02 -9.797313444985554787e-01
1.895118405436612974e-01 -2.752065523794959209e-02 -9.814926785952451382e-01
1.809138433206804175e-01 -2.681012741433348376e-02 -9.831334602376737841e-01
1.725290435086949958e-01 -2.608981322188200572e-02 -9.846588510938673044e-01
1.643621604895554589e-01 -2.536006411258711485e-02 -9.860740081571632842e-01
1.564176936692757702e-01 -2.462123797064766709e-02 -9.873840701240444995e-01
1.486999230030468244e-01 -2.387369844406594249e-02 -9.885941440146688297e-01
1.412129100600773568e-01 -2.311781429687201003e-02 -9.897092920781624947e-01
1.339604995909329244e-01 -2.235395878408075881e-02 -9.907345190216616526e-01
1.269463215582883331e-01 -2.158250905124163566e-02 -9.916747595989445774e-01
1.201737935906169175e-01 -2.080384556019284140e-02 -9.925348665913155122e-01
1.136461238173011312e-01 -2.001835154238183409e-02 -9.933195992102200611e-01
1.073633423286481925e-01 -1.924387048736200811e-02 -9.940335950979302115e-01
1.013226511988942480e-01 -1.848074952691241071e-02 -9.946819512996637469e-01
9.552105554516225616e-02 -1.772932612620944579e-02 -9.952695116972596345e-01
8.995537405777258300e-02 -1.698992809403667217e-02 -9.958008711461108220e-01
8.462224909133855832e-02 -1.626287360803359630e-02 -9.962803801331623355e-01
7.951815631764710957e-02 -1.554847125299198274e-02 -9.967121499108817506e-01
7.463941394398240781e-02 -1.484702007029681248e-02 -9.971000580631875776e-01
6.998219150296092206e-02 -1.415880961670668882e-02 -9.974477544605089285e-01
6.554251822211303036e-02 -1.348412003077379198e-02 -9.977586675624178225e-01
6.131629098337094269e-02 -1.282322210531473133e-02 -9.980360110276137453e-01
5.729928188431254038e-02 -1.217637736445930513e-02 -9.982827905924235301e-01
5.348714541447099208e-02 -1.154383814392299056e-02 -9.985018111803977137e-01
4.987542526125944564e-02 -1.092584767326956058e-02 -9.986956842070212614e-01
4.645956076108740535e-02 -1.032264015905137028e-02 -9.988668350449996236e-01
4.323489301207048691e-02 -9.734440867835642344e-03 -9.990175106170222641e-01
4.019667066536820182e-02 -9.161466208244309004e-03 -9.991497870843321083e-01
3.734005541263682448e-02 -8.603923811251938322e-03 -9.992655776008391166e-01
3.466012718736676684e-02 -8.062012608100101868e-03 -9.993666401038971969e-01
3.215188909799857053e-02 -7.535922905296548249e-03 -9.994545851142164761e-01
2.981027211068976168e-02 -7.025836456273122296e-03 -9.995308835187016738e-01
2.763013949944869568e-02 -6.531926529376949793e-03 -9.995968743112889632e-01
2.560629108107238122e-02 -6.054357971964602347e-03 -9.996537722681002602e-01
2.373346725193539383e-02 -5.593287270458274438e-03 -9.997026755344391447e-01
2.200635284318745721e-02 -5.148862606306231493e-03 -9.997445731023248960e-01
2.041958081033967698e-02 -4.721223907866586682e-03 -9.997803521583921160e-01
1.896773577256488999e-02 -4.310502898303694361e-03 -9.998108052830817494e-01
1.764535741631680088e-02 -3.916823139649939882e-03 -9.998366374831157977e-01
1.644694377709637542e-02 -3.540300073242395786e-03 -9.998584730402777510e-01
1.536695441237227559e-02 -3.181041056793633068e-03 -9.998768621605288454e-01
1.439981347780504468e-02 -2.839145398398974784e-03 -9.998922874084669177e-01
1.353991271804168804e-02 -2.514704387818687305e-03 -9.999051699130893089e-01
1.278161438244741939e-02 -2.207801325403112129e-03 -9.999158753317559656e-01
1.211925407523334157e-02 -1.918511549051702455e-03 -9.999247195601642657e-01
1.154714354853106362e-02 -1.646902459613488329e-03 -9.999319741770464898e-01
1.105957344606557126e-02 -1.393033545146877411e-03 -9.999378716131873679e-01
1.065081600419348976e-02 -1.156956404461121062e-03 -9.999426100352333258e-01
1.031512771621227384e-02 -9.387147703605067204e-04 -9.999463579356301368e-01
1.004675196501323732e-02 -7.383445330056725205e-04 -9.999492584208825585e-01
9.839921628353842653e-03 -5.558737637946788938e-04 -9.999514331911794063e-01
9.688861660267831730e-03 -3.913227401499696253e-04 -9.999529862052712881e-01
9.587791651420622327e-03 -2.447039715764498589e-04 -9.999540070253277735e-01
9.530928370556537854e-03 -1.160222273309899918e-04 -9.999545738373351034e-01
9.512488288577890250e-03 -5.274566015116901067e-06 -9.999547561434245502e-01
9.526690086247239370e-03 8.754963262911833301e-05 -9.999546171233471004e-01
9.567757146016261233e-03 1.624686334746846855e-04 -9.999542156631303635e-01
9.629920028060122081e-03 2.195083091080777702e-04 -9.999536080497667401e-01
9.707418930236924592e-03 2.587021001012531100e-04 -9.999528493315896771e-01
9.794506131399115245e-03 2.800909723278805202e-04 -9.999519943447957582e-01
9.885448417258621556e-03 2.837233712363259621e-04 -9.999510984073599618e-01
9.974529487850183201e-03 2.696551730339237702e-04 -9.999502176823736876e-01
1.005906202539760645e-02 2.555172802174726253e-04 -9.999493746072984912e-01
1.013902463981748887e-02 2.413159566850215970e-04 -9.999485705482042963e-01
1.021439796170838660e-02 2.270574731211634132e-04 -9.999478067952422000e-01
1.028516464403609644e-02 2.127481042990130467e-04 -9.999470845609368386e-01
1.035130936295238294e-02 1.983941263893719889e-04 -9.999464049786210840e-01
1.041281881774977491e-02 1.840018142781923072e-04 -9.999457691010168459e-01
1.046968172995543268e-02 1.695774388934460745e-04 -9.999451778989619788e-01
1.052188884156740091e-02 1.551272645424984695e-04 -9.999446322602851822e-01
1.056943291243692302e-02 1.406575462610736254e-04 -9.999441329888297814e-01
1.061230871680082267e-02 1.261745271748934488e-04 -9.999436808036268332e-01
1.065051303896829768e-02 1.116844358750606914e-04 -9.999432763382184453e-01
1.068404466816679811e-02 9.719348380824734644e-05 -9.999429201401309752e-01
1.071290439255199491e-02 8.270786268273987954e-05 -9.999426126704986650e-01
1.073709499238717155e-02 6.823374189138191434e-05 -9.999423543038363782e-01
1.075662123239768189e-02 5.377726595244474253e-05 -9.999421453279623284e-01
1.077148985330645022e-02 3.934455196944456517e-05 -9.999419859440682457e-01
1.078170956255679672e-02 2.494168711091406505e-05 -9.999418762669376459e-01
1.078729102422918557e-02 1.057472611112422766e-05 -9.999418163253093184e-01
1.078824684815879106e-02 -3.750311207259841764e-06 -9.999418060623856963e-01
1.078459157826109488e-02 -1.802744238761776833e-05 -9.999418453364834480e-01
1.077634168007302398e-02 -3.225072476994875968e-05 -9.999419339218246217e-01
1.076351552751742512e-02 -4.641425789663680549e-05 -9.999420715094664569e-01
1.074613338889897005e-02 -6.051218589247404098e-05 -9.999422577083662000e-01
1.072421741213988589e-02 -7.453869981802351452e-05 -9.999424920465801447e-01
1.069779160926415812e-02 -8.848803999541671140e-05 -9.999427739725917919e-01
1.066688184013917309e-02 -1.023544983056952665e-04 -9.999431028567677959e-01
1.063151579548400789e-02 -1.161324204568210038e-04 -9.999434779929372574e-01
1.059172297915386869e-02 -1.298162082214928553e-04 -9.999438986000920293e-01
1.054753468971043537e-02 -1.434003216439248894e-04 -9.999443638242025978e-01
1.049898400128813913e-02 -1.568792812147541335e-04 -9.999448727401476500e-01
1.044610574376665137e-02 -1.702476700132634561e-04 -9.999454243537522213e-01
1.038893648226012906e-02 -1.835001358161198945e-04 -9.999460176039299819e-01
1.032751449593398256e-02 -1.966313931718453498e-04 -9.999466513649264421e-01
1.026187975616022624e-02 -2.096362254402525899e-04 -9.999473244486574153e-01
1.019207390402264608e-02 -2.225094867960966715e-04 -9.999480356071389631e-01
1.011814022718332540e-02 -2.352461041962081298e-04 -9.999487835350038267e-01
1.004012363612223277e-02 -2.478410793093919541e-04 -9.999495668720992381e-01
9.958070639761860965e-03 -2.602894904083933388e-04 -9.999503842061618908e-01
9.872029320489078899e-03 -2.725864942232487606e-04 -9.999512340755636330e-01
9.782049308586596506e-03 -2.847273277553593381e-04 -9.999521149721247726e-01
9.688181756086669538e-03 -2.967073100516405071e-04 -9.999530253439877781e-01
9.590479310059824014e-03 -3.085218439381211784e-04 -9.999539635985470465e-01
9.488996085351645432e-03 -3.201664177123831668e-04 -9.999549281054296301e-01
9.383787636780818384e-03 -3.316366067942515174e-04 -9.999559171995210383e-01
9.274910930811822510e-03 -3.429280753341634345e-04 -9.999569291840303409e-01
9.162424316715864214e-03 -3.540365777786647658e-04 -9.999579623335903555e-01
9.046387497233795288e-03 -3.649579603925002364e-04 -9.999590148973857007e-01
8.926861498754958685e-03 -3.756881627367841705e-04 -9.999600851023046078e-01
8.803908641026054333e-03 -3.862232191027583348e-04 -9.999611711561086080e-01
8.677592506404279218e-03 -3.965592599006616975e-04 -9.999622712506136546e-01
8.547977908669153815e-03 -4.066925130032591237e-04 -9.999633835648790159e-01
8.415130861407608270e-03 -4.166193050435940798e-04 -9.999645062683962804e-01
8.279118545987017991e-03 -4.263360626665519933e-04 -9.999656375242749196e-01
8.140009279131037861e-03 -4.358393137338406500e-04 -9.999667754924177476e-01
7.997872480113205756e-03 -4.451256884820150965e-04 -9.999679183326818377e-01
7.852778637583409174e-03 -4.541919206331944099e-04 -9.999690642080187875e-01
7.704799276042431991e-03 -4.630348484581394385e-04 -9.999702112875893389e-01
7.554006921979904143e-03 -4.716514157913808867e-04 -9.999713577498478001e-01
7.400475069691083742e-03 -4.800386729981081569e-04 -9.999725017855906062e-01
7.244278146788006058e-03 -4.881937778925510936e-04 -9.999736416009639139e-01
7.085491479420611034e-03 -4.961139966076070530e-04 -9.999747754204260097e-01
6.924191257223564176e-03 -5.037967044154878938e-04 -9.999759014896588694e-01
6.760454498004547265e-03 -5.112393864991827313e-04 -9.999770180784255391e-01
6.594359012189879472e-03 -5.184396386745526849e-04 -9.999781234833673427e-01
6.425983367043384964e-03 -5.253951680628974816e-04 -9.999792160307375832e-01
6.255406850674487262e-03 -5.321037937138528053e-04 -9.999802940790668560e-01
6.082709435851559217e-03 -5.385634471785007583e-04 -9.999813560217566399e-01
5.907971743636599056e-03 -5.447721730325972645e-04 -9.999824002895958408e-01
5.731275006857340301e-03 -5.507281293498405205e-04 -9.999834253531982853e-01
5.552701033432938006e-03 -5.564295881251274780e-04 -9.999844297253559500e-01
5.372332169569388541e-03 -5.618749356477673474e-04 -9.999854119633051486e-01
5.190251262840858346e-03 -5.670626728246410666e-04 -9.999863706709027911e-01
5.006541625173109231e-03 -5.719914154533192003e-04 -9.999873045007082739e-01
4.821286995745199117e-03 -5.766598944451711232e-04 -9.999882121559695580e-01
4.634571503825644923e-03 -5.810669559985202383e-04 -9.999890923925096597e-01
4.446479631559201347e-03 -5.852115617219213421e-04 -9.999899440205114454e-01
4.257096176720408416e-03 -5.890927887076587979e-04 -9.999907659061979537e-01
4.066506215450017316e-03 -5.927098295555832631e-04 -9.999915569734065812e-01
3.874795064990378853e-03 -5.960619923474280235e-04 -9.999923162050544656e-01
3.682048246435824703e-03 -5.991487005717669161e-04 -9.999930426444941789e-01
3.488351447514036023e-03 -6.019694929997954427e-04 -9.999937353967568443e-01
3.293790485414325488e-03 -6.045240235121399899e-04 -9.999943936296827873e-01
3.098451269678697238e-03 -6.068120608769179579e-04 -9.999950165749370568e-01
2.902419765171481564e-03 -6.088334884792958885e-04 -9.999956035289099265e-01
2.705781955143256139e-03 -6.105883040028095956e-04 -9.999961538535011574e-01
2.508623804404686713e-03 -6.120766190627333937e-04 -9.999966669767870187e-01
2.311031222625820839e-03 -6.132986587918042801e-04 -9.999971423935707371e-01
2.113090027776271061e-03 -6.142547613786277384e-04 -9.999975796658150395e-01
1.914885909721621669e-03 -6.149453775591109169e-04 -9.999979784229574564e-01
1.716504393991268853e-03 -6.153710700612897511e-04 -9.999983383621087185e-01
1.518030805732794794e-03 -6.155325130039339442e-04 -9.999986592481339143e-01
1.319550233867842906e-03 -6.154304912493359500e-04 -9.999989409136180729e-01
1.121147495464327190e-03 -6.150658997107061451e-04 -9.999991832587160623e-01
9.229071003396716218e-04 -6.144397426146164373e-04 -9.999993862508881337e-01
7.249132159096266471e-04 -6.135531327189536373e-04 -9.999995499245226682e-01
5.272496322970551342e-04 -6.124072904868606195e-04 -9.999996743804469013e-01
3.299997277149237847e-04 -6.110035432171622696e-04 -9.999997597853274023e-01
1.332464341375671547e-04 -6.093433241317908894e-04 -9.999998063709621965e-01
-6.292779672587917516e-05 -6.074281714207422104e-04 -9.999998144334666383e-01
-2.584410271421573786e-04 -6.052597272451110556e-04 -9.999997843323540359e-01
-4.532118667351434224e-04 -6.028397366987727109e-04 -9.999997164895145785e-01
-6.471595055243355155e-04 -6.001700467292907064e-04 -9.999996113880946780e-01
-8.402037466074247342e-04 -5.972526050186505696e-04 -9.999994695712782766e-01
-1.032265038473997951e-03 -5.940894588244318006e-04 -9.999992916409740085e-01
-1.223264506937629843e-03 -5.906827537820489660e-04 -9.999990782564108782e-01
-1.413123986673832117e-03 -5.870347326687044105e-04 -9.999988301326447893e-01
-1.601766052351542933e-03 -5.831477341297135143e-04 -9.999985480389793624e-01
-1.789114049346062461e-03 -5.790241913678741614e-04 -9.999982327973051532e-01
-1.975092124021564626e-03 -5.746666307965692111e-04 -9.999978852803588225e-01
-2.159625253571548827e-03 -5.700776706573020425e-04 -9.999975064099078104e-01
-2.342639275405826709e-03 -5.652600196023797700e-04 -9.999970971548621801e-01
-2.524060916072881459e-03 -5.602164752434715201e-04 -9.999966585293189603e-01
-2.703817819706679556e-03 -5.549499226667807626e-04 -9.999961915905413168e-01
-2.881838575987263375e-03 -5.494633329155836987e-04 -9.999956974368779949e-01
-3.058052747604703744e-03 -5.437597614408972010e-04 -9.999951772056251409e-01
-3.232390897216246527e-03 -5.378423465210504248e-04 -9.999946320708363867e-01
-3.404784613886751004e-03 -5.317143076509460312e-04 -9.999940632410835306e-01
-3.575166539002771083e-03 -5.253789439018063901e-04 -9.999934719571733632e-01
-3.743470391650906195e-03 -5.188396322522114117e-04 -9.999928594898243039e-01
-3.909630993451307206e-03 -5.120998258912431078e-04 -9.999922271373063998e-01
-4.073584292837506733e-03 -5.051630524945617453e-04 -9.999915762230502381e-01
-4.235267388774002599e-03 -4.980329124742471263e-04 -9.999909080932279926e-01
-4.394618553903314150e-03 -4.907130772032476359e-04 -9.999902241143113768e-01
-4.551577257114501791e-03 -4.832072872152858261e-04 -9.999895256706108349e-01
-4.706084185525425886e-03 -4.755193503810787909e-04 -9.999888141618001880e-01
-4.858081265871300874e-03 -4.676531400617379812e-04 -9.999880910004308454e-01
-5.007511685292394960e-03 -4.596125932402188611e-04 -9.999873576094404637e-01
-5.154319911514001519e-03 -4.514017086316989848e-04 -9.999866154196597190e-01
-5.298451712412106766e-03 -4.430245447737667661e-04 -9.999858658673217437e-01
-5.439854174958468763e-03 -4.344852180973104733e-04 -9.999851103915786688e-01
-5.578475723539104772e-03 -4.257879009790006158e-04 -9.999843504320288234e-01
-5.714266137640491849e-03 -4.169368197762644162e-04 -9.999835874262597013e-01
-5.847176568898072684e-03 -4.079362528456542637e-04 -9.999828228074096881e-01
-5.977159557501948370e-03 -3.987905285455169190e-04 -9.999820580017535487e-01
-6.104169047954950342e-03 -3.895040232238723048e-04 -9.999812944263147818e-01
-6.228160404178566430e-03 -3.800811591924146710e-04 -9.999805334865098372e-01
-6.349090423962496128e-03 -3.705264026875506049e-04 -9.999797765738267508e-01
-6.466917352753921537e-03 -3.608442618193908507e-04 -9.999790250635426370e-01
-6.581600896782853656e-03 -3.510392845096146908e-04 -9.999782803124840358e-01
-6.693102235520232909e-03 -3.411160564191262389e-04 -9.999775436568326681e-01
-6.801384033465749865e-03 -3.310791988664236736e-04 -9.999768164099807066e-01
-6.906410451262651358e-03 -3.209333667376021719e-04 -9.999760998604391160e-01
-7.008147156137096469e-03 -3.106832463889116808e-04 -9.999753952698015036e-01
-7.106561331659922570e-03 -3.003335535427906645e-04 -9.999747038707673674e-01
-7.201621686828973967e-03 -2.898890311782953400e-04 -9.999740268652271835e-01
-7.293298464470448356e-03 -2.793544474168436955e-04 -9.999733654224123303e-01
-7.381563448958004293e-03 -2.687345934041914181e-04 -9.999727206771132915e-01
-7.466389973248672984e-03 -2.580342811895557195e-04 -9.999720937279670263e-01
-7.547752925234904771e-03 -2.472583416027997953e-04 -9.999714856358182802e-01
-7.625628753412372167e-03 -2.364116221305888094e-04 -9.999708974221550584e-01
-7.699995471863447030e-03 -2.254989847924253701e-04 -9.999703300676215934e-01
-7.770832664556554838e-03 -2.145253040174682063e-04 -9.999697845106108041e-01
-7.838121488961898725e-03 -2.034954645230352063e-04 -9.999692616459375794e-01
-7.901844678984325243e-03 -1.924143591956869385e-04 -9.999687623235949951e-01
-7.961986547214396082e-03 -1.812868869757830079e-04 -9.999682873475954636e-01
-8.018532986499012777e-03 -1.701179507463986397e-04 -9.999678374748969256e-01
-8.071471470833212897e-03 -1.589124552274834073e-04 -9.999674134144171944e-01
-8.120791055575045034e-03 -1.476753048761394961e-04 -9.999670158261357855e-01
-8.166482376985705754e-03 -1.364114017938898994e-04 -9.999666453202855632e-01
-8.208537651097389670e-03 -1.251256436418021203e-04 -9.999663024566340930e-01
-8.246950671911572675e-03 -1.138229215643254434e-04 -9.999659877438560329e-01
-8.281716808930750240e-03 -1.025081181226939468e-04 -9.999657016389961184e-01
-8.312833004026869491e-03 -9.118610523873969679e-05 -9.999654445470245179e-01
-8.340297767650006050e-03 -7.986174214995378289e-05 -9.999652168204832270e-01
-8.364111174381070810e-03 -6.853987337662482146e-05 -9.999650187592241668e-01
-8.384274857832604150e-03 -5.722532670187667416e-05 -9.999648506102390977e-01
-8.400792004901978804e-03 -4.592291116541900615e-05 -9.999647125675809045e-01
-8.413667349381559815e-03 -3.463741507181557574e-05 -9.999646047723751430e-01
-8.422907164930666657e-03 -2.337360401406644262e-05 -9.999645273129220691e-01
-8.428519257414397725e-03 -1.213621891329111871e-05 -9.999644802248882636e-01
-8.430512956614620232e-03 -9.299740752902617473e-07 -9.999644634915865193e-01
-8.428899107318714792e-03 1.024044473524605163e-05 -9.999644770443431030e-01
-8.423690059791853063e-03 2.137038220212545829e-05 -9.999645207629518362e-01
-8.414899659638850477e-03 3.245521534588805370e-05 -9.999645944762124428e-01
-8.402543237061882442e-03 4.349035539215126688e-05 -9.999646979625528287e-01
-8.386637595520550145e-03 5.447124961933823468e-05 -9.999648309507330746e-01
-8.367200999801030145e-03 6.539338318507397819e-05 -9.999649931206296971e-01
-8.344253163501279616e-03 7.625228093054479224e-05 -9.999651841040980704e-01
-8.317815235939452975e-03 8.704350916212790553e-05 -9.999654034859112306e-01
-8.287909788492940633e-03 9.776267740960984136e-05 -9.999656508047729542e-01
-8.254560800375624480e-03 1.084054401603241533e-04 -9.999659255544027792e-01
-8.217793643861180664e-03 1.189674985685512047e-04 -9.999662271846908590e-01
-8.177635068960451004e-03 1.294446021395349183e-04 -9.999665551029200961e-01
-8.134113187561098704e-03 1.398325503874842308e-04 -9.999669086750527791e-01
-8.087257457037994729e-03 1.501271944669396025e-04 -9.999672872270796153e-01
-8.037098663342946009e-03 1.603244387768980534e-04 -9.999676900464284923e-01
-7.983668903582569198e-03 1.704202425371033141e-04 -9.999681163834291953e-01
-7.927001568093330550e-03 1.804106213359212062e-04 -9.999685654528327472e-01
-7.867131322022911238e-03 1.902916486492338107e-04 -9.999690364353809313e-01
-7.804094086427285602e-03 2.000594573298000505e-04 -9.999695284794243300e-01
-7.737927018893021175e-03 2.097102410665438118e-04 -9.999700407025844395e-01
-7.668668493694533184e-03 2.192402558132456355e-04 -9.999705721934583069e-01
-7.596358081496148475e-03 2.286458211861274565e-04 -9.999711220133606915e-01
-7.521036528609022914e-03 2.379233218298351801e-04 -9.999716891981026423e-01
-7.442745735813105501e-03 2.470692087513380901e-04 -9.999722727598010508e-01
-7.361528736754491611e-03 2.560800006212789084e-04 -9.999728716887175128e-01
-7.277429675928662189e-03 2.649522850423237765e-04 -9.999734849551227267e-01
-7.190493786260248807e-03 2.736827197840758477e-04 -9.999741115111823175e-01
-7.100767366290098963e-03 2.822680339841320929e-04 -9.999747502928622023e-01
-7.008297756980559970e-03 2.907050293148781507e-04 -9.999754002218484983e-01
-6.913133318150016006e-03 2.989905811156314268e-04 -9.999760602074801996e-01
-6.815323404547859489e-03 3.071216394897584453e-04 -9.999767291486895138e-01
-6.714918341581168140e-03 3.150952303664082861e-04 -9.999774059359485268e-01
-6.611969400704508296e-03 3.229084565265202063e-04 -9.999780894532166453e-01
-6.506528774484370871e-03 3.305584985927785568e-04 -9.999787785798874840e-01
-6.398649551349855705e-03 3.380426159832055646e-04 -9.999794721927305341e-01
-6.288385690041337940e-03 3.453581478280976186e-04 -9.999801691678248394e-01
-6.175791993768921240e-03 3.525025138500279378e-04 -9.999808683824812361e-01
-6.060924084092590182e-03 3.594732152066541114e-04 -9.999815687171506040e-01
-5.943838374536049643e-03 3.662678352960862952e-04 -9.999822690573140216e-01
-5.824592043946331781e-03 3.728840405245875136e-04 -9.999829682953521592e-01
-5.703243009611305876e-03 3.793195810363949195e-04 -9.999836653323909141e-01
-5.579849900147318235e-03 3.855722914054673434e-04 -9.999843590801205107e-01
-5.454472028169234446e-03 3.916400912889806719e-04 -9.999850484625842917e-01
-5.327169362755228288e-03 3.975209860424101598e-04 -9.999857324179356466e-01
-5.198002501718710158e-03 4.032130672960550439e-04 -9.999864099001586348e-01
-5.067032643699832112e-03 4.087145134928780641e-04 -9.999870798807514172e-01
-4.934321560089062128e-03 4.140235903875489243e-04 -9.999877413503681645e-01
-4.799931566795338431e-03 4.191386515065980713e-04 -9.999883933204183339e-01
-4.663925495871364992e-03 4.240581385696036518e-04 -9.999890348246199823e-01
-4.526366667008620628e-03 4.287805818713518531e-04 -9.999896649205047838e-01
-4.387318858914690534e-03 4.333046006249273137e-04 -9.999902826908730891e-01
-4.246846280585526469e-03 4.376289032657072579e-04 -9.999908872451962472e-01
-4.105013542485268750e-03 4.417522877162501928e-04 -9.999914777209646388e-01
-3.961885627646252739e-03 4.456736416120865942e-04 -9.999920532849789767e-01
-3.817527862701831660e-03 4.493919424884353802e-04 -9.999926131345833191e-01
-3.672005888864638030e-03 4.529062579278877510e-04 -9.999931564988381316e-01
-3.525385632862890369e-03 4.562157456691155874e-04 -9.999936826396315093e-01
-3.377733277847334500e-03 4.593196536766787287e-04 -9.999941908527275602e-01
-3.229115234281392747e-03 4.622173201720226931e-04 -9.999946804687498414e-01
-3.079598110827053929e-03 4.649081736257730892e-04 -9.999951508540992906e-01
-2.929248685239011548e-03 4.673917327114515143e-04 -9.999956014118048797e-01
-2.778133875279513269e-03 4.696676062207524177e-04 -9.999960315823067658e-01
-2.626320709666341013e-03 4.717354929405376545e-04 -9.999964408441700536e-01
-2.473876299066288947e-03 4.735951814917209522e-04 -9.999968287147292800e-01
-2.320867807146452869e-03 4.752465501302308355e-04 -9.999971947506625103e-01
-2.167362421695579432e-03 4.766895665102564329e-04 -9.999975385484944912e-01
-2.013427325827661651e-03 4.779242874099960984e-04 -9.999978597450285278e-01
-1.859129669279886016e-03 4.789508584201446055e-04 -9.999981580177073059e-01
-1.704536539816972791e-03 4.797695135953703414e-04 -9.999984330849016612e-01
-1.549714934753854178e-03 4.803805750690486737e-04 -9.999986847061275164e-01
-1.394731732608557118e-03 4.807844526315334334e-04 -9.999989126821916541e-01
-1.239653664897059351e-03 4.809816432722629933e-04 -9.999991168552657683e-01
-1.084547288081792304e-03 4.809727306860126471e-04 -9.999992971088899063e-01
-9.294789556853590498e-04 4.807583847436191463e-04 -9.999994533679045228e-01
-7.745147905809301667e-04 4.803393609275183784e-04 -9.999995855983134785e-01
-6.197206574706648615e-04 4.797164997324507730e-04 -9.999996938070767616e-01
-4.651621355633891574e-04 4.788907260317032811e-04 -9.999997780418354854e-01
-3.109044914626398750e-04 4.778630484092710870e-04 -9.999998383905686072e-01
-1.570126522760564576e-04 4.766345584583350542e-04 -9.999998749811835896e-01
-3.551178956970546747e-06 4.752064300464649543e-04 -9.999998879810411134e-01
1.494157601110921970e-04 4.735799185479715309e-04 -9.999998775964159536e-01
3.018244152764238330e-04 4.717563600438430885e-04 -9.999998440718943504e-01
4.536114815172309048e-04 4.697371704897160055e-04 -9.999997876897108728e-01
6.047141240655358506e-04 4.675238448523394170e-04 -9.999997087690242203e-01
7.550700037467562072e-04 4.651179562150081878e-04 -9.999996076651355148e-01
9.046173020249919598e-04 4.625211548524494113e-04 -9.999994847686496380e-01
1.053294745744212451e-03 4.597351672756593228e-04 -9.999993405045819461e-01
1.201041631555700229e-03 4.567617952471992823e-04 -9.999991753314116938e-01
1.347797850022275845e-03 4.536029147674709174e-04 -9.999989897400849426e-01
1.493503909390002729e-03 4.502604750325003304e-04 -9.999987842529679538e-01
1.638100959018246082e-03 4.467364973637734707e-04 -9.999985594227542851e-01
1.781530812459138947e-03 4.430330741106734476e-04 -9.999983158313270337e-01
1.923735970177692942e-03 4.391523675260823752e-04 -9.999980540885783364e-01
2.064659641903973924e-03 4.350966086157180947e-04 -9.999977748311890124e-01
2.204245768608958673e-03 4.308680959617879362e-04 -9.999974787213703475e-01
2.342439044095873200e-03 4.264691945215485125e-04 -9.999971664455703513e-01
2.479184936199013874e-03 4.219023344013710011e-04 -9.999968387131471514e-01
2.614429707582250316e-03 4.171700096069196626e-04 -9.999964962550116354e-01
2.748120436129605250e-03 4.122747767700589904e-04 -9.999961398222424469e-01
2.880205034920517698e-03 4.072192538531135028e-04 -9.999957701846751146e-01
3.010632271782594325e-03 4.020061188311115628e-04 -9.999953881294685321e-01
3.139351788414866673e-03 3.966381083526518219e-04 -9.999949944596512319e-01
3.266314119074778446e-03 3.911180163800385252e-04 -9.999945899926496740e-01
3.391470708822346466e-03 3.854486928093376090e-04 -9.999941755588016568e-01
3.514773931315145344e-03 3.796330420710128405e-04 -9.999937519998575164e-01
3.636177106147987521e-03 3.736740217118069947e-04 -9.999933201674708894e-01
3.755634515731390635e-03 3.675746409585383756e-04 -9.999928809216831471e-01
3.873101421703135840e-03 3.613379592644892801e-04 -9.999924351294027236e-01
3.988534080867452668e-03 3.549670848390673898e-04 -9.999919836628826664e-01
4.101889760656581181e-03 3.484651731614263380e-04 -9.999915273981991870e-01
4.213126754109691556e-03 3.418354254787355460e-04 -9.999910672137330980e-01
4.322204394364366313e-03 3.350810872897946272e-04 -9.999906039886573561e-01
4.429083068656069870e-03 3.282054468146901522e-04 -9.999901386014331539e-01
4.533724231821271641e-03 3.212118334511971751e-04 -9.999896719283165591e-01
4.636090419300105750e-03 3.141036162186306856e-04 -9.999892048418789203e-01
4.736145259634685911e-03 3.068842021898545921e-04 -9.999887382095428157e-01
4.833853486459420423e-03 2.995570349121593097e-04 -9.999882728921366537e-01
4.929180949979908993e-03 2.921255928177204897e-04 -9.999878097424693690e-01
5.022094627937226906e-03 2.845933876243533821e-04 -9.999873496039283216e-01
5.112562636054637961e-03 2.769639627272793775e-04 -9.999868933091022871e-01
5.200554237964011804e-03 2.692408915826222018e-04 -9.999864416784316479e-01
5.286039854609447634e-03 2.614277760833520455e-04 -9.999859955188880045e-01
5.368991073125842228e-03 2.535282449283971602e-04 -9.999855556226854292e-01
5.449380655190370036e-03 2.455459519856418552e-04 -9.999851227660252473e-01
5.527182544845079919e-03 2.374845746495308596e-04 -9.999846977078761245e-01
5.602371875789035130e-03 2.293478121939990385e-04 -9.999842811887912353e-01
5.674924978138668613e-03 2.211393841214450719e-04 -9.999838739297648438e-01
5.744819384655240786e-03 2.128630285084668120e-04 -9.999834766311296308e-01
5.812033836438532455e-03 2.045225003490750836e-04 -9.999830899714958754e-01
5.876548288086123201e-03 1.961215698961006897e-04 -9.999827146067352679e-01
5.938343912317840638e-03 1.876640210015081338e-04 -9.999823511690093536e-01
5.997403104065195806e-03 1.791536494563270260e-04 -9.999820002658452722e-01
6.053709484025845446e-03 1.705942613309103758e-04 -9.999816624792591258e-01
6.107247901683343118e-03 1.619896713162255063e-04 -9.999813383649286402e-01
6.158004437792677886e-03 1.533437010668811825e-04 -9.999810284514162317e-01
6.205966406332311808e-03 1.446601775465909689e-04 -9.999807332394428094e-01
6.251122355923663387e-03 1.359429313767691731e-04 -9.999804532012146474e-01
6.293462070719191455e-03 1.271957951889522329e-04 -9.999801887798022149e-01
6.332976570760464642e-03 1.184226019817344517e-04 -9.999799403885736293e-01
6.369658111807821078e-03 1.096271834829022651e-04 -9.999797084106818446e-01
6.403500184643432826e-03 1.008133685174469440e-04 -9.999794931986066837e-01
6.434497513849809884e-03 9.198498138213086640e-05 -9.999792950737526054e-01
6.462646056065998908e-03 8.314584022727712262e-05 -9.999791143261016479e-01
6.487942997723932133e-03 7.429975544644704458e-05 -9.999789512139222181e-01
6.510386752267598859e-03 6.545052807466460870e-05 -9.999788059635340565e-01
6.529976956857926063e-03 5.660194819584080952e-05 -9.999786787691292700e-01
6.546714468566452484e-03 4.775779336004496052e-05 -9.999785697926488748e-01
6.560601360061087822e-03 3.892182701126357762e-05 -9.999784791637155168e-01
6.571640914787454241e-03 3.009779692628087287e-05 -9.999784069796217034e-01
6.579837621649510353e-03 2.128943366530810344e-05 -9.999783533053731022e-01
6.585197169193344330e-03 1.250044903498196825e-05 -9.999783181737867954e-01
6.587726439298234420e-03 3.734534564344943165e-06 -9.999783015856437141e-01
6.587433500379253834e-03 -5.004640005587060401e-06 -9.999783035098946948e-01
6.584327600105906002e-03 -1.371342821807202188e-05 -9.999783238839194954e-01
6.578419157641443582e-03 -2.238820838211436250e-05 -9.999783626138379899e-01
6.569719755407727596e-03 -3.102538503858122767e-05 -9.999784195748727678e-01
6.558242130380664316e-03 -3.962139041038914935e-05 -9.999784946117619144e-01
6.544000164921429281e-03 -4.817268583619655598e-05 -9.999785875392214196e-01
6.527008877148878646e-03 -5.667576318704621574e-05 -9.999786981424553245e-01
6.507284410858710233e-03 -6.512714626541064649e-05 -9.999788261777132758e-01
6.484844024995124918e-03 -7.352339218610284171e-05 -9.999789713728937102e-01
6.459706082680895939e-03 -8.186109273852376384e-05 -9.999791334281917798e-01
6.431890039811924593e-03 -9.013687572972794309e-05 -9.999793120167896898e-01
6.401416433222532551e-03 -9.834740630779781670e-05 -9.999795067855896669e-01
6.368306868427884952e-03 -1.064893882650277572e-04 -9.999797173559857866e-01
6.332584006950114572e-03 -1.145595653204284348e-04 -9.999799433246753244e-01
6.294271553234863023e-03 -1.225547223810727175e-04 -9.999801842645066330e-01
6.253394241165103305e-03 -1.304716867818144746e-04 -9.999804397253622135e-01
6.209977820179263253e-03 -1.383073295029223725e-04 -9.999807092350749826e-01
6.164049041000815160e-03 -1.460585663651813330e-04 -9.999809923003768475e-01
6.115635640986629568e-03 -1.537223592020253997e-04 -9.999812884078765896e-01
6.064766329101537769e-03 -1.612957170082766109e-04 -9.999815970250661712e-01
6.011470770526679448e-03 -1.687756970650755790e-04 -9.999819176013529098e-01
5.955779570909344560e-03 -1.761594060406010767e-04 -9.999822495691157442e-01
5.897724260262146058e-03 -1.834440010661870699e-04 -9.999825923447839271e-01
5.837337276519478056e-03 -1.906266907874574557e-04 -9.999829453299361459e-01
5.774651948759351901e-03 -1.977047363901100665e-04 -9.999833079124171853e-01
5.709702480098796315e-03 -2.046754525999939969e-04 -9.999836794674717977e-01
5.642523930271143087e-03 -2.115362086571353410e-04 -9.999840593588917859e-01
5.573152197893611708e-03 -2.182844292633794665e-04 -9.999844469401757419e-01
5.501624002433723459e-03 -2.249175955033292263e-04 -9.999848415556990000e-01
5.427976865883178681e-03 -2.314332457382712758e-04 -9.999852425418911395e-01
5.352249094147915921e-03 -2.378289764727949433e-04 -9.999856492284197040e-01
5.274479758163180994e-03 -2.441024431938202679e-04 -9.999860609393779187e-01
5.194708674742514604e-03 -2.502513611817649432e-04 -9.999864769944738496e-01
5.112976387169664363e-03 -2.562735062935916366e-04 -9.999868967102200079e-01
5.029324145542489466e-03 -2.621667157174907906e-04 -9.999873194011199562e-01
4.943793886878033832e-03 -2.679288886989660478e-04 -9.999877443808514732e-01
4.856428214987986054e-03 -2.735579872381026928e-04 -9.999881709634429461e-01
4.767270380133844208e-03 -2.790520367578121913e-04 -9.999885984644416581e-01
4.676364258471148692e-03 -2.844091267428589453e-04 -9.999890262020723064e-01
4.583754331292217397e-03 -2.896274113494882009e-04 -9.999894534983827521e-01
4.489485664076877346e-03 -2.947051099854876006e-04 -9.999898796803767809e-01
4.393603885360736379e-03 -2.996405078605271217e-04 -9.999903040811305432e-01
4.296155165430584448e-03 -3.044319565066360214e-04 -9.999907260408912313e-01
4.197186194856578241e-03 -3.090778742686883102e-04 -9.999911449081569925e-01
4.096744162870874159e-03 -3.135767467647811234e-04 -9.999915600407355276e-01
3.994876735602440575e-03 -3.179271273164040765e-04 -9.999919708067800395e-01
3.891632034177796781e-03 -3.221276373483104817e-04 -9.999923765858005353e-01
3.787058612697458138e-03 -3.261769667580145869e-04 -9.999927767696498160e-01
3.681205436097890766e-03 -3.300738742548527658e-04 -9.999931707634815981e-01
3.574121857908804743e-03 -3.338171876685585692e-04 -9.999935579866799928e-01
3.465857597915619932e-03 -3.374058042273159132e-04 -9.999939378737583429e-01
3.356462719736960296e-03 -3.408386908052675273e-04 -9.999943098752271942e-01
3.245987608327034670e-03 -3.441148841394684171e-04 -9.999946734584286290e-01
3.134482947412763326e-03 -3.472334910162880816e-04 -9.999950281083368475e-01
3.021999696875514365e-03 -3.501936884272774777e-04 -9.999953733283234447e-01
2.908589070087299298e-03 -3.529947236945303298e-04 -9.999957086408864937e-01
2.794302511211278414e-03 -3.556359145655815031e-04 -9.999960335883418816e-01
2.679191672476402726e-03 -3.581166492778971376e-04 -9.999963477334772310e-01
2.563308391436003655e-03 -3.604363865930257697e-04 -9.999966506601655203e-01
2.446704668220123832e-03 -3.625946558004906179e-04 -9.999969419739398457e-01
2.329432642791345962e-03 -3.645910566915179008e-04 -9.999972213025267731e-01
2.211544572213856343e-03 -3.664252595027068420e-04 -9.999974882963388323e-01
2.093092807945437506e-03 -3.680970048297614919e-04 -9.999977426289249349e-01
1.974129773162042016e-03 -3.696061035114153390e-04 -9.999979839973784923e-01
1.854707940124569483e-03 -3.709524364836934494e-04 -9.999982121227026788e-01
1.734879807597403166e-03 -3.721359546046683169e-04 -9.999984267501327295e-01
1.614697878328226347e-03 -3.731566784498785015e-04 -9.999986276494142734e-01
1.494214636598572904e-03 -3.740146980785907967e-04 -9.999988146150388113e-01
1.373482525854511282e-03 -3.747101727710986383e-04 -9.999989874664351186e-01
1.252553926426797255e-03 -3.752433307372622694e-04 -9.999991460481165717e-01
1.131481133349759990e-03 -3.756144687965064688e-04 -9.999992902297851760e-01
1.010316334288118272e-03 -3.758239520295045570e-04 -9.999994199063919620e-01
8.891115875808462210e-04 -3.758722134017886130e-04 -9.999995349981533055e-01
7.679188004111282481e-04 -3.757597533595364615e-04 -9.999996354505248375e-01
6.467897071113615877e-04 -3.754871393977985122e-04 -9.999997212341319441e-01
5.257758476120769076e-04 -3.750550056014374518e-04 -9.999997923446580783e-01
4.049285460435566534e-04 -3.744640521590654491e-04 -9.999998488026906607e-01
2.842988894988384037e-04 -3.737150448502738267e-04 -9.999998906535261245e-01
1.639377069666914457e-04 -3.728088145064611643e-04 -9.999999179669331051e-01
4.389554844305496712e-05 -3.717462564455759847e-04 -9.999999308368765494e-01
-7.577733577067942493e-05 -3.705283298811007484e-04 -9.999999293812013024e-01
-1.950310155742650460e-04 -3.691560573056130415e-04 -9.999999137412777239e-01
-3.138159013719128763e-04 -3.676305238492713905e-04 -9.999998840816091139e-01
-4.320827641642701385e-04 -3.659528766135812668e-04 -9.999998405894020559e-01
-5.497827554211318600e-04 -3.641243239808071466e-04 -9.999997834741014557e-01
-6.668674267270749238e-04 -3.621461348994059210e-04 -9.999997129668898310e-01
-7.832887491923250798e-04 -3.600196381458656823e-04 -9.999996293201532938e-01
-8.989991326212973428e-04 -3.577462215633431253e-04 -9.999995328069146705e-01
-1.013951444431377899e-03 -3.553273312775015328e-04 -9.999994237202347591e-01
-1.128099028314648181e-03 -3.527644708899597688e-04 -9.999993023725838315e-01
-1.241395722635388332e-03 -3.500592006497711076e-04 -9.999991690951839374e-01
-1.353795878556334105e-03 -3.472131366033585865e-04 -9.999990242373227867e-01
-1.465254377886801096e-03 -3.442279497233419173e-04 -9.999988681656423184e-01
-1.575726650645936601e-03 -3.411053650166981496e-04 -9.999987012634014016e-01
-1.685168692334499969e-03 -3.378471606127064091e-04 -9.999985239297154438e-01
-1.793537080908726112e-03 -3.344551668311332676e-04 -9.999983365787735723e-01
-1.900788993449970985e-03 -3.309312652311231632e-04 -9.999981396390352772e-01
-2.006882222523995955e-03 -3.272773876412649031e-04 -9.999979335524078472e-01
-2.111775192223897587e-03 -3.234955151713114047e-04 -9.999977187734062634e-01
-2.215426973890852452e-03 -3.195876772060365022e-04 -9.999974957682969956e-01
-2.317797301506995498e-03 -3.155559503817187135e-04 -9.999972650142271435e-01
-2.418846586754922531e-03 -3.114024575457473407e-04 -9.999970269983406990e-01
-2.518535933738461248e-03 -3.071293666998523475e-04 -9.999967822168835951e-01
-2.616827153359522085e-03 -3.027388899274645524e-04 -9.999965311742988749e-01
-2.713682777346007689e-03 -2.982332823057176098e-04 -9.999962743823136435e-01
-2.809066071925923804e-03 -2.936148408026086195e-04 -9.999960123590198036e-01
-2.902941051143005657e-03 -2.888859031598382137e-04 -9.999957456279493506e-01
-2.995272489809343904e-03 -2.840488467618558521e-04 -9.999954747171468927e-01
-3.086025936090665105e-03 -2.791060874916398492e-04 -9.999952001582402827e-01
-3.175167723720091241e-03 -2.740600785737458325e-04 -9.999949224855108065e-01
-3.262664983836385812e-03 -2.689133094051606365e-04 -9.999946422349652586e-01
-3.348485656442858407e-03 -2.636683043745024330e-04 -9.999943599434111263e-01
-3.432598501483280495e-03 -2.583276216701103369e-04 -9.999940761475359929e-01
-3.514973109531344727e-03 -2.528938520775707928e-04 -9.999937913829931579e-01
-3.595579912090371769e-03 -2.473696177672292948e-04 -9.999935061834952510e-01
-3.674390191500151275e-03 -2.417575710722394335e-04 -9.999932210799168386e-01
-3.751376090447980111e-03 -2.360603932577032163e-04 -9.999929365994074670e-01
-3.826510621081143527e-03 -2.302807932814578270e-04 -9.999926532645171395e-01
-3.899767673718260164e-03 -2.244215065470668363e-04 -9.999923715923347833e-01
-3.971122025157099167e-03 -2.184852936495739828e-04 -9.999920920936422597e-01
-4.040549346576649374e-03 -2.124749391145800315e-04 -9.999918152720841391e-01
-4.108026211031411828e-03 -2.063932501312030772e-04 -9.999915416233547960e-01
-4.173530100536058593e-03 -2.002430552794841291e-04 -9.999912716344052654e-01
-4.237039412738789063e-03 -1.940272032527998354e-04 -9.999910057826688625e-01
-4.298533467181891478e-03 -1.877485615758444802e-04 -9.999907445353091173e-01
-4.357992511148203393e-03 -1.814100153187432759e-04 -9.999904883484893592e-01
-4.415397725092336592e-03 -1.750144658078590563e-04 -9.999902376666661707e-01
-4.470731227655731430e-03 -1.685648293338532541e-04 -9.999899929219073780e-01
-4.523976080264756512e-03 -1.620640358575619949e-04 -9.999897545332352422e-01
-4.575116291311284722e-03 -1.555150277142467276e-04 -9.999895229059964086e-01
-4.624136819915326650e-03 -1.489207583167776480e-04 -9.999892984312593880e-01
-4.671023579269500264e-03 -1.422841908583068421e-04 -9.999890814852397947e-01
-4.715763439565282163e-03 -1.356082970149861532e-04 -9.999888724287552266e-01
-4.758344230501174860e-03 -1.288960556492832845e-04 -9.999886716067094561e-01
-4.798754743373095412e-03 -1.221504515144467495e-04 -9.999884793476071509e-01
-4.836984732747462434e-03 -1.153744739606688994e-04 -9.999882959631001267e-01
-4.873024917717647640e-03 -1.085711156434927214e-04 -9.999881217475646844e-01
-4.906866982744618501e-03 -1.017433712350059434e-04 -9.999879569777114785e-01
-4.938503578082780766e-03 -9.489423613836266461e-05 -9.999878019122282469e-01
-4.967928319792201328e-03 -8.802670520616954293e-05 -9.999876567914549597e-01
-4.995135789338561033e-03 -8.114377146327007568e-05 -9.999875218370928298e-01
-5.020121532782352743e-03 -7.424842483445691810e-05 -9.999873972519468524e-01
-5.042882059559026381e-03 -6.734365087763829430e-05 -9.999872832197023165e-01
-5.063414840851926738e-03 -6.043242952298036807e-05 -9.999871799047355125e-01
-5.081718307560052772e-03 -5.351773381854326632e-05 -9.999870874519578567e-01
-5.097791847862828511e-03 -4.660252868292400987e-05 -9.999870059866953209e-01
-5.111635804384236093e-03 -3.968976966541471352e-05 -9.999869356146011690e-01
-5.123251470958821961e-03 -3.278240171417971479e-05 -9.999868764216031103e-01
-5.132641089002258107e-03 -2.588335795295024238e-05 -9.999868284738847590e-01
-5.139807843489280735e-03 -1.899555846672978048e-05 -9.999867918179001780e-01
-5.144755858542006573e-03 -1.212190909699806390e-05 -9.999867664804227285e-01
-5.147490192631762329e-03 -5.265300246895819985e-06 -9.999867524686264497e-01
-5.148016833397732819e-03 1.571394303133289193e-06 -9.999867497702011887e-01
-5.146342692085871182e-03 8.385318568773169571e-06 -9.999867583534993720e-01
-5.142475597611672472e-03 1.517363552387404237e-05 -9.999867781677153067e-01
-5.136424290250560243e-03 2.193352825064145628e-05 -9.999868091430959005e-01
-5.128198414959767547e-03 2.866220107752428818e-05 -9.999868511911822466e-01
-5.117808514335760346e-03 3.535688070435696141e-05 -9.999869042050816281e-01
-5.105266021211368396e-03 4.201481731431801892e-05 -9.999869680597694988e-01
-5.090583250896943066e-03 4.863328567227420701e-05 -9.999870426124195522e-01
-5.073773393069996862e-03 5.520958620908629759e-05 -9.999871277027632122e-01
-5.054850503317905204e-03 6.174104609146024232e-05 -9.999872231534754352e-01
-5.033829494338390616e-03 6.822502027693473148e-05 -9.999873287705880465e-01
-5.010726126802641373e-03 7.465889255360370132e-05 -9.999874443439282778e-01
-4.985556999886032840e-03 8.104007656418031245e-05 -9.999875696475818421e-01
-4.958339541471558538e-03 8.736601681401645050e-05 -9.999877044403808757e-01
-4.929091998031191572e-03 9.363418966270019598e-05 -9.999878484664136424e-01
-4.897833424190515053e-03 9.984210429886165872e-05 -9.999880014555566632e-01
-4.864583671982090213e-03 1.059873036978257717e-04 -9.999881631240274960e-01
-4.829363379793126347e-03 1.120673655617593128e-04 -9.999883331749576110e-01
-4.792193961013148547e-03 1.180799032419676083e-04 -9.999885112989832514e-01
-4.753097592387452858e-03 1.240225666430054118e-04 -9.999886971748541686e-01
-4.712097202082253002e-03 1.298930431082748009e-04 -9.999888904700587888e-01
-4.669216457467526872e-03 1.356890582867920406e-04 -9.999890908414643675e-01
-4.624479752623668165e-03 1.414083769808143886e-04 -9.999892979359709111e-01
-4.577912195578146513e-03 1.470488039740266951e-04 -9.999895113911786426e-01
-4.529539595278483585e-03 1.526081848399970273e-04 -9.999897308360661263e-01
-4.479388448307928920e-03 1.580844067306194666e-04 -9.999899558916792719e-01
-4.427485925350324245e-03 1.634753991442723783e-04 -9.999901861718293317e-01
-4.373859857410724791e-03 1.687791346734286637e-04 -9.999904212837984474e-01
-4.318538721798426822e-03 1.739936297314654049e-04 -9.999906608290521914e-01
-4.261551627879137279e-03 1.791169452584288739e-04 -9.999909044039572148e-01
-4.202928302603092629e-03 1.841471874055210982e-04 -9.999911516005028922e-01
-4.142699075816016346e-03 1.890825081980837704e-04 -9.999914020070261866e-01
-4.080894865359862601e-03 1.939211061768652080e-04 -9.999916552089372912e-01
-4.017547161970378734e-03 1.986612270173657494e-04 -9.999919107894462700e-01
-3.952688013978570246e-03 2.033011641270673214e-04 -9.999921683302886999e-01
-3.886350011823219274e-03 2.078392592203623520e-04 -9.999924274124487589e-01
-3.818566272381663466e-03 2.122739028710079296e-04 -9.999926876168792056e-01
-3.749370423126106334e-03 2.166035350419404939e-04 -9.999929485252165851e-01
-3.678796586112767931e-03 2.208266455922970725e-04 -9.999932097204912163e-01
-3.606879361811244928e-03 2.249417747614991102e-04 -9.999934707878291862e-01
-3.533653812781491297e-03 2.289475136302647192e-04 -9.999937313151472384e-01
-3.459155447205870208e-03 2.328425045584261858e-04 -9.999939908938381139e-01
-3.383420202283773763e-03 2.366254415994391638e-04 -9.999942491194449001e-01
-3.306484427496332763e-03 2.402950708914806629e-04 -9.999945055923250559e-01
-3.228384867748783360e-03 2.438501910250430243e-04 -9.999947599183011127e-01
-3.149158646398076116e-03 2.472896533869415941e-04 -9.999950117092982760e-01
-3.068843248173342905e-03 2.506123624806639661e-04 -9.999952605839670383e-01
-2.987476501996863543e-03 2.538172762229989952e-04 -9.999955061682908042e-01
-2.905096563713183144e-03 2.569034062168943267e-04 -9.999957480961770839e-01
-2.821741898734059836e-03 2.598698180005011311e-04 -9.999959860100308129e-01
-2.737451264606923299e-03 2.627156312723753643e-04 -9.999962195613099070e-01
-2.652263693514539823e-03 2.654400200928151406e-04 -9.999964484110619445e-01
-2.566218474713586901e-03 2.680422130613235952e-04 -9.999966722304406419e-01
-2.479355136919836073e-03 2.705214934701979392e-04 -9.999968907012016794e-01
-2.391713430647650525e-03 2.728771994342542502e-04 -9.999971035161778765e-01
-2.303333310511490508e-03 2.751087239967088668e-04 -9.999973103797317187e-01
-2.214254917497121816e-03 2.772155152112468018e-04 -9.999975110081856799e-01
-2.124518561210203896e-03 2.791970762003178827e-04 -9.999977051302291198e-01
-2.034164702109923350e-03 2.810529651897115261e-04 -9.999978924873018649e-01
-1.943233933735323592e-03 2.827827955194706414e-04 -9.999980728339531444e-01
-1.851766964931955218e-03 2.843862356312155731e-04 -9.999982459381757671e-01
-1.759804602086452972e-03 2.858630090319587988e-04 -9.999984115817159847e-01
-1.667387731376615296e-03 2.872128942345006982e-04 -9.999985695603568203e-01
-1.574557301044533352e-03 2.884357246745066264e-04 -9.999987196841765291e-01
-1.481354303700282418e-03 2.895313886043755021e-04 -9.999988617777804123e-01
-1.387819758663652071e-03 2.904998289640190628e-04 -9.999989956805065416e-01
-1.293994694351351506e-03 2.913410432286811882e-04 -9.999991212466053936e-01
-1.199920130717084879e-03 2.920550832339359601e-04 -9.999992383453920608e-01
-1.105637061751843248e-03 2.926420549780121274e-04 -9.999993468613724845e-01
-1.011186438051712164e-03 2.931021184016012406e-04 -9.999994466943430416e-01
-9.166091494604412891e-04 2.934354871453160414e-04 -9.999995377594624868e-01
-8.219460077939692941e-04 2.936424282849746967e-04 -9.999996199872984715e-01
-7.272377296540352611e-04 2.937232620448947552e-04 -9.999996933238463059e-01
-6.325249193379506871e-04 2.936783614893910088e-04 -9.999997577305221874e-01
-5.378480518515402643e-04 2.935081521926787029e-04 -9.999998131841296711e-01
-4.432474560321932565e-04 2.932131118873932980e-04 -9.999998596768001624e-01
-3.487632977888986642e-04 2.927937700919456838e-04 -9.999998972159078736e-01
-2.544355634660633173e-04 2.922507077169409070e-04 -9.999999258239590239e-01
-1.603040433378381487e-04 2.915845566508961186e-04 -9.999999455384561697e-01
-6.640831523960035224e-05 2.907959993255021199e-04 -9.999999564117376671e-01
2.721227165684245728e-05 2.898857682606803673e-04 -9.999999585107931521e-01
1.205186129178420365e-04 2.888546455896956445e-04 -9.999999519170545970e-01
2.134718647658951122e-04 2.877034625645921999e-04 -9.999999367261649397e-01
3.060334598347147278e-04 2.864330990422287370e-04 -9.999999130477231768e-01
3.981651227551684640e-04 2.850444829511949085e-04 -9.999998810050078069e-01
4.898288855659563810e-04 2.835385897398996096e-04 -9.999998407346784024e-01
5.809871029429978075e-04 2.819164418061285765e-04 -9.999997923864566429e-01
6.716024672415945749e-04 2.801791079083751899e-04 -9.999997361227866977e-01
7.616380233455361448e-04 2.783277025592559230e-04 -9.999996721184762904e-01
8.510571833174159417e-04 2.763633854013284284e-04 -9.999996005603191129e-01
9.398237408445321009e-04 2.742873605656361707e-04 -9.999995216466990300e-01
1.027901885474852197e-03 2.721008760133110990e-04 -9.999994355871771878e-01
1.115256216637629944e-03 2.698052228605705158e-04 -9.999993426020628018e-01
1.201851757443371787e-03 2.674017346874516736e-04 -9.999992429219679568e-01
1.287653968257965924e-03 2.648917868306330465e-04 -9.999991367873483084e-01
1.372628760045896098e-03 2.622767956606962721e-04 -9.999990244480295720e-01
1.456742507477585147e-03 2.595582178441894756e-04 -9.999989061627210241e-01
1.539962061796022914e-03 2.567375495908569196e-04 -9.999987821985173442e-01
1.622254763437961560e-03 2.538163258864058300e-04 -9.999986528303890232e-01
1.703588454405074353e-03 2.507961197111859670e-04 -9.999985183406627787e-01
1.783931490380602112e-03 2.476785412451620611e-04 -9.999983790184927557e-01
1.863252752587134676e-03 2.444652370595644408e-04 -9.999982351593235119e-01
1.941521659381297265e-03 2.411578892956071061e-04 -9.999980870643458974e-01
2.018708177581243681e-03 2.377582148306668695e-04 -9.999979350399460509e-01
2.094782833522982300e-03 2.342679644323215730e-04 -9.999977793971499551e-01
2.169716723841693968e-03 2.306889219006487814e-04 -9.999976204510628852e-01
2.243481525974329056e-03 2.270229031991904153e-04 -9.999974585203059707e-01
2.316049508379902557e-03 2.232717555749920966e-04 -9.999972939264503147e-01
2.387393540474045533e-03 2.194373566681294993e-04 -9.999971269934496698e-01
2.457487102274492647e-03 2.155216136111367132e-04 -9.999969580470727815e-01
2.526304293754336010e-03 2.115264621187551214e-04 -9.999967874143359525e-01
2.593819843899997438e-03 2.074538655684237060e-04 -9.999966154229378290e-01
2.660009119471019520e-03 2.033058140719340282e-04 -9.999964424006961838e-01
2.724848133458902550e-03 1.990843235386762172e-04 -9.999962686749880314e-01
2.788313553242360941e-03 1.947914347309034693e-04 -9.999960945721946270e-01
2.850382708436510239e-03 1.904292123114455942e-04 -9.999959204171510185e-01
2.911033598433628109e-03 1.859997438843031202e-04 -9.999957465326025918e-01
2.970244899633284023e-03 1.815051390285552879e-04 -9.999955732386681673e-01
3.027995972359762058e-03 1.769475283260170482e-04 -9.999954008523109783e-01
3.084266867464846920e-03 1.723290623830806717e-04 -9.999952296868189761e-01
3.139038332614186438e-03 1.676519108471793897e-04 -9.999950600512941268e-01
3.192291818255578624e-03 1.629182614183105431e-04 -9.999948922501525894e-01
3.244009483267679735e-03 1.581303188560570689e-04 -9.999947265826358844e-01
3.294174200287763778e-03 1.532903039825459673e-04 -9.999945633423342750e-01
3.342769560717314802e-03 1.484004526817830655e-04 -9.999944028167224719e-01
3.389779879404365617e-03 1.434630148958034816e-04 -9.999942452867093268e-01
3.435190199001644882e-03 1.384802536180765613e-04 -9.999940910262009597e-01
3.478986293999731996e-03 1.334544438846045557e-04 -9.999939403016793182e-01
3.521154674434562315e-03 1.283878717631530008e-04 -9.999937933717955030e-01
3.561682589268766637e-03 1.232828333410507368e-04 -9.999936504869796350e-01
3.600558029446468931e-03 1.181416337119962418e-04 -9.999935118890669328e-01
3.637769730621304241e-03 1.129665859623060905e-04 -9.999933778109408866e-01
3.673307175557564801e-03 1.077600101570400700e-04 -9.999932484761940854e-01
3.707160596204516888e-03 1.025242323264360667e-04 -9.999931240988070291e-01
3.739320975444067937e-03 9.726158345308633026e-05 -9.999930048828454821e-01
3.769780048512113516e-03 9.197439846028489252e-05 -9.999928910221766998e-01
3.798530304094013474e-03 8.666501520197399545e-05 -9.999927827002046410e-01
3.825564985094802219e-03 8.133577345471530685e-05 -9.999926800896249413e-01
3.850878089084860869e-03 7.598901391210933251e-05 -9.999925833521999818e-01
3.874464368421921216e-03 7.062707718208418293e-05 -9.999924926385533874e-01
3.896319330050405493e-03 6.525230278747191210e-05 -9.999924080879856181e-01
3.916439234979238182e-03 5.986702817028822658e-05 -9.999923298283095452e-01
3.934821097439401838e-03 5.447358770012805651e-05 -9.999922579757065666e-01
3.951462683722633401e-03 4.907431168708663381e-05 -9.999921926346043710e-01
3.966362510702802283e-03 4.367152539961233508e-05 -9.999921338975742424e-01
3.979519844041629062e-03 3.826754808769400925e-05 -9.999920818452504578e-01
3.990934696080531557e-03 3.286469201178214230e-05 -9.999920365462697802e-01
4.000607823420525982e-03 2.746526147783924721e-05 -9.999919980572320455e-01
4.008540724192224090e-03 2.207155187891105918e-05 -9.999919664226817329e-01
4.014735635018092975e-03 1.668584874360605364e-05 -9.999919416751098522e-01
4.019195527669279511e-03 1.131042679186656769e-05 -9.999919238349767037e-01
4.021924105419407217e-03 5.947548998410488566e-06 -9.999919129107547322e-01
4.022925799097888666e-03 5.994656642179423199e-07 -9.999919088989918103e-01
4.022205762845404951e-03 -4.731586503567215189e-06 -9.999919117843942828e-01
4.019769869574332105e-03 -1.004338530295606355e-05 -9.999919215399296624e-01
4.015624706136995854e-03 -1.533372393929335287e-05 -9.999919381269488650e-01
4.009777568204768786e-03 -2.060041191794124342e-05 -9.999919614953273195e-01
4.002236454861125489e-03 -2.584127592711817195e-05 -9.999919915836246176e-01
3.993010062911880528e-03 -3.105416071054831483e-05 -9.999920283192628156e-01
3.982107780915955519e-03 -3.623692992958251293e-05 -9.999920716187221670e-01
3.969539682940116145e-03 -4.138746701445715780e-05 -9.999921213877543957e-01
3.955316522041239617e-03 -4.650367600436308127e-05 -9.999921775216131792e-01
3.939449723479760725e-03 -5.158348237600256274e-05 -9.999922399053006172e-01
3.921951377668066868e-03 -5.662483386031817517e-05 -9.999923084138298002e-01
3.902834232857694055e-03 -6.162570124708350661e-05 -9.999923829125026975e-01
3.882111687569289420e-03 -6.658407917705172680e-05 -9.999924632572028127e-01
3.859797782769390419e-03 -7.149798692136442575e-05 -9.999925492947021599e-01
3.835907193798177104e-03 -7.636546914792935871e-05 -9.999926408629815633e-01
3.810455222052435819e-03 -8.118459667448223009e-05 -9.999927377915638349e-01
3.783457786428068986e-03 -8.595346720805428981e-05 -9.999928399018596092e-01
3.754931414526576673e-03 -9.067020607057413577e-05 -9.999929470075243909e-01
3.724893233630011125e-03 -9.533296691033879772e-05 -9.999930589148267046e-01
3.693360961449004311e-03 -9.993993239909614371e-05 -9.999931754230265701e-01
3.660352896648537933e-03 -1.044893149144875621e-04 -9.999932963247633033e-01
3.625887909156210766e-03 -1.089793572076067568e-04 -9.999934214064519766e-01
3.589985430257835834e-03 -1.134083330554378117e-04 -9.999935504486884286e-01
3.552665442485275840e-03 -1.177745478979426468e-04 -9.999936832266611564e-01
3.513948469301492010e-03 -1.220763394595754815e-04 -9.999938195105697591e-01
3.473855564587860056e-03 -1.263120783550089024e-04 -9.999939590660495981e-01
3.432408301938871982e-03 -1.304801686788639378e-04 -9.999941016546010086e-01
3.389628763769406659e-03 -1.345790485792436146e-04 -9.999942470340231759e-01
3.345539530239818003e-03 -1.386071908148773905e-04 -9.999943949588512293e-01
3.300163668004148579e-03 -1.425631032956909945e-04 -9.999945451807964458e-01
3.253524718786838469e-03 -1.464453296066241781e-04 -9.999946974491878970e-01
3.205646687793353017e-03 -1.502524495145265916e-04 -9.999948515114159830e-01
3.156554031960202931e-03 -1.539830794579692902e-04 -9.999950071133756335e-01
3.106271648049893988e-03 -1.576358730198178866e-04 -9.999951639999100639e-01
3.054824860596376101e-03 -1.612095213824204674e-04 -9.999953219152525330e-01
3.002239409706619188e-03 -1.647027537652717396e-04 -9.999954806034671018e-01
2.948541438723985796e-03 -1.681143378450226250e-04 -9.999956398088865051e-01
2.893757481759105105e-03 -1.714430801577123548e-04 -9.999957992765464709e-01
2.837914451093999368e-03 -1.746878264831083002e-04 -9.999959587526164873e-01
2.781039624465246347e-03 -1.778474622110465025e-04 -9.999961179848257942e-01
2.723160632231992097e-03 -1.809209126896741857e-04 -9.999962767228834926e-01
2.664305444434667079e-03 -1.839071435555032048e-04 -9.999964347188933234e-01
2.604502357750278045e-03 -1.868051610451918420e-04 -9.999965917277607863e-01
2.543779982350181587e-03 -1.896140122889800050e-04 -9.999967475075938195e-01
2.482167228666262975e-03 -1.923327855857112298e-04 -9.999969018200947080e-01
2.419693294071468236e-03 -1.949606106593828594e-04 -9.999970544309435549e-01
2.356387649480651703e-03 -1.974966588971739580e-04 -9.999972051101726489e-01
2.292280025877720378e-03 -1.999401435689083216e-04 -9.999973536325306167e-01
2.227400400775068987e-03 -2.022903200279182719e-04 -9.999974997778366959e-01
2.161778984611303998e-03 -2.045464858932829143e-04 -9.999976433313236823e-01
2.095446207093271725e-03 -2.067079812134225633e-04 -9.999977840839693322e-01
2.028432703488403967e-03 -2.087741886110389816e-04 -9.999979218328164388e-01
1.960769300873397170e-03 -2.107445334093992109e-04 -9.999980563812798096e-01
1.892487004345245940e-03 -2.126184837399688204e-04 -9.999981875394406972e-01
1.823616983200643206e-03 -2.143955506314080466e-04 -9.999983151243280188e-01
1.754190557089756793e-03 -2.160752880799526681e-04 -9.999984389601858092e-01
1.684239182150385622e-03 -2.176572931012090545e-04 -9.999985588787265733e-01
1.613794437128483359e-03 -2.191412057634006295e-04 -9.999986747193704284e-01
1.542888009491030863e-03 -2.205267092021111772e-04 -9.999987863294694801e-01
1.471551681537217049e-03 -2.218135296165778736e-04 -9.999988935645170995e-01
1.399817316513874386e-03 -2.230014362475947313e-04 -9.999989962883423233e-01
1.327716844741091799e-03 -2.240902413370949252e-04 -9.999990943732882664e-01
1.255282249753905417e-03 -2.250798000694879735e-04 -9.999991877003752139e-01
1.182545554465942901e-03 -2.259700104948355031e-04 -9.999992761594478363e-01
1.109538807360868889e-03 -2.267608134339566439e-04 -9.999993596493061965e-01
1.036294068717445466e-03 -2.274521923655616073e-04 -9.999994380778208791e-01
9.628433968739954834e-04 -2.280441732955196179e-04 -9.999995113620319120e-01
8.892188345380129099e-04 -2.285368246083742817e-04 -9.999995794282309225e-01
8.154523951466348527e-04 -2.289302569012270628e-04 -9.999996422120277506e-01
7.415760492836427891e-04 -2.292246228001166945e-04 -9.999996996584000764e-01
6.676217111586237127e-04 -2.294201167590291036e-04 -9.999997517217270593e-01
5.936212251538740747e-04 -2.295169748416800654e-04 -9.999997983658067691e-01
