-2.246671815793318316e+00
-2.868018452334295532e+00
-8.081484894148029952e+00
2.416698253641816230e+00
-4.387635367652563012e+00
-3.783159205181981788e-01
9.224949851975472459e-01
-2.751812901191666327e+00
-2.436477807730301315e+00
-1.803301983433044819e+00
-1.182264812692064293e+00
-2.172526916824941257e+00
-8.225479160177996407e-01
-3.602994307214114400e+00
-2.371560130765264951e+00
2.737876183116320750e+00
-4.025928890592206377e-01
-2.188967347608080871e+00
6.453841033564871044e-01
-1.365943615113771603e+00
9.171079824419093862e-01
-8.607588720406523564e+00
-4.819486866954411752e+00
-1.932617400368795479e+00
-9.447356405423141368e+00
-1.658542858084833593e+00
3.389013100952401381e+00
-5.644116404213200822e-01
-4.059007399847224029e+00
-3.093954318228742562e+00
-5.312293160990331664e+00
1.138285123674356081e+00
-1.025611681771334549e+00
-7.915249169248345318e+00
-2.508872841193288128e+00
-2.161010860104247477e+00
-2.276164069498639808e+00
-1.252879970384293662e+00
-9.893854615664208652e+00
-1.415209373303576212e+00
-1.218937554081556796e+00
-1.615562732300159787e+00
-1.503803662829921173e+00
2.304023022865769876e-01
-3.416488505285019350e+00
1.979428052491365220e+00
-3.800240746124638136e+00
4.592646485248883970e+00
-9.119187119748765724e+00
-1.095299253202582035e+00
-7.248020759704091986e+00
-6.110287080013806493e-01
-5.273783246912139289e-01
-2.007848488043768587e+00
1.874651906067711371e-01
2.987792049262482097e-01
-4.443078716146468210e+00
-3.177902852661951272e+00
-1.512705749725852256e+00
-2.817246562473523230e+00
-8.477634444601287456e+00
-1.154753779337100550e+00
-5.273237140540932621e+00
-4.509689250498174040e+00
-5.418278104148596341e+00
-3.694080537458739766e+00
2.293935444093499199e-01
-8.518686345183426045e-01
-1.109088997241708174e+00
-2.440653738473791967e-01
1.592186041297658283e+00
-8.546881672929110607e+00
-1.266006320231131577e+00
-3.967808935413351890e+00
6.867117651890191077e-01
2.440139959593814023e+00
1.157286073126495785e+00
-2.723496222530137789e+00
-4.607202496928324287e+00
-4.975811943423891215e-01
5.562575271424679002e-01
3.357800504808657882e-01
-1.376073452525397700e+00
4.834543210535388269e+00
-1.678647456715775199e+00
-6.772619092579267308e-01
-7.274080368897354987e+00
2.412218695201414853e+00
-2.129930672627958543e+00
6.525202324562289213e+00
-1.684918271344524765e+00
-2.918733019203562318e+00
-3.041851014274124854e+00
-1.799723172929942772e+00
-3.955355302084936575e+00
-2.145914773770350337e+00
-3.927844115668516212e-03
-1.300007323415045546e+00
1.149406968717713085e+00
-9.015963878636231499e+00
1.074852539581584443e+00
-5.557596892094317731e+00
-3.520321755419243637e+00
-1.246158510061108116e+00
1.968553839107447967e+00
-9.173958776642335833e-01
-5.379643670273722478e+00
-1.339904519075051592e+00
-1.344684542960097762e+00
5.669524997505490660e-01
4.903658212966981456e-01
-1.147125561641937352e-01
-1.520531752587957808e+00
-1.333284534913951491e+00
-3.985100812094342970e+00
3.022259178206110342e-01
2.306728573260353465e-01
3.747657558179785742e+00
-5.718151844501972114e+00
5.025907433763039833e+00
-2.660449442317239566e+00
1.007235512997974602e+01
-9.976729867584528400e-01
2.117028541719506940e+00
1.921582272602396779e+00
-1.516010238991242876e+00
-3.032004299783237933e+00
-8.871670043473529610e-01
5.538018186875898197e-01
-5.287518687699267694e+00
-1.844016213143904626e+00
-2.605455259663921996e+00
7.108934838008424961e+00
-4.232124589604141285e+00
1.021118311574942972e+01
3.255446508935495586e+00
4.305340561250875497e-01
-2.043642337394887321e+00
-5.790687910765567992e+00
-3.028176341878181521e+00
-1.016797780193357648e+00
-4.095683508351239510e+00
-2.357657855116147561e-01
-7.596486668952288079e-01
3.326804279366453621e+00
-1.549837807290947778e+00
-1.828567995550002045e+00
-3.586642562225938580e+00
-1.207516577685762593e+00
-2.446156900295893832e-01
-4.511977055895947109e-01
-1.403312782372365675e+00
1.736902119968238178e+00
-2.252559383058209797e+00
6.962413038917474317e-01
-7.361196071357994919e-01
1.071294697127749718e+00
2.012883035925888464e+00
-2.588731972565055273e+00
2.810450008492581198e+00
1.632997907145406824e+00
7.131670064458497382e-01
5.940954006291936373e-01
3.327935364496273252e+00
-1.798276285520121309e+00
1.852780679380661155e+00
5.938689314687639609e-02
-1.047178023514859557e+00
4.664320730375717261e-01
-1.482758866494913841e+00
-9.018254350742949121e-01
2.381977335526491935e+00
6.725945375667937043e+00
1.255806095209073936e+00
-3.296731457371238960e+00
5.019732679674755005e+00
-2.417333347173767244e+00
1.143304298464460134e+00
6.177521545292442573e-01
1.286153253662312368e+00
-3.274806635088921558e-01
-1.056126114171415109e+00
-6.215369414376796797e-01
-1.318599345229376052e+00
-3.848902062274815794e+00
-7.183083123365651801e+00
-1.690572447287712610e-01
6.671309566851500727e-02
-2.115527100978156660e+00
1.406443964974925187e+00
-5.636525224330742212e+00
3.618463153088961270e+00
3.057879833779168610e+00
-3.396614486659655374e-01
-5.410110171347878305e-01
-4.019297500868829864e+00
-3.568457710213880141e+00
-6.179077462307658308e-01
5.073663876376550697e-01
-8.480341960131771994e-01
-1.168855959119351029e+00
-1.115533059640365199e+00
-5.952762451692665824e-01
-3.170339957092037864e+00
1.379482491931842025e+00
-3.613541631122003217e+00
-1.768303350795592310e+00
4.147203961516484627e-01
2.898198774762214658e+00
7.012689501746595333e+00
1.856935102800029380e+00
8.703858801638382658e+00
3.038841744244132226e+00
1.146491169613620131e-01
3.097771492210211086e+00
6.072310756392843345e+00
3.068254284449540847e-01
-3.629973568728704247e+00
1.594548464416169375e+00
-1.047890041909777636e+00
-2.165807866564184891e+00
4.447410813060550971e+00
-2.703010415048422987e-01
2.236031050074421600e+00
-1.457700133203391646e+00
-9.978717982478754189e-01
1.340197475784113967e+00
1.094464007208574330e+01
9.685182343377141123e+00
-1.708285912590374656e+00
1.594502660725563015e+00
-1.827993005905946378e+00
2.696038143841772428e+00
9.883802167740736166e+00
1.046632382393959482e+01
1.129131860174143398e+01
1.093451378628094517e+01
-1.754407312102390648e+00
-1.784099318152321700e+00
3.133203882889558756e+00
1.973615826516528449e+00
4.177795923662587896e+00
4.662828211829064706e+00
-2.187984442984847178e+00
-7.802598279827470673e-01
-2.146872272242078550e-01
-1.348545649583247741e+00
7.174066562360027488e-01
-4.311342238794400594e-01
1.101078895148471304e+01
-3.364306467497002906e+00
-4.892064876842898147e-01
6.699364605320091037e+00
2.257811130012542300e+00
1.949231470957766055e+00
5.103376518047564758e+00
-2.449556598851670985e-01
-2.945835882605664757e+00
5.539952492472014711e+00
6.479465515760484351e+00
7.507787562513108526e-01
4.742875338789672490e+00
9.822037043911024057e+00
-1.754051382636060641e+00
3.711819018745705634e+00
1.050927773728469639e+01
8.659127575406905919e+00
-4.309353414257398596e-01
8.253232487571011688e+00
1.086405462547423006e+01
4.037397290947745354e+00
5.915692677327588633e-01
-2.156471279835418198e+00
4.270442171954448085e+00
-2.930636820179352009e-01
1.319659368121332221e+01
-3.059662696630478518e+00
1.322784625454637997e+01
1.397587233776936388e+00
-1.054174733751896298e+00
4.330095351346884947e+00
-1.024455337694141210e+00
1.512716329077971933e+00
1.155051692189743662e+01
9.301651259644518888e+00
6.719295504559175569e+00
4.322551535615192897e+00
7.771969898880395355e+00
-1.435528492313737914e+00
7.645943455459172533e+00
9.643256276791019488e+00
3.530972086641215313e+00
2.839520205885683879e+00
-1.259943622432349919e+00
1.316593687921096212e+01
1.092364021893843784e+01
5.351014108548298509e+00
4.176870000275050288e+00
-1.545273147614279474e-01
5.973649466308912359e+00
8.408278521510206716e+00
9.574670994088133824e+00
1.196487987292659483e+01
7.635406012965351152e+00
-1.703826818782183450e+00
-1.156296970977475302e+00
1.173398792494097620e+00
6.498026983645551091e+00
1.418253205506357695e+01
2.544762472789990349e-01
1.105320708267088037e+01
2.045259480458177848e+00
8.014903035237265883e+00
4.125621398639275128e+00
4.791735682124157236e+00
5.057669597925128713e+00
1.306688554047475215e+01
5.680834482175979971e+00
1.159337348712689852e+01
9.632464348037791169e+00
2.167543031697861888e+00
6.206545508862640226e+00
6.926688434424595364e+00
-2.773413153639475714e-01
1.737714742592151085e+00
-1.163042114167151392e-01
5.329360666046714989e+00
2.822426559425999848e+00
1.407559349289968864e+01
-3.069652497545312109e-01
3.962343417215188346e+00
1.267001550073328708e+01
1.422961739683321269e+01
9.131747065985516443e+00
8.890646068324757678e+00
6.965902838858127666e+00
7.044227998611520825e+00
1.200548618962826275e+01
8.318834114006651959e+00
9.207418970595522723e+00
5.496972946145924688e+00
1.271451920497302979e+01
1.427087234782243996e+01
6.187693777663900718e+00
6.219621263172040670e+00
1.247492653896368431e+01
1.906157719197546729e+00
-9.150992870056372519e-01
1.116954548999892971e+01
3.436180407218469401e+00
1.008668183778427796e+01
7.779167051772655661e+00
1.467671403577888434e+01
2.239566644747573498e+00
1.430828379312903209e+01
1.282236529316036666e+01
1.403521740996728973e+01
8.779039418868984868e+00
7.665273147159067157e+00
-2.312740416292091705e+00
2.093346525610876085e+00
1.250670082216744206e+01
-8.666760353900209157e-01
-2.092827019133356892e+00
5.794640705434831673e+00
4.693503702620478002e+00
1.382614666093232714e+01
9.516827668839880516e+00
1.516866757116490660e+01
1.369107689262271244e+01
5.198350752393770868e+00
1.539229197201643728e+01
1.842873373451167973e+00
8.101176793784858887e+00
1.232499656534430699e+01
1.264732669748371130e+01
7.802361419120181552e+00
2.531571801365191554e+00
4.414881855507729824e+00
1.233577154242238549e+01
1.402743004137842497e+01
2.309573704152440676e+00
4.736664956498978896e+00
7.862665738745584498e+00
8.111247325880841075e+00
2.611638012515679286e+00
1.106697938875506537e+01
9.090260539757061053e+00
1.192057212331559235e+01
4.960847494381344980e+00
2.949079894655383782e+00
3.479461603454359064e+00
1.200644840007671021e+01
-9.794227303526497064e-01
1.158441187014016371e+01
7.788168176925639230e+00
1.292355984168347049e+01
1.428472180958265803e+01
1.491686022487465735e+01
1.128007757818652923e+00
8.607573350230678599e+00
9.684282753092036344e+00
5.051528465451911032e+00
1.036551764171363210e+01
1.140354746325130542e+01
9.880822387590235678e+00
1.648024132857713653e+00
6.964733482870165915e+00
1.134867202520230833e+01
1.931235642072339775e+00
1.427439453120655166e+01
2.998222903526619465e+00
1.220334289474703482e+01
1.257352209923933728e+01
1.223550090485699648e+01
1.026815343062238561e+01
1.272454306112815203e+01
1.116228216374127413e+01
1.501796336883944250e+01
6.139612465931195473e+00
3.664442036626454957e+00
1.177882628943668664e+01
1.293477595950244385e+01
9.603296703550521229e+00
1.325036711335634543e+01
1.279683687918458901e+01
1.343802493913762319e+01
5.990568136159480694e+00
1.390264370979966557e+01
1.256411695474126944e+01
1.204004023472704432e+01
9.037720001179339491e+00
1.088490511436548047e+01
4.308634318075972303e+00
1.125757071405702625e+01
1.152833569293024496e+01
1.502517358395335378e+01
3.605844456854796043e+00
3.076960824009030482e+00
1.277552721736795682e+01
1.396763049258812650e+01
-6.543192660226996304e-01
1.196377503213203042e+01
1.447102473827061786e+01
1.291110329052263594e+01
1.582701473933968206e+00
1.228000838948255868e+01
1.284610530673085016e+01
1.317270188470617853e+01
5.108568248367354236e+00
7.055464924916978298e+00
8.854560786185047050e+00
6.417461126138089611e+00
1.434114639585653705e+01
1.423528755445295602e+01
1.530909539400814445e+01
1.070439498383587029e+01
1.459990799394624794e+01
1.150604520905488215e+01
1.153526646446204751e+01
1.466191659450439211e+01
5.606558086381258299e+00
1.524677573960894783e+01
9.889507024160737458e+00
1.357109764872295443e+01
1.510135548745024003e+01
1.314984680292590546e+01
1.141116349024221321e+01
1.157393868716314955e+01
-2.873693231950864013e-01
1.622534703075362117e+01
9.257604171929576964e+00
9.083189129857792921e+00
1.622534703075362117e+01
1.429246936714385896e+01
1.231730672362197332e+01
1.425165305152649431e+01
1.075209446189800389e+01
7.129764011133909563e+00
1.614228923007031824e+01
1.338403542157555570e+01
1.568411415940316544e+01
1.357187223905627960e+01
1.243218917328273321e+01
6.532263458153341418e+00
1.614228923007031824e+01
1.448894626384988449e+01
1.293011869500775290e+01
1.622534703075362117e+01
9.788182506620485057e+00
1.515595608031601316e+01
1.202219309115769263e+01
1.500421190233499935e+01
1.510854373824724561e+01
1.202235149129199598e+01
1.614228923007031824e+01
1.458934502762486218e+01
1.399685196676334797e+01
1.514233467279794887e+01
1.614228923007031824e+01
1.622534703075362117e+01
1.622534703075362117e+01
1.237097415999590488e+01
1.493325759273206188e+01
1.622534703075362117e+01
1.330610013000294245e+01
1.614228923007031824e+01
9.623361892668182094e+00
1.475501680672823035e+01
1.299993798626717911e+01
1.490530616599081348e+01
1.622534703075362117e+01
1.288048323816259710e+01
1.509193159298472153e+01
1.614228923007031824e+01
1.503193058139693150e+01
1.454991389457452655e+01
1.514233467279794887e+01
1.622534703075362117e+01
1.244073438319161440e+01
9.378179537434165880e+00
1.622534703075362117e+01
1.614228923007031824e+01
1.290915682576657630e+01
3.232082331667424313e+00
1.537685129108502480e+01
1.286765751226925225e+01
1.489525120893575227e+01
1.414101295974192496e+01
1.439150249271468951e+01
9.887580246498590242e+00
1.614228923007031824e+01
1.614228923007031824e+01
1.379015862759534272e+01
1.622534703075362117e+01
1.622534703075362117e+01
1.467525769165105309e+01
1.519636786691597585e+01
1.537685129108502480e+01
1.491463178238373821e+01
1.528839256111786860e+01
1.502517358395335378e+01
1.504065906827319843e+01
1.472047555768929605e+01
9.919987541581688717e+00
1.249875770238231532e+01
1.622534703075362117e+01
1.614228923007031824e+01
1.622534703075362117e+01
1.318995970579407384e+01
1.622534703075362117e+01
1.614228923007031824e+01
1.524677573960894783e+01
1.568411415940316544e+01
1.248371049604329208e+01
1.614228923007031824e+01
1.524677573960894783e+01
1.614228923007031824e+01
1.614228923007031824e+01
1.517499787754532470e+01
1.462502191563599396e+01
1.614228923007031824e+01
1.460242078368646368e+01
1.612662731816752526e+01
1.614228923007031824e+01
1.292515160754755144e+01
1.184279397548547585e+01
1.622534703075362117e+01
1.517499787754532470e+01
1.528839256111786860e+01
1.508161612957027664e+01
1.503587098637495068e+01
1.438861081933443486e+01
1.512341988803132153e+01
1.622534703075362117e+01
1.456244819456273554e+01
1.222085248181877759e+01
1.622534703075362117e+01
1.450141289321378579e+01
1.413987646518753039e+01
1.062729376336512388e+01
1.510854373824724561e+01
1.090351646016797638e+01
1.622534703075362117e+01
1.614228923007031824e+01
1.487405428132815111e+01
1.614228923007031824e+01
9.416841766186458074e+00
1.060631910233333564e+01
1.524677573960894783e+01
1.513255031833038800e+01
1.423132780087989779e+01
1.622534703075362117e+01
1.614228923007031824e+01
7.836343763871803425e+00
8.878709117199198531e+00
1.500521254030574170e+01
1.432113071088598488e+01
1.614228923007031824e+01
1.614228923007031824e+01
1.614228923007031824e+01
1.122860256964520431e+01
9.020722714732436032e+00
1.243468760273751350e+01
1.614228923007031824e+01
1.530909539400814445e+01
1.459990799394624794e+01
1.507991168791572534e+01
1.426531148192615994e+01
1.577642813034976932e+01
1.369418855220246378e+01
1.476761925878414061e+01
1.468643871562283110e+01
1.320026692756146858e+01
1.490530616599081348e+01
1.412327491473589092e+01
1.614228923007031824e+01
1.500521254030574170e+01
1.457243377099996096e+01
1.414296059249151938e+01
1.568411415940316544e+01
3.983577748891082848e+00
1.424867830236495081e+01
7.950912096556564279e+00
1.337964439315034504e+01
1.513800703305450313e+01
1.614228923007031824e+01
7.180209416960360969e+00
1.622534703075362117e+01
1.120083608906778672e+01
1.539229197201643728e+01
1.614228923007031824e+01
1.421923283787907089e+01
1.208335436389455708e+01
1.143897204399737788e+01
1.514154775250971419e+01
1.622534703075362117e+01
1.533884699556120701e+01
1.487874759585960760e+01
7.146764777700826521e+00
1.448364716770356431e+01
1.507991168791572534e+01
8.376021018178489541e+00
1.614228923007031824e+01
1.509919379931168848e+01
1.425675065557384613e+01
8.138353438483592939e+00
1.320969823043868807e+01
1.062233428342535824e+01
1.353533204090375541e+01
1.535425634526582073e+01
1.404592434253172506e+01
1.614228923007031824e+01
1.614228923007031824e+01
1.445309064720309244e+01
8.896548468375083729e+00
1.614228923007031824e+01
1.493846662769937517e+01
1.516608893973939409e+01
1.622534703075362117e+01
1.507819079284405639e+01
1.622534703075362117e+01
1.614228923007031824e+01
1.504935035431882540e+01
1.515595608031601316e+01
1.051986322483344871e+01
1.509919379931168848e+01
1.448149770298207351e+01
1.622534703075362117e+01
1.614228923007031824e+01
1.614228923007031824e+01
9.775195135081480302e+00
1.507325563703430404e+01
1.138456568369415045e+01
1.508741112358797132e+01
1.505438645266646702e+01
1.265024541187501939e+01
1.455789849532561853e+01
1.517499787754532470e+01
1.614228923007031824e+01
1.806054032590729719e+00
1.614228923007031824e+01
1.524677573960894783e+01
1.345722545609099718e+01
1.498338359926233565e+01
1.622534703075362117e+01
1.553081246409169047e+01
1.537685129108502480e+01
1.423505062501249974e+01
8.881993785411037123e+00
1.614228923007031824e+01
1.378218407328441586e+01
1.520829366515554071e+01
1.190647001541359629e+01
9.521937132527110492e+00
1.475451173277116013e+01
1.622534703075362117e+01
1.524677573960894783e+01
1.622534703075362117e+01
1.285257321460294477e+01
1.489712636405296564e+01
1.139147354658377864e+01
1.147855662785753950e+01
1.614228923007031824e+01
1.425985427940352679e+01
1.622534703075362117e+01
9.547469552052952224e+00
1.449507216187555692e+01
1.485240295408116040e+01
8.153096791208776395e+00
6.988667291154019523e+00
1.503193058139693150e+01
1.439398905691003705e+01
1.052429081112213360e+01
7.732344776896972860e+00
6.666564653470174129e+00
1.496273052438158402e+01
1.526427808967142141e+01
1.359942246472884975e+01
1.382746021191839425e+01
1.280873083279097813e+01
1.614228923007031824e+01
1.268994479258397057e+01
1.614228923007031824e+01
1.614228923007031824e+01
1.173623996853947027e+01
1.387810821416567286e+01
1.604495103343121087e+01
6.567130820454417872e+00
1.519636786691597585e+01
9.665493913438172768e+00
1.107481925690710334e+01
1.517684046617156213e+01
1.446983189065893427e+01
1.622534703075362117e+01
1.483476252269871765e+01
1.614228923007031824e+01
1.376837529376881264e+01
1.182291637701515263e+01
1.614228923007031824e+01
1.202382623181658339e+01
1.489525120893575227e+01
1.614228923007031824e+01
1.333522123061898945e+01
1.406760203590851610e+01
1.614228923007031824e+01
1.329913747887381703e+01
1.614228923007031824e+01
1.622534703075362117e+01
1.496861656014092290e+01
1.082618418743781952e+01
1.504481490461358462e+01
8.497990862376992638e+00
1.604495103343121087e+01
1.504481490461358462e+01
1.507325563703430404e+01
1.614228923007031824e+01
1.462502191563599396e+01
1.614228923007031824e+01
1.604495103343121087e+01
1.503552630736906792e+01
1.539271076473109012e+01
1.614228923007031824e+01
1.507040976753066275e+01
1.604495103343121087e+01
6.239089141148110862e+00
1.474739571974242125e+01
1.614228923007031824e+01
6.550485814125509343e+00
1.035496463778443044e+01
1.622534703075362117e+01
5.991917659940613206e+00
1.241271112680411548e+01
1.472155270387141535e+01
1.412122241729780114e+01
7.409976900787713205e+00
1.239178089002543004e+01
1.604184105524365833e+01
1.622534703075362117e+01
1.355270872702549312e+01
1.444791288478938540e+01
1.452905484140472048e+01
1.213537606799503799e+01
1.614228923007031824e+01
1.496526528220408281e+01
1.332584436232832914e+01
1.413626372351657956e+01
1.614228923007031824e+01
1.398405710797340973e+01
1.293423971737540690e+01
1.401164218792676053e+01
1.614228923007031824e+01
1.424693703931854039e+01
1.604184105524365833e+01
1.279267740956825250e+01
1.526427808967142141e+01
1.496861656014092290e+01
1.107464160798310715e+01
1.417722246119942753e+01
1.526427808967142141e+01
1.614228923007031824e+01
1.570654666885245199e+01
1.474685826537780997e+01
1.568411415940316544e+01
1.449841633378164119e+01
1.508741112358797132e+01
1.515165453426885911e+01
9.655037179913504630e+00
1.622534703075362117e+01
1.366832641420802119e+01
1.622534703075362117e+01
7.049986038832153135e+00
1.403147281609286523e+01
1.614228923007031824e+01
1.622534703075362117e+01
1.622534703075362117e+01
1.612662731816752526e+01
1.253776361324620581e+01
1.517499787754532470e+01
1.459812177543735068e+01
3.480764034820031494e+00
1.622534703075362117e+01
1.293705787791896888e+01
1.096225447223504901e+01
1.614228923007031824e+01
1.049935681980151969e+01
1.384705207976818464e+01
1.487874759585960760e+01
1.614228923007031824e+01
1.568411415940316544e+01
1.622534703075362117e+01
1.507991168791572534e+01
1.396994427197391708e+01
1.462502191563599396e+01
1.326688537098867648e+01
1.247899192499442478e+01
3.905764767717481600e+00
5.242847345684013227e+00
9.775195135081480302e+00
1.537685129108502480e+01
1.111637815451740607e+01
1.508741112358797132e+01
1.508161612957027664e+01
1.622534703075362117e+01
1.614228923007031824e+01
1.462651828314218072e+01
1.188380702045752280e+01
8.557670861982650479e+00
1.622534703075362117e+01
1.475451173277116013e+01
1.059939574098655868e+01
1.398230849198381343e+01
1.475932000295838087e+01
1.210097463530439832e+01
1.614228923007031824e+01
1.168912262780822786e+01
9.169660133670479496e+00
9.860031691735670734e+00
1.614228923007031824e+01
1.570654666885245199e+01
1.297451905281001316e+01
1.421006876759022575e+01
9.397196944077750302e+00
1.530706824436182956e+01
1.622534703075362117e+01
1.501796336883944250e+01
1.317744043490669092e+01
1.622534703075362117e+01
1.485240295408116040e+01
1.614228923007031824e+01
1.466001878332686204e+01
1.041587823774043287e+01
1.421627415725883203e+01
1.398233012077208492e+01
1.507991168791572534e+01
1.513800703305450313e+01
1.614228923007031824e+01
1.505438645266646702e+01
1.223653656913438326e+01
1.371061942138874556e+01
1.483476252269871765e+01
1.291768931363091966e+01
1.622534703075362117e+01
1.622534703075362117e+01
1.496579761396975528e+01
1.124388297782694934e+01
1.501796336883944250e+01
1.277016695626728371e+01
1.526427808967142141e+01
1.517499787754532470e+01
1.614228923007031824e+01
1.622534703075362117e+01
1.277176819013894260e+01
1.421046520279398173e+01
8.758978058645471521e+00
1.485240295408116040e+01
1.249499436352502002e+01
1.474685826537780997e+01
1.578015607547947852e+01
1.622534703075362117e+01
1.406534768404827496e+01
1.463292813598478759e+01
8.753703454535912698e+00
1.622534703075362117e+01
1.453004765019480260e+01
1.513255031833038800e+01
1.372398424336301836e+01
1.386044796246150845e+01
1.622534703075362117e+01
1.506983602399504640e+01
1.504481490461358462e+01
1.487405428132815111e+01
1.622534703075362117e+01
1.374387096056528890e+01
6.162906450069186803e+00
1.463514277148774845e+01
1.197147107997924742e+01
1.483476252269871765e+01
1.379506316097088892e+01
1.614228923007031824e+01
1.612626647161754079e+01
1.208335436389455708e+01
8.736918302079969223e+00
1.306653060400581268e+01
1.489525120893575227e+01
1.622534703075362117e+01
1.614228923007031824e+01
1.456571732840291311e+01
1.391508158762973224e+01
1.517499787754532470e+01
1.371662420263175619e+01
1.420021168528283262e+01
1.236241351433009328e+01
1.512905350920543945e+01
1.622534703075362117e+01
1.271686752162992740e+01
1.622534703075362117e+01
1.614228923007031824e+01
1.349353315569766920e+01
1.622534703075362117e+01
1.614228923007031824e+01
1.622534703075362117e+01
1.164452851569222958e+01
1.578015607547947852e+01
1.470802072881594746e+01
1.622534703075362117e+01
1.411323229906526144e+01
1.240182255716664095e+01
1.463972724288576543e+01
1.239723896868162356e+01
1.614228923007031824e+01
4.152589255103164234e+00
1.526427808967142141e+01
1.087762030886440634e+01
1.507137596734052387e+01
1.425382928830813967e+01
1.311074222007383661e+01
1.622534703075362117e+01
1.622534703075362117e+01
1.622534703075362117e+01
1.257759811986657184e+01
1.050304898721558011e+01
1.317789803866746112e+01
1.400790705772203815e+01
1.517499787754532470e+01
1.622534703075362117e+01
1.437394960192102289e+01
1.505438645266646702e+01
1.199996445931177291e+01
9.066556509957392151e+00
2.898313297348355633e+00
3.786260417377913079e+00
1.404662334812231883e+01
1.612662731816752526e+01
1.460342993508101195e+01
2.231666323490775650e+00
1.622534703075362117e+01
1.407927652663561702e+01
1.276029319893465797e+01
1.478575938648661747e+01
1.515595608031601316e+01
1.507035967065088400e+01
1.439148563592478247e+01
1.622534703075362117e+01
1.463292813598478759e+01
1.474739571974242125e+01
1.492969578859745994e+01
1.429416722390102734e+01
1.220277675897487057e+01
1.497321687543217195e+01
1.612626647161754079e+01
1.537685129108502480e+01
1.069224802701573118e+01
1.238437584962314908e+01
1.398233012077208492e+01
1.239025104855362791e+01
1.419528802272271228e+01
1.509618548110951508e+01
1.204764535377773349e+01
1.614228923007031824e+01
