0.000000000000000000e+00 0.000000000000000000e+00 1.000000000000000000e+00
-1.291920432897946064e-04 6.869737682635589007e-04 9.999997556407889121e-01
-6.151966535367417964e-04 1.972168622844669775e-03 9.999978658091358552e-01
-1.640441397601666946e-03 3.694376415184650198e-03 9.999918296137676466e-01
-3.320185225691783641e-03 5.640136036189019250e-03 9.999785811271452163e-01
-5.688901302268281265e-03 7.570185635838936299e-03 9.999551611738206613e-01
-8.696631874462417214e-03 9.248890326336188170e-03 9.999194067463393898e-01
-1.221569866834277401e-02 1.047302256663739696e-02 9.998705332088335673e-01
-1.605687746841452657e-02 1.109637101120177979e-02 9.998094993427332211e-01
-1.999298520321116449e-02 1.104718877359722913e-02 9.997390784093019844e-01
-2.378692885809598895e-02 1.033639640790265206e-02 9.996636048049021284e-01
-2.722074110715015996e-02 9.055611825222466618e-03 9.995884184948343743e-01
-3.012204057882001199e-02 7.365339181466938091e-03 9.995190801091905497e-01
-3.238470910378123124e-02 5.474850781430957991e-03 9.994604704482026314e-01
-3.398132064529223173e-02 3.616291657038429516e-03 9.994159126601379617e-01
-3.496588648882140854e-02 2.016208834308347471e-03 9.993864593810207753e-01
-3.546666777487161165e-02 8.679839433134105796e-04 9.993704694885884310e-01
-3.567000632540756611e-02 3.085055227325580194e-04 9.993635617777897329e-01
-3.579719875951485608e-02 4.018804808567135725e-04 9.993589806392697561e-01
-3.607726527155455387e-02 1.132118951382702753e-03 9.993483488005743265e-01
-3.671894892074291372e-02 2.405633766816248856e-03 9.993227228166090548e-01
-3.788536566738569950e-02 4.063200973483975173e-03 9.992738169777256596e-01
-3.967439476379702040e-02 5.899871960411794472e-03 9.991952284114338223e-01
-4.210718694847495613e-02 7.690352473154615440e-03 9.990834860542090468e-01
-4.512615682695492181e-02 9.216694337700915077e-03 9.989387614577763808e-01
-4.860264125180780576e-02 1.029487245965499120e-02 9.987651190100527154e-01
-5.235320071325609559e-02 1.079698166011889941e-02 9.985702423453454157e-01
-5.616247471348537884e-02 1.066636381891353930e-02 9.983646446326066570e-01
-5.980971430757729690e-02 9.923885459734625714e-03 9.981604432287319861e-01
-6.309570309421737300e-02 8.664703395625670407e-03 9.979698435395604195e-01
-6.586678381865324061e-02 7.046031236855242359e-03 9.978035235815694293e-01
-6.803311503379529113e-02 5.267502740532133305e-03 9.976691328161563233e-01
-6.957902452294041640e-02 3.546591369168418904e-03 9.975701127672964574e-01
-7.056430203600917717e-02 2.092097249020295497e-03 9.975050128453727405e-01
-7.111636384543854050e-02 1.078902711380777925e-03 9.974674163827320639e-01
-7.141430248452738938e-02 6.270158454192613709e-04 9.974465159481008536e-01
-7.166679006889387082e-02 7.873941650314173141e-04 9.974282927208648619e-01
-7.208652961558349725e-02 1.536225612869949238e-03 9.973971726589165865e-01
-7.286436252306960348e-02 2.778328358574682147e-03 9.973379632451762067e-01
-7.414618665485313287e-02 4.359225901779858678e-03 9.972378285753774607e-01
-7.601550091731926195e-02 6.084389615882684205e-03 9.970880448599550583e-01
-7.848369822943486451e-02 7.743251967398644305e-03 9.968852967579716617e-01
-8.148925905732770647e-02 9.135001398996431612e-03 9.966323264332606069e-01
-8.490587633635886256e-02 1.009296019003816207e-02 9.963378260621995608e-01
-8.855842125642900131e-02 1.050455186095915899e-02 9.960155607155964930e-01
-9.224469198614836107e-02 1.032445484024237595e-02 9.956828092357465909e-01
-9.576020288528895585e-02 9.579426198431828521e-03 9.953583022315108941e-01
-9.892295212454627062e-02 8.364334467342016827e-03 9.950599061849124682e-01
-1.015951754209839936e-01 6.830019057737910480e-03 9.948023415457123431e-01
-1.036995223410776268e-01 5.164559837982101234e-03 9.945952254720399344e-01
-1.052278067257805538e-01 3.570286273278794331e-03 9.944416960879530754e-01
-1.062413869594782817e-01 2.239310413248559936e-03 9.943378086932206372e-01
-1.068632189667027971e-01 1.330498271021737875e-03 9.942728028939986640e-01
-1.072625907580921217e-01 9.505980390386034942e-04 9.942302335448314210e-01
-1.076343948210148338e-01 1.141745982766312556e-03 9.941898499498835751e-01
-1.081754359110596309e-01 1.876820650489848582e-03 9.941300099758305642e-01
-1.090606325030936824e-01 3.063186604580425514e-03 9.940303411137615397e-01
-1.104219973868676985e-01 4.554358316902602788e-03 9.938743196757113818e-01
-1.123329568363375802e-01 6.168141713003299012e-03 9.936514392470233714e-01
-1.147999132074840056e-01 7.709001960928196437e-03 9.933586822444776532e-01
-1.177620474806226752e-01 8.991876936492552985e-03 9.930010900452806988e-01
-1.210993153437129044e-01 9.864487375680131009e-03 9.925913378965055545e-01
-1.246475586544285030e-01 1.022541448734258680e-02 9.921483462842635159e-01
-1.282187792167146789e-01 1.003578939613894612e-02 9.916950837836728816e-01
-1.316240215517367196e-01 9.323276444677364508e-03 9.912558210461714925e-01
-1.346960548834338911e-01 8.178008269408263559e-03 9.908531678126805131e-01
-1.373091445664412769e-01 6.741108842451223361e-03 9.905052557560677373e-01
-1.393936217297224445e-01 5.187300009240359069e-03 9.902234162968455156e-01
-1.409436239375777833e-01 3.703736814945601460e-03 9.900106465631266506e-01
-1.420171992019455542e-01 2.467602425107697471e-03 9.898610653132072779e-01
-1.427288483391915830e-01 1.625092342874201110e-03 9.897604443655043660e-01
-1.432354392432249601e-01 1.274232400480479650e-03 9.896877727361234056e-01
-1.437171805495572885e-01 1.453527172650131852e-03 9.896176844896711344e-01
-1.443559167238177565e-01 2.137764437183699295e-03 9.895234718300119914e-01
-1.453133350835711102e-01 3.241467357645901656e-03 9.893803258640810894e-01
-1.467117064946901750e-01 4.629573390297549162e-03 9.891684099513513573e-01
-1.486194924817071661e-01 6.134033656776816633e-03 9.888753814903361583e-01
-1.510435604450630354e-01 7.574285926158230015e-03 9.884980383105920199e-01
-1.539289218980710583e-01 8.779067358196265825e-03 9.880428695311279652e-01
-1.571659560144242351e-01 9.606877121046020207e-03 9.875254251458623900e-01
-1.606041383794223065e-01 9.962600228741680386e-03 9.869685660348893608e-01
-1.640704985371956859e-01 9.808329562223905632e-03 9.863997967265796252e-01
-1.673904880101331760e-01 9.167187692264227097e-03 9.858479983361824184e-01
-1.704087139033847176e-01 8.119835675893331481e-03 9.853399540871266016e-01
-1.730070892394222348e-01 6.794237371659595306e-03 9.848970861560726320e-01
-1.751183306198902667e-01 5.350016433122595054e-03 9.845327984184474301e-01
-1.767333274298280299e-01 3.959321274622271125e-03 9.842507492281153958e-01
-1.779016333590865140e-01 2.786457173691918483e-03 9.840442706158144537e-01
-1.787251107346389811e-01 1.968638796317623372e-03 9.838970174751611175e-01
-1.793455183617366222e-01 1.600064848619024661e-03 9.837847866637795535e-01
-1.799275078585412524e-01 1.721136605981174808e-03 9.836783067549940140e-01
-1.806390187774858103e-01 2.314063803105947947e-03 9.835466798513744502e-01
-1.816313795801038633e-01 3.305371917551536143e-03 9.833610718379883764e-01
-1.830214802257746076e-01 4.575013569900696249e-03 9.830982085325559172e-01
-1.848781555691106637e-01 5.970985436957856884e-03 9.827432496307970666e-01
-1.872144158831217930e-01 7.327666511869220661e-03 9.822916809371656788e-01
-1.899864352634128284e-01 8.485625749445202190e-03 9.817499813152277266e-01
-1.930993563275544278e-01 9.310472872779683787e-03 9.811349699462200702e-01
-1.964191134692816199e-01 9.708475320537887296e-03 9.804719022297546660e-01
-1.997887423969591791e-01 9.637111893333563661e-03 9.797915370985187389e-01
-2.030471323718664733e-01 9.109404718579404078e-03 9.791265242239430844e-01
-2.060479477903894019e-01 8.191659075916320545e-03 9.785075409360570742e-01
-2.086765059038815096e-01 6.995031555808135272e-03 9.779596369260352695e-01
-2.108627126929903117e-01 5.662042363007904061e-03 9.774992185850576165e-01
-2.125886668499724075e-01 4.349677756463553834e-03 9.771320292998901813e-01
-2.138901702055923670e-01 3.211055774611715034e-03 9.768523671537702180e-01
-2.148520625936548023e-01 2.377740299616707895e-03 9.766436403322038551e-01
-2.155979691613223725e-01 1.944689185365989365e-03 9.764802078750903780e-01
-2.162756541288618217e-01 1.959524921332386933e-03 9.763303048197130574e-01
-2.170396647342700824e-01 2.417342633304756568e-03 9.761597219163370420e-01
-2.180332706024713241e-01 3.261654347018903312e-03 9.759358158161939301e-01
-2.193718097495153951e-01 4.391363677308278597e-03 9.756313784749311990e-01
-2.211294110653791167e-01 5.672946699983909269e-03 9.752279027220690510e-01
-2.233306717670262009e-01 6.956374636829308448e-03 9.747178463651694491e-01
-2.259482637578174580e-01 8.092846222941521908e-03 9.741056138463008995e-01
-2.289067021881928399e-01 8.952178029085954003e-03 9.734071284897520826e-01
-2.320917390032207206e-01 9.437767493351959663e-03 9.726480397406649381e-01
-2.353641579914174942e-01 9.497384743434656926e-03 9.718607755299359940e-01
-2.385762432009163880e-01 9.128606883766370028e-03 9.710807881155871790e-01
-2.415889304493862577e-01 8.378390894969384509e-03 9.703424352985883239e-01
-2.442876477444517747e-01 7.336986459950037461e-03 9.696749778087118132e-01
-2.465950794370558308e-01 6.127026562035183845e-03 9.690991557656353228e-01
-2.484794981164051009e-01 4.889135567033961634e-03 9.686247372542462486e-01
-2.499578341624164313e-01 3.765725036876750500e-03 9.682493201336281885e-01
-2.510932346245651203e-01 2.884794481248429548e-03 9.679585272663063789e-01
-2.519874484856037822e-01 2.345520565159429482e-03 9.677275800154612195e-01
-2.527689197273975119e-01 2.207214102563298010e-03 9.675240803689473257e-01
-2.535779308625891737e-01 2.482864137125939067e-03 9.673116937866781395e-01
-2.545504743637855283e-01 3.137995000162156940e-03 9.670543177074811814e-01
-2.558026944080892262e-01 4.094972338047181068e-03 9.667202578062551455e-01
-2.574177012671406417e-01 5.242264201682093720e-03 9.662859252841711211e-01
-2.594363005586888260e-01 6.447568337075215705e-03 9.657386177584054154e-01
-2.618527163956875237e-01 7.573240425530805217e-03 9.650780502650747605e-01
-2.646157750070444736e-01 8.492175541754789711e-03 9.643164499520872068e-01
-2.676353386047174432e-01 9.102254784749500352e-03 9.634771996554237772e-01
-2.707931382255369668e-01 9.337678298029760890e-03 9.625921889922111063e-01
-2.739566425203317501e-01 9.175928157302911878e-03 9.616981839187271897e-01
-2.769942838584222855e-01 8.639668335283859357e-03 9.608326377193927570e-01
-2.797902719928148652e-01 7.793505615464882234e-03 9.600294256743473476e-01
-2.822573483415365958e-01 6.736119693141363364e-03 9.593149877304197881e-01
-2.843461310162260225e-01 5.588756686915313104e-03 9.587053113519393710e-01
-2.860501181397703263e-01 4.481427961156187259e-03 9.582040890231849906e-01
-2.874059003512604016e-01 3.538349683479889967e-03 9.578022538104742356e-01
-2.884886359931444488e-01 2.864198258940944299e-03 9.574789458694570321e-01
-2.894033263478885676e-01 2.532650555397654522e-03 9.572038072945457943e-01
-2.902728601036027034e-01 2.578435994732887655e-03 9.569403568469991850e-01
-2.912241420521193835e-01 2.993763592021110934e-03 9.566500742478638575e-01
-2.923738443146726707e-01 3.729522799822336272e-03 9.562967393720808174e-01
-2.938153837803504365e-01 4.701129375125689264e-03 9.558505360486035940e-01
-2.956086120260530414e-01 5.798351117428143797e-03 9.552914502021193632e-01
-2.977734007604935229e-01 6.897971792746470168e-03 9.546115683446659839e-01
-3.002878441405342769e-01 7.877805734898693860e-03 9.538160077876174370e-01
-3.030912375715418827e-01 8.630417472081168898e-03 9.529223696131426946e-01
-3.060914113822102989e-01 9.074958030749043225e-03 9.519587789070336203e-01
-3.091754830746751281e-01 9.165792387436713651e-03 9.509607411734186666e-01
-3.122227161111355564e-01 8.897015082157472970e-03 9.499671781015953664e-01
-3.151179802566385635e-01 8.302463322052637540e-03 9.490160940845867588e-01
-3.177643075199445000e-01 7.451362120677783307e-03 9.481403586687260354e-01
-3.200932070716429600e-01 6.440206994787455938e-03 9.473640687758523304e-01
-3.220717008227261813e-01 5.381859822255211090e-03 9.466998839481760575e-01
-3.237054208763078811e-01 4.393078994801949064e-03 9.461476183240232762e-01
-3.250375271412233591e-01 3.581820714920656845e-03 9.456942371887477883e-01
-3.261436229908918349e-01 3.035639279256486123e-03 9.453152571918418401e-01
-3.271232412204264639e-01 2.812388808236114188e-03 9.449774011786615802e-01
-3.280888164021085185e-01 2.934195809379291572e-03 9.446422244141381430e-01
-3.291533256766125959e-01 3.385342387258385034e-03 9.442703218037900026e-01
-3.304179377467941769e-01 4.114293115698567684e-03 9.438256575435870488e-01
-3.319610306447242087e-01 5.039647474286505432e-03 9.432795389951381670e-01
-3.338298043835677409e-01 6.059352503687765595e-03 9.426137905978149156e-01
-3.360354266632119558e-01 7.062125687550021083e-03 9.418227700733586838e-01
-3.385522364788512428e-01 7.939774396158770856e-03 9.409139994535894447e-01
-3.413210452865562683e-01 8.598999533180568672e-03 9.399073420597742201e-01
-3.442560881365897552e-01 8.971354789386412967e-03 9.388328232235797488e-01
-3.472547591867545802e-01 9.020284477025486761e-03 9.377273456881565217e-01
-3.502089742220256818e-01 8.744538831138020871e-03 9.366306711755713055e-01
-3.530168684779061983e-01 8.177704753956504050e-03 9.355811140765982747e-01
-3.555935632125872825e-01 7.384028229896485475e-03 9.346114153945881409e-01
-3.578798965849482872e-01 6.451088592073455155e-03 9.337452359293323401e-01
-3.598482765616084489e-01 5.480179449635714899e-03 9.329946339273073042e-01
-3.615051356936848093e-01 4.575440663458008213e-03 9.323587843864201696e-01
-3.628898146149523996e-01 3.832869091226174217e-03 9.318240668701797125e-01
-3.640700460886354128e-01 3.330319087502426299e-03 9.313655083746640306e-01
-3.651345337305855754e-01 3.119494545043608336e-03 9.309494296126747948e-01
-3.661834002865455018e-01 3.220739432510631283e-03 9.305370188937663878e-01
-3.673174983707765962e-01 3.621161487280815435e-03 9.300884591379001698e-01
-3.686277075903826583e-01 4.276288400445635469e-03 9.295671711530911763e-01
-3.701853622210258266e-01 5.115083075222195963e-03 9.289437186969393689e-01
-3.720348471159536929e-01 6.047772765722865193e-03 9.281989526783922528e-01
-3.741891663578212901e-01 6.975623778343313652e-03 9.273260521172661530e-01
-3.766289507495933497e-01 7.801567132157224103e-03 9.263312404677461753e-01
-3.793049691301739745e-01 8.440488390744294023e-03 9.252331036083546456e-01
-3.821438013436885273e-01 8.828052940748200988e-03 9.240605917565345440e-01
-3.850559763393832102e-01 8.927136266950607899e-03 9.228499319855014704e-01
-3.879456253919271180e-01 8.731233180750716180e-03 9.216407932267974834e-01
-3.907205753446927332e-01 8.264581025814600468e-03 9.204721189715011631e-01
-3.933018136291093203e-01 7.579096780682238049e-03 9.193780682769771007e-01
-3.956313784267709299e-01 6.748551765614133058e-03 9.183844837045405107e-01
-3.976779338635952343e-01 5.860660307206732450e-03 9.175062413500557623e-01
-3.994395483578118133e-01 5.007926408301037295e-03 9.167457424628212559e-01
-4.009434749150339039e-01 4.278174077896483574e-03 9.160926890538558798e-01
-4.022430131271761411e-01 3.745688096963190571e-03 9.155251583448573705e-01
-4.034117978587093978e-01 3.463819559593827799e-03 9.150118635220706453e-01
-4.045360955207235598e-01 3.459770157362754370e-03 9.145153712976427096e-01
-4.057058804476847413e-01 3.732066130378035654e-03 9.139959502576323613e-01
-4.070055930551622070e-01 4.250975701766971510e-03 9.134156574056611078e-01
-4.085055286335306790e-01 4.961829002295523212e-03 9.127422418339551369e-01
-4.102547549894055012e-01 5.790893652222775002e-03 9.119524593819002822e-01
-4.122763032074533429e-01 6.653178044237497389e-03 9.110344513342871764e-01
-4.145651289336322320e-01 7.461317201162361371e-03 9.099889388808515278e-01
-4.170890296369901828e-01 8.134576983301626887e-03 9.088291126133697384e-01
-4.197923680851786687e-01 8.607011548740953200e-03 9.075792375545622681e-01
-4.226021413096235357e-01 8.833926649749300128e-03 9.062721316182484887e-01
-4.254356905930122834e-01 8.796017450032852722e-03 9.049457922639262408e-01
-4.282092007597004812e-01 8.500828446614597939e-03 9.036395292674472834e-01
-4.308460969390586759e-01 7.981482444422481268e-03 9.023900032716638542e-01
-4.332845064704565763e-01 7.292905874140366562e-03 9.012275683979431573e-01
-4.354830920564750074e-01 6.506009673894505400e-03 9.001732762474632388e-01
-4.374247531728827076e-01 5.700452244455168731e-03 8.992368253429516844e-01
-4.391179106788528630e-01 4.956709311019496730e-03 8.984156435950976238e-01
-4.405953143806965455e-01 4.348208283143971051e-03 8.976951813136906377e-01
-4.419105308845262536e-01 3.934258125459354216e-03 8.970503778730657407e-01
-4.431324692956528088e-01 3.754425355646989326e-03 8.964481551348250088e-01
-4.443384756546271963e-01 3.824876470967392313e-03 8.958506935526995285e-01
-4.456066617817474040e-01 4.137030921845766263e-03 8.952191707351681016e-01
-4.470082161030271561e-01 4.658654314604891537e-03 8.945175947702788122e-01
-4.486004583198839324e-01 5.337283279936442908e-03 8.937163520261233174e-01
-4.504213358390091182e-01 6.105633948285194360e-03 8.927951148689574623e-01
-4.524859163033975173e-01 6.888434013311468818e-03 8.917448181391036677e-01
-4.547852188016377473e-01 7.609963906696368997e-03 8.905685087443682146e-01
-4.572874709588708453e-01 8.201519948800341242e-03 8.892809900770974885e-01
-4.599416141693838944e-01 8.608033710798311880e-03 8.879073083673462152e-01
-4.626826414016453337e-01 8.793193751183732768e-03 8.864802464933052573e-01
-4.654381727505199073e-01 8.742599707003946910e-03 8.850370883797037402e-01
-4.681355730689627515e-01 8.464705113645927190e-03 8.836159836146729729e-01
-4.707088988365819571e-01 7.989541336355675261e-03 8.822522718396921260e-01
-4.731050196672534902e-01 7.365431126076108295e-03 8.809751194080630565e-01
-4.752883760787640632e-01 6.654075579126273593e-03 8.798047806028350681e-01
-4.772439884043867542e-01 5.924522008797916163e-03 8.787507290096898682e-01
-4.789785026526946488e-01 5.246590681124634753e-03 8.778108194032847589e-01
-4.805192328912284427e-01 4.684359308844364932e-03 8.769715447988190027e-01
-4.819113264236368210e-01 4.290281156267406089e-03 8.762093547376582636e-01
-4.832133309025322121e-01 4.100450156141513189e-03 8.754929064624099588e-01
-4.844915753349455234e-01 4.131427500762490518e-03 8.747860371051559003e-01
-4.858138817696924239e-01 4.378911329716326378e-03 8.740511789009373089e-01
-4.872431910882835115e-01 4.818369221252474972e-03 8.732528969251038831e-01
-4.888317037084049521e-01 5.407571846736389243e-03 8.723612150970074808e-01
-4.906160954728879253e-01 6.090781077187064005e-03 8.713544143030476086e-01
-4.926142680462224366e-01 6.804177814178472700e-03 8.702210364314073576e-01
-4.948239384222042347e-01 7.481986345007843840e-03 8.689609059452404471e-01
-4.972231801798713269e-01 8.062682419652356103e-03 8.675850784900046575e-01
-4.997728241812932626e-01 8.494672801939145285e-03 8.661147330051532922e-01
-5.024204359210916460e-01 8.740904819871140458e-03 8.645791275264913534e-01
-5.051054356016670965e-01 8.781993922424019203e-03 8.630128275500856816e-01
-5.077648324915887690e-01 8.617625040492597407e-03 8.614524801952164745e-01
-5.103390139974562922e-01 8.266165147465321869e-03 8.599334419379560668e-01
-5.127770584183417579e-01 7.762596559406745832e-03 8.584865710486393464e-01
-5.150411169230819652e-01 7.155025437518212385e-03 8.571354704239363409e-01
-5.171095193777135446e-01 6.500127462643185555e-03 8.558944172648838000e-01
-5.189783848835123337e-01 5.857959812657239501e-03 8.547671493913185925e-01
-5.206616488647124452e-01 5.286597602746631770e-03 8.537466005524801949e-01
-5.221895458410794610e-01 4.837048348764787925e-03 8.528155951539351243e-01
-5.236057054529841270e-01 4.548864110609257549e-03 8.519484320460448679e-01
-5.249631251359951900e-01 4.446810653135542003e-03 8.511132126374608697e-01
-5.263193718184963066e-01 4.538867913550851535e-03 8.502747056289823302e-01
-5.277314311774865541e-01 4.815728245452533321e-03 8.493974939966993931e-01
-5.292506587920797756e-01 5.251832551316787910e-03 8.484491239848260813e-01
-5.309182854098185578e-01 5.807847632048130510e-03 8.474029742811350907e-01
-5.327618834026807138e-01 6.434353274906703599e-03 8.462405878703443962e-01
-5.347931133423091676e-01 7.076390212198539233e-03 8.449532582768702893e-01
-5.370069452388454012e-01 7.678435854117275118e-03 8.435427319264906521e-01
-5.393824018679147514e-01 8.189336165145026311e-03 8.420209721785157919e-01
-5.418847200116220231e-01 8.566735372360882381e-03 8.404090191359530060e-01
-5.444686889000478480e-01 8.780608378589103286e-03 8.387350628446121892e-01
-5.470828205218003504e-01 8.815603933237357165e-03 8.370319169978124307e-01
-5.496739447028179404e-01 8.672034267855866299e-03 8.353341290350261295e-01
-5.521918062947475114e-01 8.365481343203265419e-03 8.336749868837435296e-01
-5.545932686124863675e-01 7.925114868622499045e-03 8.320836820987638216e-01
-5.568457873447627549e-01 7.390920870871298294e-03 8.305828661278746861e-01
-5.589299011069149836e-01 6.810115310743920444e-03 8.291867951000397863e-01
-5.608405775949626415e-01 6.233063678066300649e-03 8.279002040215283076e-01
-5.625873492252502217e-01 5.709046798706624015e-03 8.267179887844935404e-01
-5.641932634621148468e-01 5.282208958324248124e-03 8.256257087284162299e-01
-5.656927574652657054e-01 4.988000371856665498e-03 8.246008578776091724e-01
-5.671286421543487721e-01 4.850384326139061189e-03 8.236147932100980062e-01
-5.685484450214616237e-01 4.880021201854312790e-03 8.226351569906397154e-01
-5.700004105915420505e-01 5.073568041675836048e-03 8.216285908382804370e-01
-5.715294876101065791e-01 5.414145519691369347e-03 8.205635151230666890e-01
-5.731736376247180687e-01 5.872928592672154759e-03 8.194127412552731915e-01
-5.749607764839125279e-01 6.411720195392808797e-03 8.181556980551002445e-01
-5.769066071070215740e-01 6.986278933378570026e-03 8.167800865302062840e-01
-5.790135215909104627e-01 7.550102607105461765e-03 8.152828277317339944e-01
-5.812706508441184416e-01 8.058329092769704605e-03 8.136702313847776757e-01
-5.836550317969325663e-01 8.471410636255683954e-03 8.119573823904580046e-01
-5.861337590088840921e-01 8.758247950362011564e-03 8.101668108312454208e-01
-5.886669016939645172e-01 8.898532131501086725e-03 8.083265716883116792e-01
-5.912109082435065277e-01 8.884126271600964811e-03 8.064679072322917808e-01
-5.937221930023132144e-01 8.719413088225404923e-03 8.046226941326803939e-01
-5.961606040169249443e-01 8.420628110471790884e-03 8.028208872829830645e-01
-5.984925011118561455e-01 8.014280112542593662e-03 8.010881639556971523e-01
-6.006932236993973717e-01 7.534825124389254308e-03 7.994439477355161916e-01
-6.027487892013787540e-01 7.021804727946395416e-03 7.978999553330919925e-01
-6.046567287763875420e-01 6.516683845902556012e-03 7.964593648079183463e-01
-6.064260320040066876e-01 6.059630156392143904e-03 7.951166547023301723e-01
-6.080762331385134445e-01 5.686469536257132001e-03 7.938581134337822087e-01
-6.096357269289898184e-01 5.426032022452161561e-03 7.926629698588582018e-01
-6.111394509113102780e-01 5.298072221741586922e-03 7.915050517247399497e-01
-6.126261123869143344e-01 5.311907611290847195e-03 7.903548411259068152e-01
-6.141351700723832741e-01 5.465868280794634534e-03 7.891817674024358409e-01
-6.157037998011287705e-01 5.747593562823525258e-03 7.879565603616472957e-01
-6.173640774603692538e-01 6.135147314561122459e-03 7.866534821356117035e-01
-6.191405978713035996e-01 6.598858792272267737e-03 7.852522655293195930e-01
-6.210487145127989717e-01 7.103736117814425134e-03 7.837396103532892067e-01
-6.230935332961792250e-01 7.612251020519308908e-03 7.821101255153335430e-01
-6.252697283124409866e-01 8.087263042925290843e-03 7.803666506077640008e-01
-6.275621753579411211e-01 8.494843004557923669e-03 7.785199421330039060e-01
-6.299473282896731474e-01 8.806770538398529108e-03 7.765877613687551806e-01
-6.323952020105515492e-01 9.002516887036201773e-03 7.745934481317034992e-01
-6.348717807374690825e-01 9.070576790388189259e-03 7.725641029748818722e-01
-6.373416450873076178e-01 9.009075150387461234e-03 7.705285265292222130e-01
-6.397706072083160223e-01 8.825637578513951045e-03 7.685150772482269854e-01
-6.421281575669238739e-01 8.536572094563535038e-03 7.665496078208362540e-01
-6.443895558863101947e-01 8.165457175373229057e-03 7.646536274167714531e-01
-6.465374369986433001e-01 7.741266393395578385e-03 7.628428140658095602e-01
-6.485628450577550774e-01 7.296181573466190874e-03 7.611259716091546279e-01
-6.504656526735416167e-01 6.863255885976786257e-03 7.595044915496221849e-01
-6.522543624224522718e-01 6.474087564276467463e-03 7.579723442314442172e-01
-6.539453254731200094e-01 6.156656023748216869e-03 7.565165881684376981e-01
-6.555614452148048610e-01 5.933456638350076071e-03 7.551183527242144589e-01
-6.571304625628360263e-01 5.820049196069126962e-03 7.537542192137619557e-01
-6.586829435978989178e-01 5.824108477006439272e-03 7.523979002307761288e-01
-6.602501084008132182e-01 5.945033711485003466e-03 7.510220979766849547e-01
-6.618616508445296365e-01 6.174137482275867360e-03 7.496004108888746353e-01
-6.635437009062650215e-01 6.495395338699952795e-03 7.481091550517472433e-01
-6.653170722182186747e-01 6.886697411623689778e-03 7.465289734126553389e-01
-6.671959173823294176e-01 7.321505990527658880e-03 7.448461217288185887e-01
-6.691868826707888518e-01 7.770792161327269576e-03 7.430533445901074119e-01
-6.712888143284670983e-01 8.205103831479421822e-03 7.411502860195631204e-01
-6.734930244309491609e-01 8.596609480561963335e-03 7.391434144559375641e-01
-6.757840797145591161e-01 8.920967918569279800e-03 7.370454782397817262e-01
-6.781410367481530699e-01 9.158893503442545880e-03 7.348745417884526843e-01
-6.805390153872706849e-01 9.297316183690918293e-03 7.326526814901778151e-01
-6.829509824417729913e-01 9.330072595411874337e-03 7.304044416968263898e-01
-6.853496099910449946e-01 9.258103852925086627e-03 7.281551637173926395e-01
-6.877090771674551073e-01 9.089173396109925113e-03 7.259293041008635372e-01
-6.900066984793814528e-01 8.837150890509530912e-03 7.237488533675404678e-01
-6.922242830055354013e-01 8.520933542636853486e-03 7.216319540206332928e-01
-6.943491539977528770e-01 8.163093437797763058e-03 7.195917988670733623e-01
-6.963747848446507627e-01 7.788348909544945062e-03 7.176358692315966126e-01
-6.983010329183830800e-01 7.421960546965007156e-03 7.157655492763683736e-01
-7.001339762949928547e-01 7.088149598477932328e-03 7.139761288010098017e-01
-7.018853791552432941e-01 6.808629531362367371e-03 7.122571837659287253e-01
-7.035718297528814613e-01 6.601331322138641496e-03 7.105933022793682330e-01
-7.052136102624465552e-01 6.479390237770127174e-03 7.089651046794200884e-01
-7.068333705638986109e-01 6.450446636217964901e-03 7.073504903202769700e-01
-7.084546877803116205e-01 6.516295739612243919e-03 7.057260314187107086e-01
-7.101005995344811250e-01 6.672901595182605637e-03 7.040684265031215139e-01
-7.117922005992252110e-01 6.910769057869091229e-03 7.023559232342223568e-01
-7.135473890688719401e-01 7.215645602928150680e-03 7.005696230550976233e-01
-7.153798388562871979e-01 7.569503587487215121e-03 6.986945883913611155e-01
-7.172982602575056488e-01 7.951735041323217124e-03 6.967206866477688720e-01
-7.193059902835085007e-01 8.340477053598334758e-03 6.946431232372777265e-01
-7.214009309338365039e-01 8.713977929262015781e-03 6.924626370617931181e-01
-7.235758286660588512e-01 9.051913509820671763e-03 6.901853546008445139e-01
-7.258188643817043983e-01 9.336569554548508967e-03 6.878223212226914907e-01
-7.281145026123519992e-01 9.553819130065423562e-03 6.853887487073911933e-01
-7.304445331204130198e-01 9.693842038289999033e-03 6.829030347084369401e-01
-7.327892289849154972e-01 9.751554369914221601e-03 6.803856218542632117e-01
-7.351285427358116298e-01 9.726738055784380985e-03 6.778577708155522075e-01
-7.374432657318658046e-01 9.623880714730512209e-03 6.753403229058216883e-01
-7.397160846110365506e-01 9.451753521565575689e-03 6.728525240969739363e-01
-7.419324807694037682e-01 9.222768215037088074e-03 6.704109745353991068e-01
-7.440814328500480190e-01 8.952163351835292632e-03 6.680287567587043229e-01
-7.461558967150488941e-01 8.657074670104420583e-03 6.657147829082529222e-01
-7.481530512320460069e-01 8.355545528676924100e-03 6.634733873029301510e-01
-7.500743107339918891e-01 8.065531603838932764e-03 6.613041766247705899e-01
-7.519251158890021269e-01 7.803950126817816267e-03 6.592021363230806674e-01
-7.537145239167069022e-01 7.585818571605600774e-03 6.571579791554472694e-01
-7.554546267375596980e-01 7.423521287110341343e-03 6.551587104073925971e-01
-7.571598318989368748e-01 7.326235333166454013e-03 6.531883745468296532e-01
-7.588460460649883998e-01 7.299538794822781756e-03 6.512289401247046694e-01
-7.605298044262017720e-01 7.345216118877194444e-03 6.492612738774274916e-01
-7.622273913764071596e-01 7.461265587361001761e-03 6.472661514682646056e-01
-7.639539979205806075e-01 7.642104092467797566e-03 6.452252513477725326e-01
-7.657229592087010372e-01 7.878954269816542885e-03 6.431220799721919512e-01
-7.675451111285390704e-01 8.160389335583786985e-03 6.409427811245986817e-01
-7.694282980192596044e-01 8.473002352701821185e-03 6.386767891948631481e-01
-7.713770545382639954e-01 8.802159863827112643e-03 6.363172956461189411e-01
-7.733924740593440816e-01 9.132795542612669182e-03 6.338615089777260847e-01
-7.754722644797676923e-01 9.450198203942595382e-03 6.313107005653854076e-01
-7.776109809010688378e-01 9.740750362435927900e-03 6.286700409868459793e-01
-7.798004142862928756e-01 9.992578383295208297e-03 6.259482429714197105e-01
-7.820301067426330688e-01 1.019608264985310403e-02 6.231570371570364086e-01
-7.842879581662908217e-01 1.034432533676552142e-02 6.203105147667028474e-01
-7.865608859474879644e-01 1.043326343336957625e-02 6.174243767088023471e-01
-7.888354992721084979e-01 1.046182469032990586e-02 6.145151312894935325e-01
-7.910987519780312560e-01 1.043183334339133593e-02 6.115992827680624133e-01
-7.933385424078135406e-01 1.034780017095550918e-02 6.086925506606852831e-01
-7.955442345950604066e-01 1.021659728149046896e-02 6.058091554270502721e-01
-7.977070817534727132e-01 1.004704186902803317e-02 6.029612004624327337e-01
-7.998205397923646709e-01 9.849415108239077676e-03 6.001581736871812733e-01
-8.018804649741035906e-01 9.634942636148835504e-03 5.974065849614044188e-01
-8.038851955291446139e-01 9.415262029412847788e-03 5.947097484663402822e-01
-8.058355218835251410e-01 9.201900701669553026e-03 5.920677124049238405e-01
-8.077345540970188864e-01 9.005785049206937662e-03 5.894773321093879082e-01
-8.095874982181482382e-01 8.836798728994297095e-03 5.869324770505376376e-01
-8.114013556454092724e-01 8.703404838495501852e-03 5.844243574097520710e-01
-8.131845613603574385e-01 8.612343576075010346e-03 5.819419518527294555e-01
-8.149465781599343206e-01 8.568413724483308833e-03 5.794725149695063582e-01
-8.166974648094992295e-01 8.574343011928841490e-03 5.770021405522378632e-01
-8.184474363610015901e-01 8.630749054442256318e-03 5.745163555080926576e-01
-8.202064346875842515e-01 8.736189181044715785e-03 5.720007187876134935e-01
-8.219837265096401335e-01 8.887294043506433275e-03 5.694414002782181017e-01
-8.237875447648217442e-01 9.078976620005950113e-03 5.668257161741826478e-01
-8.256247870733356420e-01 9.304705188405358943e-03 5.641425998561858668e-01
-8.275007822909914434e-01 9.556826252799919055e-03 5.613829907122704910e-01
-8.294191328140649855e-01 9.826921445561579566e-03 5.585401274673559291e-01
-8.313816365595767532e-01 1.010618126283296080e-02 5.556097372632819997e-01
-8.333882886086313446e-01 1.038577824045146605e-02 5.525901167020684790e-01
-8.354373586233511118e-01 1.065722288347652896e-02 5.494821060585191042e-01
-8.375255365930907026e-01 1.091268728593115453e-02 5.462889626046976144e-01
-8.396481364743753062e-01 1.114528379504139619e-02 5.430161432067083238e-01
-8.417993450521475962e-01 1.134928909292886971e-02 5.396710098340165018e-01
-8.439725019866469724e-01 1.152030744751753391e-02 5.362624742042662040e-01
-8.461603965575608122e-01 1.165537036322560234e-02 5.328005993853319744e-01
-8.483555670306525132e-01 1.175297319075643485e-02 5.292961767794974737e-01
-8.505505897375301716e-01 1.181305221976166643e-02 5.257602965804454298e-01
-8.527383467113197613e-01 1.183690821870534912e-02 5.222039286382578194e-01
-8.549122628667752410e-01 1.182708420768545377e-02 5.186375288480097323e-01
-8.570665060555775483e-01 1.178720642207283301e-02 5.150706838732722614e-01
-8.591961456852219570e-01 1.172179797518953757e-02 5.115118044105380068e-01
-8.612972678132446713e-01 1.163607472935852469e-02 5.079678744664574142e-01
-8.633670466079206296e-01 1.153573243816656546e-02 5.044442614060972163e-01
-8.654037737347163306e-01 1.142673344345666170e-02 5.009445889565590226e-01
-8.674068485569693676e-01 1.131510021211864711e-02 4.974706730031824287e-01
-8.693767330344331912e-01 1.120672188188066853e-02 4.940225179510494558e-01
-8.713148758931789084e-01 1.110717883471286707e-02 4.905983696714044107e-01
-8.732236110678293084e-01 1.102158919166441875e-02 4.871948196183986113e-01
-8.751060356305986332e-01 1.095448006258267770e-02 4.838069535787482001e-01
-8.769658724677809047e-01 1.090968540773095546e-02 4.804285376888968173e-01
-8.788073228830626249e-01 1.089027148070671226e-02 4.770522338005050988e-01
-8.806349141286186066e-01 1.089849001867998664e-02 4.736698359744896392e-01
-8.824533466094021117e-01 1.093575861787694781e-02 4.702725198170152332e-01
-8.842673451841180920e-01 1.100266707053845772e-02 4.668510965207119390e-01
-8.860815186018744516e-01 1.109900783873794643e-02 4.633962638256592381e-01
-8.879002306663397182e-01 1.122382830018932472e-02 4.598988466525021912e-01
-8.897274862085878810e-01 1.137550192708051272e-02 4.563500208682912951e-01
-8.915668343771671056e-01 1.155181516170948781e-02 4.527415145050363576e-01
-8.934212911253113232e-01 1.175006644630895852e-02 4.490657817378378991e-01
-8.952932821025485488e-01 1.196717366389938968e-02 4.453161460148593043e-01
-8.971846064593597125e-01 1.219978616553518344e-02 4.414869098811803338e-01
-8.990964213725051168e-01 1.244439760583800243e-02 4.375734302142504917e-01
-9.010292464223854658e-01 1.269745598583038593e-02 4.335721587490691253e-01
-9.029829863309687399e-01 1.295546760475733104e-02 4.294806488747171525e-01
-9.049569700267794392e-01 1.321509203781217300e-02 4.252975306908514663e-01
-9.069500035658203396e-01 1.347322576411362841e-02 4.210224571882386635e-01
-9.089604341216883654e-01 1.372707264266666630e-02 4.166560251331802300e-01
-9.109862220746450800e-01 1.397420004334000432e-02 4.121996747721754506e-01
-9.130250181798325038e-01 1.421258005372170660e-02 4.076555728203934970e-01
-9.150742428728552147e-01 1.444061577083649919e-02 4.030264833553514059e-01
-9.171311649629730889e-01 1.465715322229679297e-02 3.983156312148017908e-01
-9.191929772507901886e-01 1.486147992287218528e-02 3.935265623125412393e-01
-9.212568669653391495e-01 1.505331144441120206e-02 3.886630049613707949e-01
-9.233200793197774425e-01 1.523276765107409690e-02 3.837287358568819418e-01
-9.253799729106370053e-01 1.540034042615276086e-02 3.787274538594683215e-01
-9.274340661096720506e-01 1.555685479553991536e-02 3.736626641455673692e-01
-9.294800740000326300e-01 1.570342534520402858e-02 3.685375747116571565e-01
-9.315159357739990487e-01 1.584140974839303231e-02 3.633550066320379579e-01
-9.335398328265946954e-01 1.597236107742070962e-02 3.581173189160086756e-01
-9.355501980412382901e-01 1.609798039027761363e-02 3.528263482992518019e-01
-9.375457169675062152e-01 1.622007086910383367e-02 3.474833638508847411e-01
-9.395253217378599642e-01 1.634049455967005737e-02 3.420890358899836836e-01
-9.414881786634369254e-01 1.646113253047510813e-02 3.366434183875395281e-01
-9.434336704942855034e-01 1.658384904669023621e-02 3.311459437823214280e-01
-9.453613743335669284e-01 1.671046014542352381e-02 3.255954289596770801e-01
-9.472710361656465627e-01 1.684270680982027577e-02 3.199900910264095177e-01
-9.491625429020781324e-01 1.698223277347039178e-02 3.143275714565689771e-01
-9.510358927742781354e-01 1.713056684480493072e-02 3.086049671754492185e-01
-9.528911648135527379e-01 1.728910952355374592e-02 3.028188671850855496e-01
-9.547284880635951154e-01 1.745912358675099849e-02 2.969653934069741985e-01
-9.565480110722351936e-01 1.764172824831501674e-02 2.910402445197994847e-01
-9.583498721118294261e-01 1.783789644153261494e-02 2.850387416954633935e-01
-9.601341704841434010e-01 1.804845473525710717e-02 2.789558752801725716e-01
-9.619009391781219165e-01 1.827408536965346997e-02 2.727863516240215946e-01
-9.636501190692012830e-01 1.851532988335231888e-02 2.665246394284745413e-01
-9.653815347779804990e-01 1.877259379854162927e-02 2.601650151531898492e-01
-9.670948722450155577e-01 1.904615183170206213e-02 2.537016071992555521e-01
-9.687896580278891889e-01 1.933615310350496330e-02 2.471284387632359802e-01
-9.704652402870999062e-01 1.964262583024485240e-02 2.404394694341583927e-01
-9.721207713992390254e-01 1.996548098974800303e-02 2.336286357828442906e-01
-9.737551921199462113e-01 2.030451446594942408e-02 2.266898913693622952e-01
-9.753672172159131293e-01 2.065940718751956354e-02 2.196172467696816955e-01
-9.769553224955199733e-01 2.102972278663261044e-02 2.124048103968790291e-01
-9.785177331924579391e-01 2.141490231414661105e-02 2.050468310656084481e-01
-9.800524136969928080e-01 2.181425555749084630e-02 1.975377434210547900e-01
-9.815570586865701719e-01 2.222694851832439714e-02 1.898722175250881772e-01
-9.830290857825780826e-01 2.265198662006793692e-02 1.820452140622439707e-01
-9.844656299546340472e-01 2.308819323301567264e-02 1.740520467951983952e-01
-9.858635400090756118e-01 2.353418313012995561e-02 1.658884540613366765e-01
-9.872193776355052686e-01 2.398833052414183625e-02 1.575506812551835667e-01
-9.885294196449492254e-01 2.444873139185960165e-02 1.490355763804259714e-01
-9.897896642153448665e-01 2.491315987174005930e-02 1.403407008721810900e-01
-9.909912599742902728e-01 2.518851295388868650e-02 1.315356181271273850e-01
-9.921233231154618082e-01 2.529809348152145879e-02 1.226828252164819666e-01
-9.931780953486006869e-01 2.526519220006280889e-02 1.138362788516328328e-01
-9.941505849536831363e-01 2.511260637107096128e-02 1.050415575510054711e-01
-9.950381737160789442e-01 2.486227804842248632e-02 9.633616834622274472e-02
-9.958402152123255746e-01 2.453504125653339918e-02 8.774995649954493715e-02
-9.965576436767039636e-01 2.415046423152307151e-02 7.930558162624948282e-02
-9.971926068822779543e-01 2.372677162559528111e-02 7.101902918729804948e-02
-9.977481314283305203e-01 2.328083166884952274e-02 6.290013198229928160e-02
-9.982278246764062501e-01 2.282819429650849094e-02 5.495308164050272809e-02
-9.986356143298287247e-01 2.238316781230774780e-02 4.717691493507716188e-02
-9.989755242346248787e-01 2.195892347758156976e-02 3.956596390846622846e-02
-9.992514832755376997e-01 2.156761927491356035e-02 3.211026225840455522e-02
-9.994671631131144540e-01 2.122053584812445479e-02 2.479590322143076370e-02
-9.996258398207494844e-01 2.092821917534765444e-02 1.760534636915604342e-02
-9.997302741094111767e-01 2.070062583901412234e-02 1.051767239004641405e-02
-9.997826046650466481e-01 2.054726779419686553e-02 3.508786163904593740e-03
-9.997842490807536953e-01 2.047735430060369094e-02 -3.448430652452915204e-03
-9.997358068728107172e-01 2.049992917719608079e-02 -1.038401562378965526e-02
-9.996369590737919086e-01 2.062400176629954410e-02 -1.733086765961771789e-02
-9.994863588600403359e-01 2.085866995550624339e-02 -2.432473228616278613e-02
-9.992815075718396445e-01 2.121323329046235009e-02 -3.140422652261635333e-02
-9.990186103140625828e-01 2.169729359628524978e-02 -3.861089910027282190e-02
-9.986924050898950966e-01 2.232083956979309669e-02 -4.598932079387970523e-02
-9.982959591466846749e-01 2.309431044935834898e-02 -5.358719829413871594e-02
-9.978204259529361853e-01 2.402863203240124951e-02 -6.145550319892477409e-02
-9.972547560666682465e-01 2.513521588702476162e-02 -6.964860517035315057e-02
-9.965853552362566870e-01 2.642590946523547951e-02 -7.822439489182260453e-02
-9.957956836061514494e-01 2.791288082193801520e-02 -8.724437791830211286e-02
-9.948657911932408116e-01 2.960841661814905129e-02 -9.677371455339041362e-02
-9.937717873062742457e-01 3.152460589223302079e-02 -1.068811731726813236e-01
-9.924852459387906167e-01 3.367287462501420553e-02 -1.176389545764233019e-01
-9.909725562562179402e-01 3.606332743073235175e-02 -1.291223326233427726e-01
-9.891942383006956385e-01 3.870384303986679903e-02 -1.414090412546971653e-01
-9.871042604765867257e-01 4.159886028240636358e-02 -1.545783199063653357e-01
-9.846494191230623638e-01 4.474778239812842590e-02 -1.687095084069663853e-01
-9.817688736408767269e-01 4.814292212988667552e-02 -1.838800595667371973e-01
-9.783939752909797116e-01 5.176691220823603085e-02 -2.001628146025109523e-01
-9.744485853385478347e-01 5.558952170116469166e-02 -2.176223667665495853e-01
-9.698501482960523168e-01 5.956385724148788308e-02 -2.363103278902676796e-01
-9.645118645493455656e-01 6.362200140150146843e-02 -2.562593201517063268e-01
-9.583463830207049616e-01 6.767026310721870053e-02 -2.774755545187337358e-01
-9.512714878161073750e-01 7.158440206338460843e-02 -2.999299458827291986e-01
-9.432182476993355991e-01 7.520545112146756472e-02 -3.235478745949140755e-01
-9.341419812839880654e-01 7.833709362730999215e-02 -3.481979574337606409e-01
-9.240360965819059968e-01 8.074592437466483752e-02 -3.736805543042941435e-01
-9.129483210309157215e-01 8.216625263819567204e-02 -3.997172082021653861e-01
-9.009980043363718938e-01 8.231124972499055670e-02 -4.259427571709200055e-01
-8.883920855922410320e-01 8.089199323547202614e-02 -4.519023739864314049e-01
-8.754361439131624900e-01 7.764508035998518576e-02 -4.770561177669135899e-01
-8.625360663694603414e-01 7.236780629381366070e-02 -5.007934945836515217e-01
-8.501858134358544206e-01 6.495748829135310209e-02 -5.224597796728669419e-01
-8.389381171879124466e-01 5.544880788829598117e-02 -5.413942950900877404e-01
-8.293580202560674186e-01 4.404094221935419412e-02 -5.569785269911767811e-01
-8.219636271897987623e-01 3.110592378129303781e-02 -5.686893031430960699e-01
-8.171631201944498102e-01 1.717203506588195483e-02 -5.761499633857951608e-01
-8.152001880347385931e-01 2.881149995457960369e-03 -5.791714156789008472e-01
-8.161198511484657470e-01 -1.107447489690094496e-02 -5.777758328848487945e-01
-8.197626499188443994e-01 -2.402465642014702668e-02 -5.721985755617766678e-01
-8.257883693165538608e-01 -3.538897972886109050e-02 -5.628680452594634342e-01
-8.337232974135120323e-01 -4.472724216771815919e-02 -5.503673708885532534e-01
-8.430200257187616675e-01 -5.176522251193990676e-02 -5.353848671732912567e-01
-8.531174840487387723e-01 -5.639488557429630372e-02 -5.186613250305134315e-01
-8.634911019336105609e-01 -5.865376549835547848e-02 -5.009413793630972389e-01
-8.736872635607061399e-01 -5.869144878060351955e-02 -4.829340464945790501e-01
-8.833407676121435292e-01 -5.673151098618342547e-02 -4.652848872549545378e-01
-8.921774673234235120e-01 -5.303566777127105558e-02 -4.485598825149569313e-01
-9.000061061666979612e-01 -4.787439511456432345e-02 -4.332394407487529797e-01
-9.067037289372945619e-01 -4.150582143397962831e-02 -4.197200921486334280e-01
-9.121984416217581160e-01 -3.416285342906833639e-02 -4.083212284727137931e-01
-9.164522631214340187e-01 -2.604742340119595850e-02 -3.992944904979692788e-01
-9.194457671236991869e-01 -1.733033202701614317e-02 -3.928338579611191372e-01
-9.211653795891732166e-01 -8.155193648427146863e-03 -3.890849899514339794e-01
-9.215936535646274130e-01 1.354742778142735068e-03 -3.881527964960646004e-01
-9.207025743831828146e-01 1.108779040777519397e-02 -3.901065534864338047e-01
-9.184498998701723371e-01 2.093364119689760522e-02 -3.949821035728466878e-01
-9.147786463177741689e-01 3.077222372091385771e-02 -4.027808413102382246e-01
-9.096200262949414306e-01 4.046199487864582389e-02 -4.134653029760747001e-01
-9.029003601815942526e-01 4.982821379202655165e-02 -4.269513211302421452e-01
-8.945526358810930168e-01 5.865210829969828843e-02 -4.430969189565566735e-01
-8.845333674022446413e-01 6.666241580523211974e-02 -4.616884701913938072e-01
-8.728450530588788281e-01 7.353151534358598473e-02 -4.824251902169111594e-01
-8.595636845734148102e-01 7.887912763808599403e-02 -5.049037779263358949e-01
-8.448692662152490485e-01 8.228706130464095991e-02 -5.286059588473728255e-01
-8.290751671015905711e-01 8.332827290317201818e-02 -5.528926419163496808e-01
-8.126496565940523054e-01 8.161202041191344125e-02 -5.770091002842503425e-01
-7.962209364543315626e-01 7.684365611980351063e-02 -6.001055758565410070e-01
-7.805566364648144351e-01 6.889264698496781747e-02 -6.212764822162867295e-01
-7.665114804478252442e-01 5.785669744503482703e-02 -6.396185896871214860e-01
-7.549434228454239282e-01 4.410550296116333424e-02 -6.543043350377345524e-01
-7.466081438623128896e-01 2.828746295253287482e-02 -6.646615546082753623e-01
-7.420513674653101965e-01 1.128868763953325485e-02 -6.702470516517047283e-01
-7.415236404853796648e-01 -5.854559756960878159e-03 -6.709002493508091636e-01
-7.449394104336365396e-01 -2.207492734720686162e-02 -6.667658637859834592e-01
-7.518912104906219085e-01 -3.639919834257538539e-02 -6.582807239764705276e-01
-7.617144287450260398e-01 -4.805240780810474815e-02 -6.461276818251997511e-01
-7.735847701774899443e-01 -5.652090701739925088e-02 -6.311663409429707494e-01
-7.866242397397906760e-01 -6.156746706594664470e-02 -6.143539370145759682e-01
-7.999936331255953492e-01 -6.320457343003836603e-02 -5.966694158238817769e-01
-8.129576173866546185e-01 -6.164050561619703605e-02 -5.790504029903222882e-01
-8.249182491792457217e-01 -5.721500296808143537e-02 -5.623480234635918062e-01
-8.354206186022395952e-01 -5.033853482676003965e-02 -5.473000552902270721e-01
-8.441385875498563784e-01 -4.144401030976289924e-02 -5.345197107020834837e-01
-8.508495249019090156e-01 -3.095455619400248881e-02 -5.244957030817389843e-01
-8.554057153418379578e-01 -1.926712406610531919e-02 -5.175989276505242875e-01
-8.577080354844803800e-01 -6.749491272753128934e-03 -5.140915878113508919e-01
-8.576854800373153731e-01 6.252627015900881491e-03 -5.141354938372622030e-01
-8.552826309986528708e-01 1.940169678470798562e-02 -5.177972444827200205e-01
-8.504562592469971927e-01 3.235086059803071734e-02 -5.250489355676914993e-01
-8.431817545737272379e-01 4.472588401413047504e-02 -5.357639123762045763e-01
-8.334696917995108034e-01 5.610988372975566491e-02 -5.497079636242436784e-01
-8.213921904496339632e-01 6.603476077971381919e-02 -5.665273385174162124e-01
-8.071174453314975406e-01 7.398397981299119353e-02 -5.857361190101473269e-01
-7.909486269656368362e-01 7.941170289091904755e-02 -6.067067645002333087e-01
-7.733602910010360931e-01 8.178255929550018455e-02 -6.286688657826864368e-01
-7.550220562847418382e-01 8.063363665972973771e-02 -6.507218785458426247e-01
-7.367969345797238390e-01 7.565500329057756046e-02 -6.718672338862852200e-01
-7.197023141059786244e-01 6.677753723385372597e-02 -6.910630921846294683e-01
-7.048271700427286568e-01 5.424896927826651505e-02 -7.073007856031533480e-01
-6.932101331863540494e-01 3.867444168376241165e-02 -7.196961245389258410e-01
-6.856972480316945173e-01 2.100059019048118591e-02 -7.275827229002899132e-01
-6.828101218485842505e-01 2.434162176639487890e-03 -7.305906355410125563e-01
-6.846581991792155542e-01 -1.569503005395166129e-02 -7.286940778553465670e-01
-6.909194834860834522e-01 -3.209862124838612496e-02 -7.222175789317585304e-01
-7.008946310695951531e-01 -4.568393527773673829e-02 -7.117991700579509029e-01
-7.136179795662291880e-01 -5.566425377357727550e-02 -6.983189206295371543e-01
-7.279948494946163473e-01 -6.160687523160563589e-02 -6.828078729941845504e-01
-7.429323203882348681e-01 -6.342013743010051219e-02 -6.663542362160864707e-01
-7.574392673833332257e-01 -6.129580546248951378e-02 -6.500208242795088021e-01
-7.706850644549060325e-01 -5.562981311054336631e-02 -6.347820854921640832e-01
-7.820189359161229259e-01 -4.694262668334417410e-02 -6.214830249120738559e-01
-7.909598789458919255e-01 -3.581386359326045599e-02 -6.108176075174879260e-01
-7.971698597765431993e-01 -2.283805901683928427e-02 -6.033215534484782649e-01
-8.004220432595905432e-01 -8.602160632420132944e-03 -5.993736552260368056e-01
-8.005730968529396474e-01 6.318689482296168877e-03 -5.992002995714019731e-01
-7.975456058373188162e-01 2.135256286173586177e-02 -6.028791676272212685e-01
-7.913240609394026626e-01 3.591565987421891509e-02 -6.103396939264656984e-01
-7.819657688998286060e-01 4.939743542005562565e-02 -6.213595776829401451e-01
-7.696260044788091337e-01 6.115297144339438412e-02 -6.355584037575200407e-01
-7.545942393065481202e-01 7.050984414944146128e-02 -6.523912307186486847e-01
-7.373349718891137883e-01 7.679625661308300821e-02 -6.711467413922247438e-01
-7.185226641540931602e-01 7.939507440357276846e-02 -6.909559310291646383e-01
-6.990565355326255892e-01 7.782358660854489518e-02 -7.108177801466041279e-01
-6.800394579527954120e-01 7.183092050709562193e-02 -7.296471974847008601e-01
-6.627085071920164605e-01 6.149522880551600706e-02 -7.463471068426150712e-01
-6.483147097527296454e-01 4.729440278063364728e-02 -7.599008676653149497e-01
-6.379653591120358902e-01 3.012212565870795583e-02 -7.694743222466898791e-01
-6.324591084131296892e-01 1.122978231840804017e-02 -7.745108834282091737e-01
-6.321539970658687224e-01 -7.905916770901480484e-03 -7.748009406896422258e-01
-6.369047526712817708e-01 -2.576597583305483344e-02 -7.705103101663286491e-01
-6.460872345934829397e-01 -4.098142082188870050e-02 -7.621611098693704678e-01
-6.587017952445350932e-01 -5.249045471501389420e-02 -7.505694654143938438e-01
-6.735251020178953940e-01 -5.962922815262752113e-02 -7.367538086963228983e-01
-6.892706754274325887e-01 -6.214759491430308508e-02 -7.218320529177882916e-01
-7.047238246456553057e-01 -6.016277498421447600e-02 -7.069247812321434177e-01
-7.188315665535396359e-01 -5.407644170445873727e-02 -6.930762827877419152e-01
-7.307446342082682955e-01 -4.448237609942905235e-02 -6.811984579099001902e-01
-7.398208618916028989e-01 -3.208548314257256978e-02 -6.720366660620767929e-01
-7.456049668667811270e-01 -1.764345201953611275e-02 -6.661527960938850024e-01
-7.478000311175451165e-01 -1.933517999251236491e-03 -6.639193802602377792e-01
-7.462430827561266078e-01 1.425954635700639114e-02 -6.655189601375152142e-01
-7.408930923290036885e-01 3.014182539305341330e-02 -6.709444652663888453e-01
-7.318355126222068074e-01 4.490452947381563115e-02 -6.799985221018712833e-01
-7.193033867557923067e-01 5.772434549634888890e-02 -6.922920075879892554e-01
-7.037107245944470568e-01 6.777983504371781764e-02 -7.072445550274973902e-01
-6.856890564145942113e-01 7.429218036197927921e-02 -7.240918374341064334e-01
-6.661131986150198303e-01 7.659453080594044727e-02 -7.419058533321407634e-01
-6.460987612794790724e-01 7.422691569699006731e-02 -7.596344665549508157e-01
-6.269543032077459221e-01 6.704338650947284928e-02 -7.761643815544019276e-01
-6.100779810227833222e-01 5.530707963965502544e-02 -7.904071656502729137e-01
-5.968030059858508984e-01 3.974198717613187937e-02 -8.014013165964349872e-01
-5.882153164483516772e-01 2.151298255940582715e-02 -8.084164124548440800e-01
-5.849832796279297309e-01 2.121073124230762191e-03 -8.110407642173295129e-01
-5.872439565645491966e-01 -1.677420028619310347e-02 -8.092343212251454920e-01
-5.945783152756459744e-01 -3.356852506491046079e-02 -8.033348219249492050e-01
-6.060819700848765201e-01 -4.691315283787214629e-02 -7.940156916310585622e-01
-6.205095570497597413e-01 -5.585772043413553961e-02 -7.822052024504608791e-01
-6.364522288657490368e-01 -5.991235454543900052e-02 -7.689839197514559688e-01
-6.525055969264661471e-01 -5.903173576241321774e-02 -7.554792387731060765e-01
-6.673976075313792222e-01 -5.354358234487600898e-02 -7.427722679261785643e-01
-6.800643440746899637e-01 -4.405186742988792536e-02 -7.318257760334929696e-01
-6.896783501858946286e-01 -3.134178975628943570e-02 -7.234351595035093396e-01
-6.956441168860655333e-01 -1.630384504013849406e-02 -7.181993766540656354e-01
-6.975783634611109063e-01 1.165956431411416250e-04 -7.165062938769939382e-01
-6.952906276806639640e-01 1.694676408156066058e-02 -7.185266845412975334e-01
-6.887748761311949242e-01 3.319952041364378215e-02 -7.242125583322420734e-01
-6.782170078817448822e-01 4.788354396204650559e-02 -7.332978731756576440e-01
-6.640169496494412460e-01 6.002314005603145292e-02 -7.453024126198943833e-01
-6.468177135711116188e-01 6.869871475774583236e-02 -7.595422023272327960e-01
-6.275277158877072825e-01 7.311480974035611258e-02 -7.751517522619587597e-01
-6.073181290010465361e-01 7.269499120951522508e-02 -7.911239800791117771e-01
-5.875764471436054626e-01 6.719200438098499317e-02 -8.063721794985838631e-01
-5.698035606565072797e-01 5.678958843425084557e-02 -8.198143964931045025e-01
-5.554557915196844942e-01 4.216384425798639507e-02 -8.304743860067993477e-01
-5.457531551431810124e-01 2.447295754654508007e-02 -8.375864377993674781e-01
-5.414934992830995331e-01 5.258201308876536001e-03 -8.406863272485587402e-01
-5.429196404652396613e-01 -1.373570848002819700e-02 -8.396701172138465452e-01
-5.496767336331026543e-01 -3.078594298404679908e-02 -8.348077852117743447e-01
-5.608717295438030437e-01 -4.441139828164289427e-02 -8.267084740359711414e-01
-5.752164344366298421e-01 -5.353844518909968431e-02 -8.162451249968407652e-01
-5.912137864652831087e-01 -5.758386961887311528e-02 -8.044543423155566808e-01
-6.073418190673083306e-01 -5.645340876492928317e-02 -7.924300194731812574e-01
-6.222005788974155349e-01 -5.047666483723271813e-02 -7.812265321417061203e-01
-6.346062825307268174e-01 -4.030951550007294548e-02 -7.717812370265453303e-01
-6.436352516567958038e-01 -2.683317675500582200e-02 -7.648593540116032097e-01
-6.486319553662472925e-01 -1.106935313767446957e-02 -7.610191716228127401e-01
-6.491995225620897925e-01 5.881035173498312674e-03 -7.605928482670784030e-01
-6.451890191001119490e-01 2.287832947598349848e-02 -7.636778088193045821e-01
-6.366980879896321222e-01 3.877350886542451497e-02 -7.701352283194637938e-01
-6.240821744207941668e-01 5.243947914518756054e-02 -7.795945714704243246e-01
-6.079736708849416971e-01 6.281714642951763405e-02 -7.914658702023035231e-01
-5.892968347762503889e-01 6.898541741235535152e-02 -8.049636523941076094e-01
-5.692606579794238231e-01 7.025664986311516702e-02 -8.191474357461754341e-01
-5.493103075766104793e-01 6.628790879088905519e-02 -8.329827407468605172e-01
-5.310230142529001052e-01 5.718578505569957976e-02 -8.454231908682834362e-01
-5.159478165509259195e-01 4.357302785681423790e-02 -8.555086890793400789e-01
-5.054083323558050678e-01 2.658474913050685312e-02 -8.624681983361927040e-01
-5.003070135551428432e-01 7.774667187258527123e-03 -8.658106353780472553e-01
-5.009786549711446879e-01 -1.106367009644029439e-02 -8.653863497179554720e-01
-5.071331720529476117e-01 -2.812812433567575890e-02 -8.614060041134494750e-01
-5.179035667522288167e-01 -4.184076431821075193e-02 -8.544125621682369109e-01
-5.319842456036106837e-01 -5.103129914540546069e-02 -8.452125071118715693e-01
-5.478209351378540148e-01 -5.503835840886409786e-02 -8.347805842876125926e-01
-5.638057292680821453e-01 -5.372291928404247796e-02 -8.241556537731464793e-01
-5.784397646179413321e-01 -4.741202068940960496e-02 -8.143433384086981031e-01
-5.904445997911780264e-01 -3.680322899747585225e-02 -8.062357921952221229e-01
-5.988223809155581723e-01 -2.285983913604276371e-02 -8.005526605484796221e-01
-6.028778476657432606e-01 -6.717555104272358163e-03 -7.978022899870417239e-01
-6.022201204759847215e-01 1.038893816632683806e-02 -7.982595339092732889e-01
-5.967602352944808564e-01 2.718210082783616838e-02 -8.019561342273413551e-01
-5.867140151962706440e-01 4.239031815381546359e-02 -8.086810471203200734e-01
-5.726113717051616314e-01 5.480226094835258244e-02 -8.179903886372215105e-01
-5.553043117530764849e-01 6.333816482498447198e-02 -8.292290234454829934e-01
-5.359585535102081577e-01 6.714319342623620290e-02 -8.415673445988376411e-01
-5.160099860956555151e-01 6.569772353513408936e-02 -8.540566923435015667e-01
-4.970698983690399197e-01 5.892671806096860809e-02 -8.657045656278047341e-01
-4.807738069028697492e-01 4.727930098515973484e-02 -8.755662858241798352e-01
-4.685868584763153155e-01 3.174588467800123354e-02 -8.828439956391682664e-01
-4.615988105701167021e-01 1.378865531359988600e-02 -8.869787242682140027e-01
-4.603546366037140625e-01 -4.817637554459963667e-03 -8.877190832507055873e-01
-4.647646661356736875e-01 -2.221024089988463124e-02 -8.851526751775675717e-01
-4.741188840037227070e-01 -3.668185040048843604e-02 -8.796934046417438369e-01
-4.872005148825349075e-01 -4.689023001504115384e-02 -8.720273777227475209e-01
-5.024669990275201226e-01 -5.199383993421807099e-02 -8.630285888859968724e-01
-5.182530456378298123e-01 -5.169823872260160408e-02 -8.536602599030469474e-01
-5.329541105543023072e-01 -4.622365894377383072e-02 -8.448775074296932530e-01
-5.451645686527756274e-01 -3.622060346843832684e-02 -8.375430150556081310e-01
-5.537641932984280757e-01 -2.266392088568756208e-02 -8.323617796162550153e-01
-5.579616802761220296e-01 -6.749042503434481838e-03 -8.298359605837573039e-01
-5.573112388060696976e-01 1.019770780584507847e-02 -8.302377147447730366e-01
-5.517178802407878280e-01 2.679447827518648476e-02 -8.335969666671585454e-01
-5.414411587992649100e-01 4.167294966897325259e-02 -8.397019222067683142e-01
-5.270984045246734917e-01 5.355249446471495312e-02 -8.481119661262496168e-01
-5.096594160652562211e-01 6.132887709696212275e-02 -8.581844596353183086e-01
-4.904176157402183045e-01 6.417983336650516513e-02 -8.691179520433301997e-01
-4.709204964414711037e-01 6.167875355148481203e-02 -8.800136733478168827e-01
-4.528472903746937339e-01 5.389535439335780415e-02 -8.899544786695222642e-01
-4.378350438456641847e-01 4.145339270599629478e-02 -8.980959414461596735e-01
-4.272731541599807392e-01 2.551569728670939965e-02 -9.037592086191621465e-01
-4.221042530856164987e-01 7.679566664248557717e-03 -9.065114628462719315e-01
-4.226773349550887460e-01 -1.021097249265215390e-02 -9.062193767520194676e-01
-4.286910405871046104e-01 -2.630367401747555484e-02 -9.030648065888372544e-01
-4.392420570833600046e-01 -3.897800853517385117e-02 -8.975194006999780427e-01
-4.529646448477628873e-01 -4.703721320041789195e-02 -8.902833729654826556e-01
-4.682246213452240791e-01 -4.981994248577457929e-02 -8.822004422387019762e-01
-4.833233078213868827e-01 -4.722429286817169530e-02 -8.741638018398892873e-01
-4.966746414021333544e-01 -3.965961936698285395e-02 -8.670266789733536150e-01
-5.069356477149055129e-01 -2.795375057546397451e-02 -8.615269088669972319e-01
-5.130882688641180689e-01 -1.324334998123836288e-02 -8.582300135865829072e-01
-5.144828070184018776e-01 3.133259153108507861e-03 -8.574912783101299452e-01
-5.108575766934287943e-01 1.973310124551663422e-02 -8.594351560024341419e-01
-5.023466203278798003e-01 3.509782285300122595e-02 -8.639500341727172072e-01
-4.894800426948665573e-01 4.784345750881920101e-02 -8.706973916468535579e-01
-4.731726185800572138e-01 5.675909218698446668e-02 -8.791357925157685660e-01
-4.546888161066555134e-01 6.091739283371878921e-02 -8.885610846205711510e-01
-4.355692251071675014e-01 5.979001159079962852e-02 -8.981637976520215894e-01
-4.175071370546191707e-01 5.334924387863647366e-02 -9.071026236999413239e-01
-4.021756644487452514e-01 4.212844809178863809e-02 -9.145891666946353027e-01
-3.910231597409115634e-01 2.721296621018121781e-02 -9.199748080427789798e-01
-3.850718396968954016e-01 1.014413011282659302e-02 -9.228271705695595406e-01
-3.847633235543895247e-01 -7.259785688272044762e-03 -9.229830078844898367e-01
-3.898890640852160083e-01 -2.313717964480680594e-02 -9.205673882250772211e-01
-3.996234566492395945e-01 -3.582524100901612191e-02 -9.159753108344438344e-01
-4.126502234870257357e-01 -4.406210203636144740e-02 -9.098194600405085097e-01
-4.273497208503436173e-01 -4.711430092658272506e-02 -9.028541251532087308e-01
-4.420048543660990981e-01 -4.481798637801157059e-02 -8.958884610682450456e-01
-4.549881512133218120e-01 -3.754464038652764735e-02 -8.897017513520073528e-01
-4.649073278708030221e-01 -2.611561518480708458e-02 -8.849701197274582043e-01
-4.707035920251529393e-01 -1.169194887840461008e-02 -8.822099128029133874e-01
-4.717094325786778120e-01 4.340706018373659963e-03 -8.817393206382649895e-01
-4.676777923493551370e-01 2.048266281538717662e-02 -8.836576142877788920e-01
-4.587926289895029597e-01 3.522641825938630650e-02 -8.878407809391992700e-01
-4.456643175024717629e-01 4.716396859347908588e-02 -8.939528544103011454e-01
-4.293053099528199024e-01 5.510037027059296044e-02 -9.014730855983604796e-01
-4.110752792637836772e-01 5.817282907295168864e-02 -9.097394326306139645e-01
-3.925837246649160339e-01 5.596486769881938578e-02 -9.180080052417216585e-01
-3.755438467290684312e-01 4.859490731131594493e-02 -9.255258064609663826e-01
-3.615843901639181901e-01 3.675266372001306098e-02 -9.316107224038088219e-01
-3.520427801588123518e-01 2.165974140962011879e-02 -9.357292393720985091e-01
-3.477767648814095724e-01 4.944662749597327628e-03 -9.375602751577544192e-01
-3.490356683085448775e-01 -1.155570107930752738e-02 -9.370341074954957605e-01
-3.554222244208118386e-01 -2.603458925252691986e-02 -9.343391099575932834e-01
-3.659541502527788315e-01 -3.694755271287698817e-02 -9.298950269691190762e-01
-3.792094498204698350e-01 -4.319474950874351016e-02 -9.242979611320054634e-01
-3.935209537140563207e-01 -4.422573432358421763e-02 -9.182470447355128851e-01
-4.071801167028484270e-01 -4.006125634628981275e-02 -9.124646295969124354e-01
-4.186174038757047300e-01 -3.124563573448071313e-02 -9.076207240852448566e-01
-4.265411751731726375e-01 -1.875321885215044601e-02 -9.042693660091322139e-01
-4.300317388739872126e-01 -3.872259077990530124e-03 -9.028010878396879324e-01
-4.285969635809365186e-01 1.191751983019425851e-02 -9.034127937660908492e-01
-4.221986065630570217e-01 2.706667945621732407e-02 -9.060947920905066955e-01
-4.112553300329442330e-01 4.007734046483295287e-02 -9.106343344801784978e-01
-3.966219609701091553e-01 4.962668175503599094e-02 -9.166352781076962941e-01
-3.795383055391149396e-01 5.469239880393210462e-02 -9.235536879305159541e-01
-3.615380899554204719e-01 5.467241478222212986e-02 -9.307486728886815719e-01
-3.443118841538385655e-01 4.948201804603542114e-02 -9.375461302101635308e-01
-3.295278525298014904e-01 3.960501875628816976e-02 -9.433104711238231577e-01
-3.186286792382310717e-01 2.607595930119967209e-02 -9.475165074705734769e-01
-3.126368247815565216e-01 1.038052099909969259e-02 -9.498116179186264496e-01
-3.120067758619682330e-01 -5.720323223095680198e-03 -9.500582330674652853e-01
-3.165573994366589483e-01 -2.041610426101070352e-02 -9.483491773522018109e-01
-3.255001826392979192e-01 -3.208151618444350650e-02 -9.449931000930652525e-01
-3.375560339007370181e-01 -3.947649619428311718e-02 -9.404727907248839891e-01
-3.511333564322123846e-01 -4.187923228966845823e-02 -9.353838868878547874e-01
-3.645304238530288621e-01 -3.913874809014473988e-02 -9.303640229983156651e-01
-3.761275917676050740e-01 -3.165297668332103104e-02 -9.260224435151549471e-01
-3.845460885691515673e-01 -2.029090664529343419e-02 -9.228780945887458120e-01
-3.887638696516176329e-01 -6.280895128006678055e-03 -9.213113211705843408e-01
-3.881897488438009192e-01 8.916762289518908799e-03 -9.215316165429561224e-01
-3.827018687924771401e-01 2.374242069110427469e-02 -9.235620509758912799e-01
-3.726556140265964157e-01 3.667102552835212886e-02 -9.272401505791235676e-01
-3.588614969925027487e-01 4.634664144254183743e-02 -9.322347694400935358e-01
-3.425285733769537488e-01 5.171495513559545149e-02 -9.380783360081758060e-01
-3.251668454201045999e-01 5.214515324298992643e-02 -9.442132114098500395e-01
-3.084453162926020786e-01 4.752504579565998422e-02 -9.500494622145198020e-01
-2.940114463689654789e-01 3.830812104852779343e-02 -9.550292190511178170e-01
-2.832906478818770224e-01 2.549236950028115067e-02 -9.586905265121735686e-01
-2.772964289293969320e-01 1.052040131633646090e-02 -9.607220846985755625e-01
-2.764870800841450205e-01 -4.892782732515404270e-03 -9.610004261478743981e-01
-2.806993608567521781e-01 -1.897932853444972076e-02 -9.596032967185365026e-01
-2.891738439368483071e-01 -3.014706291508766067e-02 -9.567969780799406854e-01
-3.006656493359928795e-01 -3.717641875019805225e-02 -9.529999371737719605e-01
-3.136159801988879781e-01 -3.935466106523950042e-02 -9.487291528251349249e-01
-3.263504406364573507e-01 -3.653333690268765338e-02 -9.445376921620231014e-01
-3.372714465035213105e-01 -2.911242353366486416e-02 -9.409522544116541987e-01
-3.450213449129895249e-01 -1.796677563259410290e-02 -9.384178866124375240e-01
-3.486048533893733037e-01 -4.334672101522956192e-03 -9.372547621168321186e-01
-3.474691786809516181e-01 1.031426069367754467e-02 -9.376296571651162592e-01
-3.415449860213188860e-01 2.442027749276340712e-02 -9.395430986443884525e-01
-3.312512297785299986e-01 3.647772730543277775e-02 -9.428321896865735630e-01
-3.174637162620841946e-01 4.517818271379878819e-02 -9.471885962960140404e-01
-3.014441340992252139e-01 4.954637659216742235e-02 -9.521906716968238094e-01
-2.847260903804266774e-01 4.905765277068461355e-02 -9.573478159312457381e-01
-2.689593033193706795e-01 4.371998041040233568e-02 -9.621537508456277088e-01
-2.557224147840095330e-01 3.410105657404282481e-02 -9.661436146124809943e-01
-2.463263170294392179e-01 2.128480261020601963e-02 -9.689481713411138841e-01
-2.416388798921428327e-01 6.752689063946921630e-03 -9.703377012448163308e-01
-2.419637527496008578e-01 -7.798494595892312489e-03 -9.702488787520821001e-01
-2.469980071839986413e-01 -2.067487729888972670e-02 -9.687903113734073202e-01
-2.558773417134309613e-01 -3.040263337748189132e-02 -9.662259467197439333e-01
-2.672987132761949214e-01 -3.590753315310438176e-02 -9.629393245793319567e-01
-2.796951917297514911e-01 -3.663086920571346355e-02 -9.593846213834613668e-01
-2.914311928551340247e-01 -3.257145471461916908e-02 -9.560319044063857463e-01
-3.009887238772696039e-01 -2.425848098345469855e-02 -9.533138622623100744e-01
-3.071239131470207551e-01 -1.266986621319194685e-02 -9.515799199901137095e-01
-3.089833035611558865e-01 8.861725001522210293e-04 -9.510617565256956896e-01
-3.061772514584275018e-01 1.491075639979482295e-02 -9.518524365406163534e-01
-2.988114479110681176e-01 2.786395003645874419e-02 -9.538999911366451423e-01
-2.874774984755348317e-01 3.831646586141370520e-02 -9.570153524587540206e-01
-2.732017160940245493e-01 4.509607479842692168e-02 -9.608938471707850759e-01
-2.573504792136525055e-01 4.741868948930452743e-02 -9.651486832087012857e-01
-2.414929306973681022e-01 4.498986494944978709e-02 -9.693538114361022195e-01
-2.272282957527722858e-01 3.805944636272610981e-02 -9.730922161941573112e-01
-2.159944858376359467e-01 2.741331490585693920e-02 -9.760043630921697577e-01
-2.088837303850827332e-01 1.429349706844803419e-02 -9.778306884203998850e-01
-2.064955833686197284e-01 2.507081098794584906e-04 -9.784421495990751616e-01
-2.088545719414400814e-01 -1.305172381239793483e-02 -9.778542411910093879e-01
-2.154085844192520360e-01 -2.405176343927323268e-02 -9.762223762163707574e-01
-2.251078894198150493e-01 -3.148527996815020380e-02 -9.738195774379898584e-01
-2.365487475877705581e-01 -3.453501024889494425e-02 -9.710002352889638422e-01
-2.481549950037692243e-01 -3.291332261778232016e-02 -9.681555767693554859e-01
-2.583682706038957222e-01 -2.687449128155349268e-02 -9.656671155192426692e-01
-2.658219060873415751e-01 -1.716416048734300398e-02 -9.638638143075285436e-01
-2.694816689704939150e-01 -4.920496016934526595e-03 -9.629873998678025737e-01
-2.687447899886723501e-01 8.457003928033463708e-03 -9.631687282921064241e-01
-2.634943950121332312e-01 2.145704082461630940e-02 -9.644166903475449582e-01
-2.541088922657582239e-01 3.261313222376185927e-02 -9.666200288155004650e-01
-2.414260877338708366e-01 4.065736314346155011e-02 -9.695615601545537476e-01
-2.266618690116876944e-01 4.466032853748040654e-02 -9.729434791235825886e-01
-2.112852843116447554e-01 4.414373219385742814e-02 -9.764215175031906169e-01
-1.968568889721779847e-01 3.914992572280256294e-02 -9.796446917422000356e-01
-1.848448551110652427e-01 3.025341015527568955e-02 -9.822963579332720796e-01
-1.764413056149312931e-01 1.850484354364876141e-02 -9.841316035716256572e-01
-1.724063239186871543e-01 5.308471514926761323e-03 -9.850059974936156149e-01
-1.729661192046211549e-01 -7.753119769940123099e-03 -9.848916251783110809e-01
-1.777838212004165808e-01 -1.912140420077911712e-02 -9.838781236769851279e-01
-1.860080420644567578e-01 -2.745972501768918772e-02 -9.821587595011441740e-01
-1.963896345497189999e-01 -3.181616819155431292e-02 -9.800039186911343458e-01
-2.074454760939896392e-01 -3.172949389195000441e-02 -9.777261529079289692e-01
-2.176426244123498277e-01 -2.726822766401471726e-02 -9.756418007803512316e-01
-2.255772261817569069e-01 -1.900484282024737792e-02 -9.740341343110895389e-01
-2.301281723947122271e-01 -7.935413648386711177e-03 -9.731221855357577999e-01
-2.305726731625100112e-01 4.640910742179898962e-03 -9.730382364164946729e-01
-2.266570767702033029e-01 1.726790626006832058e-02 -9.738157246147728374e-01
-2.186201586953521736e-01 2.849034674582791304e-02 -9.753882172258837580e-01
-2.071680735359366088e-01 3.701178408418830112e-02 -9.775991688572676086e-01
-1.934015798109667839e-01 4.183939711318723081e-02 -9.802213413782183693e-01
-1.786986457998691880e-01 4.240194106974716493e-02 -9.829839346960738133e-01
-1.645601410349619431e-01 3.862583923338881731e-02 -9.856046415057966303e-01
-1.524327757585172416e-01 3.095573166474251126e-02 -9.878230879282750010e-01
-1.435301150087920086e-01 2.031084173465554088e-02 -9.894316527232878133e-01
-1.386767813880770972e-01 7.977501750034723255e-03 -9.902996980728584475e-01
-1.382004342756101845e-01 -4.550555333894909515e-03 -9.903879459770579263e-01
-1.418897247604454237e-01 -1.576206691961080236e-02 -9.897510744994379994e-01
-1.490252638947955899e-01 -2.431986904067480124e-02 -9.885283609767826496e-01
-1.584776832619099185e-01 -2.922576608445554697e-02 -9.869239918325021232e-01
-1.688557617052089121e-01 -2.993614149582709064e-02 -9.851800988223546884e-01
-1.786811217582656985e-01 -2.641576686120271009e-02 -9.835463947662317352e-01
-1.865650375833728947e-01 -1.912798191439752868e-02 -9.822503907224925390e-01
-1.913663654593146801e-01 -8.968114823683861689e-03 -9.814716932244900160e-01
-1.923153089631497170e-01 2.847682705310095735e-03 -9.813230271207471489e-01
-1.890934889119779971e-01 1.492388798652675638e-02 -9.818396374286425532e-01
-1.818653256975872046e-01 2.584285300816497460e-02 -9.829777543694886432e-01
-1.712589707900921410e-01 3.432363036389930733e-02 -9.846219267424646260e-01
-1.582977692999611441e-01 3.936804736261401844e-02 -9.866002360501286983e-01
-1.442866034759639482e-01 4.037925542760127662e-02 -9.887056735932092666e-01
-1.306621391707878388e-01 3.723818763758231232e-02 -9.907213040291145134e-01
-1.188217078300709828e-01 3.032557522522558516e-02 -9.924463221749240116e-01
-1.099509779797687853e-01 2.048242423629238057e-02 -9.937198584937581014e-01
-1.048737175858853315e-01 8.910106517202080745e-03 -9.944395329533934902e-01
-1.039460098043849534e-01 -2.978921393587300598e-03 -9.945723685095830824e-01
-1.070115360494783840e-01 -1.373973806362600858e-02 -9.941567132794402184e-01
-1.134248776338900311e-01 -2.207729952148932556e-02 -9.932951173892596852e-01
-1.221385309510848727e-01 -2.700640925736183182e-02 -9.921394134853303015e-01
-1.318393475572263995e-01 -2.796787363532834969e-02 -9.908702991629841916e-01
-1.411136857006293488e-01 -2.488761525683698406e-02 -9.896743308134694495e-01
-1.486186036560673274e-01 -1.817487441822881675e-02 -9.887213515633072047e-01
-1.532383651884446918e-01 -8.663882469378911960e-03 -9.881450525335933044e-01
-1.542098474305022282e-01 2.490759538046219065e-03 -9.880287442393611563e-01
-1.512055014458973390e-01 1.395145767691749299e-02 -9.883976466970747499e-01
-1.443672287034225288e-01 2.435276180380426328e-02 -9.892182134473320732e-01
-1.342886385873092725e-01 3.245873871986055398e-02 -9.904042558904649907e-01
-1.219470350505752893e-01 3.730688397382907195e-02 -9.918289589894546676e-01
-1.085907353117305796e-01 3.832312476535901929e-02 -9.933412927435940620e-01
-9.559221753793792353e-02 3.539379732152836411e-02 -9.947848542782582459e-01
-8.428271351738718387e-02 2.888374658352984778e-02 -9.960168766776079652e-01
-7.578808480860398100e-02 1.959539432187164948e-02 -9.969250823526676353e-01
-7.088767518587553440e-02 8.671431819330582824e-03 -9.974402979344347830e-01
-6.991612027740044810e-02 -2.547572817196721434e-03 -9.975432948882342332e-01
-7.272251011927696740e-02 -1.269184749100814649e-02 -9.972651160110219681e-01
-7.869272173213043287e-02 -2.053408949423917579e-02 -9.966810657437636944e-01
-8.683102141404890062e-02 -2.514058735386441243e-02 -9.958994168939188096e-01
-9.588836295992873848e-02 -2.598212563849305531e-02 -9.950465614230379341e-01
-1.045189163671230714e-01 -2.299187594853299710e-02 -9.942507037907608591e-01
-1.114440146082982669e-01 -1.656554238844871324e-02 -9.936262320768867173e-01
-1.156036217409529832e-01 -7.506590423307235235e-03 -9.932606450356582517e-01
-1.162786307476023906e-01 3.074644474060425972e-03 -9.932054471865781053e-01
-1.131716718679704886e-01 1.389511490108374762e-02 -9.934718458490950921e-01
-1.064388336494233450e-01 2.365123292543606925e-02 -9.940314773588602160e-01
-9.666943868329366807e-02 3.117262664594735652e-02 -9.948218147258840460e-01
-8.481581818285593988e-02 3.556085887677083723e-02 -9.957554060044444544e-01
-7.208000983343708368e-02 3.629738377434386931e-02 -9.967316928214565719e-01
-5.976932409554566034e-02 3.330739958128697137e-02 -9.976498931428808836e-01
-4.913721447265723130e-02 2.697049849447128583e-02 -9.984213341447925050e-01
-4.122890933223437998e-02 1.807512762667463219e-02 -9.989797159252709058e-01
-3.675181920680680586e-02 7.721258071935365591e-03 -9.992880800032473143e-01
-3.598819310921640841e-02 -2.816885354448921477e-03 -9.993417204126955333e-01
-3.876194460787689422e-02 -1.225014863842321597e-02 -9.991668458844396028e-01
-4.446389518252750334e-02 -1.943464886572337721e-02 -9.988153887564868993e-01
-5.213135948729423486e-02 -2.351180681775664333e-02 -9.983568632068388071e-01
-6.057061759380417965e-02 -2.401058077345842243e-02 -9.978685226992172197e-01
-6.850561899050194858e-02 -2.090007563640009988e-02 -9.974252098382716536e-01
-7.473382401985304013e-02 -1.458763767290323365e-02 -9.970902282570457409e-01
-7.827032291249620688e-02 -5.864396909071076247e-03 -9.969083283529609485e-01
-7.846374382304638351e-02 4.193877943129233066e-03 -9.969015410648384146e-01
-7.507129459321650045e-02 1.435822164398247933e-02 -9.970681774927336871e-01
-6.828501051521741749e-02 2.339477867556764151e-02 -9.973848934792804988e-01
-5.870652551897505289e-02 3.021296865031309134e-02 -9.978113439524529671e-01
-4.727318586317895421e-02 3.399644246770719413e-02 -9.982966581944593409e-01
-3.514377983139865130e-02 3.430133594456073742e-02 -9.987867813932811423e-01
-2.355708664737962352e-02 3.110966570571126188e-02 -9.992316678105360728e-01
-1.368018716203004206e-02 2.483075132096996054e-02 -9.995913831047845699e-01
-6.465305456350412504e-03 1.624988012259406811e-02 -9.998403690625025098e-01
-2.533317239468558905e-03 6.430261322860170506e-03 -9.999694168391067839e-01
-2.098826939484619257e-03 -3.419416277926735220e-03 -9.999852419828152428e-01
-4.946266020866104361e-03 -1.209487368096710813e-02 -9.999079027509006901e-01
-1.045965717560176991e-02 -1.854441827672009824e-02 -9.997665986086654577e-01
-1.770163808401480771e-02 -2.199677044139430881e-02 -9.995945844294408245e-01
-2.553113504673103218e-02 -2.205294099631990162e-02 -9.994240122133529747e-01
-3.274454561038793454e-02 -1.873148659836115434e-02 -9.992814624388896005e-01
-3.822287117435536202e-02 -1.246245811150311668e-02 -9.991847681286586402e-01
-4.106701198620720666e-02 -4.031586166384127159e-03 -9.991414980471270413e-01
-4.070521806651293539e-02 5.517970378642570936e-03 -9.991491909845199304e-01
-3.696016389299945637e-02 1.501418304126854800e-02 -9.991971622599843394e-01
-3.006789910784311848e-02 2.329946896823693880e-02 -9.992694742694261389e-01
-2.064657664343249460e-02 2.937150020461919142e-02 -9.993485055588112731e-01
-9.618832713234852158e-03 3.250447676127971031e-02 -9.994184875834010162e-01
1.902662316259733088e-03 3.233609684031741455e-02 -9.994684123496009320e-01
1.275236584460301761e-02 2.890960103600546602e-02 -9.994938407164114524e-01
2.185474036008575732e-02 2.266584388788441679e-02 -9.994973395390228665e-01
