0.000000000000000000e+00 0.000000000000000000e+00 1.000000000000000000e+00
1.751009391362711282e-06 -1.402726204692888778e-05 9.999999999000858120e-01
7.900853615523564626e-06 -4.200137487922405794e-05 9.999999990867347588e-01
2.108207451079800265e-05 -8.384154760266855871e-05 9.999999962630823358e-01
4.391185918819231316e-05 -1.394666165908595157e-04 9.999999893104308812e-01
7.899197013280142014e-05 -2.087950523054918426e-04 9.999999750824932754e-01
1.289086764675537460e-04 -2.917449660168864147e-04 9.999999491337889790e-01
1.962326862952094245e-04 -3.882341163989473892e-04 9.999999053836147178e-01
2.835190800081030418e-04 -4.981799159667098850e-04 9.999998357170086782e-01
3.933072444234056355e-04 -6.214994373188406120e-04 9.999997295241324080e-01
5.281208075649261504e-04 -7.581094191418894651e-04 9.999995731794915077e-01
6.904675738709369374e-04 -9.079262719277539492e-04 9.999993494624184187e-01
8.828394595614528660e-04 -1.070866083350726456e-03 9.999990369202391705e-01
1.107712427848071488e-03 -1.246844623245638032e-03 9.999986091755476147e-01
1.367546423615154973e-03 -1.435777348124004510e-03 9.999980341790071225e-01
1.664785307143050366e-03 -1.637579405160714992e-03 9.999972734091026050e-01
2.001856786382456323e-03 -1.852165635579690458e-03 9.999962810202628338e-01
2.381172347224212033e-03 -2.079450577363075366e-03 9.999950029407743690e-01
2.805127181140937027e-03 -2.319348467204914669e-03 9.999933759219066243e-01
3.276100109506361983e-03 -2.571773241626912777e-03 9.999913265396701556e-01
3.796453503825081462e-03 -2.836638537170768203e-03 9.999887701506282589e-01
4.368533201030085772e-03 -3.113857689578736383e-03 9.999856098031865148e-01
4.994668412928051845e-03 -3.403343731871484503e-03 9.999817351057841419e-01
5.677171628793177202e-03 -3.705009391229978962e-03 9.999770210534164594e-01
6.418338510029667800e-03 -4.018767084586071132e-03 9.999713268139206468e-01
7.220447775740952007e-03 -4.344528912824649480e-03 9.999644944754640941e-01
8.085761077960666038e-03 -4.682206653498673966e-03 9.999563477566796310e-01
9.016522865216567567e-03 -5.031711751957120178e-03 9.999466906809039157e-01
1.001496023301412172e-02 -5.392955310784856675e-03 9.999353062159830330e-01
1.108328275974172772e-02 -5.765848077452694932e-03 9.999219548811250080e-01
1.222368232641474900e-02 -6.150300430075380728e-03 9.999063733222938177e-01
1.343833291859085691e-02 -6.546222361175052518e-03 9.998882728576569123e-01
1.472939040870498151e-02 -6.953523459347738314e-03 9.998673379946213524e-01
1.609899231698867783e-02 -7.372112888730756632e-03 9.998432249200167599e-01
1.754925754905614296e-02 -7.801899366169479447e-03 9.998155599650129233e-01
1.908228610815782336e-02 -8.242791135982745210e-03 9.997839380463902081e-01
2.070015878002282039e-02 -8.694695942227327959e-03 9.997479210858187804e-01
2.240493678813325340e-02 -9.157520998363281525e-03 9.997070364088422867e-01
2.419866141719798081e-02 -9.631172954223624072e-03 9.996607751253064889e-01
2.608335360251962803e-02 -1.011555786019379885e-02 9.996085904930244181e-01
2.806101348287825051e-02 -1.061058112850857618e-02 9.995498962665251286e-01
3.013361991448741325e-02 -1.111614749157658656e-02 9.994840650327931897e-01
3.230312994351440536e-02 -1.163216095724550064e-02 9.994104265359743389e-01
3.457147823459608832e-02 -1.215852476092395273e-02 9.993282659930943224e-01
3.694057645272581097e-02 -1.269514131447976521e-02 9.992368224029192225e-01
3.941231259583565655e-02 -1.324191215183769671e-02 9.991352868501701678e-01
4.198855027535177559e-02 -1.379873787120400493e-02 9.990228008073993582e-01
4.467112794196004266e-02 -1.436551807384942731e-02 9.988984544369340357e-01
4.746185805378451417e-02 -1.494215129938687714e-02 9.987612848954028344e-01
5.036252618415292676e-02 -1.552853495748511732e-02 9.986102746434750710e-01
5.337489006610248582e-02 -1.612456525596502044e-02 9.984443497635646647e-01
5.650067857076562089e-02 -1.673013712523067908e-02 9.982623782883826014e-01
5.974159061677013216e-02 -1.734514413899366017e-02 9.980631685433608569e-01
6.309929400779172581e-02 -1.796947843125503222e-02 9.978454675061166901e-01
6.657542419540986300e-02 -1.860303060951655485e-02 9.976079591862820894e-01
7.017158296444106491e-02 -1.924568966419950428e-02 9.973492630291865835e-01
7.388933703795784458e-02 -1.989734287425705406e-02 9.970679323470531541e-01
7.773021659924683746e-02 -2.055787570897399733e-02 9.967624527815451829e-01
8.169571372801780196e-02 -2.122717172595579849e-02 9.964312408016927636e-01
8.578728074824606975e-02 -2.190511246531761172e-02 9.960726422414192260e-01
9.000632848511606887e-02 -2.259157734009287211e-02 9.956849308810928889e-01
9.435422442863318493e-02 -2.328644352289051256e-02 9.952663070777388876e-01
9.883229080158680013e-02 -2.398958582883962271e-02 9.948148964487628643e-01
1.034418025296792165e-01 -2.470087659487060425e-02 9.943287486142619036e-01
1.081839851117845364e-01 -2.542018555539245564e-02 9.938058360032258065e-01
1.130600123884693831e-01 -2.614737971443688996e-02 9.932440527291682697e-01
1.180710042070944599e-01 -2.688232321435131064e-02 9.926412135409651283e-01
1.232180239820231810e-01 -2.762487720113456641e-02 9.919950528549191793e-01
1.285020761486921625e-01 -2.837489968652153957e-02 9.913032238743174629e-01
1.339241035105490085e-01 -2.913224540693526779e-02 9.905632978029941249e-01
1.394849844781363979e-01 -2.989676567943818503e-02 9.897727631596592301e-01
1.451855301998994374e-01 -3.066830825482747686e-02 9.889290252000015879e-01
1.510264815846153463e-01 -3.144671716803315586e-02 9.880294054538197868e-01
1.570085062156931222e-01 -3.223183258599147255e-02 9.870711413846775528e-01
1.631321951579653429e-01 -3.302349065318069266e-02 9.860513861798163582e-01
1.693980596579965914e-01 -3.382152333502075336e-02 9.849672086782897962e-01
1.758065277393625614e-01 -3.462575825935330920e-02 9.838155934455050655e-01
1.823579406948128978e-01 -3.543601855623380176e-02 9.825934410025698451e-01
1.890525494777182680e-01 -3.625212269628243222e-02 9.812975682190401283e-01
1.958905109957194968e-01 -3.707388432785661131e-02 9.799247088778498815e-01
2.028718843100436042e-01 -3.790111211332293506e-02 9.784715144213690374e-01
2.099966267445287083e-01 -3.873360956472266664e-02 9.769345548876833263e-01
2.172645899090070443e-01 -3.957117487914041387e-02 9.753103200463127953e-01
2.246755156423317912e-01 -4.041360077410154766e-02 9.735952207426863403e-01
2.322290318810008303e-01 -4.126067432333974799e-02 9.717855904607574091e-01
2.399246484600254248e-01 -4.211217679329167657e-02 9.698776871131870037e-01
2.477617528534163116e-01 -4.296788348069135316e-02 9.678676950685245473e-01
2.557396058624105684e-01 -4.382756355165217527e-02 9.657517274247819916e-01
2.638573372603403855e-01 -4.469097988263950189e-02 9.635258285387255928e-01
2.721139414038465376e-01 -4.555788890375146033e-02 9.611859768200879950e-01
2.805082728209644660e-01 -4.642804044473996389e-02 9.587280877997389483e-01
2.890390417874562079e-01 -4.730117758421772262e-02 9.561480174806336052e-01
2.977048099036252449e-01 -4.817703650251022041e-02 9.534415659800860032e-01
3.065039856847308064e-01 -4.905534633862445454e-02 9.506044814715829405e-01
3.154348201790099782e-01 -4.993582905181796067e-02 9.476324644339615411e-01
3.244954026282161896e-01 -5.081819928826295657e-02 9.445211722153163958e-01
3.336836561864890416e-01 -5.170216425331063820e-02 9.412662239184746982e-01
3.429973337142760981e-01 -5.258742358987016779e-02 9.378632056142811591e-01
3.524340136649306010e-01 -5.347366926342508875e-02 9.343076758882618016e-01
3.619910960825022950e-01 -5.436058545421740967e-02 9.305951717254876687e-01
3.716657987301176802e-01 -5.524784845713557463e-02 9.267212147376280296e-01
3.814536605885791576e-01 -5.612216474146941581e-02 9.226827233750322099e-01
3.913493156361035896e-01 -5.698338712587582705e-02 9.184762421130162613e-01
4.013472837423689432e-01 -5.783136843406894156e-02 9.140984034870597297e-01
4.114419724663687661e-01 -5.866596169132555494e-02 9.095459355350614672e-01
4.216276791758158948e-01 -5.948702032464413952e-02 9.048156691828223019e-01
4.318985934920530623e-01 -6.029439836598643465e-02 8.999045455573200236e-01
4.422488000634207661e-01 -6.108795065801804480e-02 8.948096232118979421e-01
4.526722816689873197e-01 -6.186753306175413886e-02 8.895280852470963673e-01
4.631629226534682009e-01 -6.263300266550773931e-02 8.840572463105278445e-01
4.737145126930535910e-01 -6.338421799453210215e-02 8.783945594589286365e-01
4.843207508907296233e-01 -6.412103922074469109e-02 8.725376228653196620e-01
4.949752501985234532e-01 -6.484332837191875143e-02 8.664841863540811984e-01
5.056715421629311980e-01 -6.555094953972963323e-02 8.602321577466859326e-01
5.164030819886054058e-01 -6.624376908604645564e-02 8.537796090008550332e-01
5.271632539141898333e-01 -6.692165584686587954e-02 8.471247821259958455e-01
5.379453768929997048e-01 -6.758448133329350571e-02 8.402660948579525613e-01
5.487427105700627417e-01 -6.823211992898987888e-02 8.332021460763548992e-01
5.595484615458619082e-01 -6.886444908351205263e-02 8.259317209481822353e-01
5.703557899159660272e-01 -6.948134950099828233e-02 8.184537957815730680e-01
5.811578160746000421e-01 -7.008270532366268901e-02 8.107675425744035325e-01
5.919476277691044785e-01 -7.066840430958835906e-02 8.028723332427293302e-01
6.027182873911616223e-01 -7.123833800433136687e-02 7.947677435148341463e-01
6.134628394896404213e-01 -7.179240190587483916e-02 7.864535564773511567e-01
6.241743184889272378e-01 -7.233049562250043474e-02 7.779297657607214811e-01
6.348457565956817650e-01 -7.285252302317558881e-02 7.691965783521197420e-01
6.454701918760827883e-01 -7.335839238008709517e-02 7.602544170249088129e-01
6.560406764848202288e-01 -7.384801650298608577e-02 7.511039223746809324e-01
6.665502850263435031e-01 -7.432131286504509160e-02 7.417459544529956261e-01
6.769921230282082147e-01 -7.477820371996485305e-02 7.321815939910298887e-01
6.873593355057633358e-01 -7.521861621010716981e-02 7.224121432065107040e-01
6.976451155969054518e-01 -7.564248246546856347e-02 7.124391261884955862e-01
7.078427132451917680e-01 -7.604973969334979933e-02 7.022642888557995011e-01
7.179454439092508578e-01 -7.644033025861617092e-02 6.918895984861308524e-01
7.279466972761685639e-01 -7.681420175448389065e-02 6.813172428142857395e-01
7.378399459563501628e-01 -7.717130706380800897e-02 6.705496286990557664e-01
7.476187541372733003e-01 -7.751160441088740527e-02 6.595893803598218419e-01
7.572767861735516526e-01 -7.783505740384163984e-02 6.484393371851266963e-01
7.668078150908222979e-01 -7.814163506765278711e-02 6.371025511168398880e-01
7.762057309811527528e-01 -7.843131186800307575e-02 6.255822836148394739e-01
7.854645492679370733e-01 -7.870406772607528578e-02 6.138820022084297001e-01
7.945784188186066910e-01 -7.895988802451721356e-02 6.020053766419902752e-01
8.035416298839255234e-01 -7.919876360480494759e-02 5.899562746235988975e-01
8.123486218431633654e-01 -7.942069075627025687e-02 5.777387571865819638e-01
8.209939907350459753e-01 -7.962567119708667540e-02 5.653570736751227788e-01
8.294724965550578366e-01 -7.981371204753538728e-02 5.528156563661866807e-01
8.377790703004259765e-01 -7.998482579589644148e-02 5.401191147411013027e-01
8.459088207449289021e-01 -8.013903025733248864e-02 5.272722294211550365e-01
8.538570409265573424e-01 -8.027634852615152250e-02 5.142799457825448783e-01
8.616192143319905128e-01 -8.039680892185160910e-02 5.011473672669066737e-01
8.691910207628436025e-01 -8.050044492936411777e-02 4.878797484044984367e-01
8.765683418696794682e-01 -8.058729513392311194e-02 4.744824875678766984e-01
8.837472663408606488e-01 -8.065740315099641233e-02 4.609611194746008334e-01
8.907240947344323700e-01 -8.071081755171938266e-02 4.473213074581232074e-01
8.974953439423773993e-01 -8.074759178427469430e-02 4.335688355265697180e-01
9.040577512777548952e-01 -8.076778409166120165e-02 4.197096002295847561e-01
9.104082781764302190e-01 -8.077145742629220082e-02 4.057496023538076368e-01
9.165441135063081557e-01 -8.075867936185759932e-02 3.916949384678611867e-01
9.224626764781969079e-01 -8.072952200287662750e-02 3.775517923379698160e-01
9.281616191536490312e-01 -8.068406189235738379e-02 3.633264262354841123e-01
9.336388285463413927e-01 -8.062237991796668279e-02 3.490251721576718702e-01
9.388924283147634942e-01 -8.054456121709921423e-02 3.346544229831425743e-01
9.439207800451806518e-01 -8.045069508121814594e-02 3.202206235832076864e-01
9.487224841250175844e-01 -8.034087485982120691e-02 3.057302619103412500e-01
9.532963802079650328e-01 -8.021519786436605293e-02 2.911898600846994922e-01
9.576415472732449086e-01 -8.007376527246765074e-02 2.766059654993835992e-01
9.617573032825714741e-01 -7.991668203265794856e-02 2.619851419647944990e-01
9.656432044394168690e-01 -7.974405676997435577e-02 2.473339609120278892e-01
9.692990440562201382e-01 -7.955600169261976828e-02 2.326589926748030557e-01
9.727248510361752309e-01 -7.935263249991175716e-02 2.179667978689067698e-01
9.759208879771824607e-01 -7.913406829171341916e-02 2.032639188875717540e-01
9.788876489064569641e-01 -7.890043147951328328e-02 1.885568715305984688e-01
9.816258566551446796e-01 -7.865184769929606245e-02 1.738521367843751109e-01
9.841364598831099375e-01 -7.838844572632108765e-02 1.591561527692548772e-01
9.864206297648190347e-01 -7.811035739190054505e-02 1.444753068700184440e-01
9.884797563479514881e-01 -7.781771750224543427e-02 1.298159280643836344e-01
9.903154445970305808e-01 -7.751066375942376740e-02 1.151842794637301937e-01
9.919295101349637767e-01 -7.718933668445286667e-02 1.005865510793861883e-01
9.933239746959365846e-01 -7.685387954252616283e-02 8.602885282698023717e-02
9.945010613035946134e-01 -7.650443827035441346e-02 7.151720778050123239e-02
9.954631891888914286e-01 -7.614116140558199741e-02 5.705754568683070460e-02
9.962129684623637349e-01 -7.576420001822117833e-02 4.265569675062339666e-02
9.967531945559288120e-01 -7.537370764403077128e-02 2.831738569851433018e-02
9.970868424495765714e-01 -7.496984021975074131e-02 1.404822613072721077e-02
9.972170606985534258e-01 -7.455275602009071856e-02 -1.462848327463232845e-04
9.971471652768107985e-01 -7.412261559635895114e-02 -1.426077160513174527e-02
9.968806332526104486e-01 -7.367958171660766997e-02 -2.828998487965758354e-02
9.964210963122536180e-01 -7.322381930716259646e-02 -4.222880606567361306e-02
9.957723341479232104e-01 -7.275549539539730159e-02 -5.607225141051873363e-02
9.949382677256041196e-01 -7.227477905360787935e-02 -6.981547580443048240e-02
9.939229524489786582e-01 -7.178184134383966408e-02 -8.345377626664886306e-02
9.927305712350775746e-01 -7.127685526351570933e-02 -9.698259511171170022e-02
9.913654275173123809e-01 -7.075999569171614878e-02 -1.103975227957653543e-01
9.898319381913143200e-01 -7.023143933595826782e-02 -1.236943004435203664e-01
9.881346265187703759e-01 -6.969136467932959822e-02 -1.368688220572660819e-01
9.862781150041697309e-01 -6.913995192782970700e-02 -1.499171364101180848e-01
9.842671182590655432e-01 -6.857738295778136040e-02 -1.628354486264071144e-01
9.821064358681123041e-01 -6.800384126317751687e-02 -1.756201214528257670e-01
9.798009452707626687e-01 -6.741951190283776429e-02 -1.882676762246283941e-01
9.773555946721053100e-01 -6.682458144725574034e-02 -2.007747935318295873e-01
9.747753959958904701e-01 -6.621923792502780459e-02 -2.131383135909649396e-01
9.720653364711620004e-01 -6.560677391500735478e-02 -2.253546841516685384e-01
9.692303851093817535e-01 -6.498770298943992718e-02 -2.374216920444061629e-01
9.662755088868796305e-01 -6.436253111370331126e-02 -2.493373343836504663e-01
9.632056638480666066e-01 -6.373175647075109140e-02 -2.610998145212825028e-01
9.600257865990303729e-01 -6.309586930201399602e-02 -2.727075377184332017e-01
9.567407861965933069e-01 -6.245535176429364843e-02 -2.841591065623390033e-01
9.533555364362084061e-01 -6.181067780216842333e-02 -2.954533161542923780e-01
9.498748685404487802e-01 -6.116231303541908720e-02 -3.065891490941848874e-01
9.463035642483220711e-01 -6.051071466097240198e-02 -3.175657702864720933e-01
9.426463493042094299e-01 -5.985633136885380040e-02 -3.283825215916519324e-01
9.389078873438895245e-01 -5.919960327163540509e-02 -3.390389163465443167e-01
9.350927741738691568e-01 -5.854096184686287396e-02 -3.495346337758014621e-01
9.312055324390938749e-01 -5.788082989194379829e-02 -3.598695133161752824e-01
9.272506066730612506e-01 -5.721962149098110822e-02 -3.700435488741245504e-01
9.232323587234028128e-01 -5.655774199303752886e-02 -3.800568830363726947e-01
9.191550635451321005e-01 -5.589558800132102961e-02 -3.899098012520303413e-01
9.150229053529821410e-01 -5.523354737278642762e-02 -3.996027260038845785e-01
9.108399741235646552e-01 -5.457199922765473832e-02 -4.091362109854347895e-01
9.066102624374786645e-01 -5.391131396835927014e-02 -4.185109352992296139e-01
9.023376626509719278e-01 -5.325185330743588408e-02 -4.277276976910338036e-01
8.980259643863119923e-01 -5.259397030388408140e-02 -4.367874108333378302e-01
8.936788523296508302e-01 -5.193800940753540152e-02 -4.456910956707163529e-01
8.892999043248651647e-01 -5.128430651097627690e-02 -4.544398758385503889e-01
8.848925897516192185e-01 -5.063318900858342769e-02 -4.630349721656581985e-01
8.804602681757228710e-01 -4.998497586224154299e-02 -4.714776972704300961e-01
8.760061882597446337e-01 -4.933997767332477802e-02 -4.797694502591395294e-01
8.715334869217788993e-01 -4.869849676053580184e-02 -4.879117115342082034e-01
8.670451887302581540e-01 -4.806082724320854399e-02 -4.959060377193373337e-01
8.625442055227388050e-01 -4.742725512969342416e-02 -5.037540567075855513e-01
8.580333362366714400e-01 -4.679805841045646397e-02 -5.114574628376734600e-01
8.535152669402852332e-01 -4.617350715553650287e-02 -5.190180122030305654e-01
8.489925710518742008e-01 -4.555386361601750783e-02 -5.264375180973724921e-01
8.444677097359598594e-01 -4.493938232918574804e-02 -5.337178465999017352e-01
8.399430324650236646e-01 -4.433031022705424817e-02 -5.408609123025698295e-01
8.354207777357440801e-01 -4.372688674794962538e-02 -5.478686741812194283e-01
8.309030739289381406e-01 -4.312934395086883560e-02 -5.547431316118409672e-01
8.263919403026938060e-01 -4.253790663232566438e-02 -5.614863205326325879e-01
8.218892881084769453e-01 -4.195279244541903069e-02 -5.681003097520407330e-01
8.173969218203163134e-01 -4.137421202086702388e-02 -5.745871974024827633e-01
8.129165404674919548e-01 -4.080236908976235533e-02 -5.809491075390146309e-01
8.084497390614919787e-01 -4.023746060781643180e-02 -5.871881868817950823e-01
8.039980101083414876e-01 -3.967967688087041533e-02 -5.933066017008283843e-01
7.995627451977588285e-01 -3.912920169146265337e-02 -5.993065348411216187e-01
7.951452366609412792e-01 -3.858621242625253495e-02 -6.051901828860828392e-01
7.907466792891363339e-01 -3.805088020411121624e-02 -6.109597534567028365e-01
7.863681721055055807e-01 -3.752337000469977563e-02 -6.166174626438113426e-01
7.820107201831382193e-01 -3.700384079736514231e-02 -6.221655325704696926e-01
7.776752365024184321e-01 -3.649244567019360730e-02 -6.276061890813640076e-01
7.733625438412928821e-01 -3.598933195907096094e-02 -6.329416595558837733e-01
7.690733766923247838e-01 -3.549464137660703067e-02 -6.381741708414209180e-01
7.648083832007485094e-01 -3.500851014079110063e-02 -6.433059473032919362e-01
7.605681271180684266e-01 -3.453106910325268175e-02 -6.483392089875772424e-01
7.563530897660595276e-01 -3.406244387701021226e-02 -6.532761698930795724e-01
7.521636720063378245e-01 -3.360275496359760999e-02 -6.581190363485340811e-01
7.480001962109691371e-01 -3.315211787946603650e-02 -6.628700054911452755e-01
7.438629082298767736e-01 -3.271064328156496337e-02 -6.675312638424886202e-01
7.397519793510903829e-01 -3.227843709201342476e-02 -6.721049859777891156e-01
7.356675082501503704e-01 -3.185560062177839741e-02 -6.765933332845797121e-01
7.316095229252467247e-01 -3.144223069328344611e-02 -6.809984528067428711e-01
7.275779826149222362e-01 -3.103841976187625418e-02 -6.853224761699530099e-01
7.235727796954146696e-01 -3.064425603608910559e-02 -6.895675185845606681e-01
7.195937415549443772e-01 -3.025982359663144383e-02 -6.937356779219924219e-01
7.156406324424773313e-01 -2.988520251405833369e-02 -6.978290338607823218e-01
7.117131552887077106e-01 -2.952046896506317630e-02 -7.018496470984015856e-01
7.078109534972055750e-01 -2.916569534734721192e-02 -7.057995586251059050e-01
7.039336127038726687e-01 -2.882095039302219955e-02 -7.096807890560871135e-01
7.000806625030306929e-01 -2.848629928050639207e-02 -7.134953380182786908e-01
6.962515781386443559e-01 -2.816180374487720420e-02 -7.172451835882404092e-01
6.924457821593476003e-01 -2.784752218664713480e-02 -7.209322817776221415e-01
6.886626460360993907e-01 -2.754350977893237767e-02 -7.245585660627854585e-01
6.849014917414454340e-01 -2.724981857298610505e-02 -7.281259469552457952e-01
6.811615932895039860e-01 -2.696649760207087479e-02 -7.316363116096811225e-01
6.774421782359290045e-01 -2.669359298364666622e-02 -7.350915234663381037e-01
6.737424291372287044e-01 -2.643114801985304088e-02 -7.384934219247563103e-01
6.700614849689384700e-01 -2.617920329626559697e-02 -7.418438220458164478e-01
6.663984425022607683e-01 -2.593779677890837437e-02 -7.451445142792084697e-01
6.627523576388881787e-01 -2.570696390950518231e-02 -7.483972642135026110e-01
6.591222467038301280e-01 -2.548673769895389712e-02 -7.516038123460946352e-01
6.555070876961545112e-01 -2.527714881900868307e-02 -7.547658738703839632e-01
6.519058214976477528e-01 -2.507822569215582831e-02 -7.578851384776290612e-01
6.483173530394780171e-01 -2.488999457966943954e-02 -7.609632701710089542e-01
6.447405524270286570e-01 -2.471247966783359992e-02 -7.640019070895053277e-01
6.411742560231410426e-01 -2.454570315231784441e-02 -7.670026613392983972e-01
6.376172674900772996e-01 -2.438968532069283809e-02 -7.699671188304529901e-01
6.340683587905823204e-01 -2.424444463307312211e-02 -7.728968391167470031e-01
6.305262711484839189e-01 -2.410999780087351441e-02 -7.757933552365716690e-01
6.269897159693336164e-01 -2.398635986366541573e-02 -7.786581735529067849e-01
6.234573757216449463e-01 -2.387354426411879976e-02 -7.814927735904448891e-01
6.199279047793427866e-01 -2.377156292101505891e-02 -7.842986078680084239e-01
6.163999302260868562e-01 -2.368042630031513829e-02 -7.870771017244699852e-01
6.128720526221842491e-01 -2.360014348426657180e-02 -7.898296531364499273e-01
6.093428467348531719e-01 -2.353072223853209730e-02 -7.925576325261287636e-01
6.058108622326457970e-01 -2.347216907732150443e-02 -7.952623825575688699e-01
6.022746243448844350e-01 -2.342448932650718560e-02 -7.979452179199983952e-01
5.987326344870071981e-01 -2.338768718470273303e-02 -8.006074250965643513e-01
5.951833708527638489e-01 -2.336176578228254044e-02 -8.032502621171138113e-01
5.916252889742440457e-01 -2.334672723831904967e-02 -8.058749582936106659e-01
5.880568222507611686e-01 -2.334257271541277309e-02 -8.084827139368450100e-01
5.844763824476579828e-01 -2.334930247238879708e-02 -8.110747000531338680e-01
5.808823601661395886e-01 -2.336691591483176095e-02 -8.136520580197582619e-01
5.772742886057276035e-01 -2.338397446687943276e-02 -8.162154042189115888e-01
5.736523001015177980e-01 -2.340046923210203217e-02 -8.187645920894035534e-01
5.700165299608566105e-01 -2.341639138714607382e-02 -8.212994757195291040e-01
5.663671164585171169e-01 -2.343173218369309224e-02 -8.238199099030898420e-01
5.627042008307346910e-01 -2.344648295042406003e-02 -8.263257501954731632e-01
5.590279272680928058e-01 -2.346063509498839267e-02 -8.288168529697644837e-01
5.553384429072530937e-01 -2.347418010597642629e-02 -8.312930754728663496e-01
5.516358978215210040e-01 -2.348710955489418523e-02 -8.337542758815991162e-01
5.479204450102426183e-01 -2.349941509813932572e-02 -8.362003133587569970e-01
5.441922403870258496e-01 -2.351108847897705884e-02 -8.386310481090922808e-01
5.404514427667811427e-01 -2.352212152951487292e-02 -8.410463414352015166e-01
5.366982138515786760e-01 -2.353250617267486910e-02 -8.434460557932856872e-01
5.329327182153172915e-01 -2.354223442416250589e-02 -8.458300548487579507e-01
5.291551232872033772e-01 -2.355129839443052819e-02 -8.481982035316698587e-01
5.253655993340375918e-01 -2.355969029063688380e-02 -8.505503680919291876e-01
5.215643194413075445e-01 -2.356740241859536095e-02 -8.528864161542807354e-01
5.177514594930876513e-01 -2.357442718471775694e-02 -8.552062167730216657e-01
5.139271981507446130e-01 -2.358075709794629771e-02 -8.575096404864227528e-01
5.100917168304511806e-01 -2.358638477167507644e-02 -8.597965593708272181e-01
5.062451996795094278e-01 -2.359130292565927295e-02 -8.620668470943977368e-01
5.023878335514866400e-01 -2.359550438791088722e-02 -8.643203789704837492e-01
4.985198079801677618e-01 -2.359898209657974172e-02 -8.665570320105784319e-01
4.946413151523275653e-01 -2.360172910181848605e-02 -8.687766849768379096e-01
4.907525498793296470e-01 -2.360373856763037237e-02 -8.709792184341328403e-01
4.868537095675568582e-01 -2.360500377369853867e-02 -8.731645148016036195e-01
4.829449941876808872e-01 -2.360551811719553347e-02 -8.753324584036898948e-01
4.790266062427785410e-01 -2.360527511457187824e-02 -8.774829355206054116e-01
4.750987507353036099e-01 -2.360426840332238707e-02 -8.796158344382303262e-01
4.711616351329232510e-01 -2.360249174372903991e-02 -8.817310454973907863e-01
4.672154693332300490e-01 -2.359993902057916371e-02 -8.838284611424980231e-01
4.632604656273401345e-01 -2.359660424485771069e-02 -8.859079759695187573e-01
4.592968386623898502e-01 -2.359248155541243674e-02 -8.879694867732478292e-01
4.553248054029439551e-01 -2.358756522059076571e-02 -8.900128925938560753e-01
4.513445850913282986e-01 -2.358184963984715637e-02 -8.920380947626848078e-01
4.473563992069027329e-01 -2.357532934531982038e-02 -8.940449969472601399e-01
4.433604714242883049e-01 -2.356799900337561496e-02 -8.960335051954995134e-01
4.393570275705660499e-01 -2.355985341612196193e-02 -8.980035279790838931e-01
4.353462955814636492e-01 -2.355088752288469339e-02 -8.999549762359692062e-01
4.313285054565481613e-01 -2.354109640165068587e-02 -9.018877634120108233e-01
4.273038892134430333e-01 -2.353047527047421802e-02 -9.038018055016755481e-01
4.232726808410894326e-01 -2.351901948884596930e-02 -9.056970210878159122e-01
4.192351162520712715e-01 -2.350672455902361874e-02 -9.075733313804820179e-01
4.151914332340254643e-01 -2.349358612732299970e-02 -9.094306602547469476e-01
4.111418714001587871e-01 -2.347959998536883544e-02 -9.112689342875218701e-01
4.070866721388938791e-01 -2.346476207130406000e-02 -9.130880827933373078e-01
4.030260785626672559e-01 -2.344906847095675970e-02 -9.148880378590692475e-01
3.989603354559035919e-01 -2.343251541896383336e-02 -9.166687343775864472e-01
3.948896892221903099e-01 -2.341509929985045174e-02 -9.184301100802994000e-01
3.908143878306778451e-01 -2.339681664906444886e-02 -9.201721055685885275e-01
3.867346807617315640e-01 -2.337766415396479863e-02 -9.218946643440931732e-01
3.826508189518614822e-01 -2.335763865476337200e-02 -9.235977328378406348e-01
3.785630547379568722e-01 -2.333673714541918687e-02 -9.252812604381983608e-01
3.744716418008535719e-01 -2.331495677448439108e-02 -9.269451995176292147e-01
3.703768351082620258e-01 -2.329229484590128116e-02 -9.285895054582349317e-01
3.662788908570848156e-01 -2.326874881974964199e-02 -9.302141366760701136e-01
3.621780664151527662e-01 -2.324431631294378992e-02 -9.318190546442114419e-01
3.580746202624097707e-01 -2.321899509987867399e-02 -9.334042239145675657e-01
3.539688119315759218e-01 -2.319278311302447673e-02 -9.349696121384155623e-01
3.498609019483201465e-01 -2.316567844346914540e-02 -9.365151900856515388e-01
3.457511517709728754e-01 -2.313767934140837160e-02 -9.380409316627418281e-01
3.416398237298107210e-01 -2.310878421658253343e-02 -9.395468139293653431e-01
3.375271809659441957e-01 -2.307899163866016304e-02 -9.410328171137347653e-01
3.334134873698413326e-01 -2.304830033756756144e-02 -9.424989246265881304e-01
3.292990075195191824e-01 -2.301670920376418239e-02 -9.439451230738424847e-01
3.251840066184358280e-01 -2.298421728846349044e-02 -9.453714022679006179e-01
3.210687504331160569e-01 -2.295082380379899825e-02 -9.467777552376051009e-01
3.169535052305437195e-01 -2.291652812293525424e-02 -9.481641782368337434e-01
3.128385377153537483e-01 -2.288132978012357918e-02 -9.495306707517313649e-01
3.087241149668581430e-01 -2.284522847070239240e-02 -9.508772355065733262e-01
3.046105043759383957e-01 -2.280822405104201631e-02 -9.522038784682593793e-01
3.004979735818388287e-01 -2.277031653843388306e-02 -9.535106088494341714e-01
2.963867904088943739e-01 -2.273150611092409137e-02 -9.547974391102341807e-01
2.922772228032262665e-01 -2.269179310709133757e-02 -9.560643849586610843e-01
2.881695387694397370e-01 -2.265117802576925576e-02 -9.573114653495816695e-01
2.840640063073572308e-01 -2.260966152571326424e-02 -9.585387024823570634e-01
2.799608933488208495e-01 -2.256724442521201510e-02 -9.597461217971031688e-01
2.758604676945977108e-01 -2.252392770164365551e-02 -9.609337519695870800e-01
2.717629969514213095e-01 -2.247971249097707389e-02 -9.621016249047625868e-01
2.676687484692025221e-01 -2.243460008721839469e-02 -9.632497757289522067e-01
2.635779892784429479e-01 -2.238859194180299605e-02 -9.643782427806810720e-01
2.594909860278840630e-01 -2.234168966293339012e-02 -9.654870676001707785e-01
2.554080049224239923e-01 -2.229389501486333039e-02 -9.665762949175014107e-01
2.513293116613349865e-01 -2.224520991712852086e-02 -9.676459726394509575e-01
2.472551713768132708e-01 -2.219563644372441261e-02 -9.686961518350227784e-01
2.431858485728928820e-01 -2.214517682223153192e-02 -9.697268867196723319e-01
2.391216070647551872e-01 -2.209383343288887080e-02 -9.707382346382442684e-01
2.350627099184647850e-01 -2.204160880761588115e-02 -9.717302560466342110e-01
2.310094193911623461e-01 -2.198850562898368305e-02 -9.727030144921882115e-01
2.269619968717447034e-01 -2.193452672913608417e-02 -9.736565765928540950e-01
2.229207028220614450e-01 -2.187967508866108662e-02 -9.745910120151010103e-01
2.188857967186576270e-01 -2.182395383541356135e-02 -9.755063934506230661e-01
2.148575369950907477e-01 -2.176736624328981518e-02 -9.764027965918441465e-01
2.108361809848504631e-01 -2.170991573095481728e-02 -9.772803001062411177e-01
2.068219848649083814e-01 -2.165160586052286562e-02 -9.781389856095051849e-01
2.028152035999247760e-01 -2.159244033619251227e-02 -9.789789376375597207e-01
1.988160908871387245e-01 -2.153242300283658012e-02 -9.798002436174546581e-01
1.948248991019673748e-01 -2.147155784454819749e-02 -9.806029938371588761e-01
1.908418792443391243e-01 -2.140984898314367627e-02 -9.813872814142706735e-01
1.868672808857853862e-01 -2.134730067662324662e-02 -9.821532022636698667e-01
1.829013521173145640e-01 -2.128391731759054009e-02 -9.829008550641328279e-01
1.789443394980910484e-01 -2.121970343163184780e-02 -9.836303412239342236e-01
1.749964880049417748e-01 -2.115466367565612543e-02 -9.843417648454594326e-01
1.710580409827116566e-01 -2.108880283619678914e-02 -9.850352326888515142e-01
1.671292400954888513e-01 -2.102212582767636409e-02 -9.857108541347180397e-01
1.632103252787197034e-01 -2.095463769063501611e-02 -9.863687411459228782e-01
1.593015346922328768e-01 -2.088634358992409040e-02 -9.870090082284885824e-01
1.554031046741908562e-01 -2.081724881286576775e-02 -9.876317723916362423e-01
1.515152696959866374e-01 -2.074735876737991008e-02 -9.882371531069888970e-01
1.476382623181025089e-01 -2.067667898007931326e-02 -9.888252722669655936e-01
1.437723131469468840e-01 -2.060521509433444962e-02 -9.893962541423944046e-01
1.399176507926844504e-01 -2.053297286830891091e-02 -9.899502253393707152e-01
1.360745018280739571e-01 -2.045995817296672806e-02 -9.904873147553899804e-01
1.322430907483273799e-01 -2.038617699005272621e-02 -9.910076535347830395e-01
1.284236399320029254e-01 -2.031163541004717132e-02 -9.915113750234822998e-01
1.246163696029440882e-01 -2.023633963009587380e-02 -9.919986147231482088e-01
1.208214977932754453e-01 -2.016029595191697402e-02 -9.924695102446839945e-01
1.170392403074656112e-01 -2.008351077968566559e-02 -9.929242012611692036e-01
1.132698106874666377e-01 -2.000599061789804997e-02 -9.933628294602402375e-01
1.095134201789383366e-01 -1.992774206921536784e-02 -9.937855384959479732e-01
1.057702776985651183e-01 -1.984877183228986319e-02 -9.941924739401220013e-01
1.020405898024722841e-01 -1.976908669957349110e-02 -9.945837832332705686e-01
9.832456065574761428e-02 -1.968869355511073185e-02 -9.949596156350463128e-01
9.462239200307343001e-02 -1.960759937231673633e-02 -9.953201221743075422e-01
9.093428314047344307e-02 -1.952581121174205153e-02 -9.956654555988040389e-01
8.726043088817778126e-02 -1.944333621882515795e-02 -9.959957703245175820e-01
8.360102956460895018e-02 -1.936018162163406081e-02 -9.963112223846865012e-01
7.995627096149046653e-02 -1.927635472859813223e-02 -9.966119693785436828e-01
7.632634432007925906e-02 -1.919186292623148091e-02 -9.968981704197971139e-01
7.271143630852207329e-02 -1.910671367684901173e-02 -9.971699860848823871e-01
6.911173100033526917e-02 -1.902091451627641039e-02 -9.974275783610158097e-01
6.552740985400677676e-02 -1.893447305155525340e-02 -9.976711105940777591e-01
6.195865169371803788e-02 -1.884739695864443357e-02 -9.979007474363534858e-01
5.840563269118317219e-02 -1.875969398011905626e-02 -9.981166547941607847e-01
5.486852634860173161e-02 -1.867137192286802069e-02 -9.983189997753925127e-01
5.134750348272078962e-02 -1.858243865579138968e-02 -9.985079506370011515e-01
4.784273221000127224e-02 -1.849290210749874458e-02 -9.986836767324537290e-01
4.435437793288291713e-02 -1.840277026400960816e-02 -9.988463484591834085e-01
4.088260332714137302e-02 -1.831205116645707662e-02 -9.989961372060657263e-01
3.742756833033040326e-02 -1.822075290879575718e-02 -9.991332153009446770e-01
3.398943013130149848e-02 -1.812888363551507648e-02 -9.992577559582361824e-01
3.056834316079252642e-02 -1.803645153935905590e-02 -9.993699332266331448e-01
2.716445908307639143e-02 -1.794346485905357405e-02 -9.994699219369392873e-01
2.377792678866022177e-02 -1.784993187704215709e-02 -9.995578976500548718e-01
2.040889238802485323e-02 -1.775586091723131699e-02 -9.996340366051397197e-01
1.705749920639389530e-02 -1.766126034274641959e-02 -9.996985156679780715e-01
1.372388777952109930e-02 -1.756613855369903998e-02 -9.997515122795676001e-01
1.040819585048423888e-02 -1.747050398496679396e-02 -9.997932044049564482e-01
7.110558367473153799e-03 -1.737436510398654779e-02 -9.998237704823513816e-01
3.831107482559149152e-03 -1.727773040856190462e-02 -9.998433893725177102e-01
5.699725514324784255e-04 -1.718060842468589061e-02 -9.998522403084945109e-01
-2.672719865905860519e-03 -1.708300770437968380e-02 -9.998505028456444732e-01
-5.896846003512175652e-03 -1.698493682354820788e-02 -9.998383568120597920e-01
-9.102284886942584030e-03 -1.688640437985345147e-02 -9.998159822593445378e-01
-1.228891832978495739e-02 -1.678741899060627249e-02 -9.997835594137921555e-01
-1.545663092929567932e-02 -1.668798929067747891e-02 -9.997412686279775196e-01
-1.860531006115694053e-02 -1.658812393042892464e-02 -9.996892903327814217e-01
-2.173484587337064580e-02 -1.648783157366534233e-02 -9.996278049898664753e-01
-2.484513127930529711e-02 -1.638712089560761739e-02 -9.995569930446203122e-01
-2.793606194991255995e-02 -1.628600058088817276e-02 -9.994770348795836146e-01
-3.100753630513046130e-02 -1.618447932156912364e-02 -9.993881107683788567e-01
-3.405945550449043097e-02 -1.608256581518380593e-02 -9.992904008301550789e-01
-3.709172343694567414e-02 -1.598026876280229588e-02 -9.991840849845644579e-01
-4.010424670993852081e-02 -1.587759686712149343e-02 -9.990693429072837750e-01
-4.309693463772468897e-02 -1.577455883058032429e-02 -9.989463539860957697e-01
-4.606969922897249242e-02 -1.567116335350055706e-02 -9.988152972775430349e-01
-4.902245517365524247e-02 -1.556741913225377118e-02 -9.986763514641670003e-01
-5.195511982925522104e-02 -1.546333485745493563e-02 -9.985296948123445482e-01
-5.486761320629774535e-02 -1.535891921218303889e-02 -9.983755051307329209e-01
-5.775985795323393401e-02 -1.525418087022921594e-02 -9.982139597293350208e-01
-6.063177934069091668e-02 -1.514912849437274889e-02 -9.980452353791943176e-01
-6.348330524510824302e-02 -1.504377073468534352e-02 -9.978695082727296883e-01
-6.631436613177936479e-02 -1.493811622686400976e-02 -9.976869539847190715e-01
-6.912489503731707174e-02 -1.483217359059288941e-02 -9.974977474339412620e-01
-7.191482755156181073e-02 -1.472595142793432961e-02 -9.973020628454828396e-01
-7.468410179895183798e-02 -1.461945832174947613e-02 -9.971000737137188930e-01
-7.743265841937405081e-02 -1.451270283414866046e-02 -9.968919527659734214e-01
-8.016044054851452494e-02 -1.440569350497178901e-02 -9.966778719268668540e-01
-8.286739379772746494e-02 -1.429843885029896677e-02 -9.964580022833559036e-01
-8.555346623344153856e-02 -1.419094736099153070e-02 -9.962325140504715293e-01
-8.821860835612226059e-02 -1.408322750126365930e-02 -9.960015765377593366e-01
-9.086277307880910592e-02 -1.397528770728471113e-02 -9.957653581164276346e-01
-9.348591570524591998e-02 -1.386713638581239284e-02 -9.955240261872059238e-01
-9.608799390762319537e-02 -1.375878191285688328e-02 -9.952777471489182570e-01
-9.866896770395038041e-02 -1.365023263237597102e-02 -9.950266863677729168e-01
-1.012287994350767051e-01 -1.354149685500127820e-02 -9.947710081473727373e-01
-1.037674537413783432e-01 -1.343258285679559128e-02 -9.945108756994458510e-01
-1.062848975391300632e-01 -1.332349887804134235e-02 -9.942464511152998563e-01
-1.087810999965789643e-01 -1.321425312206021656e-02 -9.939778953379994064e-01
-1.112560325097380759e-01 -1.310485375406387695e-02 -9.937053681352688850e-01
-1.137096686779170140e-01 -1.299530890003576349e-02 -9.934290280731185030e-01
-1.161419842790071127e-01 -1.288562664564391232e-02 -9.931490324901954825e-01
-1.185529572445379182e-01 -1.277581503518472605e-02 -9.928655374728583283e-01
-1.209425676345218803e-01 -1.266588207055758045e-02 -9.925786978309731889e-01
-1.233107976121038396e-01 -1.255583571027018945e-02 -9.922886670744313076e-01
-1.256576314180316845e-01 -1.244568386847457950e-02 -9.919955973903851199e-01
-1.279830553449641806e-01 -1.233543441403354458e-02 -9.916996396212010012e-01
-1.302870577116320150e-01 -1.222509516961741566e-02 -9.914009432431259983e-01
-1.325696288368675424e-01 -1.211467391083098297e-02 -9.910996563456655473e-01
-1.348307610135186796e-01 -1.200417836537037534e-02 -9.907959256116682933e-01
-1.370704484822619917e-01 -1.189361621220970042e-02 -9.904898962981157906e-01
-1.392886874053299029e-01 -1.178299508081723408e-02 -9.901817122176110875e-01
-1.414854758401665191e-01 -1.167232255040092682e-02 -9.898715157205640880e-01
-1.436608137130263307e-01 -1.156160614918298746e-02 -9.895594476780670279e-01
-1.458147027925299766e-01 -1.145085335370329450e-02 -9.892456474654568455e-01
-1.479471466631904764e-01 -1.134007158815136980e-02 -9.889302529465584524e-01
-1.500581506989238090e-01 -1.122926822372663849e-02 -9.886134004586035751e-01
-1.521477220365564653e-01 -1.111845057802668922e-02 -9.882952247978197269e-01
-1.542158695493433263e-01 -1.100762591446323782e-02 -9.879758592056834265e-01
-1.562626038205079670e-01 -1.089680144170549272e-02 -9.876554353558312238e-01
-1.582879371168180449e-01 -1.078598431315059419e-02 -9.873340833416223150e-01
-1.602918833622073713e-01 -1.067518162642081513e-02 -9.870119316643466423e-01
-1.622744581114565487e-01 -1.056440042288717997e-02 -9.866891072220708159e-01
-1.642356785239434125e-01 -1.045364768721917213e-02 -9.863657352991157534e-01
-1.661755633374743524e-01 -1.034293034696016043e-02 -9.860419395561584865e-01
-1.680941328422071723e-01 -1.023225527212821319e-02 -9.857178420209504743e-01
-1.699914088546760071e-01 -1.012162927484191316e-02 -9.853935630796459844e-01
-1.718674146919284551e-01 -1.001105910897081945e-02 -9.850692214687321036e-01
-1.737221751457845020e-01 -9.900551469810191241e-03 -9.847449342675523853e-01
-1.755557164572270346e-01 -9.790112993779595194e-03 -9.844208168914172496e-01
-1.773680662909328798e-01 -9.679750258145009695e-03 -9.840969830852923650e-01
-1.791592537099536142e-01 -9.569469780764035607e-03 -9.837735449180569081e-01
-1.809293091505542739e-01 -9.459278019853811087e-03 -9.834506127773237072e-01
-1.826782643972187370e-01 -9.349181373781245349e-03 -9.831282953648129430e-01
-1.844061525578293836e-01 -9.239186180875148119e-03 -9.828066996922707466e-01
-1.861130080390290265e-01 -9.129298719259857503e-03 -9.824859310779244792e-01
-1.877988665217722730e-01 -9.019525206709963841e-03 -9.821660931434658126e-01
-1.894637649370737309e-01 -8.909871800525707985e-03 -9.818472878115533931e-01
-1.911077414419594112e-01 -8.800344597428635951e-03 -9.815296153038258753e-01
-1.927308353956284082e-01 -8.690949633477102268e-03 -9.812131741394171103e-01
-1.943330873358307120e-01 -8.581692884001200505e-03 -9.808980611339642719e-01
-1.959145389554672045e-01 -8.472580263556701158e-03 -9.805843713991005961e-01
-1.974752330794176669e-01 -8.363617625897580565e-03 -9.802721983424230734e-01
-1.990152136416020179e-01 -8.254810763966708917e-03 -9.799616336679275452e-01
-2.005345256622800276e-01 -8.146165409904291416e-03 -9.796527673769007682e-01
-2.020332152255943370e-01 -8.037687235073627187e-03 -9.793456877692616747e-01
-2.035113294573614728e-01 -7.929381850103781743e-03 -9.790404814453429472e-01
-2.049689165031149951e-01 -7.821254804948732375e-03 -9.787372333081032494e-01
-2.064060255064050775e-01 -7.713311588962578833e-03 -9.784360265657616740e-01
-2.078227065873582136e-01 -7.605557630990404661e-03 -9.781369427348464152e-01
-2.092190108215007671e-01 -7.497998299474362485e-03 -9.778400616436467851e-01
-2.105949902188495038e-01 -7.390638902574570360e-03 -9.775454614360621353e-01
-2.119506977032723227e-01 -7.283484688304404583e-03 -9.772532185758374679e-01
-2.132861870921221037e-01 -7.176540844679783065e-03 -9.769634078511768571e-01
-2.146015130761460554e-01 -7.069812499882021165e-03 -9.766761023797273511e-01
-2.158967311996733418e-01 -6.963304722433855815e-03 -9.763913736139233635e-01
-2.171718978410826784e-01 -6.857022521388232879e-03 -9.761092913466836718e-01
-2.184270701935522863e-01 -6.750970846529458745e-03 -9.758299237174521412e-01
-2.196623062460936748e-01 -6.645154588586311105e-03 -9.755533372185739571e-01
-2.208776647648708902e-01 -6.539578579456716868e-03 -9.752795967019990409e-01
-2.220732052748064511e-01 -6.434247592443605168e-03 -9.750087653863040993e-01
-2.232489880414751937e-01 -6.329166342501540803e-03 -9.747409048640247597e-01
-2.244050740532869681e-01 -6.224339486493762549e-03 -9.744760751092902407e-01
-2.255415250039587427e-01 -6.119771623459234304e-03 -9.742143344857523424e-01
-2.266584032752768096e-01 -6.015467294889334342e-03 -9.739557397547997653e-01
-2.277557719201493969e-01 -5.911430985013814941e-03 -9.737003460840513158e-01
-2.288336946459499088e-01 -5.807667121095653334e-03 -9.734482070561186751e-01
-2.298922357981507680e-01 -5.704180073734435759e-03 -9.731993746776320675e-01
-2.309314603442475800e-01 -5.600974157177907725e-03 -9.729538993885206155e-01
-2.319514338579735935e-01 -5.498053629641342678e-03 -9.727118300715393850e-01
-2.329522225038035965e-01 -5.395422693634363900e-03 -9.724732140620365728e-01
-2.339338930217469692e-01 -5.293085496294888323e-03 -9.722380971579523967e-01
-2.348965127124286734e-01 -5.191046129729838358e-03 -9.720065236300431399e-01
-2.358401494224578177e-01 -5.089308631362286089e-03 -9.717785362323230203e-01
-2.367648715300820217e-01 -4.987876984284701949e-03 -9.715541762127156700e-01
-2.376707479311270244e-01 -4.886755117617976561e-03 -9.713334833239103405e-01
-2.385578480252196487e-01 -4.785946906875892214e-03 -9.711164958344133957e-01
-2.394262417022930411e-01 -4.685456174334734318e-03 -9.709032505397903190e-01
-2.402759993293722696e-01 -4.585286689407715860e-03 -9.706937827740903524e-01
-2.411071917376387541e-01 -4.485442169023925139e-03 -9.704881264214476611e-01
-2.419198902097716153e-01 -4.385926278011482819e-03 -9.702863139278523619e-01
-2.427141664675640242e-01 -4.286742629484618580e-03 -9.700883763130844217e-01
-2.434900926598123627e-01 -4.187894785234371614e-03 -9.698943431828055406e-01
-2.442477413504762496e-01 -4.089386256122633061e-03 -9.697042427408013587e-01
-2.449871855071068805e-01 -3.991220502479250233e-03 -9.695181018013687702e-01
-2.457084984895416269e-01 -3.893400934501913772e-03 -9.693359458018417918e-01
-2.464117540388622019e-01 -3.795930912658564485e-03 -9.691577988152505485e-01
-2.470970262666140338e-01 -3.698813748092050994e-03 -9.689836835631074896e-01
-2.477643896442839611e-01 -3.602052703026781440e-03 -9.688136214283151748e-01
-2.484139189930338887e-01 -3.505650991177118158e-03 -9.686476324681896344e-01
-2.490456894736872706e-01 -3.409611778157265079e-03 -9.684857354275945296e-01
-2.496597765769659194e-01 -3.313938181892408467e-03 -9.683279477521802292e-01
-2.502562561139738961e-01 -3.218633273030871607e-03 -9.681742856017229171e-01
-2.508352042069255661e-01 -3.123700075357054885e-03 -9.680247638635581797e-01
-2.513966972801150446e-01 -3.029141566204935753e-03 -9.678793961661047440e-01
-2.519408120511234528e-01 -2.934960676871904792e-03 -9.677381948924721478e-01
-2.524676255222612076e-01 -2.841160293032729718e-03 -9.676011711941489013e-01
-2.529772149722419039e-01 -2.747743255153430476e-03 -9.674683350047657004e-01
-2.534696579480845147e-01 -2.654712358904867241e-03 -9.673396950539288053e-01
-2.539450322572407992e-01 -2.562070355575840098e-03 -9.672152588811196994e-01
-2.544034159599442568e-01 -2.469819952485506967e-03 -9.670950328496560333e-01
-2.548448873617775168e-01 -2.377963813394933304e-03 -9.669790221607098557e-01
-2.552695250064543897e-01 -2.286504558917587526e-03 -9.668672308673786908e-01
-2.556774076688135278e-01 -2.195444766928610850e-03 -9.667596618888051330e-01
-2.560686143480196963e-01 -2.104786972972681140e-03 -9.666563170243415160e-01
-2.564432242609695489e-01 -2.014533670670310295e-03 -9.665571969677547726e-01
-2.568013168358980192e-01 -1.924687312122408660e-03 -9.664623013214685976e-01
-2.571429717061819997e-01 -1.835250308312962693e-03 -9.663716286108383624e-01
-2.574682687043374774e-01 -1.746225029509671086e-03 -9.662851762984552284e-01
-2.577772878562067382e-01 -1.657613805662394276e-03 -9.662029407984762397e-01
-2.580701093753315356e-01 -1.569418926799273552e-03 -9.661249174909762871e-01
-2.583468136575093332e-01 -1.481642643420384925e-03 -9.660511007363189462e-01
-2.586074812755279062e-01 -1.394287166888792413e-03 -9.659814838895426359e-01
-2.588521929740758010e-01 -1.307354669818875000e-03 -9.659160593147589902e-01
-2.590810296648238809e-01 -1.220847286461804746e-03 -9.658548183995597780e-01
-2.592940724216750148e-01 -1.134767113088055697e-03 -9.657977515694298187e-01
-2.594914024761777460e-01 -1.049116208366833013e-03 -9.657448483021623398e-01
-2.596731012131004990e-01 -9.638965937423100939e-04 -9.656960971422745565e-01
-2.598392501661626608e-01 -8.791102538065720092e-04 -9.656514857154194775e-01
-2.599899310139184294e-01 -7.947591366691637502e-04 -9.656110007427921582e-01
-2.601252255757902643e-01 -7.108451543231476735e-04 -9.655746280555271843e-01
-2.602452158082479983e-01 -6.273701830075796093e-04 -9.655423526090844977e-01
-2.603499838011297252e-01 -5.443360635663160299e-04 -9.655141584976213442e-01
-2.604396117741012429e-01 -4.617446018030700941e-04 -9.654900289683479020e-01
-2.605141820732499447e-01 -3.795975688326375325e-04 -9.654699464358634797e-01
-2.605737771678098835e-01 -2.978967014282181565e-04 -9.654538924964713997e-01
-2.606184796470140674e-01 -2.166437023647625748e-04 -9.654418479424702326e-01
-2.606483722170705453e-01 -1.358402407582780605e-04 -9.654337927764189420e-01
-2.606635376982586183e-01 -5.548795240103059155e-05 -9.654297062253733852e-01
-2.606640590221416809e-01 2.441155990741510344e-05 -9.654295667550929494e-01
-2.606500192288929152e-01 1.038567260333723551e-04 -9.654333520842137695e-01
-2.606215014647305095e-01 1.828460081864771215e-04 -9.654410391983883066e-01
-2.605785889794587362e-01 2.613779006014477755e-04 -9.654526043643874011e-01
-2.605213651241116146e-01 3.394509292242034264e-04 -9.654680231441642446e-01
-2.604499133486952722e-01 4.170636514023812690e-04 -9.654872704088779400e-01
-2.603643172000259520e-01 4.942146555802891467e-04 -9.655103203528742073e-01
-2.602646603196601127e-01 5.709025609983266539e-04 -9.655371465076225679e-01
-2.601510264419131802e-01 6.471260173969042677e-04 -9.655677217556073444e-01
-2.600234993919635085e-01 7.228837047248872893e-04 -9.656020183441712534e-01
-2.598821630840384977e-01 7.981743328525871999e-04 -9.656400078993094827e-01
-2.597271015196792598e-01 8.729966412893207066e-04 -9.656816614394133635e-01
-2.595583987860807795e-01 9.473493989055529032e-04 -9.657269493889614198e-01
-2.593761390545041845e-01 1.021231403659638749e-03 -9.657758415921564588e-01
-2.591804065787579603e-01 1.094641482329172626e-03 -9.658283073265072627e-01
-2.589712856937449459e-01 1.167578490246954856e-03 -9.658843153163533257e-01
-2.587488608140720570e-01 1.240041311041578448e-03 -9.659438337463317481e-01
-2.585132164327195170e-01 1.312028856382639521e-03 -9.660068302747839564e-01
-2.582644371197664324e-01 1.383540065730568935e-03 -9.660732720471014723e-01
-2.580026075211701575e-01 1.454573906091082827e-03 -9.661431257090098423e-01
-2.577278123575957869e-01 1.525129371774245355e-03 -9.662163574197885074e-01
-2.574401364232932199e-01 1.595205484158134521e-03 -9.662929328654261685e-01
-2.571396645850190232e-01 1.664801291457099382e-03 -9.663728172717097609e-01
-2.568264817809998712e-01 1.733915868494595837e-03 -9.664559754172468153e-01
-2.565006730199348439e-01 1.802548316480583014e-03 -9.665423716464187631e-01
-2.561623233800339183e-01 1.870697762793462667e-03 -9.666319698822655182e-01
-2.558115180080897666e-01 1.938363360766540144e-03 -9.667247336392987833e-01
-2.554483421185802516e-01 2.005544289478983482e-03 -9.668206260362441906e-01
-2.550728809927988450e-01 2.072239753551254407e-03 -9.669196098087106117e-01
-2.546852199780104131e-01 2.138448982944984780e-03 -9.670216473217855269e-01
-2.542854444866297081e-01 2.204171232767268996e-03 -9.671267005825563423e-01
-2.538736399954202860e-01 2.269405783079337432e-03 -9.672347312525553242e-01
-2.534498920447108561e-01 2.334151938709579273e-03 -9.673457006601281494e-01
-2.530142862376272284e-01 2.398409029070880903e-03 -9.674595698127250731e-01
-2.525669082393369180e-01 2.462176407982236918e-03 -9.675762994091137159e-01
-2.521078437763043523e-01 2.525453453494600365e-03 -9.676958498515118023e-01
-2.516371786355542373e-01 2.588239567720924082e-03 -9.678181812576406307e-01
-2.511549986639409759e-01 2.650534176670357994e-03 -9.679432534726966075e-01
-2.506613897674215830e-01 2.712336730086549030e-03 -9.680710260812415147e-01
-2.501564379103301539e-01 2.773646701290005939e-03 -9.682014584190096196e-01
-2.496402291146519459e-01 2.834463587024473041e-03 -9.683345095846312978e-01
-2.491128494592944054e-01 2.894786907307270868e-03 -9.684701384512726108e-01
-2.485743850793536436e-01 2.954616205283545991e-03 -9.686083036781895084e-01
-2.480249221653740843e-01 3.013951047084383224e-03 -9.687489637221960992e-01
-2.474645469625994521e-01 3.072791021688724665e-03 -9.688920768490466573e-01
-2.468933457702130463e-01 3.131135740789036618e-03 -9.690376011447298099e-01
-2.463114049405656647e-01 3.188984838660677539e-03 -9.691854945266752397e-01
-2.457188108783890934e-01 3.246337972034897632e-03 -9.693357147548711250e-01
-2.451156500399936100e-01 3.303194819975421945e-03 -9.694882194428924294e-01
-2.445020089324477508e-01 3.359555083758551056e-03 -9.696429660688389296e-01
-2.438779741127385103e-01 3.415418486756720794e-03 -9.697999119861825390e-01
-2.432436321869104745e-01 3.470784774325456814e-03 -9.699590144345229259e-01
-2.425990698091824160e-01 3.525653713693665918e-03 -9.701202305502515388e-01
-2.419443736810394652e-01 3.580025093857194720e-03 -9.702835173771220401e-01
-2.412796305502998007e-01 3.633898725475593651e-03 -9.704488318767284794e-01
-2.406049272101540570e-01 3.687274440772023414e-03 -9.706161309388885439e-01
-2.399203504981762269e-01 3.740152093436231034e-03 -9.707853713919325500e-01
-2.392259872953047539e-01 3.792531558530534783e-03 -9.709565100128972892e-01
-2.385219245247923447e-01 3.844412732398745994e-03 -9.711295035376240614e-01
-2.378082491511233909e-01 3.895795532577961840e-03 -9.713043086707604523e-01
-2.370850481788976949e-01 3.946679897713157963e-03 -9.714808820956648550e-01
-2.363524086516793632e-01 3.997065787474513715e-03 -9.716591804842138469e-01
-2.356104176508098114e-01 4.046953182477396743e-03 -9.718391605065114236e-01
-2.348591622941836599e-01 4.096342084204938373e-03 -9.720207788404995330e-01
-2.340987297349867158e-01 4.145232514933129553e-03 -9.722039921814696894e-01
-2.333292071603946527e-01 4.193624517658358850e-03 -9.723887572514744448e-01
-2.325506817902320555e-01 4.241518156027333959e-03 -9.725750308086397178e-01
-2.317632408755902484e-01 4.288913514269299988e-03 -9.727627696563749815e-01
-2.309669716974036557e-01 4.335810697130489458e-03 -9.729519306524838651e-01
-2.301619615649834749e-01 4.382209829810732038e-03 -9.731424707181716149e-01
-2.293482978145080509e-01 4.428111057902147686e-03 -9.733343468469515258e-01
-2.285260678074693685e-01 4.473514547329848594e-03 -9.735275161134480104e-01
-2.276953589290746371e-01 4.518420484294584025e-03 -9.737219356820967509e-01
-2.268562585866027437e-01 4.562829075217243908e-03 -9.739175628157417108e-01
-2.260088542077146323e-01 4.606740546685158741e-03 -9.741143548841273425e-01
-2.251532332387173041e-01 4.650155145400110789e-03 -9.743122693722869876e-01
-2.242894831427807989e-01 4.693073138127994148e-03 -9.745112638888258072e-01
-2.234176913981077983e-01 4.735494811650042130e-03 -9.747112961740991288e-01
-2.225379454960552117e-01 4.777420472715551703e-03 -9.749123241082843228e-01
-2.216503329392077171e-01 4.818850447996029553e-03 -9.751143057193467634e-01
-2.207549412394025912e-01 4.859785084040690352e-03 -9.753171991908994309e-01
-2.198518579157056896e-01 4.900224747233232654e-03 -9.755209628699552660e-01
-2.189411704923382718e-01 4.940169823749816086e-03 -9.757255552745723870e-01
-2.180229664965544767e-01 4.979620719518169578e-03 -9.759309351013915057e-01
-2.170973334564692547e-01 5.018577860177762980e-03 -9.761370612330653174e-01
-2.161643588988366449e-01 5.057041691040964002e-03 -9.763438927455794225e-01
-2.152241303467781475e-01 5.095012677055106749e-03 -9.765513889154646687e-01
-2.142767353174614420e-01 5.132491302765411142e-03 -9.767595092269000245e-01
-2.133222613197289785e-01 5.169478072278670816e-03 -9.769682133787064293e-01
-2.123607958516768868e-01 5.205973509227648788e-03 -9.771774612912307312e-01
-2.113924263981840634e-01 5.241978156736100229e-03 -9.773872131131193797e-01
-2.104172404283913556e-01 5.277492577384364225e-03 -9.775974292279823175e-01
-2.094353253931312830e-01 5.312517353175446461e-03 -9.778080702609458497e-01
-2.084467687223082455e-01 5.347053085501532119e-03 -9.780190970850947130e-01
-2.074516578222294350e-01 5.381100395110853529e-03 -9.782304708278033445e-01
-2.064500800728867047e-01 5.414659922074850987e-03 -9.784421528769551291e-01
-2.054421228251896159e-01 5.447732325755559081e-03 -9.786541048870508464e-01
-2.044278733981500507e-01 5.480318284773149154e-03 -9.788662887852044303e-01
-2.034074190760186140e-01 5.512418496973568900e-03 -9.790786667770278173e-01
-2.023808471053732128e-01 5.544033679396209724e-03 -9.792912013524023296e-01
-2.013482446921601166e-01 5.575164568241537666e-03 -9.795038552911385921e-01
-2.003096989986881404e-01 5.605811918838628921e-03 -9.797165916685235398e-01
-1.992652971405762252e-01 5.635976505612545762e-03 -9.799293738607547377e-01
-1.982151261836548883e-01 5.665659122051488680e-03 -9.801421655502617902e-01
-1.971592731408221000e-01 5.694860580673669244e-03 -9.803549307309148420e-01
-1.960978249688541675e-01 5.723581712993839471e-03 -9.805676337131199460e-01
-1.950308685651721829e-01 5.751823369489422223e-03 -9.807802391288015231e-01
-1.939584907645644785e-01 5.779586419566182763e-03 -9.809927119362709114e-01
-1.928807783358660322e-01 5.806871751523382495e-03 -9.812050174249822287e-01
-1.917978179785950199e-01 5.833680272518363720e-03 -9.814171212201745487e-01
-1.907096963195476780e-01 5.860012908530506416e-03 -9.816289892874004996e-01
-1.896164999093518377e-01 5.885870604324504145e-03 -9.818405879369420663e-01
-1.885183152189799649e-01 5.911254323412904431e-03 -9.820518838281119267e-01
-1.874152286362225361e-01 5.936165048017862447e-03 -9.822628439734422123e-01
-1.863073264621222802e-01 5.960603779032060297e-03 -9.824734357427596931e-01
-1.851946949073704773e-01 5.984571535978732044e-03 -9.826836268671471641e-01
-1.840774200886657330e-01 6.008069356970756336e-03 -9.828933854427920336e-01
-1.829555880250363087e-01 6.031098298668761959e-03 -9.831026799347214462e-01
-1.818292846341267865e-01 6.053659436238199507e-03 -9.833114791804242749e-01
-1.806985957284500122e-01 6.075753863305339252e-03 -9.835197523933600916e-01
-1.795636070116051752e-01 6.097382691912138844e-03 -9.837274691663554504e-01
-1.784244040744628890e-01 6.118547052469952216e-03 -9.839345994748872615e-01
-1.772810723913183228e-01 6.139248093712021577e-03 -9.841411136802534765e-01
-1.761336973160133601e-01 6.159486982644723878e-03 -9.843469825326317535e-01
-1.749823640780285572e-01 6.179264904497524039e-03 -9.845521771740254335e-01
-1.738271577785461819e-01 6.198583062671595909e-03 -9.847566691410980511e-01
-1.726681633864850796e-01 6.217442678687080601e-03 -9.849604303678959338e-01
-1.715054657345085887e-01 6.235844992128934498e-03 -9.851634331884591145e-01
-1.703391495150063939e-01 6.253791260591336568e-03 -9.853656503393213306e-01
-1.691692992760515379e-01 6.271282759620626368e-03 -9.855670549618990028e-01
-1.679959994173334525e-01 6.288320782656726775e-03 -9.857676206047698564e-01
-1.668193341860682299e-01 6.304906640973030607e-03 -9.859673212258408537e-01
-1.656393876728872172e-01 6.321041663614714728e-03 -9.861661311944066588e-01
-1.644562438077050159e-01 6.336727197335454732e-03 -9.863640252930981900e-01
-1.632699863555679143e-01 6.351964606532508120e-03 -9.865609787197224811e-01
-1.620806989124840003e-01 6.366755273180144288e-03 -9.867569670889934086e-01
-1.608884649012360946e-01 6.381100596761390964e-03 -9.869519664341542819e-01
-1.596933675671785013e-01 6.395001994198071076e-03 -9.871459532084927435e-01
-1.584954899740188550e-01 6.408460899779116170e-03 -9.873389042867479759e-01
-1.572949149995861717e-01 6.421478765087119088e-03 -9.875307969664113283e-01
-1.560917253315863007e-01 6.434057058923118959e-03 -9.877216089689201395e-01
-1.548860034633458005e-01 6.446197267229590751e-03 -9.879113184407463111e-01
-1.536778316895457408e-01 6.457900893011622907e-03 -9.880999039543788554e-01
-1.524672921019462335e-01 6.469169456256264848e-03 -9.882873445092021925e-01
-1.512544665851030257e-01 6.480004493850032195e-03 -9.884736195322700869e-01
-1.500394368120775423e-01 6.490407559494546300e-03 -9.886587088789763333e-01
-1.488222842401411561e-01 6.500380223620304612e-03 -9.888425928336216364e-01
-1.476030901064752654e-01 6.509924073298563665e-03 -9.890252521098793492e-01
-1.463819354238681814e-01 6.519040712151322539e-03 -9.892066678511586275e-01
-1.451589009764099325e-01 6.527731760259400731e-03 -9.893868216308671082e-01
-1.439340673151864591e-01 6.535998854068596556e-03 -9.895656954525731130e-01
-1.427075147539741129e-01 6.543843646293925204e-03 -9.897432717500683763e-01
-1.414793233649358772e-01 6.551267805821922585e-03 -9.899195333873322955e-01
-1.402495729743202524e-01 6.558273017611015825e-03 -9.900944636583971503e-01
-1.390183431581642759e-01 6.564860982589950864e-03 -9.902680462871171763e-01
-1.377857132380015948e-01 6.571033417554280644e-03 -9.904402654268404937e-01
-1.365517622765770600e-01 6.576792055060905196e-03 -9.906111056599854470e-01
-1.353165690735687043e-01 6.582138643320666234e-03 -9.907805519975221298e-01
-1.340802121613185460e-01 6.587074946089000599e-03 -9.909485898783598756e-01
-1.328427698005732460e-01 6.591602742554645601e-03 -9.911152051686415998e-01
-1.316043199762358396e-01 6.595723827226405815e-03 -9.912803841609457711e-01
-1.303649403931296524e-01 6.599440009817983920e-03 -9.914441135733973454e-01
-1.291247084717756233e-01 6.602753115130876455e-03 -9.916063805486876603e-01
-1.278837013441840864e-01 6.605664982935348373e-03 -9.917671726530051801e-01
-1.266419958496622922e-01 6.608177467849482914e-03 -9.919264778748776434e-01
-1.253996685306385528e-01 6.610292439216325887e-03 -9.920842846239265045e-01
-1.241567956285044849e-01 6.612011780979126958e-03 -9.922405817295344432e-01
-1.229134530794760982e-01 6.613337391554685758e-03 -9.923953584394279437e-01
-1.216697165104750483e-01 6.614271183704823615e-03 -9.925486044181742740e-01
-1.204256612350311367e-01 6.614815084405983522e-03 -9.927003097455955327e-01
-1.191813622492070152e-01 6.614971034716975694e-03 -9.928504649150998729e-01
-1.179368942275463295e-01 6.614740989644883433e-03 -9.929990608319311240e-01
-1.166923315190461913e-01 6.614126918009142347e-03 -9.931460888113379237e-01
-1.154477481431551572e-01 6.613130802303812845e-03 -9.932915405766638006e-01
-1.142032177857977143e-01 6.611754638558053725e-03 -9.934354082573584321e-01
-1.129588137954262023e-01 6.610000436194828945e-03 -9.935776843869119634e-01
-1.117146091791013512e-01 6.607870217887851054e-03 -9.937183619007134983e-01
-1.104706765986022687e-01 6.605366019416795097e-03 -9.938574341338340945e-01
-1.092270883665669573e-01 6.602489889520789072e-03 -9.939948948187365962e-01
-1.079839164426642656e-01 6.599243889750217376e-03 -9.941307380829121909e-01
-1.067412324297982856e-01 6.595630094316845028e-03 -9.942649584464461343e-01
-1.054991075703460568e-01 6.591650589942296516e-03 -9.943975508195125323e-01
-1.042576127424296034e-01 6.587307475704907468e-03 -9.945285104998006220e-01
-1.030168184562230554e-01 6.582602862884974308e-03 -9.946578331698727737e-01
-1.017767948502959485e-01 6.577538874808425313e-03 -9.947855148944558801e-01
-1.005376116879933696e-01 6.572117646688946900e-03 -9.949115521176673527e-01
-9.929933835385391927e-02 6.566341325468579015e-03 -9.950359416601768370e-01
-9.806204385006636604e-02 6.560212069656820404e-03 -9.951586807163047554e-01
-9.682579679296564323e-02 6.553732049168259355e-03 -9.952797668510593443e-01
-9.559066540956923097e-02 6.546903445158768105e-03 -9.953991979971131832e-01
-9.435671753415449114e-02 6.539728449860281699e-03 -9.955169724517201058e-01
-9.312402060487788569e-02 6.532209266414202957e-03 -9.956330888735746010e-01
-9.189264166043670246e-02 6.524348108703447412e-03 -9.957475462796141485e-01
-9.066264733677416310e-02 6.516147201183175065e-03 -9.958603440417663766e-01
-8.943410386382845412e-02 6.507608778710229774e-03 -9.959714818836420402e-01
-8.820707706232652767e-02 6.498735086371325298e-03 -9.960809598771749318e-01
-8.698163234062331051e-02 6.489528379310000560e-03 -9.961887784392104983e-01
-8.575783469158686223e-02 6.479990922552390960e-03 -9.962949383280440552e-01
-8.453574868953035726e-02 6.470124990831839160e-03 -9.963994406399101500e-01
-8.331543848719125123e-02 6.459932868412376558e-03 -9.965022868054241867e-01
-8.209696781275840904e-02 6.449416848911124038e-03 -9.966034785859780865e-01
-8.088039996694772193e-02 6.438579235119629325e-03 -9.967030180700902076e-01
-7.966579782012672695e-02 6.427422338824187800e-03 -9.968009076697125215e-01
-7.845322380948888119e-02 6.415948480625176253e-03 -9.968971501164944904e-01
-7.724273993627786550e-02 6.404159989755439479e-03 -9.969917484580065326e-01
-7.603440776306256976e-02 6.392059203897761804e-03 -9.970847060539236306e-01
-7.482828841106312079e-02 6.379648469001459980e-03 -9.971760265721705263e-01
-7.362444255752843836e-02 6.366930139098136467e-03 -9.972657139850295005e-01
-7.242293043316590240e-02 6.353906576116631275e-03 -9.973537725652129593e-01
-7.122381181962328389e-02 6.340580149697200123e-03 -9.974402068819012701e-01
-7.002714604702357792e-02 6.326953237004970081e-03 -9.975250217967474020e-01
-6.883299199155304415e-02 6.313028222542696986e-03 -9.976082224598501469e-01
-6.764140807310276005e-02 6.298807497962870608e-03 -9.976898143056964763e-01
-6.645245225296408931e-02 6.284293461879198774e-03 -9.977698030490749215e-01
-6.526618203157837084e-02 6.269488519677517309e-03 -9.978481946809611980e-01
-6.408265444634114738e-02 6.254395083326154403e-03 -9.979249954643770737e-01
-6.290192606946118370e-02 6.239015571185789304e-03 -9.980002119302242569e-01
-6.172405300587452404e-02 6.223352407818850442e-03 -9.980738508730941927e-01
-6.054909089121392196e-02 6.207408023798481611e-03 -9.981459193470553215e-01
-5.937709488983373279e-02 6.191184855517119570e-03 -9.982164246614190217e-01
-5.820811969289057392e-02 6.174685344994717759e-03 -9.982853743764853460e-01
-5.704221951647989869e-02 6.157911939686662103e-03 -9.983527762992704391e-01
-5.587944809982863664e-02 6.140867092291404927e-03 -9.984186384792157476e-01
-5.471985870354406645e-02 6.123553260557866411e-03 -9.984829692038817983e-01
-5.356350410791904659e-02 6.105972907092632219e-03 -9.985457769946265438e-01
-5.241043661129368009e-02 6.088128499166991538e-03 -9.986070706022703858e-01
-5.126070802847355196e-02 6.070022508523851938e-03 -9.986668590027483194e-01
-5.011436968920455343e-02 6.051657411184566647e-03 -9.987251513927511981e-01
-4.897147243670438993e-02 6.033035687255711502e-03 -9.987819571853572276e-01
-4.783206662625077987e-02 6.014159820735855838e-03 -9.988372860056540237e-01
-4.669620212382635804e-02 5.995032299322351592e-03 -9.988911476863541195e-01
-4.556392830482029060e-02 5.975655614218190054e-03 -9.989435522634034781e-01
-4.443529405278658084e-02 5.956032259938958372e-03 -9.989945099715851207e-01
-4.331034775825902405e-02 5.936164734119929627e-03 -9.990440312401187573e-01
-4.218913731762273522e-02 5.916055537323325515e-03 -9.990921266882579754e-01
-4.107171013204221482e-02 5.895707172845789795e-03 -9.991388071208856525e-01
-3.995811310644582087e-02 5.875122146526105468e-03 -9.991840835241089236e-01
-3.884839264856659174e-02 5.854302966553189512e-03 -9.992279670608549269e-01
-3.774259466803921159e-02 5.833252143274406804e-03 -9.992704690664686584e-01
-3.664076457555310445e-02 5.811972189004230988e-03 -9.993116010443134911e-01
-3.554294728206135873e-02 5.790465617833293055e-03 -9.993513746613761350e-01
-3.444918719804543339e-02 5.768734945437846255e-03 -9.993898017438765935e-01
-3.335952823283536151e-02 5.746782688889688108e-03 -9.994268942728846694e-01
-3.227401379398533304e-02 5.724611366466567271e-03 -9.994626643799435772e-01
-3.119268678670438985e-02 5.702223497463109088e-03 -9.994971243427024366e-01
-3.011558961334198301e-02 5.679621602002298854e-03 -9.995302865805576475e-01
-2.904276417292821905e-02 5.656808200847547076e-03 -9.995621636503054797e-01
-2.797425186076846204e-02 5.633785815215374901e-03 -9.995927682418060956e-01
-2.691009356809204861e-02 5.610556966588749195e-03 -9.996221131736595655e-01
-2.585032968175483489e-02 5.587124176531097636e-03 -9.996502113888962038e-01
-2.479500008399526667e-02 5.563489966501037644e-03 -9.996770759506814485e-01
-2.374414415224364305e-02 5.539656857667845172e-03 -9.997027200380356193e-01
-2.269780075898426841e-02 5.515627370727698917e-03 -9.997271569415706605e-01
-2.165600827167015255e-02 5.491404025720725973e-03 -9.997504000592446483e-01
-2.061880455268989137e-02 5.466989341848879289e-03 -9.997724628921338397e-01
-1.958622695938638456e-02 5.442385837294671201e-03 -9.997933590402245940e-01
-1.855831234412699815e-02 5.417596029040802098e-03 -9.998131021982253896e-01
-1.753509705442479402e-02 5.392622432690698936e-03 -9.998317061513996018e-01
-1.651661693311044093e-02 5.367467562290000917e-03 -9.998491847714204850e-01
-1.550290731855437885e-02 5.342133930149012278e-03 -9.998655520122490259e-01
-1.449400304493882706e-02 5.316624046666153409e-03 -9.998808219060348890e-01
-1.348993844257922320e-02 5.290940420152432863e-03 -9.998950085590423420e-01
-1.249074733829463532e-02 5.265085556656966259e-03 -9.999081261476010507e-01
-1.149646305582670627e-02 5.239061959793565523e-03 -9.999201889140831856e-01
-1.050711841630668289e-02 5.212872130568429671e-03 -9.999312111629069522e-01
-9.522745738770065083e-03 5.186518567208946683e-03 -9.999412072565677656e-01
-8.543376840718382159e-03 5.160003764993647234e-03 -9.999501916116981803e-01
-7.569043038727647950e-03 5.133330216083315488e-03 -9.999581786951559081e-01
-6.599775149102976926e-03 5.106500409353294245e-03 -9.999651830201424785e-01
-5.635603488578883394e-03 5.079516830226993122e-03 -9.999712191423517638e-01
-4.676557875064754621e-03 5.052381960510630987e-03 -9.999763016561494799e-01
-3.722667628434986591e-03 5.025098278229228263e-03 -9.999804451907849945e-01
-2.773961571363264128e-03 4.997668257463864713e-03 -9.999836644066347757e-01
-1.830468030200470622e-03 4.970094368190233931e-03 -9.999859739914795931e-01
-8.922148358956899115e-04 4.942379076118500608e-03 -9.999873886568145798e-01
4.077067504023191430e-05 4.914524842534486598e-03 -9.999879231341941566e-01
9.684616595291015758e-04 4.886534124142201396e-03 -9.999875921716112614e-01
1.890831766878320113e-03 4.858409372907733503e-03 -9.999864105299122174e-01
2.807855137692897175e-03 4.830153035904520900e-03 -9.999843929792472386e-01
3.719506402747093515e-03 4.801767555160012767e-03 -9.999815542955573511e-01
4.625760681816252357e-03 4.773255367503743268e-03 -9.999779092570987293e-01
5.526593582469374599e-03 4.744618904416830416e-03 -9.999734726410035579e-01
6.421981198823017295e-03 4.715860591882909542e-03 -9.999682592198796405e-01
7.311900110257067015e-03 4.686982850240525682e-03 -9.999622837584478674e-01
8.196327380092977705e-03 4.657988094036985723e-03 -9.999555610102183190e-01
9.075240554235032911e-03 4.628878731883693740e-03 -9.999481057142063367e-01
9.948617659775222180e-03 4.599657166312974728e-03 -9.999399325916874526e-01
1.081643720356230583e-02 4.570325793636403205e-03 -9.999310563429926191e-01
1.167867817073564574e-02 4.540887003804641893e-03 -9.999214916443440737e-01
1.253532002322439720e-02 4.511343180268809552e-03 -9.999112531447316154e-01
1.338634269821263253e-02 4.481696699843378852e-03 -9.999003554628302926e-01
1.423172660657099145e-02 4.451949932570620737e-03 -9.998888131839595017e-01
1.507145263125544629e-02 4.422105241586598776e-03 -9.998766408570834985e-01
1.590550212567375804e-02 4.392164982988730829e-03 -9.998638529918546514e-01
1.673385691202023198e-02 4.362131505704912836e-03 -9.998504640556984402e-01
1.755649927957933162e-02 4.332007151364223804e-03 -9.998364884709415312e-01
1.837341198299877534e-02 4.301794254169214599e-03 -9.998219406119823738e-01
1.918457824053266397e-02 4.271495140769784003e-03 -9.998068348025052066e-01
1.998998173225526032e-02 4.241112130138655067e-03 -9.997911853127374737e-01
2.078960659824598614e-02 4.210647533448447395e-03 -9.997750063567504286e-01
2.158343743674623685e-02 4.180103653950363596e-03 -9.997583120898039244e-01
2.237145930228857243e-02 4.149482786854479487e-03 -9.997411166057349474e-01
2.315365770379891261e-02 4.118787219211651925e-03 -9.997234339343901155e-01
2.393001860267226361e-02 4.088019229797048605e-03 -9.997052780391029181e-01
2.470052841082259754e-02 4.057181088995292020e-03 -9.996866628142148103e-01
2.546517398870744991e-02 4.026275058687235793e-03 -9.996676020826412712e-01
2.622394264332778696e-02 3.995303392138360374e-03 -9.996481095934821592e-01
2.697682212620376024e-02 3.964268333888801114e-03 -9.996281990196772549e-01
2.772380063132688297e-02 3.933172119645003510e-03 -9.996078839557059892e-01
2.846486679308920381e-02 3.902016976173008217e-03 -9.995871779153328029e-01
2.920000968419005430e-02 3.870805121193368007e-03 -9.995660943293965817e-01
2.992921881352090738e-02 3.839538763277693199e-03 -9.995446465436460537e-01
3.065248412402894404e-02 3.808220101746827291e-03 -9.995228478166194863e-01
3.136979599055983448e-02 3.776851326570652371e-03 -9.995007113175695679e-01
3.208114521768032357e-02 3.745434618269520826e-03 -9.994782501244336981e-01
3.278652303748114810e-02 3.713972147817313791e-03 -9.994554772218487981e-01
3.348592110736085120e-02 3.682466076546122430e-03 -9.994324054992114181e-01
3.417933150779096929e-02 3.650918556052551184e-03 -9.994090477487829194e-01
3.486674674006322999e-02 3.619331728105639519e-03 -9.993854166638393988e-01
3.554815972401920848e-02 3.587707724556397828e-03 -9.993615248368663551e-01
3.622356379576299051e-02 3.556048667248956630e-03 -9.993373847577987634e-01
3.689295270535737636e-02 3.524356667933321256e-03 -9.993130088123051147e-01
3.755632061450413228e-02 3.492633828179731587e-03 -9.992884092801167517e-01
3.821366209420882371e-02 3.460882239294619904e-03 -9.992635983334013927e-01
3.886497212243067434e-02 3.429103982238161652e-03 -9.992385880351811744e-01
3.951024608171804786e-02 3.397301127543416073e-03 -9.992133903377949933e-01
4.014947975682995468e-02 3.365475735237049345e-03 -9.991880170814050333e-01
4.078266933234414582e-02 3.333629854761632847e-03 -9.991624799925474809e-01
4.140981139025225882e-02 3.301765524899514387e-03 -9.991367906827268719e-01
4.203090290754245978e-02 3.269884773698251978e-03 -9.991109606470542914e-01
4.264594125377012962e-02 3.237989618397606705e-03 -9.990850012629288734e-01
4.325492418861698329e-02 3.206082065358082517e-03 -9.990589237887633756e-01
4.385784985943916303e-02 3.174164109991013411e-03 -9.990327393627519426e-01
4.445471679880470817e-02 3.142237736690181062e-03 -9.990064590016815016e-01
4.504552392202088029e-02 3.110304918764962914e-03 -9.989800935997857900e-01
4.563027052465178784e-02 3.078367618374999466e-03 -9.989536539276419047e-01
4.620895628002674033e-02 3.046427786466369882e-03 -9.989271506311088178e-01
4.678158123673978319e-02 3.014487362709272061e-03 -9.989005942303087471e-01
4.734814581614082279e-02 2.982548275437194984e-03 -9.988739951186494936e-01
4.790865080981880630e-02 2.950612441587575994e-03 -9.988473635618888569e-01
4.846309737707728965e-02 2.918681766643931724e-03 -9.988207096972404608e-01
4.901148704240292781e-02 2.886758144579456165e-03 -9.987940435325199928e-01
4.955382169292715105e-02 2.854843457802072864e-03 -9.987673749453331862e-01
5.009010357588156159e-02 2.822939577100933885e-03 -9.987407136823034381e-01
5.062033529604732102e-02 2.791048361594355553e-03 -9.987140693583398399e-01
5.114451981319902141e-02 2.759171658679176672e-03 -9.986874514559456184e-01
5.166266043954333143e-02 2.727311303981535748e-03 -9.986608693245655477e-01
5.217476083715284763e-02 2.695469121309049861e-03 -9.986343321799727724e-01
5.268082501539549795e-02 2.663646922604389136e-03 -9.986078491036950444e-01
5.318085732835986512e-02 2.631846507900232907e-03 -9.985814290424791517e-01
5.367486247227676310e-02 2.600069665275598924e-03 -9.985550808077936491e-01
5.416284548293744810e-02 2.568318170813533446e-03 -9.985288130753702251e-01
5.464481173310877654e-02 2.536593788560149651e-03 -9.985026343847817065e-01
5.512076692994567068e-02 2.504898270485004814e-03 -9.984765531390582538e-01
5.559071711240118341e-02 2.473233356442804988e-03 -9.984505776043401948e-01
5.605466864863455079e-02 2.441600774136423301e-03 -9.984247159095672730e-01
5.651262823341746122e-02 2.410002239081222332e-03 -9.983989760462044227e-01
5.696460288553892998e-02 2.378439454570667987e-03 -9.983733658680031819e-01
5.741059994520905652e-02 2.346914111643222303e-03 -9.983478930907989657e-01
5.785062707146191446e-02 2.315427889050504333e-03 -9.983225652923430893e-01
5.828469223955796974e-02 2.283982453226706972e-03 -9.982973899121697636e-01
5.871280373838620031e-02 2.252579458259255842e-03 -9.982723742514971743e-01
5.913497016786627841e-02 2.221220545860700703e-03 -9.982475254731631997e-01
5.955120043635105109e-02 2.189907345341825066e-03 -9.982228506015938807e-01
5.996150375802958982e-02 2.158641473585962318e-03 -9.981983565228056410e-01
6.036588965033107962e-02 2.127424535024507058e-03 -9.981740499844403702e-01
6.076436793132979075e-02 2.096258121613606921e-03 -9.981499375958323705e-01
6.115694871715141034e-02 2.065143812812024905e-03 -9.981260258281080544e-01
6.154364241938091451e-02 2.034083175560158756e-03 -9.981023210143165070e-01
6.192445974247232088e-02 2.003077764260203543e-03 -9.980788293495915786e-01
6.229941168116043260e-02 1.972129120757448294e-03 -9.980555568913450637e-01
6.266850951787489299e-02 1.941238774322690029e-03 -9.980325095594894114e-01
6.303176482015673820e-02 1.910408241635756701e-03 -9.980096931366913005e-01
6.338918943807764217e-02 1.879639026770123017e-03 -9.979871132686540802e-01
6.374079550166213137e-02 1.848932621178609381e-03 -9.979647754644296320e-01
6.408659541831283890e-02 1.818290503680149422e-03 -9.979426850967586526e-01
6.442660187023917240e-02 1.787714140447615053e-03 -9.979208474024398035e-01
6.476082781188943760e-02 1.757204984996685402e-03 -9.978992674827256160e-01
6.508928646738668111e-02 1.726764478175748119e-03 -9.978779503037470411e-01
6.541199132796846061e-02 1.696394048156820702e-03 -9.978569006969638666e-01
6.572895614943058407e-02 1.666095110427477308e-03 -9.978361233596425572e-01
6.604019494957516501e-02 1.635869067783772383e-03 -9.978156228553595186e-01
