0.000000000000000000e+00 0.000000000000000000e+00 1.000000000000000000e+00
-1.372663253237244405e-06 7.037534573707123170e-05 9.999999975227132909e-01
-5.454707092428822657e-06 2.110738709257769076e-04 9.999999777090333719e-01
-1.358136191659360876e-05 4.220180225766807834e-04 9.999999108581636431e-01
-2.708588861382498831e-05 7.031048882482015226e-04 9.999997524549048000e-01
-4.729909589060438525e-05 1.054206227313061409e-03 9.999994432058579852e-01
-7.554885729203497126e-05 1.475168506303840875e-03 9.999989090845292639e-01
-1.131596277023672487e-04 1.965812938423430918e-03 9.999980613853161060e-01
-1.614519591213991198e-04 2.525935527327153717e-03 9.999967967863585550e-01
-2.217420155197470330e-04 3.155307115303934359e-03 9.999949974212311021e-01
-2.953410865845855471e-04 3.853673436004103649e-03 9.999925309594532852e-01
-3.835551001772208985e-04 4.620755171881126347e-03 9.999892506957908100e-01
-4.876841333347767607e-04 5.456248016533712247e-03 9.999849956483204405e-01
-6.090219216603054301e-04 6.359822742153368492e-03 9.999795906652253485e-01
-7.488553669587656595e-04 7.331125272300348904e-03 9.999728465402881739e-01
-9.084640429905031875e-04 8.369776760248203579e-03 9.999645601370446002e-01
-1.089119699229097521e-03 9.475373673153562881e-03 9.999545145215572584e-01
-1.292085762526665399e-03 1.064748788232344756e-02 9.999424791037673232e-01
-1.518616836606905256e-03 1.188566675986715664e-02 9.999282097873771757e-01
-1.769958199324280033e-03 1.318943328203362429e-02 9.999114491282143913e-01
-2.047345297646736579e-03 1.455828613954804514e-02 9.998919265010234314e-01
-2.352003240339200444e-03 1.599169985527340229e-02 9.998693582746278619e-01
-2.685146288345716462e-03 1.748912490953331844e-02 9.998434479954010357e-01
-3.047977342889483625e-03 1.904998787344236791e-02 9.998138865789802932e-01
-3.441687431332106015e-03 2.067369155059849486e-02 9.997803525101536248e-01
-3.867455190856102301e-03 2.235961512749947908e-02 9.997425120508445229e-01
-4.326446350058003702e-03 2.410711433305156789e-02 9.997000194561140862e-01
-4.819813208563212756e-03 2.591552160754313425e-02 9.996525171980967794e-01
-5.348694114798085292e-03 2.778414628145975743e-02 9.995996361977785849e-01
-5.914212942079397420e-03 2.971227476451932664e-02 9.995409960645214031e-01
-6.517478563206417427e-03 3.169917074530652357e-02 9.994762053432331150e-01
-7.159584323766107761e-03 3.374407540188543997e-02 9.994048617690745040e-01
-7.841607514387522598e-03 3.584620762376710540e-02 9.993265525295896845e-01
-8.564608842207121348e-03 3.800476424560515071e-02 9.992408545341400217e-01
-9.329631901832457358e-03 4.021892029298802795e-02 9.991473346905140884e-01
-1.013770264611741669e-02 4.248782924068961880e-02 9.990455501885802114e-01
-1.098982885708783830e-02 4.481062328373228848e-02 9.989350487908418286e-01
-1.188699961738179031e-02 4.718641362160704705e-02 9.988153691297461112e-01
-1.283018478259406910e-02 4.961429075598444705e-02 9.986860410115927511e-01
-1.382033445493936405e-02 5.209332480223752976e-02 9.985465857268790435e-01
-1.485837845867310665e-02 5.462256581508426190e-02 9.983965163669115128e-01
-1.594522581773304484e-02 5.720104412864132626e-02 9.982353381465062236e-01
-1.708176423608810321e-02 5.982777071116442830e-02 9.980625487325924805e-01
-1.826885958130392701e-02 6.250173753473177440e-02 9.978776385785247394e-01
-1.950735537185668486e-02 6.522191796010766429e-02 9.976800912639030017e-01
-2.079807226874799339e-02 6.798726713700188606e-02 9.974693838396904155e-01
-2.214180757199434371e-02 7.079672241991792625e-02 9.972449871784104802e-01
-2.353933472258384202e-02 7.364920379975908871e-02 9.970063663291974798e-01
-2.499140281051159818e-02 7.654361435133630320e-02 9.967529808774662214e-01
-2.649873608952237058e-02 7.947884069689477304e-02 9.964842853089580510e-01
-2.806203349920525711e-02 8.245375348574884855e-02 9.961997293779125684e-01
-2.968196819510003984e-02 8.546720789008549479e-02 9.958987584791054726e-01
-3.135918708748838823e-02 8.851804411696650998e-02 9.955808140234871928e-01
-3.309431038955513299e-02 9.160508793652873127e-02 9.952453338171455277e-01
-3.488793117561550527e-02 9.472715122634893514e-02 9.948917524433108506e-01
-3.674061495011331918e-02 9.788303253190727693e-02 9.945195016471131133e-01
-3.865289922810241641e-02 1.010715176430491136e-01 9.941280107227926655e-01
-4.062529312792965280e-02 1.042913801863102757e-01 9.937167069030595767e-01
-4.265827697684157482e-02 1.075413822329354674e-01 9.932850157502896016e-01
-4.475230193023931741e-02 1.108202749223833883e-01 9.928323615492368193e-01
-4.690778960530671282e-02 1.141267991010758154e-01 9.923581677009377655e-01
-4.912513172973505260e-02 1.174596859761106588e-01 9.918618571174746545e-01
-5.140468980626474588e-02 1.208176577836220372e-01 9.913428526172595179e-01
-5.374679479375883001e-02 1.241994284714326435e-01 9.908005773204956457e-01
-5.615174680551589248e-02 1.276037043956062267e-01 9.902344550444671656e-01
-5.861981482552099110e-02 1.310291850304704520e-01 9.896439106983028200e-01
-6.115123644332167568e-02 1.344745636916425680e-01 9.890283706768554506e-01
-6.374621760820312066e-02 1.379385282715535066e-01 9.883872632533347025e-01
-6.640493240332105696e-02 1.414197619869284883e-01 9.877200189703269073e-01
-6.912752284043383044e-02 1.449169441376459699e-01 9.870260710288327743e-01
-7.191409867585578375e-02 1.484287508763608709e-01 9.863048556749510754e-01
-7.476473724823266831e-02 1.519538559882421536e-01 9.855558125838344008e-01
-7.767948333871665945e-02 1.554909316801408037e-01 9.847783852405415095e-01
-8.065834905409328959e-02 1.590386493784702038e-01 9.839720213174099062e-01
-8.370131373338551839e-02 1.625956805350483592e-01 9.831361730475708383e-01
-8.680832387843115394e-02 1.661606974401197423e-01 9.822702975942310122e-01
-8.997929310889901666e-02 1.697323740417442384e-01 9.813738574153442196e-01
-9.321410214217680512e-02 1.733093867707115876e-01 9.804463206232980621e-01
-9.651259879852919221e-02 1.768904153701122695e-01 9.794871613392438503e-01
-9.987459803188890317e-02 1.804741437286693229e-01 9.784958600416981955e-01
-1.032998819866060847e-01 1.840592607169117823e-01 9.774719039090504769e-01
-1.067882000804423609e-01 1.876444610252469836e-01 9.764147871556124736e-01
-1.103392691140556020e-01 1.912284460029690103e-01 9.753240113608521167e-01
-1.139527734071799914e-01 1.948099244972205379e-01 9.741990857914578639e-01
-1.176283649616630539e-01 1.983876136909094590e-01 9.730395277158855327e-01
-1.213656636514775788e-01 2.019602399385659330e-01 9.718448627110481963e-01
-1.251642574397814622e-01 2.055265395991131006e-01 9.706146249608131882e-01
-1.290237026230527662e-01 2.090852598645142335e-01 9.693483575459818091e-01
-1.329435241022808856e-01 2.126351595832505770e-01 9.680456127254332133e-01
-1.369232156811478474e-01 2.161750100775782502e-01 9.667059522081239420e-01
-1.409622403910856248e-01 2.197035959535088567e-01 9.653289474156436789e-01
-1.450600308430481933e-01 2.232197159024574551e-01 9.639141797350392338e-01
-1.492159896057882740e-01 2.267221834935022884e-01 9.624612407616282006e-01
-1.534294896103808037e-01 2.302098279552047544e-01 9.609697325315353922e-01
-1.576998745806866276e-01 2.336814949459437851e-01 9.594392677436982542e-01
-1.620264594894023080e-01 2.371360473117274104e-01 9.578694699710986749e-01
-1.664085310392935391e-01 2.405723658304555201e-01 9.562599738609913747e-01
-1.708453481691629972e-01 2.439893499416207756e-01 9.546104253239146020e-01
-1.753361425840563037e-01 2.473859184604509098e-01 9.529204817112799653e-01
-1.798801193091638106e-01 2.507610102755135628e-01 9.511898119813548824e-01
-1.844764572668309011e-01 2.541135850288256393e-01 9.494180968534645659e-01
-1.891243098760451158e-01 2.574426237775317983e-01 9.476050289502565560e-01
-1.938228056737255345e-01 2.607471296362421365e-01 9.457503129278853615e-01
-1.985710489570976789e-01 2.640261283991461871e-01 9.438536655939914199e-01
-2.033681204463970438e-01 2.672786691410504734e-01 9.419148160133641312e-01
-2.082130779671052256e-01 2.705038247965173004e-01 9.399335056011957068e-01
-2.131049571508851492e-01 2.737006927163171954e-01 9.379094882038478964e-01
-2.180427721543460595e-01 2.768683952004423188e-01 9.358425301670726393e-01
-2.230255163947355013e-01 2.800060800069649747e-01 9.337324103916414542e-01
-2.280521633016227567e-01 2.831129208360654292e-01 9.315789203763585880e-01
-2.331216670836089300e-01 2.861881177885922667e-01 9.293818642484477088e-01
-2.382329635090705278e-01 2.892308977985615925e-01 9.271410587813204707e-01
-2.433849706999174078e-01 2.922405150390446904e-01 9.248563333997509295e-01
-2.485765899373231502e-01 2.952162513009373712e-01 9.225275301724985555e-01
-2.538067064783637306e-01 2.981574163441509939e-01 9.201545037924383497e-01
-2.590741903824820835e-01 3.010633482208114331e-01 9.177371215442737817e-01
-2.643778973466795468e-01 3.039334135700992312e-01 9.152752632599249205e-01
-2.697166695483208532e-01 3.067670078844135784e-01 9.127688212617013352e-01
-2.750893364944277386e-01 3.095635557465901688e-01 9.102177002933842243e-01
-2.804947158763275161e-01 3.123225110379534430e-01 9.076218174393598792e-01
-2.859316144285160566e-01 3.150433571170324631e-01 9.049811020319612487e-01
-2.913988287905900365e-01 3.177256069688197404e-01 9.022954955471903515e-01
-2.968951463711030914e-01 3.203688033245018496e-01 8.995649514890089460e-01
-3.024193462121995135e-01 3.229725187516406804e-01 8.967894352624006249e-01
-3.079701998538844632e-01 3.255363557148329701e-01 8.939689240354197208e-01
-3.135464721967943236e-01 3.280599466069251124e-01 8.911034065904590573e-01
-3.191469223623388807e-01 3.305429537509086413e-01 8.881928831649790190e-01
-3.247703045490993312e-01 3.329850693726694733e-01 8.852373652819561789e-01
-3.304153688843768921e-01 3.353860155448115665e-01 8.822368755703194898e-01
-3.360808622698039372e-01 3.377455441018204496e-01 8.791914475756558156e-01
-3.417655292199459627e-01 3.400634365268791481e-01 8.761011255614767901e-01
-3.474681126928431119e-01 3.423395038106913923e-01 8.729659643013500947e-01
-3.531873549114608601e-01 3.445735862827104534e-01 8.697860288622086822e-01
-3.589219981750441657e-01 3.467655534152136454e-01 8.665613943791594664e-01
-3.646707856593942587e-01 3.489153036007016651e-01 8.632921458221245459e-01
-3.704324622051149984e-01 3.510227639031414659e-01 8.599783777546537999e-01
-3.762057750929051481e-01 3.530878897836072783e-01 8.566201940852559149e-01
-3.819894748050031708e-01 3.551106648009102473e-01 8.532177078116035540e-01
-3.877823157719240688e-01 3.570911002878399132e-01 8.497710407579717184e-01
-3.935830571036610381e-01 3.590292350036728419e-01 8.462803233062772268e-01
-3.993904633045601282e-01 3.609251347636334706e-01 8.427456941210893504e-01
-4.052033049711121215e-01 3.627788920460187638e-01 8.391672998689877483e-01
-4.110203594719431530e-01 3.645906255777258687e-01 8.355452949326478418e-01
-4.168404116093242795e-01 3.663604798989441025e-01 8.318798411200346576e-01
-4.226622542615585121e-01 3.680886249077949257e-01 8.281711073690909419e-01
-4.284846890056447366e-01 3.697752553857230340e-01 8.244192694483059025e-01
-4.343065267196576928e-01 3.714205905044590250e-01 8.206245096535522698e-01
-4.401265881643243727e-01 3.730248733153896379e-01 8.167870165015794770e-01
-4.459437045433187752e-01 3.745883702221845524e-01 8.129069844205517592e-01
-4.517567180418385897e-01 3.761113704375400602e-01 8.089846134380183074e-01
-4.575644823430687347e-01 3.775941854249087459e-01 8.050201088667011673e-01
-4.633658631221793667e-01 3.790371483260914776e-01 8.010136809884861320e-01
-4.691597385175473311e-01 3.804406133755726671e-01 7.969655447369975443e-01
-4.749449995789317147e-01 3.818049553024824294e-01 7.928759193791371507e-01
-4.807205506923756810e-01 3.831305687210709299e-01 7.887450281959613729e-01
-4.864853099816479065e-01 3.844178675105777154e-01 7.845730981632703660e-01
-4.922382096860776213e-01 3.856672841853772127e-01 7.803603596322742364e-01
-4.979781965146771183e-01 3.868792692562756375e-01 7.761070460107014624e-01
-5.037042319764855058e-01 3.880542905838278989e-01 7.718133934447043432e-01
-5.094152926871056142e-01 3.891928327245356978e-01 7.674796405019154166e-01
-5.151103706514443825e-01 3.902953962707757518e-01 7.631060278559994581e-01
-5.207884735227048534e-01 3.913624971852978085e-01 7.586927979730409000e-01
-5.264486248377124866e-01 3.923946661311160100e-01 7.542401948000991840e-01
-5.320898642286953084e-01 3.933924477976047940e-01 7.497484634562590067e-01
-5.377112476116711060e-01 3.943564002235922517e-01 7.452178499264926481e-01
-5.433118473516271862e-01 3.952870941182271558e-01 7.406486007586469134e-01
-5.488907524047121900e-01 3.961851121803771636e-01 7.360409627638576646e-01
-5.544470684376875402e-01 3.970510484172943277e-01 7.313951827206878198e-01
-5.599799179249189685e-01 3.978855074632645095e-01 7.267115070832761425e-01
-5.654884402232128737e-01 3.986891038989333058e-01 7.219901816937775996e-01
-5.709717916248340241e-01 3.994624615719792882e-01 7.172314514993650691e-01
-5.764291453890622030e-01 4.002062129197803686e-01 7.124355602740559679e-01
-5.818596917526734913e-01 4.009209982946942974e-01 7.076027503456187029e-01
-5.872626379197535273e-01 4.016074652925490929e-01 7.027332623278041979e-01
-5.926372080312707347e-01 4.022662680849128369e-01 6.978273348581406355e-01
-5.979826431148610455e-01 4.028980667556847362e-01 6.928852043415199002e-01
-6.032982010152909691e-01 4.035035266425235911e-01 6.879071046997967676e-01
-6.085831563060873917e-01 4.040833176836005070e-01 6.828932671276132238e-01
-6.138368001828359288e-01 4.046381137701356989e-01 6.778439198546507560e-01
-6.190584403386664158e-01 4.051685921051511041e-01 6.727592879145074534e-01
-6.242474008224581095e-01 4.056754325688410878e-01 6.676395929203872148e-01
-6.294030218803089438e-01 4.061593170909363337e-01 6.624850528477795875e-01
-6.345246597808249511e-01 4.066209290304064194e-01 6.572958818243033186e-01
-6.396116866247966160e-01 4.070609525628185454e-01 6.520722899268772688e-01
-6.446634901398367035e-01 4.074800720756416861e-01 6.468144829863742284e-01
-6.496794734605640942e-01 4.078789715717561215e-01 6.415226623999087385e-01
-6.546590548949217103e-01 4.082583340814016637e-01 6.361970249508996922e-01
-6.596016676772258336e-01 4.086188410827691908e-01 6.308377626370440527e-01
-6.645067597085460021e-01 4.089611719314124039e-01 6.254450625063300295e-01
-6.693737932850195582e-01 4.092860032986304630e-01 6.200191065012121694e-01
-6.742022448147072522e-01 4.095940086189449603e-01 6.145600713110660474e-01
-6.789916045235986353e-01 4.098858575467682064e-01 6.090681282330310253e-01
-6.837413761513763122e-01 4.101622154223347194e-01 6.035434430413491036e-01
-6.884510766375482316e-01 4.104237427469420441e-01 5.979861758652973425e-01
-6.931202357985570828e-01 4.106710946675228291e-01 5.923964810758107769e-01
-6.977483959964744242e-01 4.109049204705456648e-01 5.867745071808861956e-01
-7.023351117998843929e-01 4.111258630852192009e-01 5.811203967298522732e-01
-7.068799496375612890e-01 4.113345585959518047e-01 5.754342862265896530e-01
-7.113824874455393354e-01 4.115316357639954292e-01 5.697163060517791422e-01
-7.158423143081720230e-01 4.117177155581835390e-01 5.639665803942547351e-01
-7.202590300937724566e-01 4.118934106946500751e-01 5.581852271915324071e-01
-7.246322450854231212e-01 4.120593251853985617e-01 5.523723580795871779e-01
-7.289615796075379350e-01 4.122160538955705333e-01 5.465280783519443908e-01
-7.332466636487533496e-01 4.123641821092443038e-01 5.406524869281525980e-01
-7.374871364817231489e-01 4.125042851035788938e-01 5.347456763317023354e-01
-7.416826462803816078e-01 4.126369277310997230e-01 5.288077326774535125e-01
-7.458328497352387787e-01 4.127626640099087973e-01 5.228387356686349241e-01
-7.499374116672613555e-01 4.128820367215861320e-01 5.168387586034771664e-01
-7.539960046408907823e-01 4.129955770165359974e-01 5.108078683915406870e-01
-7.580083085767411744e-01 4.131038040265180289e-01 5.047461255798016966e-01
-7.619740103645167295e-01 4.132072244840913067e-01 4.986535843885571140e-01
-7.658928034766803172e-01 4.133063323486886320e-01 4.925302927572127176e-01
-7.697643875834004890e-01 4.134016084390270129e-01 4.863762924000182841e-01
-7.735884681692990483e-01 4.134935200715515458e-01 4.801916188718153844e-01
-7.773647561525156569e-01 4.135825207046013863e-01 4.739763016438654497e-01
-7.810929675066003997e-01 4.136690495879780105e-01 4.677303641898269970e-01
-7.847728228857426824e-01 4.137535314175900814e-01 4.614538240819540116e-01
-7.884040472538380584e-01 4.138363759948429088e-01 4.551466930975895941e-01
-7.919863695178923635e-01 4.139179778904357732e-01 4.488089773360315338e-01
-7.955195221662577643e-01 4.139987161122257175e-01 4.424406773458503528e-01
-7.990032409121934354e-01 4.140789537768143069e-01 4.360417882627427022e-01
-8.024372643432396979e-01 4.141590377845105753e-01 4.296122999580070378e-01
-8.058213335768924512e-01 4.142392984973231052e-01 4.231521971977323382e-01
-8.091551919230631773e-01 4.143200494196329076e-01 4.166614598127944546e-01
-8.124385845538090178e-01 4.144015868811998793e-01 4.101400628797582937e-01
-8.156712581808146512e-01 4.144841897221574478e-01 4.035879769127894701e-01
-8.188529607411103584e-01 4.145681189796515120e-01 3.970051680666823457e-01
-8.219834410915082268e-01 4.146536175757843945e-01 3.903915983511167531e-01
-8.250624487122415474e-01 4.147409100065280740e-01 3.837472258562599214e-01
-8.280897334202920179e-01 4.148302020312770177e-01 3.770720049898355630e-01
-8.310650450928929178e-01 4.149216803627169825e-01 3.703658867257860199e-01
-8.339881334016983061e-01 4.150155123566935944e-01 3.636288188646594199e-01
-8.368587475581120705e-01 4.151118457017733965e-01 3.568607463058581786e-01
-8.396766360702725418e-01 4.152108081081991586e-01 3.500616113318898437e-01
-8.424415465121964930e-01 4.153125069959520688e-01 3.432313539047673889e-01
-8.451532253055873412e-01 4.154170291816448035e-01 3.363699119747101673e-01
-8.478114175148204756e-01 4.155244405639831329e-01 3.294772218013015674e-01
-8.504158666556237423e-01 4.156347858075467583e-01 3.225532182872654086e-01
-8.529663145179778860e-01 4.157480880246554600e-01 3.155978353250261104e-01
-8.554625010037687494e-01 4.158643484551033387e-01 3.086110061562239992e-01
-8.579041639797314600e-01 4.159835461435613113e-01 3.015926637443601677e-01
-8.602910391462337270e-01 4.161056376144666169e-01 2.945427411607506873e-01
-8.626228599224547988e-01 4.162305565442384059e-01 2.874611719839725299e-01
-8.648993573485257436e-01 4.163582134306801352e-01 2.803478907129889341e-01
-8.671202600052044795e-01 4.164884952594520295e-01 2.732028331941441790e-01
-8.692852939516718669e-01 4.166212651675210710e-01 2.660259370622207187e-01
-8.713941826820406078e-01 4.167563621035222376e-01 2.588171421957553009e-01
-8.734466471011836930e-01 4.168936004849910781e-01 2.515763911868120206e-01
-8.754424055204951260e-01 4.170327698524569637e-01 2.443036298254119276e-01
-8.773811736742094247e-01 4.171736345204168361e-01 2.369988075988208875e-01
-8.792626647569150578e-01 4.173159332252402431e-01 2.296618782058972574e-01
-8.810865136754101323e-01 4.174437439284090501e-01 2.223224598066155244e-01
-8.828526070672252368e-01 4.175578194033960910e-01 2.149807938160538667e-01
-8.845608421937530830e-01 4.176588889921024617e-01 2.076371088303693990e-01
-8.862111263438068320e-01 4.177476584555068762e-01 2.002916210415079112e-01
-8.878033762554539132e-01 4.178248098383877118e-01 1.929445346543018358e-01
-8.893375175564243174e-01 4.178910013472935669e-01 1.855960423057236852e-01
-8.908134842233675910e-01 4.179468672409620833e-01 1.782463254860762181e-01
-8.922312180602036680e-01 4.179930177324118201e-01 1.708955549619144421e-01
-8.935906681957884734e-01 4.180300389019570018e-01 1.635438912005074685e-01
-8.948917906010912526e-01 4.180584926204215512e-01 1.561914847956610841e-01
-8.961345476260602627e-01 4.180789164818551895e-01 1.488384768947342285e-01
-8.973189075563312578e-01 4.180918237450821917e-01 1.414849996266942800e-01
-8.984448441899147708e-01 4.180977032834403140e-01 1.341311765310671533e-01
-8.995123364339822070e-01 4.180970195420968816e-01 1.267771229876492878e-01
-9.005213679218525558e-01 4.180902125023567839e-01 1.194229466468588602e-01
-9.014719266502677630e-01 4.180776976524055999e-01 1.120687478606129384e-01
-9.023640046370315915e-01 4.180598659639620518e-01 1.047146201136271298e-01
-9.031975975990734762e-01 4.180370838743410755e-01 9.736065045504257998e-02
-9.039727046509877795e-01 4.180096932734604920e-01 9.000691993029354132e-02
-9.046893280240894120e-01 4.179780114953527415e-01 8.265350401313646678e-02
-9.053474728060154630e-01 4.179423313137737850e-01 7.530047303776873924e-02
-9.059471467008968215e-01 4.179029209415309754e-01 6.794789263097170129e-02
-9.064883598101133311e-01 4.178600240331817317e-01 6.059582414421885860e-02
-9.069711244336415845e-01 4.178138596907857716e-01 5.324432508569566097e-02
-9.073954548919962448e-01 4.177646224724226309e-01 4.589344955218230965e-02
-9.077613673687623397e-01 4.177124824032177330e-01 3.854324866075555661e-02
-9.080688797737096474e-01 4.176575849886495773e-01 3.119377098026948972e-02
-9.083180116264756299e-01 4.176000512299414269e-01 2.384506296257865587e-02
-9.085087839608012583e-01 4.175399776413706854e-01 1.649716937346988946e-02
-9.086412192492979711e-01 4.174774362693596252e-01 9.150133723271492575e-03
-9.087153413487227827e-01 4.174124747132411106e-01 1.803998697110415633e-03
-9.087311754657343421e-01 4.173451161476233739e-01 -5.541193415210746674e-03
-9.086887481430996338e-01 4.172753593463070509e-01 -1.288540028974421991e-02
-9.085880872663193442e-01 4.172031787077390419e-01 -2.022857913936201846e-02
-9.084292220906357018e-01 4.171285242820162442e-01 -2.757068628518271475e-02
-9.082121832883848223e-01 4.170513217994828992e-01 -3.491167672848810577e-02
-9.079370030166521444e-01 4.169714727009947164e-01 -4.225150372315909786e-02
-9.076037150051858848e-01 4.168888541699525274e-01 -4.959011834866209473e-02
-9.072123546645222136e-01 4.168033191662378067e-01 -5.692746908361936975e-02
-9.067629592142685269e-01 4.167146964622117644e-01 -6.426350137999983780e-02
-9.062555678314914154e-01 4.166227906809687465e-01 -7.159815723797005593e-02
-9.056902218191477116e-01 4.165273823370643780e-01 -7.893137478144902908e-02
-9.050669647944948881e-01 4.164282278799673609e-01 -8.626308783441501149e-02
-9.043858428974097530e-01 4.163250597405123710e-01 -9.359322549801721292e-02
-9.036469050185386154e-01 4.162175863806613640e-01 -1.009217117285507032e-01
-9.028502030471964312e-01 4.161054923469071909e-01 -1.082484649163590607e-01
-9.019957921389232247e-01 4.159884383276835074e-01 -1.155733974657351670e-01
-9.010837310025985314e-01 4.158660612151715008e-01 -1.228964153758979466e-01
-9.001140822070059500e-01 4.157379741719224309e-01 -1.302174178231299828e-01
-8.990869125067281198e-01 4.156037667027417393e-01 -1.375362967441688677e-01
-8.980022595519567830e-01 4.154732127050095869e-01 -1.448238634503122291e-01
-8.968603951591347379e-01 4.153468930299807349e-01 -1.520802094484575151e-01
-8.956615868382997725e-01 4.152253608502236015e-01 -1.593054350286604581e-01
-8.944060975187140272e-01 4.151091420181844405e-01 -1.664996486328611247e-01
-8.930941853003113717e-01 4.149987354201719603e-01 -1.736629662393477658e-01
-8.917261032302813417e-01 4.148946133253864632e-01 -1.807955107627240710e-01
-8.903020991041238341e-01 4.147972217296599373e-01 -1.878974114691417951e-01
-8.888224152905191966e-01 4.147069806936187208e-01 -1.949688034065586717e-01
-8.872872885793759989e-01 4.146242846750189948e-01 -2.020098268497801386e-01
-8.856969500524297656e-01 4.145495028550465477e-01 -2.090206267600420997e-01
-8.840516249757843781e-01 4.144829794584081184e-01 -2.160013522588926094e-01
-8.823515327138001796e-01 4.144250340670786459e-01 -2.229521561161308674e-01
-8.805968866637491343e-01 4.143759619276017325e-01 -2.298731942515633009e-01
-8.787878942106741587e-01 4.143360342518745409e-01 -2.367646252503383675e-01
-8.769247567019018419e-01 4.143054985113783784e-01 -2.436266098916247402e-01
-8.750076694406763167e-01 4.142845787248468081e-01 -2.504593106904000055e-01
-8.730368216983951379e-01 4.142734757393904954e-01 -2.572628914521210008e-01
-8.710123967449433513e-01 4.142723675051264154e-01 -2.640375168400507788e-01
-8.689345718966368093e-01 4.142814093433830336e-01 -2.707833519550212342e-01
-8.668035185812998922e-01 4.143007342085791023e-01 -2.775005619274160118e-01
-8.646194024200164474e-01 4.143304529438962547e-01 -2.841893115211621690e-01
-8.623823833251069715e-01 4.143706545308880052e-01 -2.908497647495255078e-01
-8.600926156138970491e-01 4.144214063331887465e-01 -2.974820845025095140e-01
-8.577502481378556087e-01 4.144827543345066534e-01 -3.040864321856638908e-01
-8.553554244266926565e-01 4.145547233711032731e-01 -3.106629673701142846e-01
-8.529082828470189170e-01 4.146373173589810723e-01 -3.172118474536320676e-01
-8.504089567751788037e-01 4.147305195160165825e-01 -3.237332273325679299e-01
-8.478575747838806853e-01 4.148342925792941616e-01 -3.302272590844810840e-01
-8.452542608422553005e-01 4.149485790179102129e-01 -3.366940916613009316e-01
-8.425991345289853829e-01 4.150733012415323553e-01 -3.431338705928658750e-01
-8.398923112581549999e-01 4.152083618050118607e-01 -3.495467377006904464e-01
-8.371339025174759918e-01 4.153536436093611672e-01 -3.559328308218179249e-01
-8.343240161185564441e-01 4.155090100994198177e-01 -3.622922835426233834e-01
-8.314627564588811248e-01 4.156743054585445574e-01 -3.686252249424382677e-01
-8.285502247951797017e-01 4.158493548006693685e-01 -3.749317793468744942e-01
-8.255865195278638824e-01 4.160339643600920456e-01 -3.812120660907328262e-01
-8.225717364962178424e-01 4.162279216793531855e-01 -3.874661992903866148e-01
-8.195059692840300780e-01 4.164309957955817931e-01 -3.936942876255392076e-01
-8.163893095353578211e-01 4.166429374256908624e-01 -3.998964341302588821e-01
-8.132218472801152620e-01 4.168634791508128989e-01 -4.060727359932024827e-01
-8.100036712691806029e-01 4.170923356003722882e-01 -4.122232843669445534e-01
-8.067348693187142983e-01 4.173292036361982427e-01 -4.183481641863350253e-01
-8.034155286633833937e-01 4.175737625370871675e-01 -4.244474539958146275e-01
-8.000457363181830983e-01 4.178256741842278910e-01 -4.305212257856229630e-01
-7.966255794485472830e-01 4.180845832479084812e-01 -4.365695448368396292e-01
-7.931551457484349310e-01 4.183501173759260894e-01 -4.425924695752048166e-01
-7.896345238260784605e-01 4.186218873841244803e-01 -4.485900514336700895e-01
-7.860638035970739512e-01 4.188994874494870735e-01 -4.545623347236361078e-01
-7.824430766844902019e-01 4.191824953062134318e-01 -4.605093565148386525e-01
-7.787724368256677687e-01 4.194704724452097411e-01 -4.664311465238481502e-01
-7.750519802853730322e-01 4.197629643174237146e-01 -4.723277270111537751e-01
-7.712818062749667858e-01 4.200595005414528571e-01 -4.781991126868057052e-01
-7.674620173772385145e-01 4.203595951158562993e-01 -4.840453106245943271e-01
-7.635927199765508711e-01 4.206627466365963630e-01 -4.898663201847479054e-01
-7.596740246939309715e-01 4.209684385200350154e-01 -4.956621329451343927e-01
-7.557060468267348119e-01 4.212761392319067655e-01 -5.014327326409548924e-01
-7.516889067925042189e-01 4.215853025226853901e-01 -5.071780951129207793e-01
-7.476227305766238729e-01 4.218953676697574373e-01 -5.128981882639070955e-01
-7.435076501833777218e-01 4.222057597268101814e-01 -5.185929720240783913e-01
-7.393438040899923402e-01 4.225158897808345415e-01 -5.242623983244846242e-01
-7.351313377032449026e-01 4.228251552171376493e-01 -5.299064110791257276e-01
-7.308704038182015639e-01 4.231329399927506452e-01 -5.355249461754857387e-01
-7.265611630786408259e-01 4.234386149186095127e-01 -5.411179314735367063e-01
-7.222037844387053651e-01 4.237415379508763791e-01 -5.466852868132149323e-01
-7.177984456253128087e-01 4.240410544917587732e-01 -5.522269240303707694e-01
-7.133453336008449552e-01 4.243364977001727878e-01 -5.577427469811944150e-01
-7.088446450256216114e-01 4.246271888125839333e-01 -5.632326515751173712e-01
-7.042965867196548935e-01 4.249124374743460941e-01 -5.686965258161917891e-01
-6.997013761231646312e-01 4.251915420818457858e-01 -5.741342498529448113e-01
-6.950592417553267399e-01 4.254637901357423702e-01 -5.795456960367071364e-01
-6.903704236707108866e-01 4.257284586055812836e-01 -5.849307289884092542e-01
-6.856351739128544454e-01 4.259848143060381287e-01 -5.902892056738409110e-01
-6.808537569644066423e-01 4.262321142850358791e-01 -5.956209754873617035e-01
-6.760264501932642389e-01 4.264696062239571872e-01 -6.009258803440521435e-01
-6.711535442941115592e-01 4.266965288501552434e-01 -6.062037547802876514e-01
-6.662353437247637844e-01 4.269121123619460390e-01 -6.114544260627168271e-01
-6.612721671367032261e-01 4.271155788662425179e-01 -6.166777143056186850e-01
-6.562643477991885188e-01 4.273061428289703922e-01 -6.218734325966113197e-01
-6.512122340163066792e-01 4.274830115383809193e-01 -6.270413871306775855e-01
-6.461161895363282115e-01 4.276453855813521221e-01 -6.321813773524694868e-01
-6.409765939527192202e-01 4.277924593327456226e-01 -6.372931961068466489e-01
-6.357938430961542764e-01 4.279234214578596651e-01 -6.423766297975991302e-01
-6.305683494168694558e-01 4.280374554279926524e-01 -6.474314585542966238e-01
-6.253005423566867504e-01 4.281337400491043721e-01 -6.524574564072022076e-01
-6.199908687100382787e-01 4.282114500035335003e-01 -6.574543914701795888e-01
-6.146397929733118382e-01 4.282697564047012184e-01 -6.624220261315164615e-01
-6.092477976818387875e-01 4.283078273647014655e-01 -6.673601172525791547e-01
-6.038153837338418040e-01 4.283248285746478201e-01 -6.722684163742055352e-01
-5.983430707006593963e-01 4.283199238976163059e-01 -6.771466699307352455e-01
-5.928313971225641632e-01 4.282922759739920537e-01 -6.819946194715672538e-01
-5.872809207894936767e-01 4.282410468389959979e-01 -6.868120018901275881e-01
-5.816922190060153097e-01 4.281653985521350347e-01 -6.915985496601196880e-01
-5.760658888398509925e-01 4.280644938382868747e-01 -6.963539910789209308e-01
-5.704025473532924329e-01 4.279374967400974561e-01 -7.010780505179808886e-01
-5.647028318168447747e-01 4.277835732813356495e-01 -7.057704486800653321e-01
-5.589673999044462160e-01 4.276018921408162865e-01 -7.104309028631818901e-01
-5.531969298696183257e-01 4.273916253364691831e-01 -7.150591272310133917e-01
-5.473921207019166735e-01 4.271519489190978014e-01 -7.196548330896734846e-01
-5.415536922630611594e-01 4.268820436753383851e-01 -7.242177291705909070e-01
-5.356823854021431908e-01 4.265810958392956542e-01 -7.287475219193179088e-01
-5.297789620493198459e-01 4.262482978122988930e-01 -7.332439157900474402e-01
-5.238442052874268118e-01 4.258828488901890141e-01 -7.377066135456146201e-01
-5.178789194009576491e-01 4.254839559975142627e-01 -7.421353165627477821e-01
-5.118839299018821398e-01 4.250508344279801398e-01 -7.465297251423226310e-01
-5.058600835317953459e-01 4.245827085904680942e-01 -7.508895388243645996e-01
-4.998082482399175408e-01 4.240788127599055546e-01 -7.552144567075339543e-01
-4.937293131364883791e-01 4.235383918322411234e-01 -7.595041777728176458e-01
-4.876241884211287569e-01 4.229607020827477748e-01 -7.637584012111418019e-01
-4.814938052857717365e-01 4.223450119268499781e-01 -7.679768267546113192e-01
-4.753391157917969401e-01 4.216906026826428566e-01 -7.721591550110694646e-01
-4.691610927210335680e-01 4.209967693342447359e-01 -7.763050878016652945e-01
-4.629607294003332818e-01 4.202628212951005637e-01 -7.804143285011044817e-01
-4.567390394994489400e-01 4.194880831703295399e-01 -7.844865823802521509e-01
-4.504970568019929789e-01 4.186718955171880308e-01 -7.885215569507462163e-01
-4.442358349492878666e-01 4.178136156026989179e-01 -7.925189623112736115e-01
-4.379564471569605266e-01 4.169126181574784318e-01 -7.964785114951521416e-01
-4.316599859041751475e-01 4.159682961247760380e-01 -8.003999208188532499e-01
-4.253475625954397099e-01 4.149800614037253421e-01 -8.042829102310957712e-01
-4.190203071949666347e-01 4.139473455857926032e-01 -8.081272036621317545e-01
-4.126793678336116433e-01 4.128696006833960652e-01 -8.119325293728411053e-01
-4.063259103884607204e-01 4.117462998496611570e-01 -8.156986203032451366e-01
-3.999611180351819173e-01 4.105769380882682840e-01 -8.194252144200441235e-01
-3.935861907733052001e-01 4.093610329523451052e-01 -8.231120550627800680e-01
-3.872023449246418392e-01 4.080981252313524710e-01 -8.267588912882201102e-01
-3.808108126051029663e-01 4.067877796249119715e-01 -8.303654782125555744e-01
-3.744128411702256076e-01 4.054295854025249946e-01 -8.339315773510047602e-01
-3.680096926347636299e-01 4.040231570481375711e-01 -8.374569569544092484e-01
-3.616026430667498848e-01 4.025681348885113420e-01 -8.409413923424096104e-01
-3.551929819564854651e-01 4.010641857043700798e-01 -8.443846662327859631e-01
-3.487820115609603366e-01 3.995110033233030822e-01 -8.477865690665488119e-01
-3.423710462242594010e-01 3.979083091934199623e-01 -8.511468993283665130e-01
-3.359614116745555656e-01 3.962558529367686266e-01 -8.544654638619154641e-01
-3.295544442983396882e-01 3.945534128815467168e-01 -8.577420781797430172e-01
-3.231514903925848947e-01 3.928007965721584949e-01 -8.609765667672336642e-01
-3.167539053955885087e-01 3.909978412561928574e-01 -8.641687633802738189e-01
-3.103630530972810719e-01 3.891444143474251938e-01 -8.673185113362144039e-01
-3.039803048298359567e-01 3.872404138639737869e-01 -8.704256637977342281e-01
-2.976070386394563116e-01 3.852857688407733683e-01 -8.734900840492143548e-01
-2.912446384402586630e-01 3.832804397155618048e-01 -8.765116457652386561e-01
-2.848944931512119583e-01 3.812244186876112551e-01 -8.794902332708434134e-01
-2.785579958171301440e-01 3.791177300484739887e-01 -8.824257417931460346e-01
-2.722365427147537820e-01 3.769604304840522557e-01 -8.853180777039920679e-01
-2.659315324449906259e-01 3.747526093473446673e-01 -8.881671587532692369e-01
-2.596443650124188318e-01 3.724943889012646836e-01 -8.909729142925453260e-01
-2.533764408931875600e-01 3.701859245309736535e-01 -8.937352854886994047e-01
-2.471291600924784559e-01 3.678274049252176492e-01 -8.964542255272263116e-01
-2.409039211927179458e-01 3.654190522262074636e-01 -8.991296998049054245e-01
-2.347021203937549871e-01 3.629611221476313210e-01 -9.017616861115390625e-01
-2.285251505462398969e-01 3.604539040604421984e-01 -9.043501748004770802e-01
-2.223744001794594194e-01 3.578977210461148362e-01 -9.068951689476593137e-01
-2.162512525248993511e-01 3.552929299171224131e-01 -9.093966844989213039e-01
-2.101570845368199436e-01 3.526399212044378784e-01 -9.118547504053238217e-01
-2.040932659111398539e-01 3.499391191119211042e-01 -9.142694087462810426e-01
-1.980611581039329050e-01 3.471909814375101488e-01 -9.166407148402798688e-01
-1.920621133508465250e-01 3.443959994611921482e-01 -9.189687373429969997e-01
-1.860974736887535397e-01 3.415546977997868661e-01 -9.212535583326389999e-01
-1.801685699809480457e-01 3.386676342286338293e-01 -9.234952733823453830e-01
-1.742767209471923762e-01 3.357353994703319855e-01 -9.256939916195148221e-01
-1.684232321999158677e-01 3.327586169507380509e-01 -9.278498357719290324e-01
-1.626093952878564508e-01 3.297379425224878924e-01 -9.299629422005698531e-01
-1.568364867484237368e-01 3.266740641563609104e-01 -9.320334609190403796e-01
-1.511057671700470062e-01 3.235677016008647877e-01 -9.340615555995218644e-01
-1.454184802657531028e-01 3.204196060104726462e-01 -9.360474035652136537e-01
-1.397758519591988102e-01 3.172305595429991687e-01 -9.379911957692247393e-01
-1.341790894843577220e-01 3.140013749266561405e-01 -9.398931367599020481e-01
-1.286293805000362778e-01 3.107328949973788279e-01 -9.417534446325995789e-01
-1.231278922203634940e-01 3.074259922070661788e-01 -9.435723509679123655e-01
-1.176757705623684147e-01 3.040815681034265694e-01 -9.453501007564145686e-01
-1.122741393117246411e-01 3.007005527821675073e-01 -9.470869523099634257e-01
-1.069240993077052587e-01 2.972839043123146063e-01 -9.487831771596452191e-01
-1.016267276483530102e-01 2.938326081354872277e-01 -9.504390599404598516e-01
-9.638307691682988787e-02 2.903476764400005905e-01 -9.520548982628567192e-01
-9.119417442986769984e-02 2.868301475107030152e-01 -9.536310025712536609e-01
-8.606102150919661686e-02 2.832810850554942639e-01 -9.551676959896862051e-01
-8.098459277678277113e-02 2.797015775095048062e-01 -9.566653141547527550e-01
-7.596583547465786401e-02 2.760927373179493105e-01 -9.581242050360357920e-01
-7.100566881007491782e-02 2.724557001986959159e-01 -9.595447287441978279e-01
-6.610498332667347210e-02 2.687916243856203202e-01 -9.609272573269637130e-01
-6.126464030228600394e-02 2.651016898538383626e-01 -9.622721745532178961e-01
-5.648547117396487960e-02 2.613870975279315445e-01 -9.635798756854583313e-01
-5.176827699075545186e-02 2.576490684742998027e-01 -9.648507672408646041e-01
-4.711382789468696736e-02 2.538888430787905603e-01 -9.660852667412491712e-01
-4.252286263039817271e-02 2.501076802107674024e-01 -9.672838024521751565e-01
-3.799608808375969787e-02 2.463068563747913553e-01 -9.684468131115353540e-01
-3.353417884979995045e-02 2.424876648510956856e-01 -9.695747476478996374e-01
-2.913777683018608025e-02 2.386514148260393264e-01 -9.706680648889484120e-01
-2.480749086045653043e-02 2.347994305137266202e-01 -9.717272332603194007e-01
-2.054389636714679113e-02 2.309330502699794563e-01 -9.727527304752072723e-01
-1.634753505489559833e-02 2.270536256998446911e-01 -9.737450432150607238e-01
-1.221891462356499564e-02 2.231625207598130767e-01 -9.747046668017336213e-01
-8.158508515354554250e-03 2.192611108559172906e-01 -9.756321048614521318e-01
-4.166755691837795671e-03 2.153507819388645328e-01 -9.765278689809675505e-01
-2.440604407975971446e-04 2.114329295973455258e-01 -9.773924783562699670e-01
3.609207787312763288e-03 2.075089581506449343e-01 -9.782264594342446884e-01
7.392714513505176631e-03 2.035802797416589871e-01 -9.790303455476565553e-01
1.110616033525863716e-02 1.996483134314055718e-01 -9.798046765438523931e-01
1.474928100270334053e-02 1.957144842960880093e-01 -9.805499984075745079e-01
1.832184746634721306e-02 1.917802225277482342e-01 -9.812668628782814650e-01
2.182366589674786597e-02 1.878469625395182419e-01 -9.819558270623737206e-01
2.525457767657402625e-02 1.839161420764484356e-01 -9.826174530407227881e-01
2.861445936553952754e-02 1.799892013328611984e-01 -9.832523074719042855e-01
3.190322263873021646e-02 1.760675820771445133e-01 -9.838609611915344333e-01
3.512081419887927436e-02 1.721527267848668996e-01 -9.844439888081082390e-01
3.826721566317952544e-02 1.682460777810587671e-01 -9.850019682957377176e-01
4.134244342525236066e-02 1.643490763924685683e-01 -9.855354805841858301e-01
4.434654849292156420e-02 1.604631621105639117e-01 -9.860451091465893825e-01
4.727961630246715896e-02 1.565897717660090782e-01 -9.865314395852610163e-01
5.014176651005843727e-02 1.527303387153097769e-01 -9.869950592159572045e-01
5.293315276108771089e-02 1.488862920402760637e-01 -9.874365566509951675e-01
5.565396243814590277e-02 1.450590557609122144e-01 -9.878565213815958534e-01
5.830441638839870683e-02 1.412500480623011534e-01 -9.882555433598275707e-01
6.088476863113729404e-02 1.374606805360082673e-01 -9.886342125805164249e-01
6.339530604629035893e-02 1.336923574364877187e-01 -9.889931186634859372e-01
6.583634804469506996e-02 1.299464749529308516e-01 -9.893328504364818921e-01
6.820824622093278611e-02 1.262244204969545647e-01 -9.896539955191300253e-01
7.051138398954173714e-02 1.225275720064848278e-01 -9.899571399082691681e-01
7.274617620542257745e-02 1.188572972661478960e-01 -9.902428675649950218e-01
7.491306876925489522e-02 1.152149532444407404e-01 -9.905117600037406378e-01
7.701253821874209926e-02 1.116018854479100125e-01 -9.907643958837136777e-01
7.904509130650004545e-02 1.080194272925286691e-01 -9.910013506030016517e-01
8.101126456540017062e-02 1.044688994924187070e-01 -9.912231958956482236e-01
8.291162386217171276e-02 1.009516094660295876e-01 -9.914304994319953490e-01
8.474676394005932478e-02 9.746885075984290658e-02 -9.916238244225779042e-01
8.651730795132234197e-02 9.402190248963655794e-02 -9.918037292258482518e-01
8.822390698035018075e-02 9.061202879930503606e-02 -9.919707669599999722e-01
8.986723955815478782e-02 8.724047833719686396e-02 -9.921254851191503299e-01
9.144801116898616800e-02 8.390848374989617886e-02 -9.922684251941344957e-01
9.296695374980014359e-02 8.061726119334200469e-02 -9.924001222981522208e-01
9.442482518328962349e-02 7.736800986114744649e-02 -9.925211047975025513e-01
9.582240878517125915e-02 7.416191152995038616e-02 -9.926318939476308501e-01
9.716051278639854794e-02 7.100013012159825387e-02 -9.927330035347041726e-01
9.843996981095057275e-02 6.788381128194213854e-02 -9.928249395229239438e-01
9.966163634982279362e-02 6.481408197598943766e-02 -9.929081997077738864e-01
1.008263922318220485e-01 6.179205009913961433e-02 -9.929832733753948260e-01
1.019351400917430928e-01 5.881880410420496641e-02 -9.930506409682684499e-01
1.029888048364784037e-01 5.589541264389689262e-02 -9.931107737573842131e-01
1.039883331095862173e-01 5.302292422843856573e-02 -9.931641335210561472e-01
1.049346927548148317e-01 5.020236689794677770e-02 -9.932111722305478896e-01
1.058288722790533681e-01 4.743474790920949868e-02 -9.932523317426560361e-01
1.066718803151510825e-01 4.472105343647084924e-02 -9.932880434993965890e-01
1.074647450850185065e-01 4.206224828582229291e-02 -9.933187282349293934e-01
1.082085138633951810e-01 3.945927562278732370e-02 -9.933447956898504572e-01
1.089042524426391545e-01 3.691305671267734734e-02 -9.933666443329741691e-01
1.095530445988645851e-01 3.442449067328832990e-02 -9.933846610907213215e-01
1.101559915597241784e-01 3.199445423950143808e-02 -9.933992210842225168e-01
1.107142114741039574e-01 2.962380153934603480e-02 -9.934106873742402088e-01
1.112288388839688391e-01 2.731336388108027841e-02 -9.934194107140070784e-01
1.117010241985681163e-01 2.506394955084301907e-02 -9.934257293100730024e-01
1.121319331711815859e-01 2.287634362043061004e-02 -9.934299685912467703e-01
1.125227463785583026e-01 2.075130776475377775e-02 -9.934324409857148153e-01
1.128733039797879673e-01 1.861966663581060555e-02 -9.934349124589990643e-01
1.131834958123291851e-01 1.648218251496538431e-02 -9.934373830114356929e-01
1.134532261427169259e-01 1.433961948998655096e-02 -9.934398526433609877e-01
1.136824136955280895e-01 1.219274318202235793e-02 -9.934423213551110132e-01
1.138709916771828284e-01 1.004232047212622568e-02 -9.934447891470217229e-01
1.140189077945748947e-01 7.889119227429415571e-03 -9.934472560194289592e-01
1.141261242685261551e-01 5.733908027058774726e-03 -9.934497219726683426e-01
1.141926178420623467e-01 3.577455887897347010e-03 -9.934521870070756044e-01
1.142183797835088915e-01 1.420531990285667321e-03 -9.934546511229861432e-01
1.142034158844074110e-01 -7.360945962384484419e-04 -9.934571143207353572e-01
1.141477464522556162e-01 -2.891655187063856079e-03 -9.934595766006585338e-01
1.140514062980747950e-01 -5.045381756396107031e-03 -9.934620379630907383e-01
1.139144447188112919e-01 -7.196507210815964936e-03 -9.934644984083669250e-01
1.137369254745799058e-01 -9.344265662409027839e-03 -9.934669579368220482e-01
1.135189267607592534e-01 -1.148789270136921226e-02 -9.934694165487909512e-01
1.132605411749507129e-01 -1.362662566797910244e-02 -9.934718742446082551e-01
1.129618756788145773e-01 -1.575970392387041757e-02 -9.934743310246084702e-01
1.126230515547988337e-01 -1.788636912246814592e-02 -9.934767868891261067e-01
1.122442043577776827e-01 -2.000586547852219524e-02 -9.934792418384953416e-01
1.118254838616188768e-01 -2.211744003663080466e-02 -9.934816958730504632e-01
1.113670540007007381e-01 -2.422034293866030807e-02 -9.934841489931255376e-01
1.108690928064013093e-01 -2.631382768996632510e-02 -9.934866011990545198e-01
1.103317923385841864e-01 -2.839715142432186479e-02 -9.934890524911712539e-01
1.097553586121071262e-01 -3.046957516745832720e-02 -9.934915028698094730e-01
1.091400115183813746e-01 -3.253036409912594268e-02 -9.934939523353027990e-01
1.084859847420114182e-01 -3.457878781358073722e-02 -9.934964008879846320e-01
1.077935256725465613e-01 -3.661412057840567752e-02 -9.934988485281884829e-01
1.070628953113774984e-01 -3.863564159157432260e-02 -9.935012952562475297e-01
1.062943681738128116e-01 -4.064263523666591243e-02 -9.935037410724949503e-01
1.054882321863719608e-01 -4.263439133614158744e-02 -9.935061859772637005e-01
1.046447885793330007e-01 -4.461020540259204303e-02 -9.935086299708867363e-01
1.037643517745750615e-01 -4.656937888786785024e-02 -9.935110730536969026e-01
1.028472492687571294e-01 -4.851121943000421405e-02 -9.935135152260268221e-01
1.018938215118765783e-01 -5.043504109785303807e-02 -9.935159564882091177e-01
1.009044217812520988e-01 -5.234016463333578811e-02 -9.935183968405760790e-01
9.987941605097780395e-02 -5.422591769123159822e-02 -9.935208362834602180e-01
9.881918285689644810e-02 -5.609163507641608259e-02 -9.935232748171936024e-01
9.772411315714159274e-02 -5.793665897846700386e-02 -9.935257124421084107e-01
9.659461018829985923e-02 -5.976033920355418999e-02 -9.935281491585365998e-01
9.543108931724623989e-02 -6.156203340353193915e-02 -9.935305849668100153e-01
9.423397788870663261e-02 -6.334110730215310181e-02 -9.935330198672603919e-01
9.300371506860355408e-02 -6.509693491832538315e-02 -9.935354538602193530e-01
9.174075168324234697e-02 -6.682889878633103964e-02 -9.935378869460185225e-01
9.044555005439655626e-02 -6.853639017293274016e-02 -9.935403191249891908e-01
8.911858383035291264e-02 -7.021880929128915261e-02 -9.935427503974626484e-01
8.776033781297735981e-02 -7.187556551160503848e-02 -9.935451807637700750e-01
8.637130778086529737e-02 -7.350607756844203255e-02 -9.935476102242425389e-01
8.495200030864046015e-02 -7.510977376461719368e-02 -9.935500387792109978e-01
8.350293258246810346e-02 -7.668609217161792557e-02 -9.935524664290061869e-01
8.202463221184978781e-02 -7.823448082646296264e-02 -9.935548931739588419e-01
8.051763703776793069e-02 -7.975439792494047608e-02 -9.935573190143995870e-01
7.898249493725000014e-02 -8.124531201115565981e-02 -9.935597439506588247e-01
7.741976362442318238e-02 -8.270670216332152991e-02 -9.935621679830669573e-01
7.583001044813174329e-02 -8.413805817572786450e-02 -9.935645911119542761e-01
7.421381218619038656e-02 -8.553888073682493209e-02 -9.935670133376508506e-01
7.257175483634818736e-02 -8.690868160335971093e-02 -9.935694346604866389e-01
7.090443340403880523e-02 -8.824698377050389786e-02 -9.935718550807915994e-01
6.921245168699370620e-02 -8.955332163791453193e-02 -9.935742745988954683e-01
6.749642205679635965e-02 -9.082724117166926514e-02 -9.935766932151279818e-01
6.575696523745634681e-02 -9.206830006202018635e-02 -9.935791109298185431e-01
6.399471008108340020e-02 -9.327606787691122836e-02 -9.935815277432966663e-01
6.221029334074230227e-02 -9.445012621120595087e-02 -9.935839436558917548e-01
6.040435944057075124e-02 -9.559006883157401824e-02 -9.935863586679328785e-01
5.857756024324296817e-02 -9.669550181698614855e-02 -9.935887727797492186e-01
5.673055481486303370e-02 -9.776604369476903089e-02 -9.935911859916696232e-01
5.486400918737260879e-02 -9.880132557217322087e-02 -9.935935983040230512e-01
5.297859611855864487e-02 -9.980099126340856441e-02 -9.935960097171381289e-01
5.107499484974750009e-02 -1.007646974121036432e-01 -9.935984202313435931e-01
4.915389086127270463e-02 -1.016921136091469419e-01 -9.936008298469679589e-01
4.721597562580431839e-02 -1.025829225058694644e-01 -9.936032385643395193e-01
4.526194635962858814e-02 -1.034368199225300100e-01 -9.936056463837865671e-01
4.329250577196735311e-02 -1.042535149520660565e-01 -9.936080533056373953e-01
4.130836181242722449e-02 -1.050327300590749302e-01 -9.936104593302199639e-01
3.931022741666932024e-02 -1.057742011739915972e-01 -9.936128644578621216e-01
3.729882025039078786e-02 -1.064776777824311821e-01 -9.936152686888918284e-01
3.527486245171009699e-02 -1.071429230096660745e-01 -9.936176720236367110e-01
3.323908037204844484e-02 -1.077697137002090744e-01 -9.936200744624243963e-01
3.119220431560026235e-02 -1.083578404924760430e-01 -9.936224760055822891e-01
2.913496827748619442e-02 -1.089071078885030658e-01 -9.936248766534377941e-01
2.706810968068240619e-02 -1.094173343186950476e-01 -9.936272764063180940e-01
2.499236911182045606e-02 -1.098883522015842718e-01 -9.936296752645503716e-01
2.290849005595234703e-02 -1.103200079985794807e-01 -9.936320732284616986e-01
2.081721863037571535e-02 -1.107121622636876440e-01 -9.936344702983789245e-01
1.871930331761439970e-02 -1.110646896881924139e-01 -9.936368664746287882e-01
1.661549469764991155e-02 -1.113774791402751124e-01 -9.936392617575380282e-01
1.450654517949957929e-02 -1.116504336995658986e-01 -9.936416561474331610e-01
1.239320873223731002e-02 -1.118834706866145279e-01 -9.936440496446407034e-01
1.027624061555308839e-02 -1.120765216872720432e-01 -9.936464422494868387e-01
8.156397109947470525e-03 -1.122295325719763343e-01 -9.936488339622978616e-01
6.034435246657426574e-03 -1.123424635099365965e-01 -9.936512247833999556e-01
3.911112537409943378e-03 -1.124152889782133874e-01 -9.936536147131189711e-01
1.787186704099822353e-03 -1.124479977656927254e-01 -9.936560037517808697e-01
-3.365845915118833263e-04 -1.124405929719547725e-01 -9.936583918997112796e-01
-2.459444017982402326e-03 -1.123930920010390577e-01 -9.936607791572359405e-01
-4.580634844158427282e-03 -1.123055265501104877e-01 -9.936631655246803696e-01
-6.699401208837737695e-03 -1.121779425930317237e-01 -9.936655510023699733e-01
-8.814988390025191994e-03 -1.120104003588498209e-01 -9.936679355906300470e-01
-1.092664307368720542e-02 -1.118029743052063041e-01 -9.936703192897857750e-01
-1.303361362190903067e-02 -1.115557530866821689e-01 -9.936727021001622306e-01
-1.513515034035940732e-02 -1.112688395180907175e-01 -9.936750840220843761e-01
-1.723050574496743856e-02 -1.109423505327331444e-01 -9.936774650558770627e-01
-1.931893482771685627e-02 -1.105764171356334868e-01 -9.936798452018650307e-01
-2.139969532146316147e-02 -1.101711843517714506e-01 -9.936822244603727983e-01
-2.347204796367956606e-02 -1.097268111693331799e-01 -9.936846028317249946e-01
-2.553525675903800876e-02 -1.092434704780020638e-01 -9.936869803162459158e-01
-2.758858924073202476e-02 -1.087213490023133389e-01 -9.936893569142598581e-01
-2.963131673044867159e-02 -1.081606472300978145e-01 -9.936917326260910066e-01
-3.166271459689729700e-02 -1.075615793360421846e-01 -9.936941074520634354e-01
-3.368206251280340957e-02 -1.069243731003947095e-01 -9.936964813925009965e-01
-3.568864471027654445e-02 -1.062492698228470339e-01 -9.936988544477275420e-01
-3.768175023446157512e-02 -1.055365242316246011e-01 -9.937012266180667019e-01
-3.966067319538368191e-02 -1.047864043878195678e-01 -9.937035979038422173e-01
-4.162471301789764933e-02 -1.039991915850022736e-01 -9.937059683053774961e-01
-4.357317468965314633e-02 -1.031751802441484706e-01 -9.937083378229958353e-01
-4.550536900698810838e-02 -1.023146778039215610e-01 -9.937107064570205317e-01
-4.742061281866334632e-02 -1.014180046063506008e-01 -9.937130742077747714e-01
-4.931822926735210388e-02 -1.004854937779463692e-01 -9.937154410755815181e-01
-5.119754802879929872e-02 -9.951749110629962147e-02 -9.937178070607637359e-01
-5.305790554856587571e-02 -9.851435491220694729e-02 -9.937201721636441665e-01
-5.489864527627474899e-02 -9.747645591737161275e-02 -9.937225363845455517e-01
-5.671911789727556580e-02 -9.640417710772797300e-02 -9.937248997237904113e-01
-5.851868156164664880e-02 -9.529791359243977578e-02 -9.937272621817012652e-01
-6.029670211045329298e-02 -9.415807245862418962e-02 -9.937296237586004111e-01
-6.205255329918270280e-02 -9.298507262185479183e-02 -9.937319844548100356e-01
-6.378561701827685504e-02 -9.177934467249844463e-02 -9.937343442706523255e-01
-6.549528351068563403e-02 -9.054133071794220888e-02 -9.937367032064492456e-01
-6.718095158636362696e-02 -8.927148422076802703e-02 -9.937390612625227604e-01
-6.884202883363529923e-02 -8.797026983293439184e-02 -9.937414184391945016e-01
-7.047793182735398454e-02 -8.663816322602542475e-02 -9.937437747367862118e-01
-7.208808633378181729e-02 -8.527565091762942528e-02 -9.937461301556195226e-01
-7.367192751211852630e-02 -8.388323009391002172e-02 -9.937484846960157325e-01
-7.522890011260836840e-02 -8.246140842843470431e-02 -9.937508383582962512e-01
-7.675845867115581311e-02 -8.101070389732652199e-02 -9.937531911427823772e-01
-7.826006770038172744e-02 -7.953164459080629134e-02 -9.937555430497950759e-01
-7.973320187705310036e-02 -7.802476852119374917e-02 -9.937578940796554239e-01
-8.117734622582084558e-02 -7.649062342743731535e-02 -9.937602442326841645e-01
-8.259199629920127572e-02 -7.492976657624353387e-02 -9.937625935092021523e-01
-8.397665835373849252e-02 -7.334276455987823184e-02 -9.937649419095300196e-01
-8.533084952228608966e-02 -7.173019309071272664e-02 -9.937672894339883989e-01
-8.665409798234809113e-02 -7.009263679258942448e-02 -9.937696360828975894e-01
-8.794594312042053330e-02 -6.843068898908251374e-02 -9.937719818565780017e-01
-8.920593569227630582e-02 -6.674495148873020589e-02 -9.937743267553497128e-01
-9.043363797913760160e-02 -6.503603436731629495e-02 -9.937766707795329113e-01
-9.162862393968174146e-02 -6.330455574727968104e-02 -9.937790139294475633e-01
-9.279047935782744339e-02 -6.155114157433155819e-02 -9.937813562054135241e-01
-9.391880198625045251e-02 -5.977642539136100719e-02 -9.937836976077505380e-01
-9.501320168557869650e-02 -5.798104810971047018e-02 -9.937860381367782381e-01
-9.607330055921897705e-02 -5.616565777790372138e-02 -9.937883777928161466e-01
-9.709873308376844314e-02 -5.433090934790966997e-02 -9.937907165761836747e-01
-9.808914623496600704e-02 -5.247746443902628205e-02 -9.937930544872001226e-01
-9.904419960914027932e-02 -5.060599109946966462e-02 -9.937953915261846793e-01
-9.996356554011220918e-02 -4.871716356575413881e-02 -9.937977276934564230e-01
-1.008469292115124760e-01 -4.681166201994998305e-02 -9.938000629893343207e-01
-1.016939887644749824e-01 -4.489017234490610964e-02 -9.938023974141372285e-01
-1.025044554006697417e-01 -4.295338587752576404e-02 -9.938047309681838914e-01
-1.032780534806400502e-01 -4.100199916018391899e-02 -9.938070636517929435e-01
-1.040145206174104553e-01 -3.903671369037571559e-02 -9.938093954652827966e-01
-1.047136077653337966e-01 -3.705823566868585855e-02 -9.938117264089719738e-01
-1.053750793041472594e-01 -3.506727574516949053e-02 -9.938140564831787760e-01
-1.059987131182091868e-01 -3.306454876423554901e-02 -9.938163856882213931e-01
-1.065843006708900170e-01 -3.105077350812420270e-02 -9.938187140244177931e-01
-1.071316470740925203e-01 -2.902667243907030431e-02 -9.938210414920860547e-01
-1.076405711528782561e-01 -2.699297144024535855e-02 -9.938233680915439239e-01
-1.081109055051788087e-01 -2.495039955557083050e-02 -9.938256938231091464e-01
-1.085424965565723737e-01 -2.289968872849602183e-02 -9.938280186870993571e-01
-1.089352046101077637e-01 -2.084157353983407540e-02 -9.938303426838320798e-01
-1.092889038911598054e-01 -1.877679094474995342e-02 -9.938326658136247271e-01
-1.096034825873018620e-01 -1.670608000899455672e-02 -9.938349880767946010e-01
-1.098788428831830866e-01 -1.463018164447929884e-02 -9.938373094736588920e-01
-1.101149009903995557e-01 -1.254983834428575855e-02 -9.938396300045345688e-01
-1.103115871723504976e-01 -1.046579391720512016e-02 -9.938419496697387112e-01
-1.104688457640724542e-01 -8.378793221902281971e-03 -9.938442684695880658e-01
-1.105866351870460618e-01 -6.289581900799618742e-03 -9.938465864043993792e-01
-1.106649279589719259e-01 -4.198906113775423624e-03 -9.938489034744892869e-01
-1.107037106985138547e-01 -2.107512271772122355e-03 -9.938512196801743137e-01
-1.107029841250095625e-01 -1.614677040932908231e-05 -9.938535350217707620e-01
-1.106627630531506062e-01 2.074444276303218093e-03 -9.938558494995950454e-01
-1.105830763826353702e-01 4.163515302057862674e-03 -9.938581631139632444e-01
-1.104639670828003739e-01 6.250321554051511790e-03 -9.938604758651914395e-01
-1.103054921722372572e-01 8.334119358403651451e-03 -9.938627877535956001e-01
-1.101077226934044639e-01 1.041416638509534698e-02 -9.938650987794915848e-01
-1.098707436822443650e-01 1.248972191233484533e-02 -9.938674089431951408e-01
-1.095946541328184781e-01 1.456004709025567403e-02 -9.938697182450217937e-01
-1.092795669569751188e-01 1.662440520385337697e-02 -9.938720266852871799e-01
-1.089256089390656101e-01 1.868206193506732893e-02 -9.938743342643066025e-01
-1.085329206857269246e-01 2.073228562391443708e-02 -9.938766409823953651e-01
-1.081016565707504512e-01 2.277434752858187653e-02 -9.938789468398686600e-01
-1.076319846750582315e-01 2.480752208438640957e-02 -9.938812518370415683e-01
-1.071240867218097720e-01 2.683108716150831366e-02 -9.938835559742289494e-01
-1.065781580066644252e-01 2.884432432140836278e-02 -9.938858592517457735e-01
-1.059944073232256950e-01 3.084651907183685177e-02 -9.938881616699066779e-01
-1.053730568836959841e-01 3.283696112034414222e-02 -9.938904632290262997e-01
-1.047143422347716207e-01 3.481494462620281227e-02 -9.938927639294191652e-01
-1.040185121688098902e-01 3.677976845065210332e-02 -9.938950637713996894e-01
-1.032858286303014045e-01 3.873073640537588042e-02 -9.938973627552820655e-01
-1.025165666176828944e-01 4.066715749912617334e-02 -9.938996608813805977e-01
-1.017110140805269347e-01 4.258834618240485426e-02 -9.939019581500092571e-01
-1.008694718121471434e-01 4.449362259011686860e-02 -9.939042545614821256e-01
-9.999225333765851542e-02 4.638231278210913633e-02 -9.939065501161129523e-01
-9.907968479753463675e-02 4.825374898151005287e-02 -9.939088448142154864e-01
-9.813210482670477186e-02 5.010726981078525433e-02 -9.939111386561033656e-01
-9.714986442923559395e-02 5.194222052542631085e-02 -9.939134316420901172e-01
-9.613332684864382693e-02 5.375795324518967827e-02 -9.939157237724891569e-01
-9.508286743388752460e-02 5.555382718280436199e-02 -9.939180150476136788e-01
-9.399887350108543371e-02 5.732920887006748289e-02 -9.939203054677769877e-01
-9.288174419101516421e-02 5.908347238124803807e-02 -9.939225950332920556e-01
-9.173189032244262464e-02 6.081599955372003763e-02 -9.939248837444719653e-01
-9.054973424133634652e-02 6.252618020574729485e-02 -9.939271716016294667e-01
-8.933570966602216723e-02 6.421341235134314651e-02 -9.939294586050774205e-01
-8.809026152833467072e-02 6.587710241212939299e-02 -9.939317447551283546e-01
-8.681384581082379759e-02 6.751666542612005939e-02 -9.939340300520947968e-01
-8.550692938007577182e-02 6.913152525335637677e-02 -9.939363144962891639e-01
-8.416998981620943399e-02 7.072111477832077053e-02 -9.939385980880238725e-01
-8.280351523861005647e-02 7.228487610905887095e-02 -9.939408808276110063e-01
-8.140800412796408980e-02 7.382226077293942146e-02 -9.939431627153626492e-01
-7.998396514465978824e-02 7.533272990898362553e-02 -9.939454437515907737e-01
-7.853191694361964792e-02 7.681575445669629187e-02 -9.939477239366072414e-01
-7.705238798563211755e-02 7.827081534133284446e-02 -9.939500032707239141e-01
-7.554591634525099908e-02 7.969740365553709682e-02 -9.939522817542523203e-01
-7.401304951533237142e-02 8.109502083728645228e-02 -9.939545593875040996e-01
-7.245434420828000821e-02 8.246317884408217724e-02 -9.939568361707905586e-01
-7.087036615407121820e-02 8.380140032332396294e-02 -9.939591121044231148e-01
-6.926168989513654950e-02 8.510921877880930908e-02 -9.939613871887128527e-01
-6.762889857816736794e-02 8.638617873329966501e-02 -9.939636614239709678e-01
-6.597258374292694350e-02 8.763183588709669292e-02 -9.939659348105084336e-01
-6.429334510814134485e-02 8.884575727257344735e-02 -9.939682073486361125e-01
-6.259179035454749684e-02 9.002752140460676400e-02 -9.939704790386647559e-01
-6.086853490517702553e-02 9.117671842685856620e-02 -9.939727498809050044e-01
-5.912420170295505650e-02 9.229295025385542139e-02 -9.939750198756674981e-01
-5.735942098569440928e-02 9.337583070881703973e-02 -9.939772890232626557e-01
-5.557483005856635183e-02 9.442498565718603076e-02 -9.939795573240007842e-01
-5.377107306413001636e-02 9.544005313581277461e-02 -9.939818247781920801e-01
-5.194880075000336134e-02 9.642068347775090142e-02 -9.939840913861466287e-01
-5.010867023425948780e-02 9.736653943262023325e-02 -9.939863571481745153e-01
-4.825134476863277011e-02 9.827729628249588789e-02 -9.939886220645856030e-01
-4.637749349962012185e-02 9.915264195328377106e-02 -9.939908861356896441e-01
-4.448779122756336274e-02 9.999227712154420966e-02 -9.939931493617962799e-01
-4.258291816379936034e-02 1.007959153167272831e-01 -9.939954117432151515e-01
-4.066355968596537668e-02 1.015632830187848668e-01 -9.939976732802557891e-01
-3.873040609154747294e-02 1.022941197511263028e-01 -9.939999339732273897e-01
-3.678415234976065845e-02 1.029881781688860576e-01 -9.940021938224392617e-01
-3.482549785184983759e-02 1.036452241424735271e-01 -9.940044528282004910e-01
-3.285514615990126758e-02 1.042650368363768620e-01 -9.940067109908201637e-01
-3.087380475425468424e-02 1.048474087831943319e-01 -9.940089683106071439e-01
-2.888218477960673852e-02 1.053921459528684434e-01 -9.940112247878702956e-01
-2.688100078989680980e-02 1.058990678170998179e-01 -9.940134804229182608e-01
-2.487097049206668520e-02 1.063680074089195654e-01 -9.940157352160596815e-01
-2.285281448878594482e-02 1.067988113774005071e-01 -9.940179891676029778e-01
-2.082725602023521860e-02 1.071913400374895076e-01 -9.940202422778564584e-01
-1.879502070503985892e-02 1.075454674149447509e-01 -9.940224945471285434e-01
-1.675683628044671858e-02 1.078610812863637775e-01 -9.940247459757272086e-01
-1.471343234183708666e-02 1.081380832142895126e-01 -9.940269965639606520e-01
-1.266554008166896443e-02 1.083763885773837282e-01 -9.940292463121367383e-01
-1.061389202794204775e-02 1.085759265956586506e-01 -9.940314952205633325e-01
-8.559221782278948754e-03 1.087366403507596668e-01 -9.940337432895480774e-01
-6.502263757716260709e-03 1.088584868012934387e-01 -9.940359905193986156e-01
-4.443752916299149869e-03 1.089414367931978017e-01 -9.940382369104224791e-01
-2.384424506573214805e-03 1.089854750651514798e-01 -9.940404824629269775e-01
-3.250138010673351598e-04 1.089906002490233783e-01 -9.940427271772194207e-01
1.733744166138792564e-03 1.089568248653630528e-01 -9.940449710536071182e-01
3.791114861668787479e-03 1.088841753139357382e-01 -9.940472140923969357e-01
5.846364514831843551e-03 1.087726918593069914e-01 -9.940494562938959611e-01
7.898760379239706808e-03 1.086224286114838705e-01 -9.940516976584110598e-01
9.947570993965123079e-03 1.084334535016212991e-01 -9.940539381862488755e-01
1.199206644414868225e-02 1.082058482528039933e-01 -9.940561778777160518e-01
1.403151862096126828e-02 1.079397083459161244e-01 -9.940584167331192322e-01
1.606520148082951627e-02 1.076351429806126220e-01 -9.940606547527647274e-01
1.809239130383203872e-02 1.072922750314077162e-01 -9.940628919369588479e-01
2.011236695117445475e-02 1.069112409988982465e-01 -9.940651282860079041e-01
2.212441012165167545e-02 1.064921909561406532e-01 -9.940673638002178736e-01
2.412780560700621482e-02 1.060352884902026616e-01 -9.940695984798947338e-01
2.612184154609182088e-02 1.055407106389121275e-01 -9.940718323253444622e-01
2.810580967775206523e-02 1.050086478228273168e-01 -9.940740653368728141e-01
3.007900559232414006e-02 1.044393037724546391e-01 -9.940762975147853231e-01
3.204072898167850680e-02 1.038328954507413832e-01 -9.940785288593876334e-01
3.399028388770573839e-02 1.031896529708728333e-01 -9.940807593709852785e-01
3.592697894916229567e-02 1.025098195094047843e-01 -9.940829890498834587e-01
3.785012764678784281e-02 1.017936512147640110e-01 -9.940852178963874852e-01
3.975904854660705645e-02 1.010414171111511106e-01 -9.940874459108024475e-01
4.165306554132985895e-02 1.002533989978814793e-01 -9.940896730934333236e-01
4.353150808976447711e-02 9.942989134420207598e-02 -9.940918994445850920e-01
4.539371145415863062e-02 9.857120117962306360e-02 -9.940941249645625089e-01
4.723901693538478525e-02 9.767764797980499347e-02 -9.940963496536703303e-01
4.906677210588634985e-02 9.674956354804399583e-02 -9.940985735122130906e-01
5.087633104030240411e-02 9.578729189239856834e-02 -9.941007965404953239e-01
5.266705454368947326e-02 9.479118909850360597e-02 -9.941030187388213424e-01
5.443831037725967853e-02 9.376162319811844059e-02 -9.941052401074954581e-01
5.618947348155564625e-02 9.269897403345733755e-02 -9.941074606468217612e-01
5.791992619698329431e-02 9.160363311735238157e-02 -9.941096803571043417e-01
5.962905848162480815e-02 9.047600348930011360e-02 -9.941118992386470676e-01
6.131626812625490947e-02 8.931649956744477925e-02 -9.941141172917539182e-01
6.298096096648474196e-02 8.812554699655240908e-02 -9.941163345167285392e-01
6.462255109195859382e-02 8.690358249203143648e-02 -9.941185509138745768e-01
6.624046105252977268e-02 8.565105368005691833e-02 -9.941207664834954549e-01
6.783412206134321887e-02 8.436841893385679803e-02 -9.941229812258947085e-01
6.940297419475335849e-02 8.305614720621999625e-02 -9.941251951413755394e-01
7.094646658900691238e-02 8.171471785828743339e-02 -9.941274082302411497e-01
7.246405763362168129e-02 8.034462048468846151e-02 -9.941296204927946301e-01
7.395521516139332008e-02 7.894635473508633539e-02 -9.941318319293389605e-01
7.541941663496359860e-02 7.752043013219774015e-02 -9.941340425401771208e-01
7.685614932988461823e-02 7.606736588635257257e-02 -9.941362523256117578e-01
7.826491051411492428e-02 7.458769070666136647e-02 -9.941384612859455183e-01
7.964520762388468955e-02 7.308194260885901572e-02 -9.941406694214810491e-01
8.099655843586849036e-02 7.155066871989448907e-02 -9.941428767325206639e-01
8.231849123560540382e-02 6.999442507933750779e-02 -9.941450832193667875e-01
8.361054498210770958e-02 6.841377643767411476e-02 -9.941472888823216225e-01
8.487226946860082499e-02 6.680929605156439577e-02 -9.941494937216873717e-01
8.610322547933825510e-02 6.518156547613626617e-02 -9.941516977377659048e-01
8.730298494243715623e-02 6.353117435439079030e-02 -9.941539009308592023e-01
8.847113107868120885e-02 6.185872020379500069e-02 -9.941561033012691340e-01
8.960725854623921571e-02 6.016480820013953706e-02 -9.941583048492973473e-01
9.071097358124903531e-02 5.845005095873915396e-02 -9.941605055752453790e-01
9.178189413421830589e-02 5.671506831305517943e-02 -9.941627054794147655e-01
9.281965000219455364e-02 5.496048709081985395e-02 -9.941649045621069325e-01
9.382388295665911038e-02 5.318694088774333917e-02 -9.941671028236230834e-01
9.479424686710061221e-02 5.139506983888506020e-02 -9.941693002642644217e-01
9.573040782022554374e-02 4.958552038777179483e-02 -9.941714968843319289e-01
9.663204423476470795e-02 4.775894505334577628e-02 -9.941736926841265864e-01
9.749884697183630600e-02 4.591600219482669387e-02 -9.941758876639492648e-01
9.833051944082764340e-02 4.405735577457235708e-02 -9.941780818241007234e-01
9.912677770075939421e-02 4.218367511902337136e-02 -9.941802751648816106e-01
9.988735055709765942e-02 4.029563467781777097e-02 -9.941824676865924637e-01
1.006119796539809985e-01 3.839391378116237263e-02 -9.941846593895335982e-01
1.013004195618309872e-01 3.647919639554797477e-02 -9.941868502740054403e-01
1.019524378603167969e-01 3.455217087789629049e-02 -9.941890403403080834e-01
1.025678152166456386e-01 3.261352972822687685e-02 -9.941912295887417317e-01
1.031463454591528967e-01 3.066396934093290269e-02 -9.941934180196063675e-01
1.036878356461672646e-01 2.870418975475508630e-02 -9.941956056332018621e-01
1.041921061301279705e-01 2.673489440154344990e-02 -9.941977924298279756e-01
1.046589906169328732e-01 2.475678985389708972e-02 -9.941999784097844683e-01
1.050883362204979160e-01 2.277058557177241011e-02 -9.942021635733707674e-01
1.054800035125101620e-01 2.077699364815068298e-02 -9.942043479208865220e-01
1.058338665673582285e-01 1.877672855385604037e-02 -9.942065314526309372e-01
1.061498130022259928e-01 1.677050688161534422e-02 -9.942087141689033292e-01
1.064277440123366919e-01 1.475904708945154249e-02 -9.942108960700029030e-01
1.066675744013367705e-01 1.274306924350240150e-02 -9.942130771562286418e-01
1.068692326068101384e-01 1.072329476035660707e-02 -9.942152574278795285e-01
1.070326607209156206e-01 8.700446148999424478e-03 -9.942174368852543243e-01
1.071578145061418130e-01 6.675246752460182835e-03 -9.942196155286517900e-01
1.072446634061755000e-01 4.648420489253938040e-03 -9.942217933583705758e-01
1.072931905518814399e-01 2.620691594709696932e-03 -9.942239703747092205e-01
1.073033927623931044e-01 5.927843622776040287e-04 -9.942261465779660412e-01
1.072752805413157567e-01 -1.434577115092527770e-03 -9.942283219684394657e-01
1.072088780680448827e-01 -3.460669203409038729e-03 -9.942304965464275890e-01
1.071042231842047748e-01 -5.484768985840359108e-03 -9.942326703122285059e-01
1.069613673752139033e-01 -7.506154520568963928e-03 -9.942348432661403113e-01
1.067803757469853038e-01 -9.524105098205400133e-03 -9.942370154084607670e-01
1.065613269977720434e-01 -1.153790149867062187e-02 -9.942391867394877458e-01
1.063043133851695465e-01 -1.354682624745510988e-02 -9.942413572595188986e-01
1.060094406882881729e-01 -1.555016387116348042e-02 -9.942435269688517652e-01
1.056768281651113695e-01 -1.754720115225360394e-02 -9.942456958677837742e-01
1.053066085050562706e-01 -1.953722738287953439e-02 -9.942478639566123544e-01
1.048989277767553019e-01 -2.151953461774796031e-02 -9.942500312356347125e-01
1.044539453710792848e-01 -2.349341792589820788e-02 -9.942521977051480553e-01
1.039718339394238161e-01 -2.545817564131627742e-02 -9.942543633654493673e-01
1.034527793272829038e-01 -2.741310961229385945e-02 -9.942565282168356333e-01
1.028969805031350049e-01 -2.935752544944367909e-02 -9.942586922596037269e-01
1.023046494826686109e-01 -3.129073277228316269e-02 -9.942608554940502996e-01
1.016760112483760942e-01 -3.321204545429878169e-02 -9.942630179204720031e-01
1.010113036645460954e-01 -3.512078186640420208e-02 -9.942651795391652669e-01
1.003107773876864700e-01 -3.701626511870578784e-02 -9.942673403504266316e-01
9.957469577241138958e-02 -3.889782330048976999e-02 -9.942695003545523047e-01
9.880333477282772503e-02 -4.076478971834601728e-02 -9.942716595518386047e-01
9.799698283945765254e-02 -4.261650313234397608e-02 -9.942738179425815170e-01
9.715594081173570262e-02 -4.445230799017721446e-02 -9.942759755270771382e-01
9.628052180612031719e-02 -4.627155465919360194e-02 -9.942781323056213427e-01
9.537105109986129814e-02 -4.807359965622904491e-02 -9.942802882785098939e-01
9.442786601046634920e-02 -4.985780587516349532e-02 -9.942824434460384442e-01
9.345131577091109198e-02 -5.162354281211873480e-02 -9.942845978085025349e-01
9.244176140063870006e-02 -5.337018678821838641e-02 -9.942867513661977075e-01
9.139957557239668240e-02 -5.509712116983143948e-02 -9.942889041194192812e-01
9.032514247495987414e-02 -5.680373658622153710e-02 -9.942910560684625754e-01
8.921885767179001114e-02 -5.848943114452521963e-02 -9.942932072136226873e-01
8.808112795568388831e-02 -6.015361064198327529e-02 -9.942953575551947143e-01
8.691237119946339240e-02 -6.179568877535041027e-02 -9.942975070934736426e-01
8.571301620276203237e-02 -6.341508734740941566e-02 -9.942996558287542364e-01
8.448350253496421380e-02 -6.501123647051713916e-02 -9.943018037613312599e-01
8.322428037435453119e-02 -6.658357476711058986e-02 -9.943039508914993663e-01
8.193581034353604464e-02 -6.813154956710261445e-02 -9.943060972195530978e-01
8.061856334117739609e-02 -6.965461710209785995e-02 -9.943082427457868855e-01
7.927302037015032665e-02 -7.115224269636068188e-02 -9.943103874704950496e-01
7.789967236212021195e-02 -7.262390095446795424e-02 -9.943125313939717991e-01
7.649901999865341140e-02 -7.406907594558094499e-02 -9.943146745165112321e-01
7.507157352890658775e-02 -7.548726138427173937e-02 -9.943168168384074468e-01
7.361785258396442988e-02 -7.687796080784066455e-02 -9.943189583599542081e-01
7.213838598789301670e-02 -7.824068775006275123e-02 -9.943210990814453920e-01
7.063371156557768371e-02 -7.957496591130243380e-02 -9.943232390031747636e-01
6.910437594741503098e-02 -8.088032932493699478e-02 -9.943253781254358659e-01
6.755093437092994646e-02 -8.215632252003060576e-02 -9.943275164485221307e-01
6.597395047938960089e-02 -8.340250068020220453e-02 -9.943296539727269900e-01
6.437399611748735595e-02 -8.461842979863183623e-02 -9.943317906983437648e-01
6.275165112417062374e-02 -8.580368682915139045e-02 -9.943339266256656650e-01
6.110750312268765222e-02 -8.695785983336727643e-02 -9.943360617549856784e-01
5.944214730792914819e-02 -8.808054812376374387e-02 -9.943381960865967928e-01
5.775618623114174566e-02 -8.917136240273730585e-02 -9.943403296207918851e-01
5.605022958209102818e-02 -9.022992489751389955e-02 -9.943424623578637211e-01
5.432489396875286175e-02 -9.125586949090215561e-02 -9.943445942981050667e-01
5.258080269461255785e-02 -9.224884184783752050e-02 -9.943467254418083545e-01
5.081858553365226072e-02 -9.320849953767347540e-02 -9.943488557892660173e-01
4.903887850310772317e-02 -9.413451215217777390e-02 -9.943509853407704879e-01
4.724232363407642604e-02 -9.502656141919292587e-02 -9.943531140966139770e-01
4.542956874005971840e-02 -9.588434131192202781e-02 -9.943552420570886952e-01
4.360126718352234920e-02 -9.670755815380227549e-02 -9.943573692224866312e-01
4.175807764055351062e-02 -9.749593071893043750e-02 -9.943594955930996626e-01
3.990066386371404761e-02 -9.824919032800581709e-02 -9.943616211692197782e-01
3.802969444315525138e-02 -9.896708093975817300e-02 -9.943637459511386334e-01
3.614584256609507107e-02 -9.964935923782940186e-02 -9.943658699391477729e-01
3.424978577473829916e-02 -1.002957947130796446e-01 -9.943679931335388522e-01
3.234220572272769600e-02 -1.009061697412900055e-01 -9.943701155346031939e-01
3.042378793021359093e-02 -1.014802796562357251e-01 -9.943722371426321205e-01
2.849522153762986884e-02 -1.020179328181053946e-01 -9.943743579579169545e-01
2.655719905826481320e-02 -1.025189506772433562e-01 -9.943764779807486853e-01
2.461041612971553647e-02 -1.029831678331942224e-01 -9.943785972114184135e-01
2.265557126431520796e-02 -1.034104320890300716e-01 -9.943807156502170175e-01
2.069336559862253871e-02 -1.038006045009425282e-01 -9.943828332974352646e-01
1.872450264206335438e-02 -1.041535594230837275e-01 -9.943849501533638113e-01
1.674968802481434718e-02 -1.044691845476418551e-01 -9.943870662182933140e-01
1.476962924501925602e-02 -1.047473809401385514e-01 -9.943891814925143180e-01
1.278503541542808444e-02 -1.049880630699373124e-01 -9.943912959763171466e-01
1.079661700954997333e-02 -1.051911588359536465e-01 -9.943934096699921232e-01
8.805085607410619020e-03 -1.053566095875595604e-01 -9.943955225738294601e-01
6.811153641005165092e-03 -1.054843701406764506e-01 -9.943976346881191475e-01
4.815534139537584399e-03 -1.055744087890525540e-01 -9.943997460131512867e-01
2.818940474537640767e-03 -1.056267073107224758e-01 -9.944018565492156458e-01
8.220861049464986241e-04 -1.056412609696482097e-01 -9.944039662966021043e-01
-1.174315677737956028e-03 -1.056180785125428456e-01 -9.944060752556002081e-01
-3.169552004165074495e-03 -1.055571821608796562e-01 -9.944081834264996145e-01
-5.162910681593760320e-03 -1.054586075980912668e-01 -9.944102908095897586e-01
-7.153680448022336179e-03 -1.053224039519650712e-01 -9.944123974051600756e-01
-9.141151225895313009e-03 -1.051486337722428999e-01 -9.944145032134997786e-01
-1.112461437529658516e-02 -1.049373730034346697e-01 -9.944166082348979696e-01
-1.310336294653879213e-02 -1.046887109528573251e-01 -9.944187124696437508e-01
-1.507669193205884474e-02 -1.044027502539123103e-01 -9.944208159180261131e-01
-1.704389851752988877e-02 -1.040796068246162137e-01 -9.944229185803338256e-01
-1.900428233210027171e-02 -1.037194098214011956e-01 -9.944250204568557683e-01
-2.095714569767044913e-02 -1.033223015882032692e-01 -9.944271215478804882e-01
-2.290179387711913095e-02 -1.028884376008583762e-01 -9.944292218536965322e-01
-2.483753532139035269e-02 -1.024179864068276852e-01 -9.944313213745923363e-01
-2.676368191535365496e-02 -1.019111295602753570e-01 -9.944334201108563365e-01
-2.867954922234993223e-02 -1.013680615525235779e-01 -9.944355180627766355e-01
-3.058445672733610399e-02 -1.007889897379113386e-01 -9.944376152306414474e-01
-3.247772807854221871e-02 -1.001741342550850067e-01 -9.944397116147388749e-01
-3.435869132755522276e-02 -9.952372794375057008e-02 -9.944418072153566879e-01
-3.622667916774417740e-02 -9.883801625691868153e-02 -9.944439020327828782e-01
-3.808102917094231821e-02 -9.811725716867567004e-02 -9.944459960673051047e-01
-3.992108402230207242e-02 -9.736172107751477067e-02 -9.944480893192109150e-01
-4.174619175323976417e-02 -9.657169070526396004e-02 -9.944501817887879680e-01
-4.355570597238744152e-02 -9.574746099164785362e-02 -9.944522734763235894e-01
-4.534898609447009232e-02 -9.488933898452289739e-02 -9.944543643821052159e-01
-4.712539756702716770e-02 -9.399764372582669614e-02 -9.944564545064199512e-01
