-1.340221147627232234e+01
-1.244967593289574026e+01
-6.560067478570761779e+00
-1.294916230567336690e+01
-7.873630627346811295e+00
-2.921516051406214398e+00
-1.369638113332823259e+01
-9.964519747218043122e+00
-6.388794206704218936e+00
-1.117105097320920670e+01
-2.209565169663237683e+00
-1.471243522587818431e+00
-1.465523903299154718e+01
-4.143547353417983636e+00
-1.058171392134955191e+01
-1.594789724703542788e+01
-6.610477990788036884e+00
-1.289429564761807612e+01
-1.403553468439690022e+01
-1.316854999188043607e+01
-8.010461639668767120e+00
-1.318243607333597112e+01
-1.074946817054719794e+01
-1.238663204745321877e+01
-1.003628680931412909e+01
-9.908341350689532590e+00
-2.349795003451806252e+00
-4.328577596988842480e+00
-1.750218139346991553e+00
-5.302956868958667691e+00
-6.569069228870567656e+00
-5.771203747641484583e+00
-8.959171568030821931e+00
-1.697099618711309876e+00
-6.521098864607552947e+00
-4.097701550604643472e+00
-3.299564121472051692e+00
-3.621535063433212187e+00
-5.919108276063926866e+00
-6.369895769287824194e+00
-1.535380940681953987e+01
-4.175037158127371306e+00
-8.326560979037180843e+00
-1.478639565073102879e+01
-3.896549449906450135e+00
-1.047266405787197030e+01
-1.266191364082904691e+01
-3.619066424870053034e+00
-1.662635206069793270e+01
-1.111119725830843130e+01
-7.993999183878651493e+00
-6.976895180662538110e+00
-1.232743907193409205e+00
-6.436644989329781907e+00
-5.233659091713738221e+00
-5.024473573807391347e+00
4.163994753508102775e+00
-3.675341002849718208e+00
-1.715840009284198331e+01
-5.634252065681525146e+00
-3.532170626972747307e+00
-7.696322490813350292e+00
-1.628760214354871039e+01
-4.640388928986035388e+00
-1.572179239824769503e+01
-1.005985364265637116e+01
1.748917402360057549e+00
-2.598001481300956872e+00
-2.666795948442264752e+00
-1.635725911421584300e+01
-2.578011061767266909e+00
-3.691033416484551744e+00
-9.814439974274703715e+00
-9.375711787233646177e+00
-1.628960111586447113e+01
-6.021665466218208529e+00
-3.265095107681366571e+00
-8.203640530667977160e+00
-7.093025058985288567e+00
-4.062332185813037455e+00
-4.806049918073205696e+00
-3.001951624318953904e+00
-5.667856874141540935e+00
-8.632525723237732151e+00
-9.239969564069969721e+00
-9.037874392282297720e+00
-9.976413841955212192e+00
-1.236433848974795424e+01
-8.860292914533324904e+00
-7.858233206164804141e-01
-5.765244555350697020e+00
-1.920982753234226292e+00
-1.086511944872522584e+01
-6.135617023487860422e+00
-4.025898870002659002e+00
-2.047446341253189139e+00
-4.431203201503757683e+00
-4.336673049851346384e+00
-2.797428380968308925e+00
-4.986270644289717779e+00
-6.431373757360042909e+00
-4.924422705133053135e+00
-5.182073268106815789e+00
-4.781954750021292888e+00
-3.127190385981625464e+00
-4.593610751957602822e+00
-1.007008654013247018e+01
-5.156024789358683691e+00
-4.181559641562815344e+00
-1.655391271925173768e+00
-6.773880519048828930e+00
-9.459130692844778920e+00
-2.428466277171015264e+00
-4.232137873626393265e+00
-7.342045377153295638e-01
-3.817468411786058002e+00
-4.894316680240958561e+00
3.790869219819959834e+00
-7.433300233521304534e+00
-5.472916899142498792e+00
-3.018394010737105226e+00
-8.194506712071456533e-01
-9.482529640206172061e+00
-7.189328885691193882e+00
8.713472015702633300e+00
-3.180030893791841340e+00
-6.793170084978441103e+00
2.284306820703904117e-01
-1.980937661072277312e+00
1.221809754303215367e+00
9.604634913062384260e-01
-5.210372267290976467e+00
-3.719087159075308957e+00
4.398596886777077053e+00
9.387780281493447454e-01
-5.386973496922169424e+00
-7.826593300235231254e+00
-4.855666650670322326e+00
1.338837661556950831e+00
6.655335326438072130e+00
1.898479200389399324e+00
-1.153440273881719769e+00
4.011329312111282519e+00
3.927531477615519684e+00
-5.688138192205159704e+00
-5.575945743619476147e+00
-6.856705111699343824e+00
-4.919252227636818908e+00
7.338985378815048310e-01
-1.102372759945298597e+00
9.887054062919663266e+00
-3.128521542808811784e+00
-3.822864269571371487e+00
-2.204903973569740216e+00
3.437280138297760690e+00
9.391738135997107051e+00
-3.223903362617177581e+00
-4.971154193873370986e+00
-3.321975674240950305e+00
-4.363371863149829721e+00
-3.284694808569046942e-01
-2.316359993263674255e+00
4.923580945618789784e+00
-2.905656274700005426e+00
-6.342105690094456349e+00
-3.596263547275335259e+00
2.323006763563816968e+00
7.261539022817213862e+00
6.625747191807485059e+00
2.679315701613334877e+00
4.215600251359227002e+00
1.607433635511953174e+00
1.040441062456672672e+00
-2.001475327770363855e+00
2.780570640083421807e+00
2.800220035880830460e-01
-2.342080970953352104e+00
-3.710595675227735590e+00
5.425194456259699649e+00
4.779371016636800640e+00
9.508159865794187482e+00
4.482100217037693568e+00
-2.836096314686720632e+00
-4.800646882013427152e+00
-2.407656450653867797e+00
6.142859776998440324e+00
4.697965781620643710e+00
2.934835065832788192e+00
9.676963119709308003e+00
-7.548953396799395144e+00
-3.087040728687874047e+00
1.843095322399056712e+00
4.917046988279695441e+00
5.410934672552628832e+00
2.987178745618481734e+00
7.530780494112898182e+00
-3.748726205059427663e+00
-2.013543427214593784e+00
6.726258769583536079e+00
8.668426784569632559e+00
-3.039262181126711759e+00
5.511875949713997080e+00
9.751117772036183240e+00
8.503659734455755626e+00
-3.247146351369162076e+00
-2.960660561047976813e+00
4.585291502490246529e+00
8.650818520232428810e+00
5.592713951125474203e+00
5.438749205195257730e+00
2.306848874643293357e+00
6.018398647268168311e+00
7.341243284483512710e+00
5.696794589720393098e+00
1.568689710451913744e+00
7.648875003343628798e+00
5.144453650038785852e+00
5.543545651039326394e+00
8.102443456616837736e+00
6.898462283169061848e+00
7.264347078087747711e+00
2.404280442408099905e+00
7.428390370154275502e+00
8.762835856924507283e+00
-3.733942303519524053e+00
4.132264603516867751e+00
6.481351734310334400e+00
7.649505383335561959e+00
3.782994350495593405e+00
9.636478450075156132e+00
9.320161345285514543e+00
3.387581432956584315e+00
7.629943605671815732e+00
9.381814951119562096e+00
5.806362090571251855e+00
6.598526185410355183e+00
5.440455438250293874e+00
6.544596282054308212e+00
9.603094867165333781e+00
2.984897815477021599e+00
9.393838955230503274e+00
6.065634562463394275e+00
9.159056166996579762e+00
7.380305594439366068e+00
5.118528020322635541e+00
1.004348583980338105e+01
1.023896023683833256e+01
1.013703877477724902e+01
8.807478523044169449e+00
8.536948428360515706e+00
8.756540861584548807e+00
9.041642524071722420e+00
7.843777791351532969e+00
9.037954369304141977e+00
5.284097232653110154e+00
9.218709284672410575e+00
7.882660638688772536e+00
9.161849305999819393e+00
9.859363035533984743e+00
5.310118954949523129e+00
8.861400898504060208e+00
3.728666851146200667e+00
5.456121246586352669e+00
6.981491294394388980e+00
7.565119948835937969e+00
3.641011549309526085e+00
6.466434143702022297e+00
3.554866772448468382e+00
5.814903288215340638e+00
1.023896023683833256e+01
9.713172500700594014e+00
7.515974127954963002e+00
7.416621624271387603e+00
9.001124985054484995e+00
5.784737719047797100e+00
7.923811746343859319e+00
9.500753623477175225e+00
9.372302645132725374e+00
7.522403408238343303e+00
9.508585254877948145e+00
9.523950299211275450e+00
2.785020828893704614e+00
6.734574194752145360e+00
9.665100198889394534e+00
9.787014635430313803e+00
9.001124985054484995e+00
5.122549720551258901e+00
9.706552241612170562e+00
7.387574982348206198e+00
9.774196251607744301e+00
8.155255669211307179e+00
7.648216146996131393e+00
1.004137581573673188e+01
7.652203284954496532e+00
7.469925132691225933e+00
8.981833316486399710e+00
8.361993213276488035e+00
9.617547192322099647e+00
8.245910649486049238e+00
6.809675110243830432e+00
5.440011323605697058e+00
3.583034755555995154e+00
9.041642524071722420e+00
9.041642524071722420e+00
5.897511711356325570e+00
9.340912811783073977e+00
2.726578312930366454e+00
5.317574386547670784e+00
8.801545454438020499e+00
9.654787159370926020e+00
8.141818403603183540e+00
9.415685613272875898e+00
8.182823163014049328e+00
5.154090079948920433e+00
7.066383793678781444e+00
1.023896023683833256e+01
6.946577437150089906e+00
7.227239263183837359e+00
8.959649919734362200e+00
9.559110383303586644e+00
3.405541374981374325e+00
9.399276014246421340e+00
7.544428738069133722e+00
8.645909763458792696e+00
1.014371930108900699e+01
4.261677960679576493e+00
9.318266046682618153e+00
8.707551062649578455e+00
6.700587119488496057e+00
8.048826665761339427e+00
4.934328134387390818e+00
9.425109782938482894e+00
8.297784036892915438e+00
9.459671554811670546e+00
9.551787140809320675e+00
8.429875713198965670e+00
8.622661609029027119e+00
7.513571971639460223e+00
8.761620762617686964e+00
9.411837235582101613e+00
6.747874787755225867e+00
9.874067082588972255e+00
7.909205141703126607e+00
9.751117772036183240e+00
1.012261852414674479e+01
9.844209355395010519e+00
8.328512254808952520e+00
6.620781731455450903e+00
9.170975800936332689e+00
6.553620242709979671e+00
9.208323951112552308e+00
1.000590674610764452e+01
6.142207200826182323e+00
7.892507270271057251e+00
9.452534481410808098e+00
-1.266643233468311980e+00
8.370393955276217213e+00
5.940023210921316021e+00
9.508585254877948145e+00
8.424154146449687630e+00
9.387332718648634611e+00
6.191015379609893010e+00
6.979114334122014540e+00
5.473178333959878294e+00
8.976675783931666430e+00
8.444107287625655545e+00
9.774664523059319876e+00
7.013071920300697926e+00
8.416920220762898808e+00
4.142975410948514181e+00
4.886333989321381743e+00
7.041102560811808075e+00
8.953879485238621427e+00
7.256396455869703388e+00
9.874067082588972255e+00
8.422297551778219926e+00
8.712360840270665818e+00
9.175372828155992977e+00
9.035418670321137213e+00
9.874067082588972255e+00
9.874067082588972255e+00
1.014371930108900699e+01
9.319157335386117680e+00
9.807213178588654046e+00
-1.679882725174872249e+00
9.560419816855807440e+00
9.874067082588972255e+00
9.231352341369341019e+00
7.768666161438491535e+00
9.874067082588972255e+00
9.500753623477175225e+00
-7.479110006343347994e-01
9.934125208523937545e+00
8.801545454438020499e+00
9.153768397854221917e+00
9.273894537782398473e+00
9.446665819267542119e+00
3.466384785347023101e+00
9.874067082588972255e+00
9.513891572245258388e+00
2.706367320484603489e+00
9.217800185114191081e+00
9.256607296138147589e+00
6.790205513312258745e+00
9.331091863983859369e+00
5.690192337197730765e+00
3.818841112365912061e+00
7.068421541191836965e+00
1.004348583980338105e+01
9.444687583943892406e+00
8.484033394457618726e+00
9.414738874731812146e+00
8.744201900102490654e+00
7.826488579079079244e+00
8.909034411808720577e+00
8.186974556480803855e+00
6.995831526230947617e+00
4.625966593173781227e+00
6.897234954492229342e+00
9.302260862007958764e+00
9.223184606760232995e+00
8.405046984851281877e+00
9.203331884065704571e+00
9.452534481410808098e+00
7.820931346691332386e+00
9.546400512979358766e+00
7.203545475612511240e+00
9.874067082588972255e+00
8.425808267922075601e+00
9.084827903059949250e+00
8.535241730090998402e+00
8.258947387053071409e+00
8.262491739875498453e+00
8.017565711997796996e+00
6.358275248445027117e+00
7.595591651451738535e+00
9.002620440751519126e+00
8.541353849370603157e+00
9.223184606760232995e+00
5.979859482512394742e+00
7.696276070676113079e+00
9.223184606760232995e+00
8.287608164976443703e+00
9.160220157006911279e+00
6.858054077549255112e+00
7.135300377928193605e+00
8.481666252570308373e+00
7.888294167305006432e+00
9.444687583943892406e+00
9.302260862007958764e+00
9.331616617807540592e+00
9.312559922013120328e+00
9.719975004107615391e+00
3.424184941422125483e+00
8.395228595514041103e+00
5.996652640800093081e+00
2.418420937634333079e+00
2.579160567742959209e+00
1.023896023683833256e+01
-2.668625213098793747e+00
8.416920220762898808e+00
7.699823714321230916e+00
6.649197044208857932e+00
6.208074393944165159e+00
7.845482315604087376e+00
1.001556603495104447e+01
7.324985001089785008e+00
5.342093316376780088e+00
5.254227420077653754e+00
2.251902148826410155e+00
7.193717865916409160e+00
1.005995020977132626e+01
9.444687583943892406e+00
8.589358953890934956e+00
9.533799965986714753e+00
8.611640743291740563e+00
7.780683809603437417e+00
8.894352874206539639e+00
5.331163698163128295e+00
7.552874568612461204e+00
5.051718649185907850e+00
5.664937281513225287e+00
8.894352874206539639e+00
3.596446048269586360e+00
9.041642524071722420e+00
9.564258881605296025e+00
6.511528768349082341e+00
7.925236528840198247e+00
6.411992719986963962e+00
2.092154959853443241e+00
8.933783890998213906e+00
1.022584300876929753e+01
6.396614912578460377e+00
7.190980491368537564e+00
7.881498791559339523e+00
6.461985144465516306e+00
5.402059948219949170e+00
8.453072254598165358e+00
4.547212535613440743e+00
8.997795937457906845e+00
