0.000000000000000000e+00 0.000000000000000000e+00 1.000000000000000000e+00
6.956254576095607673e-05 7.121812966865550068e-05 9.999999950445150887e-01
2.084341019310059979e-04 2.138962650650361500e-04 9.999999554018054182e-01
4.163602792179357782e-04 4.282753665517866873e-04 9.999998216121481764e-01
6.930858170000827895e-04 7.145954546254288265e-04 9.999995044925704679e-01
1.038354555863154130e-03 1.073095574937564826e-03 9.999988851422302316e-01
1.451909400218907853e-03 1.504013752368826319e-03 9.999978149484759493e-01
1.933492271163284731e-03 2.007586934019301578e-03 9.999961155936255564e-01
2.482844049733231966e-03 2.584050920981108279e-03 9.999935790625170684e-01
3.099704510723113975e-03 3.233640288760756057e-03 9.999899676508905433e-01
3.783812247223278420e-03 3.956588296220998717e-03 9.999850139746755406e-01
4.534904586045036476e-03 4.753126782913978318e-03 9.999784209802634605e-01
5.352717494198022674e-03 5.623486054679661429e-03 9.999698619558592405e-01
6.236985476587637856e-03 6.567894757385844481e-03 9.999589805440125545e-01
7.187441465102028214e-03 7.586579738688375638e-03 9.999453907554424203e-01
8.203816699259855807e-03 8.679765897692719515e-03 9.999286769842768985e-01
9.285840598591910480e-03 9.847676022400584511e-03 9.999083940248404412e-01
1.043324062693148924e-02 1.109053061482806468e-02 9.998840670901314454e-01
1.164574214879031053e-02 1.240854770368456442e-02 9.998551918321421095e-01
1.292306827799867552e-02 1.380194264450482731e-02 9.998212343641840194e-01
1.426493971879049839e-02 1.527092790712950184e-02 9.997816312853898824e-01
1.567107459951581905e-02 1.681571285043300876e-02 9.997357897075752620e-01
1.714118829916539202e-02 1.843650348420100213e-02 9.996830872846508287e-01
1.867499326689397304e-02 2.013350221806335660e-02 9.996228722447871862e-01
2.027219883473099088e-02 2.190690759739255533e-02 9.995544634255435490e-01
2.193251102366931132e-02 2.375691402608140143e-02 9.994771503121800960e-01
2.365563234332495463e-02 2.568371147611833369e-02 9.993901930793855914e-01
2.544126158536266086e-02 2.768748518388317037e-02 9.992928226366586397e-01
2.728909361088435390e-02 2.976841533309090501e-02 9.991842406775922614e-01
2.919881913197963294e-02 3.192667672431622611e-02 9.990636197333196966e-01
3.117012448763955071e-02 3.416243843103676514e-02 9.989301032303891104e-01
3.320269141423703996e-02 3.647586344213871179e-02 9.987828055533433114e-01
3.529619681077943161e-02 3.886710829083422913e-02 9.986208121122904791e-01
3.745031249914056171e-02 4.133632266994647503e-02 9.984431794157598850e-01
3.966470497948205998e-02 4.388364903352431901e-02 9.982489351491455887e-01
4.193903518107529316e-02 4.650922218475590092e-02 9.980370782590500811e-01
4.427295820873759780e-02 4.921316885015720316e-02 9.978065790438479521e-01
4.666612308509807128e-02 5.199560724001934392e-02 9.975563792507988747e-01
4.911817248891031662e-02 5.485664659510627872e-02 9.972853921800455268e-01
5.162874248963102153e-02 5.779638671960267426e-02 9.969925027958425057e-01
5.419746227848517423e-02 6.081491750032048255e-02 9.966765678453692878e-01
5.682395389624017579e-02 6.391231841218170118e-02 9.963364159854867230e-01
5.950783195791253810e-02 6.708865801000420126e-02 9.959708479178074336e-01
6.224870337463241088e-02 7.034399340662732258e-02 9.955786365324541531e-01
6.504616707289222199e-02 7.367836973742419859e-02 9.951585270608902523e-01
6.789981371140686728e-02 7.709181961125848026e-02 9.947092372382124736e-01
7.080922539581391284e-02 8.058436254795403597e-02 9.942294574753031133e-01
7.377397539144282812e-02 8.415600440235808388e-02 9.937178510412451038e-01
7.679362783438313522e-02 8.780673677508978037e-02 9.931730542564113362e-01
7.986773744108151274e-02 9.153653641007913899e-02 9.925936766966434455e-01
8.299584921669815596e-02 9.534536457901385265e-02 9.919783014089443851e-01
8.617749816245272310e-02 9.923316645282499737e-02 9.913254851391122280e-01
8.941220898218980861e-02 1.031998704603565992e-01 9.906337585717492900e-01
9.269949578839345450e-02 1.072453876343781726e-01 9.899016265830866690e-01
9.603886180787932214e-02 1.113696109451144667e-01 9.891275685070678447e-01
9.942979908739227324e-02 1.155724146214817671e-01 9.883100384151409790e-01
1.028717881993353733e-01 1.198536534602360343e-01 9.874474654102137761e-01
1.063642979478551659e-01 1.242131621232544225e-01 9.865382539352278712e-01
1.099067850755055809e-01 1.286507544231887956e-01 9.855807840968155986e-01
1.134986939707109121e-01 1.331662225977466862e-01 9.845734120045042115e-01
1.171394563762453711e-01 1.377593365728737862e-01 9.835144701259356248e-01
1.208284910989437522e-01 1.424298432151294147e-01 9.824022676585736358e-01
1.245652037208545004e-01 1.471774655735662019e-01 9.812350909183731318e-01
1.283489863120424179e-01 1.520019021114440150e-01 9.800112037458871272e-01
1.321792171452442488e-01 1.569028259281280702e-01 9.787288479302899136e-01
1.360552604125757348e-01 1.618798839715418214e-01 9.773862436517966046e-01
1.399764659444836523e-01 1.669326962415657312e-01 9.759815899429592490e-01
1.439421689311310704e-01 1.720608549847944257e-01 9.745130651693223456e-01
1.479516896463979048e-01 1.772639238810869156e-01 9.729788275299185996e-01
1.520043331746729065e-01 1.825414372223661819e-01 9.713770155780870885e-01
1.560993891406061429e-01 1.878928990841478575e-01 9.697057487630966754e-01
1.602361314419837868e-01 1.933177824903005715e-01 9.679631279930530630e-01
1.644138179858796456e-01 1.988155285715642040e-01 9.661472362195706598e-01
1.686316904282293694e-01 2.043855457183766655e-01 9.642561390446861003e-01
1.728889739169649220e-01 2.100272087285840472e-01 9.622878853504879260e-01
1.771848768388376016e-01 2.157398579506340508e-01 9.602405079519366060e-01
1.815185905700484326e-01 2.215227984228781699e-01 9.581120242733425219e-01
1.858892892307950351e-01 2.273752990096333804e-01 9.559004370489688762e-01
1.902961294438328399e-01 2.332965915346807972e-01 9.536037350482209352e-01
1.947382500971386876e-01 2.392858699129045419e-01 9.512198938258779046e-01
1.992147721107525304e-01 2.453422892808016231e-01 9.487468764978200797e-01
2.037247982078618513e-01 2.514649651266200325e-01 9.461826345426966878e-01
2.082674126901808143e-01 2.576529724209104533e-01 9.435251086299752954e-01
2.128416812176638639e-01 2.639053447483036274e-01 9.407722294748048775e-01
2.174466505925803927e-01 2.702210734413548754e-01 9.379219187201190966e-01
2.220813485479637417e-01 2.765991067173239060e-01 9.349720898463982355e-01
2.267447835404343692e-01 2.830383488187876995e-01 9.319206491094992328e-01
2.314359445473827825e-01 2.895376591590119175e-01 9.287654965069538360e-01
2.361538008684838930e-01 2.960958514730360203e-01 9.255045267731277780e-01
2.408973019314996633e-01 3.027116929754550823e-01 9.221356304036211204e-01
2.456653771023125377e-01 3.093839035259116632e-01 9.186566947092797975e-01
2.504569354991170727e-01 3.161111548033385121e-01 9.150656049001791859e-01
2.552708658106825346e-01 3.228920694900239141e-01 9.113602451999247567e-01
2.601060361185834058e-01 3.297252204665989672e-01 9.075384999906068728e-01
2.649612937232808663e-01 3.366091300190764413e-01 9.035982549887292548e-01
2.698354649739218014e-01 3.435422690590996808e-01 8.995373984524202005e-01
2.747273551017083704e-01 3.505230563585884918e-01 8.953538224202195472e-01
2.796357480566749043e-01 3.575498577999990379e-01 8.910454239817190425e-01
2.845594063476953872e-01 3.646209856434423635e-01 8.866101065803194681e-01
2.894970708855294506e-01 3.717346978119361323e-01 8.820457813483498777e-01
2.944474608287012685e-01 3.788891971960914873e-01 8.773503684747783193e-01
2.994092734319922511e-01 3.860826309795655220e-01 8.725217986057242081e-01
3.043811838973142780e-01 3.933130899866382202e-01 8.675580142779659720e-01
3.093618452267189456e-01 4.005786080532996452e-01 8.624569713856163888e-01
3.143498880772852000e-01 4.078771614232608589e-01 8.572166406801188243e-01
3.193439206176171274e-01 4.152066681703286410e-01 8.518350093036972659e-01
3.243425283856728458e-01 4.225649876486107792e-01 8.463100823563709518e-01
3.293442741476366176e-01 4.299499199720441256e-01 8.406398844966215256e-01
3.343476977575373099e-01 4.373592055247634280e-01 8.348224615757792177e-01
3.393513160173089460e-01 4.447905245038536459e-01 8.288558823061689118e-01
3.443536225369836501e-01 4.522414964960525530e-01 8.227382399630327470e-01
3.493530875947021830e-01 4.597096800899939106e-01 8.164676541202213755e-01
3.543481579962235450e-01 4.671925725256046436e-01 8.100422724196176816e-01
3.593372569336146793e-01 4.746876093822910425e-01 8.034602723742301222e-01
3.643187838427999758e-01 4.821921643075702257e-01 7.967198632048657636e-01
3.692911142596529972e-01 4.897035487878242943e-01 7.898192877102615528e-01
3.742525996743162886e-01 4.972190119628724925e-01 7.827568241705241681e-01
3.792015673834410183e-01 5.047357404860767227e-01 7.755307882836958155e-01
3.841363203400461890e-01 5.122508584317121416e-01 7.681395351352334755e-01
3.890551370007075405e-01 5.197614272513506606e-01 7.605814612001523534e-01
3.939562711697991437e-01 5.272644457810219398e-01 7.528550063775538703e-01
3.988379518405257840e-01 5.347568503009276775e-01 7.449586560572191152e-01
4.036983830325024947e-01 5.422355146494999278e-01 7.368909432179155949e-01
4.085357436256588093e-01 5.496972503936041754e-01 7.286504505570239321e-01
4.133481871902683902e-01 5.571388070566981598e-01 7.202358126510546299e-01
4.181338418129325607e-01 5.645568724067644428e-01 7.116457181465831727e-01
4.228908099183757985e-01 5.719480728058434771e-01 7.028789119810908703e-01
4.276171680869451097e-01 5.793089736229966036e-01 6.939341976331545592e-01
4.323109668677422857e-01 5.866360797125327320e-01 6.848104394013856400e-01
4.369702305873583992e-01 5.939258359593333481e-01 6.755065647114709693e-01
4.415929571542244192e-01 6.011746278931093812e-01 6.660215664506223820e-01
4.461771178586401709e-01 6.083787823734212452e-01 6.563545053286917730e-01
4.507206571685949958e-01 6.155345683472879248e-01 6.465045122651577048e-01
4.552214925215512520e-01 6.226381976812028762e-01 6.364707908011392190e-01
4.596775141124200825e-01 6.296858260693664056e-01 6.262526195355353487e-01
4.640865846780247717e-01 6.366735540199298660e-01 6.158493545843364281e-01
4.684465392784152304e-01 6.435974279210333604e-01 6.052604320620940115e-01
4.727551850754699303e-01 6.504534411883999834e-01 5.944853705844765912e-01
4.770103011092994838e-01 6.572375354962292082e-01 5.835237737907783551e-01
4.812096380730481182e-01 6.639456020931077118e-01 5.723753328851840516e-01
4.853509180867754402e-01 6.705734832046289506e-01 5.610398291955276395e-01
4.894318344711917068e-01 6.771169735243819376e-01 5.495171367482153402e-01
4.934500515221161288e-01 6.835718217949355857e-01 5.378072248579146564e-01
4.974032042866270986e-01 6.899337324804071248e-01 5.259101607305383119e-01
5.012888983419778732e-01 6.961983675321600229e-01 5.138261120779783475e-01
5.051047095784608754e-01 7.023613482491325444e-01 5.015553497429706686e-01
5.088481839875163004e-01 7.084182572342460071e-01 4.890982503323896280e-01
5.125168374564994522e-01 7.143646404482872914e-01 4.764552988571933989e-01
5.161081555716430236e-01 7.201960093626010861e-01 4.636270913771564639e-01
5.196195934308758257e-01 7.259078432118614144e-01 4.506143376484401664e-01
5.230485754682920874e-01 7.314955913481232530e-01 4.374178637719643992e-01
5.263633326656489420e-01 7.369242874427054391e-01 4.241276183061067906e-01
5.295638808367867378e-01 7.421923058286186148e-01 4.107464878602938296e-01
5.326502435564101079e-01 7.472980695102690030e-01 3.972773758384017806e-01
5.356224514056014963e-01 7.522400507233202305e-01 3.837232018596002936e-01
5.384805412342705822e-01 7.570167714743427645e-01 3.700869011810365428e-01
5.412245554414653048e-01 7.616268040603443312e-01 3.563714241223591150e-01
5.438545412744467678e-01 7.660687715682792387e-01 3.425797354920714355e-01
5.463705501473999915e-01 7.703413483546385221e-01 3.287148140156939125e-01
5.487726369806278370e-01 7.744432605052290475e-01 3.147796517657048265e-01
5.510608595610442251e-01 7.783732862752494874e-01 3.007772535932206059e-01
5.532352779247556862e-01 7.821302565097755233e-01 2.867106365613679708e-01
5.552959537624887476e-01 7.857130550447658512e-01 2.725828293802903257e-01
5.572429498485902410e-01 7.891206190887012362e-01 2.583968718437241741e-01
5.590763294942978634e-01 7.923519395849675240e-01 2.441558142670726406e-01
5.607961560259445699e-01 7.954060615550914148e-01 2.298627169268959991e-01
5.624024922887292943e-01 7.982820844229358004e-01 2.155206495017319146e-01
5.638954001766526281e-01 8.009791623199568056e-01 2.011326905141518628e-01
5.652749401891845604e-01 8.034965043716217892e-01 1.867019267739535304e-01
5.665411710151950775e-01 8.058333749650812283e-01 1.722314528223837515e-01
5.676941491446456656e-01 8.079890939981818621e-01 1.577243703772806260e-01
5.687339285085056817e-01 8.099630371099031390e-01 1.431837877790193281e-01
5.696605601473209157e-01 8.117546358922905769e-01 1.286128194371412570e-01
5.704740919088272522e-01 8.133633780839535365e-01 1.140145852775422824e-01
5.711745681749665904e-01 8.147888077451854727e-01 9.939221019009279734e-02
5.717620296186262108e-01 8.160305254147578458e-01 8.474882347655897374e-02
5.722365129903866920e-01 8.170881882484282155e-01 7.008755829869228737e-02
5.725980509355262926e-01 8.179615101391953802e-01 5.541155112635264696e-02
5.728466718414940706e-01 8.186502618193244318e-01 4.072394118552868925e-02
5.729823997160264915e-01 8.191542709441546055e-01 2.602786990611812012e-02
5.730052540960455243e-01 8.194734221576924771e-01 1.132648036933045672e-02
5.729152499874391458e-01 8.196076571399846245e-01 -3.377083245425370472e-03
5.727123978357879786e-01 8.195569746362518782e-01 -1.807967621430555880e-02
5.723967035280639326e-01 8.193214304677587378e-01 -3.277815382358394147e-02
5.719681684252909681e-01 8.189011375243795410e-01 -4.746937192512677012e-02
5.714267894261182423e-01 8.182962657388151984e-01 -6.215018749292195582e-02
5.707725590612211519e-01 8.175070420424033202e-01 -7.681745918079230240e-02
5.700054656184072588e-01 8.165337503024536758e-01 -9.146804788141926768e-02
5.691254932982658943e-01 8.153767312410348245e-01 -1.060988172868001650e-01
5.681326224001654879e-01 8.140363823351247641e-01 -1.207066344502575883e-01
5.670268295383633639e-01 8.125131576980330061e-01 -1.352883703501154833e-01
5.658080878879574449e-01 8.108075679419909365e-01 -1.498409004551509438e-01
5.644763674603715531e-01 8.089201800218014382e-01 -1.643611052919259075e-01
5.630316354080301400e-01 8.068516170594290937e-01 -1.788458710140962693e-01
5.614738563578418606e-01 8.046025581494080647e-01 -1.932920899737902987e-01
5.598029927730755473e-01 8.021737381449369764e-01 -2.076966612951409719e-01
5.580190053431761665e-01 7.995659474245254694e-01 -2.220564914500496867e-01
5.561218534010335945e-01 7.967800316390516446e-01 -2.363684948362516081e-01
5.541114953671814058e-01 7.938168914390861808e-01 -2.506295943577444008e-01
5.519878892203687881e-01 7.906774821823367994e-01 -2.648367220076338624e-01
5.497509929939145001e-01 7.873628136210613082e-01 -2.789868194534416146e-01
5.474220683783882491e-01 7.838940839826569196e-01 -2.929831806589747178e-01
5.450037846730986235e-01 7.802755041264443081e-01 -3.068240739444529908e-01
5.424987794114030093e-01 7.765112793700565952e-01 -3.205078896810286126e-01
5.399096583642075675e-01 7.726056067210498313e-01 -3.340331379784609589e-01
5.372389955748325674e-01 7.685626722010854284e-01 -3.473984463584891547e-01
5.344893334226392678e-01 7.643866482622730940e-01 -3.606025574162469716e-01
5.316631827129417731e-01 7.600816912951674498e-01 -3.736443264719769841e-01
5.287630227908504121e-01 7.556519392278167047e-01 -3.865227192152160818e-01
5.257913016768168690e-01 7.511015092151773764e-01 -3.992368093435411103e-01
5.227504362217708644e-01 7.464344954181256764e-01 -4.117857761978827025e-01
5.196428122798572025e-01 7.416549668712206778e-01 -4.241689023963352012e-01
5.164707848968960180e-01 7.367669654383017797e-01 -4.363855714683137488e-01
5.132366785128040787e-01 7.317745038549366976e-01 -4.484352654908340674e-01
5.099427871763221320e-01 7.266815638566732627e-01 -4.603175627286162919e-01
5.065913747705030890e-01 7.214920943919899132e-01 -4.720321352796436054e-01
5.031846752475166440e-01 7.162100099187866942e-01 -4.835787467277349316e-01
4.997248928714293492e-01 7.108391887832077316e-01 -4.949572498036241552e-01
4.962142024677127505e-01 7.053834716795404081e-01 -5.061675840559716200e-01
4.926547496783296176e-01 6.998466601898942763e-01 -5.172097735336691482e-01
4.890486512213357284e-01 6.942325154023237799e-01 -5.280839244807363775e-01
4.853979951540222659e-01 6.885447566060239888e-01 -5.387902230450463126e-01
4.817048411387071516e-01 6.827870600621956942e-01 -5.493289330020582062e-01
4.779712207103635202e-01 6.769630578491482309e-01 -5.597003934946765957e-01
4.741991375453484259e-01 6.710763367801816370e-01 -5.699050167903016995e-01
4.703905677305685873e-01 6.651304373927678926e-01 -5.799432860560798098e-01
4.665474600324883148e-01 6.591288530075296581e-01 -5.898157531533098075e-01
4.626717361654499316e-01 6.530750288554981742e-01 -5.995230364519104072e-01
4.587652910588401745e-01 6.469723612721161032e-01 -6.090658186658024498e-01
4.548299931226927884e-01 6.408241969564396623e-01 -6.184448447100122648e-01
4.508676845113747111e-01 6.346338322939828469e-01 -6.276609195802537178e-01
4.468801813850534765e-01 6.284045127416392207e-01 -6.367149062557023731e-01
4.428692741686934276e-01 6.221394322731107485e-01 -6.456077236256280161e-01
4.388367278083728507e-01 6.158417328832681559e-01 -6.543403444405115899e-01
4.347842820247573292e-01 6.095145041498660765e-01 -6.629137932882270823e-01
4.307136515636034724e-01 6.031607828510365810e-01 -6.713291445958314840e-01
4.266265264432040905e-01 5.967835526369837940e-01 -6.795875206574624183e-01
4.225245721987192504e-01 5.903857437543085229e-01 -6.876900896888089587e-01
4.184094301233686752e-01 5.839702328213931537e-01 -6.956380639085792961e-01
4.142827175064892065e-01 5.775398426532858398e-01 -7.034326976473561643e-01
4.101460278684872507e-01 5.710973421345298950e-01 -7.110752854841938531e-01
4.060009311927381681e-01 5.646454461383912937e-01 -7.185671604112772171e-01
4.018489741545069882e-01 5.581868154909508384e-01 -7.259096920269291209e-01
3.976916803469822126e-01 5.517240569785353266e-01 -7.331042847572230015e-01
3.935305505045320618e-01 5.452597233969768142e-01 -7.401523761064225937e-01
3.893670627233057902e-01 5.387963136412025067e-01 -7.470554349364436630e-01
3.852026726793161826e-01 5.323362728336707983e-01 -7.538149597755028353e-01
3.810388138441491712e-01 5.258819924901861897e-01 -7.604324771560887486e-01
3.768768976984560037e-01 5.194358107216416887e-01 -7.669095399823655512e-01
3.727183139433898340e-01 5.130000124702546183e-01 -7.732477259270907899e-01
3.685644307101546557e-01 5.065768297788788566e-01 -7.794486358581050878e-01
3.644165947678387196e-01 5.001684420919978447e-01 -7.855138922944249202e-01
3.602761317297064059e-01 4.937769765870189120e-01 -7.914451378919480362e-01
3.561443462581250219e-01 4.874045085345124484e-01 -7.972440339587559821e-01
3.520225222683021071e-01 4.810530616860586584e-01 -8.029122589999762027e-01
3.479119231310089377e-01 4.747246086883863403e-01 -8.084515072921460987e-01
3.438137918744624821e-01 4.684210715225098354e-01 -8.138634874869985492e-01
3.397293513855366154e-01 4.621443219665928304e-01 -8.191499212445705336e-01
3.356598046104682931e-01 4.558961820812900134e-01 -8.243125418955157269e-01
3.316063347552201113e-01 4.496784247163411741e-01 -8.293530931324833988e-01
3.275701054856556271e-01 4.434927740372149318e-01 -8.342733277304097417e-01
3.235522611276767102e-01 4.373409060706239804e-01 -8.390750062955492083e-01
3.195539268674664202e-01 4.312244492677569374e-01 -8.437598960430567896e-01
3.155762089519730251e-01 4.251449850840967604e-01 -8.483297696029183932e-01
3.116201948897635576e-01 4.191040485747194455e-01 -8.527864038540090563e-01
3.076869536523661464e-01 4.131031290039918202e-01 -8.571315787860460667e-01
3.037775358762131450e-01 4.071436704686122177e-01 -8.613670763891899673e-01
2.998929740652869769e-01 4.012270725329615817e-01 -8.654946795710326546e-01
2.960342827945625643e-01 3.953546908757589184e-01 -8.695161711007000083e-01
2.922024589143299989e-01 3.895278379470384911e-01 -8.734333325797850600e-01
2.883984817554720581e-01 3.837477836344927451e-01 -8.772479434398150477e-01
2.846233133357619072e-01 3.780157559382479882e-01 -8.809617799659469339e-01
2.808778985672357731e-01 3.723329416531669378e-01 -8.845766143465739750e-01
2.771631654646866116e-01 3.667004870577950659e-01 -8.880942137485191568e-01
2.734800253553141269e-01 3.611194986090940362e-01 -8.915163394174785427e-01
2.698293730895576781e-01 3.555910436421292897e-01 -8.948447458033742530e-01
2.662120872531285598e-01 3.501161510739035365e-01 -8.980811797102636884e-01
2.626290303802481518e-01 3.446958121105527795e-01 -9.012273794704492857e-01
2.590810491680901606e-01 3.393309809571448121e-01 -9.042850741424228733e-01
2.555689746924142969e-01 3.340225755293452781e-01 -9.072559827322742576e-01
2.520936226243715161e-01 3.287714781662391950e-01 -9.101418134381878966e-01
2.486557934484496524e-01 3.235785363436198270e-01 -9.129442629176456325e-01
2.452562726815220306e-01 3.184445633870801595e-01 -9.156650155769500143e-01
2.418958310929510136e-01 3.133703391842653230e-01 -9.183057428826768565e-01
2.385752249256912483e-01 3.083566108956671270e-01 -9.208681026946643478e-01
2.352951961183289975e-01 3.034040936633637942e-01 -9.233537386201399189e-01
2.320564725279861684e-01 2.985134713171313514e-01 -9.257642793885864085e-01
2.288597681540098794e-01 2.936853970773736222e-01 -9.281013382469445183e-01
2.257057833623615228e-01 2.889204942543405763e-01 -9.303665123747467680e-01
2.225952051106117879e-01 2.842193569431251121e-01 -9.325613823187783868e-01
2.195287071734416950e-01 2.795825507139497179e-01 -9.346875114468580215e-01
2.165069503685432273e-01 2.750106132972746642e-01 -9.367464454203308089e-01
2.135305827828067604e-01 2.705040552632795858e-01 -9.387397116848659184e-01
2.106002399986769136e-01 2.660633606952906294e-01 -9.406688189791524435e-01
2.077165453205526147e-01 2.616889878567435490e-01 -9.425352568610851911e-01
2.048801100011019838e-01 2.573813698512932846e-01 -9.443404952510355832e-01
2.020915334673578090e-01 2.531409152756987635e-01 -9.460859839918023262e-01
1.993514035464543088e-01 2.489680088651295697e-01 -9.477731524248388384e-01
1.966602966908617411e-01 2.448630121305594987e-01 -9.494034089823566447e-01
1.940187782029711427e-01 2.408262639879290290e-01 -9.509781407949053911e-01
1.914274024588777101e-01 2.368580813787759531e-01 -9.524987133140335738e-01
1.888187516523750220e-01 2.328924078033736411e-01 -9.539961244174153254e-01
1.861928561372951096e-01 2.289294262881012842e-01 -9.554703229793615193e-01
1.835497480295951167e-01 2.249693195821673986e-01 -9.569212586396240727e-01
1.808894612093413512e-01 2.210122701373748999e-01 -9.583488818084661132e-01
1.782120313223953256e-01 2.170584600878497084e-01 -9.597531436716640885e-01
1.755174957818005921e-01 2.131080712297371282e-01 -9.611339961954409317e-01
1.728058937688695951e-01 2.091612850008707225e-01 -9.624913921313290599e-01
1.700772662339694874e-01 2.052182824604182054e-01 -9.638252850209620970e-01
1.673316558970061874e-01 2.012792442685091276e-01 -9.651356292007945425e-01
1.645691072476059558e-01 1.973443506658488222e-01 -9.664223798067472782e-01
1.617896665449938542e-01 1.934137814533233857e-01 -9.676854927787793548e-01
1.589933818175685576e-01 1.894877159716004955e-01 -9.689249248653836188e-01
1.561803028621729372e-01 1.855663330807305056e-01 -9.701406336280059550e-01
1.533504812430602771e-01 1.816498111397528981e-01 -9.713325774453870354e-01
1.505039702905554833e-01 1.777383279863125887e-01 -9.725007155178252427e-01
1.476408250994114268e-01 1.738320609162909702e-01 -9.736450078713597689e-01
1.447611025268599749e-01 1.699311866634563850e-01 -9.747654153618735551e-01
1.418648611903578771e-01 1.660358813791390220e-01 -9.758618996791141864e-01
1.389521614650275350e-01 1.621463206119347356e-01 -9.769344233506328523e-01
1.360230654807926542e-01 1.582626792874429478e-01 -9.779829497456392629e-01
1.330776371192090579e-01 1.543851316880430757e-01 -9.790074430787726323e-01
1.301159420099910757e-01 1.505138514327146182e-01 -9.800078684137872864e-01
1.271380475272337329e-01 1.466490114569055925e-01 -9.809841916671523387e-01
1.241440227853313483e-01 1.427907839924540956e-01 -9.819363796115643250e-01
1.211339386345929442e-01 1.389393405475679022e-01 -9.828643998793720193e-01
1.181078676565553015e-01 1.350948518868669568e-01 -9.837682209659130983e-01
1.150658841589943110e-01 1.312574880114933396e-01 -9.846478122327608773e-01
1.120080641706354130e-01 1.274274181392938410e-01 -9.855031439108815627e-01
1.089344854355641240e-01 1.236048106850797662e-01 -9.863341871037000219e-01
1.058452274073375665e-01 1.197898332409686600e-01 -9.871409137900745145e-01
1.027403712427981536e-01 1.159826525568129763e-01 -9.879232968271789428e-01
9.961999979559058027e-02 1.121834345207202988e-01 -9.886813099532922866e-01
9.648419760938334311e-02 1.083923441396699022e-01 -9.894149277904942252e-01
9.333305091079620308e-02 1.046095455202303431e-01 -9.901241258472666118e-01
9.016664760203497997e-02 1.008352018493829105e-01 -9.908088805210000238e-01
8.698507725323521844e-02 9.706947537545546068e-02 -9.914691691004051677e-01
8.378843109451629412e-02 9.331252738917150680e-02 -9.921049697678280266e-01
8.057680200774770818e-02 8.956451820481904635e-02 -9.927162616014680863e-01
7.735028451802927751e-02 8.582560714154378878e-02 -9.933030245775004152e-01
7.410897478488710777e-02 8.209595250477147443e-02 -9.938652395720992683e-01
7.085297059318730606e-02 7.837571156776371173e-02 -9.944028883633638793e-01
6.758237134376944566e-02 7.466504055331193990e-02 -9.949159536331461107e-01
6.429727804380182266e-02 7.096409461557404152e-02 -9.954044189687787370e-01
6.099779329686083607e-02 6.727302782205799025e-02 -9.958682688647043646e-01
5.768402129273660084e-02 6.359199313575703005e-02 -9.963074887240049859e-01
5.435606779696723623e-02 5.992114239744080612e-02 -9.967220648598309474e-01
5.101404014010423038e-02 5.626062630810668708e-02 -9.971119844967301082e-01
4.765804720671139305e-02 5.261059441159569861e-02 -9.974772357718754145e-01
4.428819942409994992e-02 4.897119507737731497e-02 -9.978178077361925524e-01
4.090460875080248471e-02 4.534257548350728584e-02 -9.981336903553851281e-01
3.757849500025758210e-02 4.179433401791913388e-02 -9.984192958614658275e-01
3.431026907409701066e-02 3.832641825078435954e-02 -9.986760691491098907e-01
3.110033217288548507e-02 3.493876197940722073e-02 -9.989054270755912679e-01
2.794907612284503601e-02 3.163128585895258471e-02 -9.991087582889932595e-01
2.485688370101747299e-02 2.840389801855493918e-02 -9.992874230675625746e-01
2.182412895861565033e-02 2.525649466273338292e-02 -9.994427531697512856e-01
1.885117754231591114e-02 2.218896065805019482e-02 -9.995760516945002561e-01
1.593838701324593737e-02 1.920117010496290993e-02 -9.996885929513242841e-01
1.308610716342417310e-02 1.629298689483145782e-02 -9.997816223397658630e-01
1.029468032940918445e-02 1.346426525205322855e-02 -9.998563562377945635e-01
7.564441702919513268e-03 1.071485026130960215e-02 -9.999139818987344830e-01
4.895719638187030764e-03 8.044578379917770999e-03 -9.999556573563127548e-01
2.288835955809202533e-03 5.453277935291369824e-03 -9.999825113374283259e-01
-2.558937571316894678e-04 2.940769607522812634e-03 -9.999956431822505376e-01
-2.738159850911726489e-03 5.068668971090076539e-04 -9.999961227712647061e-01
-5.157658321197557127e-03 -1.848623422149410674e-03 -9.999849904588908878e-01
-7.514090521491512478e-03 -4.125900865037252820e-03 -9.999632570133116793e-01
-9.807162880210707617e-03 -6.325170811556665371e-03 -9.999319035621524465e-01
-1.203658662261838930e-02 -8.446644098248913893e-03 -9.998918815436688146e-01
-1.420207749782295172e-02 -1.049053662414642721e-02 -9.998441126631032461e-01
-1.630335551105716041e-02 -1.245706897128905956e-02 -9.997894888538837455e-01
-1.834014466144732666e-02 -1.434646603973249550e-02 -9.997288722433467223e-01
-2.031217268547926350e-02 -1.615895669697097609e-02 -9.996630951226752604e-01
-2.221917080636510652e-02 -1.789477344169117592e-02 -9.995929599207542537e-01
-2.406087348951220853e-02 -1.955415208176900996e-02 -9.995192391816535293e-01
-2.583701820429258958e-02 -2.113733142641635240e-02 -9.994426755454601796e-01
-2.754734519230868026e-02 -2.264455299238021802e-02 -9.993639817321907648e-01
-2.919159724234841879e-02 -2.407606072409278208e-02 -9.992838405285247028e-01
-3.076951947222008460e-02 -2.543210072766664831e-02 -9.992029047771100458e-01
-3.228085911765470051e-02 -2.671292101862610818e-02 -9.991217973682022802e-01
-3.372536532846127921e-02 -2.791877128326175628e-02 -9.990411112334082189e-01
-3.510278897211775717e-02 -2.904990265349251602e-02 -9.989614093413169416e-01
-3.641288244497795090e-02 -3.010656749511619532e-02 -9.988832246948083915e-01
-3.765539949127265362e-02 -3.108901920932686039e-02 -9.988070603298435657e-01
-3.883009503008062746e-02 -3.199751204737467936e-02 -9.987333893155481146e-01
-3.993672499044303992e-02 -3.283230093824146545e-02 -9.986626547554122713e-01
-4.097504615479279771e-02 -3.359364132920281132e-02 -9.985952697894412422e-01
-4.194481601086812173e-02 -3.428178903914561731e-02 -9.985316175970991859e-01
-4.284579261227768054e-02 -3.489700012450775574e-02 -9.984720514009020054e-01
-4.367773444788271980e-02 -3.543953075770472222e-02 -9.984168944705230642e-01
-4.444040032015973002e-02 -3.590963711790639418e-02 -9.983664401272880351e-01
-4.513354923270535002e-02 -3.630757529402534045e-02 -9.983209517489439744e-01
-4.575694028704350991e-02 -3.663360119977641938e-02 -9.982806627745993699e-01
-4.631033258889311749e-02 -3.688797050066610489e-02 -9.982457767097429047e-01
-4.679348516405292674e-02 -3.707093855276834965e-02 -9.982164671312572235e-01
-4.720615688405871424e-02 -3.718276035314248273e-02 -9.981928776923567614e-01
-4.754810640176627273e-02 -3.722369050174740429e-02 -9.981751221273882368e-01
-4.781909209701235008e-02 -3.719398317470481996e-02 -9.981632842564422958e-01
-4.801887203250412156e-02 -3.709389210876327253e-02 -9.981574179897374499e-01
-4.814720392008636773e-02 -3.692367059681324337e-02 -9.981575473317454428e-01
-4.827493253818938151e-02 -3.675300524791016293e-02 -9.981576766646992338e-01
-4.840205635231739634e-02 -3.658189819955091210e-02 -9.981578059885994891e-01
-4.852857383554645687e-02 -3.641035159453582387e-02 -9.981579353034468749e-01
-4.865448346854275158e-02 -3.623836758094185068e-02 -9.981580646092419462e-01
-4.877978373958081343e-02 -3.606594831209568308e-02 -9.981581939059853692e-01
-4.890447314456166511e-02 -3.589309594654682689e-02 -9.981583231936778100e-01
-4.902855018703087403e-02 -3.571981264804058309e-02 -9.981584524723198237e-01
-4.915201337819646160e-02 -3.554610058549097923e-02 -9.981585817419120765e-01
-4.927486123694677089e-02 -3.537196193295364527e-02 -9.981587110024552345e-01
-4.939709228986821632e-02 -3.519739886959862701e-02 -9.981588402539498528e-01
-4.951870507126292925e-02 -3.502241357968311625e-02 -9.981589694963965975e-01
-4.963969812316632035e-02 -3.484700825252416700e-02 -9.981590987297961348e-01
-4.976006999536453784e-02 -3.467118508247130082e-02 -9.981592279541490198e-01
-4.987981924541183554e-02 -3.449494626887907034e-02 -9.981593571694559186e-01
-4.999894443864782295e-02 -3.431829401607957436e-02 -9.981594863757174974e-01
-5.011744414821466681e-02 -3.414123053335491043e-02 -9.981596155729344222e-01
-5.023531695507413297e-02 -3.396375803490955803e-02 -9.981597447611072482e-01
-5.035256144802457284e-02 -3.378587873984269241e-02 -9.981598739402365306e-01
-5.046917622371779877e-02 -3.360759487212047758e-02 -9.981600031103230464e-01
-5.058515988667586227e-02 -3.342890866054826216e-02 -9.981601322713673508e-01
-5.070051104930774211e-02 -3.324982233874274745e-02 -9.981602614233701098e-01
-5.081522833192590044e-02 -3.307033814510406539e-02 -9.981603905663318788e-01
-5.092931036276279744e-02 -3.289045832278784248e-02 -9.981605197002533236e-01
-5.104275577798725316e-02 -3.271018511967715287e-02 -9.981606488251351106e-01
-5.115556322172074011e-02 -3.252952078835447819e-02 -9.981607779409777947e-01
-5.126773134605356469e-02 -3.234846758607355655e-02 -9.981609070477820422e-01
-5.137925881106096548e-02 -3.216702777473119668e-02 -9.981610361455485192e-01
-5.149014428481907962e-02 -3.198520362083904361e-02 -9.981611652342778918e-01
-5.160038644342084674e-02 -3.180299739549528881e-02 -9.981612943139707150e-01
-5.170998397099178800e-02 -3.162041137435631089e-02 -9.981614233846275441e-01
-5.181893555970568804e-02 -3.143744783760827471e-02 -9.981615524462491562e-01
-5.192723990980019355e-02 -3.125410906993866117e-02 -9.981616814988361064e-01
-5.203489572959228010e-02 -3.107039736050777601e-02 -9.981618105423890608e-01
-5.214190173549365648e-02 -3.088631500292017204e-02 -9.981619395769085745e-01
-5.224825665202603026e-02 -3.070186429519602966e-02 -9.981620686023953137e-01
-5.235395921183629703e-02 -3.051704753974248882e-02 -9.981621976188499445e-01
-5.245900815571163250e-02 -3.033186704332492892e-02 -9.981623266262730221e-01
-5.256340223259445277e-02 -3.014632511703818976e-02 -9.981624556246652125e-01
-5.266714019959730514e-02 -2.996042407627774393e-02 -9.981625846140271818e-01
-5.277022082201763414e-02 -2.977416624071082749e-02 -9.981627135943594853e-01
-5.287264287335245727e-02 -2.958755393424750482e-02 -9.981628425656629000e-01
-5.297440513531295747e-02 -2.940058948501168834e-02 -9.981629715279378701e-01
-5.307550639783890911e-02 -2.921327522531211654e-02 -9.981631004811851726e-01
-5.317594545911309006e-02 -2.902561349161327311e-02 -9.981632294254053628e-01
-5.327572112557552031e-02 -2.883760662450625747e-02 -9.981633583605989957e-01
-5.337483221193761729e-02 -2.864925696867961016e-02 -9.981634872867668484e-01
-5.347327754119627491e-02 -2.846056687289008971e-02 -9.981636162039094762e-01
-5.357105594464780379e-02 -2.827153868993339744e-02 -9.981637451120274340e-01
-5.366816626190178824e-02 -2.808217477661485370e-02 -9.981638740111214991e-01
-5.376460734089482524e-02 -2.789247749372003593e-02 -9.981640029011922266e-01
-5.386037803790418022e-02 -2.770244920598535776e-02 -9.981641317822401716e-01
-5.395547721756131787e-02 -2.751209228206860993e-02 -9.981642606542661111e-01
-5.404990375286534282e-02 -2.732140909451944918e-02 -9.981643895172706005e-01
-5.414365652519633615e-02 -2.713040201974984203e-02 -9.981645183712541947e-01
-5.423673442432856706e-02 -2.693907343800447385e-02 -9.981646472162176709e-01
-5.432913634844362821e-02 -2.674742573333109205e-02 -9.981647760521615842e-01
-5.442086120414344613e-02 -2.655546129355082149e-02 -9.981649048790864898e-01
-5.451190790646320838e-02 -2.636318251022842785e-02 -9.981650336969930537e-01
-5.460227537888415889e-02 -2.617059177864253586e-02 -9.981651625058819421e-01
-5.469196255334630302e-02 -2.597769149775581640e-02 -9.981652913057538212e-01
-5.478096837026100868e-02 -2.578448407018510413e-02 -9.981654200966092461e-01
-5.486929177852349626e-02 -2.559097190217150472e-02 -9.981655488784488828e-01
-5.495693173552523153e-02 -2.539715740355043272e-02 -9.981656776512732865e-01
-5.504388720716619360e-02 -2.520304298772161819e-02 -9.981658064150832343e-01
-5.513015716786706655e-02 -2.500863107161907517e-02 -9.981659351698791705e-01
-5.521574060058129230e-02 -2.481392407568101463e-02 -9.981660639156618720e-01
-5.530063649680704713e-02 -2.461892442381973661e-02 -9.981661926524318940e-01
-5.538484385659909331e-02 -2.442363454339146339e-02 -9.981663213801899026e-01
-5.546836168858052668e-02 -2.422805686516614140e-02 -9.981664500989364530e-01
-5.555118900995442699e-02 -2.403219382329719808e-02 -9.981665788086722113e-01
-5.563332484651538345e-02 -2.383604785529126399e-02 -9.981667075093978436e-01
-5.571476823266094391e-02 -2.363962140197786027e-02 -9.981668362011139051e-01
-5.579551821140291828e-02 -2.344291690747902709e-02 -9.981669648838210618e-01
-5.587557383437860570e-02 -2.324593681917893478e-02 -9.981670935575199799e-01
-5.595493416186190366e-02 -2.304868358769344983e-02 -9.981672222222112145e-01
-5.603359826277429928e-02 -2.285115966683965924e-02 -9.981673508778954318e-01
-5.611156521469577718e-02 -2.265336751360536027e-02 -9.981674795245732978e-01
-5.618883410387560257e-02 -2.245530958811851538e-02 -9.981676081622453678e-01
-5.626540402524298629e-02 -2.225698835361666905e-02 -9.981677367909123078e-01
-5.634127408241768054e-02 -2.205840627641632301e-02 -9.981678654105747839e-01
-5.641644338772041495e-02 -2.185956582588228364e-02 -9.981679940212333513e-01
-5.649091106218326330e-02 -2.166046947439696779e-02 -9.981681226228886761e-01
-5.656467623555989921e-02 -2.146111969732968430e-02 -9.981682512155413134e-01
-5.663773804633571995e-02 -2.126151897300586346e-02 -9.981683797991920404e-01
-5.671009564173788015e-02 -2.106166978267626222e-02 -9.981685083738413011e-01
-5.678174817774521432e-02 -2.086157461048613812e-02 -9.981686369394898728e-01
-5.685269481909805550e-02 -2.066123594344438860e-02 -9.981687654961383105e-01
-5.692293473930792186e-02 -2.046065627139264168e-02 -9.981688940437872803e-01
-5.699246712066712017e-02 -2.025983808697434316e-02 -9.981690225824373375e-01
-5.706129115425824516e-02 -2.005878388560378492e-02 -9.981691511120891480e-01
-5.712940603996353311e-02 -1.985749616543510884e-02 -9.981692796327433781e-01
-5.719681098647413225e-02 -1.965597742733128997e-02 -9.981694081444005828e-01
-5.726350521129928289e-02 -1.945423017483307454e-02 -9.981695366470614283e-01
-5.732948794077533800e-02 -1.925225691412789028e-02 -9.981696651407264698e-01
-5.739475841007472129e-02 -1.905006015401872893e-02 -9.981697936253964842e-01
-5.745931586321473272e-02 -1.884764240589300449e-02 -9.981699221010719159e-01
-5.752315955306630535e-02 -1.864500618369136636e-02 -9.981700505677535418e-01
-5.758628874136256792e-02 -1.844215400387649514e-02 -9.981701790254419171e-01
-5.764870269870738667e-02 -1.823908838540186719e-02 -9.981703074741377080e-01
-5.771040070458373361e-02 -1.803581184968048798e-02 -9.981704359138414695e-01
-5.777138204736195770e-02 -1.783232692055359767e-02 -9.981705643445538678e-01
-5.783164602430797274e-02 -1.762863612425935242e-02 -9.981706927662755691e-01
-5.789119194159130649e-02 -1.742474198940147448e-02 -9.981708211790071283e-01
-5.795001911429304570e-02 -1.722064704691787795e-02 -9.981709495827492118e-01
-5.800812686641367705e-02 -1.701635383004926685e-02 -9.981710779775024855e-01
-5.806551453088081016e-02 -1.681186487430770191e-02 -9.981712063632675047e-01
-5.812218144955681037e-02 -1.660718271744514654e-02 -9.981713347400449354e-01
-5.817812697324627191e-02 -1.640230989942199555e-02 -9.981714631078354438e-01
-5.823335046170344254e-02 -1.619724896237556555e-02 -9.981715914666395850e-01
-5.828785128363949547e-02 -1.599200245058855774e-02 -9.981717198164580251e-01
-5.834162881672969730e-02 -1.578657291045751365e-02 -9.981718481572913193e-01
-5.839468244762047178e-02 -1.558096289046123281e-02 -9.981719764891401336e-01
-5.844701157193635255e-02 -1.537517494112917472e-02 -9.981721048120051343e-01
-5.849861559428682495e-02 -1.516921161500982967e-02 -9.981722331258868763e-01
-5.854949392827303589e-02 -1.496307546663907390e-02 -9.981723614307860259e-01
-5.859964599649442746e-02 -1.475676905250850046e-02 -9.981724897267032492e-01
-5.864907123055524557e-02 -1.455029493103372762e-02 -9.981726180136391013e-01
-5.869776907107090297e-02 -1.434365566252268458e-02 -9.981727462915942484e-01
-5.874573896767430053e-02 -1.413685380914387647e-02 -9.981728745605692454e-01
-5.879298037902195434e-02 -1.392989193489463026e-02 -9.981730028205647587e-01
-5.883949277280009493e-02 -1.372277260556932152e-02 -9.981731310715814542e-01
-5.888527562573057927e-02 -1.351549838872757522e-02 -9.981732593136198872e-01
-5.893032842357673329e-02 -1.330807185366245267e-02 -9.981733875466807238e-01
-5.897465066114909032e-02 -1.310049557136861755e-02 -9.981735157707646300e-01
-5.901824184231098391e-02 -1.289277211451047948e-02 -9.981736439858721610e-01
-5.906110147998403642e-02 -1.268490405739032718e-02 -9.981737721920039830e-01
-5.910322909615357140e-02 -1.247689397591643552e-02 -9.981739003891607620e-01
-5.914462422187386631e-02 -1.226874444757116052e-02 -9.981740285773430532e-01
-5.918528639727332202e-02 -1.206045805137901522e-02 -9.981741567565515227e-01
-5.922521517155950044e-02 -1.185203736787472650e-02 -9.981742849267867257e-01
-5.926441010302406498e-02 -1.164348497907127626e-02 -9.981744130880493282e-01
-5.930287075904761701e-02 -1.143480346842793219e-02 -9.981745412403399964e-01
-5.934059671610439346e-02 -1.122599542081825601e-02 -9.981746693836592854e-01
-5.937758755976686037e-02 -1.101706342249809782e-02 -9.981747975180078614e-01
-5.941384288471020930e-02 -1.080801006107357833e-02 -9.981749256433862794e-01
-5.944936229471672190e-02 -1.059883792546905540e-02 -9.981750537597953166e-01
-5.948414540268004425e-02 -1.038954960589507162e-02 -9.981751818672354171e-01
-5.951819183060932245e-02 -1.018014769381630005e-02 -9.981753099657073580e-01
-5.955150120963323412e-02 -9.970634781919462258e-03 -9.981754380552116945e-01
-5.958407318000391584e-02 -9.761013464081244595e-03 -9.981755661357489817e-01
-5.961590739110077947e-02 -9.551286335336198891e-03 -9.981756942073199967e-01
-5.964700350143419677e-02 -9.341455991844625772e-03 -9.981758222699252947e-01
-5.967736117864908679e-02 -9.131525030860454528e-03 -9.981759503235654307e-01
-5.970698009952837837e-02 -8.921496050699105618e-03 -9.981760783682410709e-01
-5.973585994999638937e-02 -8.711371650705344513e-03 -9.981762064039528815e-01
-5.976400042512203942e-02 -8.501154431221128599e-03 -9.981763344307014174e-01
-5.979140122912200705e-02 -8.290846993553433256e-03 -9.981764624484873449e-01
-5.981806207536372738e-02 -8.080451939942084882e-03 -9.981765904573113302e-01
-5.984398268636832025e-02 -7.869971873527566164e-03 -9.981767184571739282e-01
-5.986916279381335887e-02 -7.659409398318826542e-03 -9.981768464480758052e-01
-5.989360213853555520e-02 -7.448767119161077942e-03 -9.981769744300176272e-01
-5.991730047053332731e-02 -7.238047641703583557e-03 -9.981771024029999495e-01
-5.994025754896925573e-02 -7.027253572367438833e-03 -9.981772303670234381e-01
-5.996247314217240804e-02 -6.816387518313344641e-03 -9.981773583220886481e-01
-5.998394702764058006e-02 -6.605452087409374382e-03 -9.981774862681962457e-01
-6.000467899204239147e-02 -6.394449888198735880e-03 -9.981776142053467860e-01
-6.002466883121929803e-02 -6.183383529867522883e-03 -9.981777421335410461e-01
-6.004391635018747203e-02 -5.972255622212465677e-03 -9.981778700527794701e-01
-6.006242136313956481e-02 -5.761068775608673906e-03 -9.981779979630628352e-01
-6.008018369344637205e-02 -5.549825600977373319e-03 -9.981781258643916965e-01
-6.009720317365838810e-02 -5.338528709753641646e-03 -9.981782537567667202e-01
-6.011347964550722844e-02 -5.127180713854138407e-03 -9.981783816401884613e-01
-6.012901295990693423e-02 -4.915784225644827775e-03 -9.981785095146575859e-01
-6.014380297695520045e-02 -4.704341857908704919e-03 -9.981786373801746493e-01
-6.015784956593445837e-02 -4.492856223813512795e-03 -9.981787652367403174e-01
-6.017115260531284704e-02 -4.281329936879460681e-03 -9.981788930843552565e-01
-6.018371198274508060e-02 -4.069765610946940101e-03 -9.981790209230200217e-01
-6.019552759507320466e-02 -3.858165860144235990e-03 -9.981791487527352791e-01
-6.020659934832722077e-02 -3.646533298855240881e-03 -9.981792765735016948e-01
-6.021692715772562765e-02 -3.434870541687163898e-03 -9.981794043853198239e-01
-6.022651094767581675e-02 -3.223180203438243217e-03 -9.981795321881903327e-01
-6.023535065177437753e-02 -3.011464899065455052e-03 -9.981796599821137761e-01
-6.024344621280727785e-02 -2.799727243652224817e-03 -9.981797877670908203e-01
-6.025079758274993341e-02 -2.587969852376138715e-03 -9.981799155431221315e-01
-6.025740472276716608e-02 -2.376195340476655767e-03 -9.981800433102082648e-01
-6.026326760321304432e-02 -2.164406323222822434e-03 -9.981801710683498863e-01
-6.026838620363061255e-02 -1.952605415880987036e-03 -9.981802988175475511e-01
-6.027276051275150953e-02 -1.740795233682518924e-03 -9.981804265578019253e-01
-6.027639052849547568e-02 -1.528978391791528538e-03 -9.981805542891136751e-01
-6.027927625796973554e-02 -1.317157505272591352e-03 -9.981806820114833556e-01
-6.028141771746828304e-02 -1.105335189058474863e-03 -9.981808097249116329e-01
-6.028281493247102107e-02 -8.935140579178699194e-04 -9.981809374293991732e-01
-6.028346793764284561e-02 -6.816967264231256181e-04 -9.981810651249465316e-01
-6.028337677683254930e-02 -4.698858089179894140e-04 -9.981811928115543742e-01
-6.028254150307166964e-02 -2.580839194853522126e-04 -9.981813204892232561e-01
-6.028096217857317751e-02 -4.629367191499842468e-05 -9.981814481579538434e-01
-6.027863887473008941e-02 1.654823203286374749e-04 -9.981815758177466913e-01
-6.027557167211394784e-02 3.772414441387085060e-04 -9.981817034686024659e-01
-6.027176066047318370e-02 5.889810867981860746e-04 -9.981818311105218333e-01
-6.026720593873138160e-02 8.006986360120840057e-04 -9.981819587435054597e-01
-6.026190761498541326e-02 1.012391479939674446e-03 -9.981820863675537892e-01
-6.025586580650347385e-02 1.224057007226697072e-03 -9.981822139826675988e-01
-6.024908063972300720e-02 1.435692607037558806e-03 -9.981823415888474438e-01
-6.024155225024849930e-02 1.647295669087526278e-03 -9.981824691860939902e-01
-6.023328078284917453e-02 1.858863583674907546e-03 -9.981825967744077932e-01
-6.022426639145656707e-02 2.070393741713226227e-03 -9.981827243537895189e-01
-6.021450923916199516e-02 2.281883534763384357e-03 -9.981828519242398334e-01
-6.020400949821391734e-02 2.493330355065816357e-03 -9.981829794857592919e-01
-6.019276735001515694e-02 2.704731595572630858e-03 -9.981831070383485605e-01
-6.018078298512003627e-02 2.916084649979743416e-03 -9.981832345820081942e-01
-6.016805660323139987e-02 3.127386912758995351e-03 -9.981833621167388593e-01
-6.015458841319749894e-02 3.338635779190263046e-03 -9.981834896425412218e-01
-6.014037863300879944e-02 3.549828645393554669e-03 -9.981836171594158369e-01
-6.012542748979464446e-02 3.760962908361093014e-03 -9.981837446673632597e-01
-6.010973521981981260e-02 3.972035965989386200e-03 -9.981838721663842673e-01
-6.009330206848099293e-02 4.183045217111286233e-03 -9.981839996564794149e-01
-6.007612829030310048e-02 4.393988061528030648e-03 -9.981841271376492575e-01
-6.005821414893550841e-02 4.604861900041273305e-03 -9.981842546098944613e-01
-6.003955991714816920e-02 4.815664134485098287e-03 -9.981843820732156924e-01
-6.002016587682760390e-02 5.026392167758021202e-03 -9.981845095276135060e-01
-6.000003231897280132e-02 5.237043403854972287e-03 -9.981846369730885682e-01
-5.997915954369099217e-02 5.447615247899266488e-03 -9.981847644096415451e-01
-5.995754786019331928e-02 5.658105106174554470e-03 -9.981848918372729917e-01
-5.993519758679037579e-02 5.868510386156759739e-03 -9.981850192559835744e-01
-5.991210905088765332e-02 6.078828496545998425e-03 -9.981851466657738481e-01
-5.988828258898087897e-02 6.289056847298479976e-03 -9.981852740666444790e-01
-5.986371854665122755e-02 6.499192849658392244e-03 -9.981854014585960222e-01
-5.983841727856041570e-02 6.709233916189766625e-03 -9.981855288416292549e-01
-5.981237914844570597e-02 6.919177460808326706e-03 -9.981856562157446211e-01
-5.978560452911479278e-02 7.129020898813316978e-03 -9.981857835809427870e-01
-5.975809380244056362e-02 7.338761646919311592e-03 -9.981859109372244188e-01
-5.972984735935575606e-02 7.548397123288004031e-03 -9.981860382845901825e-01
-5.970086559984751767e-02 7.757924747559977706e-03 -9.981861656230406332e-01
-5.967114893295182021e-02 7.967341940886454865e-03 -9.981862929525764372e-01
-5.964069777674780443e-02 8.176646125961025552e-03 -9.981864202731981495e-01
-5.960951255835198609e-02 8.385834727051351412e-03 -9.981865475849064362e-01
-5.957759371391235792e-02 8.594905170030857355e-03 -9.981866748877018525e-01
-5.954494168860237358e-02 8.803854882410391131e-03 -9.981868021815850645e-01
-5.951155693661484142e-02 9.012681293369864677e-03 -9.981869294665567383e-01
-5.947743992115567951e-02 9.221381833789871196e-03 -9.981870567426174290e-01
-5.944259111443758042e-02 9.429953936283286611e-03 -9.981871840097678028e-01
-5.940701099767356497e-02 9.638395035226832858e-03 -9.981873112680084148e-01
-5.937070006107040415e-02 9.846702566792632505e-03 -9.981874385173399311e-01
-5.933365880382195784e-02 1.005487396897972868e-02 -9.981875657577629068e-01
-5.929588773410238850e-02 1.026290668164558419e-02 -9.981876929892780081e-01
-5.925738736905925702e-02 1.047079814653755457e-02 -9.981878202118859011e-01
-5.921815823480652830e-02 1.067854580732433695e-02 -9.981879474255871409e-01
-5.917820086641745192e-02 1.088614710962739277e-02 -9.981880746303823937e-01
-5.913751580791733881e-02 1.109359950105234284e-02 -9.981882018262723255e-01
-5.909610361227621983e-02 1.130090043122033636e-02 -9.981883290132574915e-01
-5.905396484140141428e-02 1.150804735179939212e-02 -9.981884561913384468e-01
-5.901110006612995257e-02 1.171503771653571724e-02 -9.981885833605159686e-01
-5.896750986622093654e-02 1.192186898128498942e-02 -9.981887105207905009e-01
-5.892319483034775401e-02 1.212853860404361842e-02 -9.981888376721628209e-01
-5.887815555609018231e-02 1.233504404497997621e-02 -9.981889648146334837e-01
-5.883239264992642242e-02 1.254138276646559608e-02 -9.981890919482030444e-01
-5.878590672722496663e-02 1.274755223310634553e-02 -9.981892190728722802e-01
-5.873869841223641058e-02 1.295354991177356981e-02 -9.981893461886416352e-01
-5.869076833808511973e-02 1.315937327163520243e-02 -9.981894732955118865e-01
-5.864211714676080545e-02 1.336501978418684622e-02 -9.981896003934834782e-01
-5.859274548910998331e-02 1.357048692328282659e-02 -9.981897274825571875e-01
-5.854265402482732722e-02 1.377577216516720666e-02 -9.981898545627335695e-01
-5.849184342244690554e-02 1.398087298850477986e-02 -9.981899816340131792e-01
-5.844031435933333407e-02 1.418578687441202080e-02 -9.981901086963967940e-01
-5.838806752167279013e-02 1.439051130648801372e-02 -9.981902357498848577e-01
-5.833510360446392956e-02 1.459504377084533747e-02 -9.981903627944781476e-01
-5.828142331150871353e-02 1.479938175614092799e-02 -9.981904898301772189e-01
-5.822702735540308261e-02 1.500352275360689741e-02 -9.981906168569826265e-01
-5.817191645752758933e-02 1.520746425708132711e-02 -9.981907438748950367e-01
-5.811609134803784327e-02 1.541120376303902438e-02 -9.981908708839151156e-01
-5.805955276585492847e-02 1.561473877062223917e-02 -9.981909978840434183e-01
-5.800230145865564735e-02 1.581806678167135480e-02 -9.981911248752806110e-01
-5.794433818286270910e-02 1.602118530075553535e-02 -9.981912518576272486e-01
-5.788566370363475849e-02 1.622409183520334003e-02 -9.981913788310839974e-01
-5.782627879485635614e-02 1.642678389513330117e-02 -9.981915057956515236e-01
-5.776618423912779215e-02 1.662925899348447270e-02 -9.981916327513303822e-01
-5.770538082775484440e-02 1.683151464604692657e-02 -9.981917596981212393e-01
-5.764386936073840478e-02 1.703354837149222492e-02 -9.981918866360246501e-01
-5.758165064676398770e-02 1.723535769140385060e-02 -9.981920135650412806e-01
-5.751872550319116206e-02 1.743694013030759604e-02 -9.981921404851716861e-01
-5.745509475604284461e-02 1.763829321570192094e-02 -9.981922673964165327e-01
-5.739075923999452378e-02 1.783941447808826131e-02 -9.981923942987764864e-01
-5.732571979836335180e-02 1.804030145100131433e-02 -9.981925211922521024e-01
-5.725997728309711182e-02 1.824095167103926760e-02 -9.981926480768440468e-01
-5.719353255476314346e-02 1.844136267789399375e-02 -9.981927749525528748e-01
-5.712638648253708790e-02 1.864153201438121035e-02 -9.981929018193792524e-01
-5.705853994419159136e-02 1.884145722647059470e-02 -9.981930286773237349e-01
-5.698999382608485598e-02 1.904113586331585700e-02 -9.981931555263869882e-01
-5.692074902314910034e-02 1.924056547728477534e-02 -9.981932823665696786e-01
-5.685080643887893692e-02 1.943974362398918562e-02 -9.981934091978723611e-01
-5.678016698531961753e-02 1.963866786231492981e-02 -9.981935360202955909e-01
-5.670883158305517480e-02 1.983733575445176256e-02 -9.981936628338401452e-01
-5.663680116119648028e-02 2.003574486592321624e-02 -9.981937896385065789e-01
-5.656407665736917778e-02 2.023389276561642428e-02 -9.981939164342954474e-01
-5.649065901770151943e-02 2.043177702581188901e-02 -9.981940432212074166e-01
-5.641654919681210467e-02 2.062939522221322181e-02 -9.981941699992430417e-01
-5.634174815779749435e-02 2.082674493397683110e-02 -9.981942967684030998e-01
-5.626625687221974842e-02 2.102382374374156537e-02 -9.981944235286880351e-01
-5.619007632009383885e-02 2.122062923765831444e-02 -9.981945502800985137e-01
-5.611320748987497914e-02 2.141715900541955875e-02 -9.981946770226352017e-01
-5.603565137844581517e-02 2.161341064028887704e-02 -9.981948037562987652e-01
-5.595740899110356742e-02 2.180938173913041581e-02 -9.981949304810897594e-01
-5.587848134154699969e-02 2.200506990243829633e-02 -9.981950571970087394e-01
-5.579886945186336711e-02 2.220047273436598703e-02 -9.981951839040563712e-01
-5.571857435251518359e-02 2.239558784275562375e-02 -9.981953106022333211e-01
-5.563759708232694084e-02 2.259041283916728149e-02 -9.981954372915401441e-01
-5.555593868847170241e-02 2.278494533890820101e-02 -9.981955639719775064e-01
-5.547360022645758670e-02 2.297918296106197036e-02 -9.981956906435459631e-01
-5.539058276011418064e-02 2.317312332851764745e-02 -9.981958173062461803e-01
-5.530688736157881452e-02 2.336676406799884781e-02 -9.981959439600787132e-01
-5.522251511128276752e-02 2.356010281009276314e-02 -9.981960706050442278e-01
-5.513746709793734130e-02 2.375313718927915541e-02 -9.981961972411433903e-01
-5.505174441851985734e-02 2.394586484395928166e-02 -9.981963238683767559e-01
-5.496534817825953628e-02 2.413828341648477024e-02 -9.981964504867449905e-01
-5.487827949062329402e-02 2.433039055318645533e-02 -9.981965770962486495e-01
-5.479053947730141289e-02 2.452218390440315601e-02 -9.981967036968883988e-01
-5.470212926819312954e-02 2.471366112451039987e-02 -9.981968302886647937e-01
-5.461305000139213273e-02 2.490481987194909791e-02 -9.981969568715785002e-01
-5.452330282317192911e-02 2.509565780925417794e-02 -9.981970834456300734e-01
-5.443288888797113284e-02 2.528617260308313811e-02 -9.981972100108201795e-01
-5.434180935837865795e-02 2.547636192424457963e-02 -9.981973365671494847e-01
-5.425006540511878583e-02 2.566622344772666320e-02 -9.981974631146185439e-01
-5.415765820703616340e-02 2.585575485272551682e-02 -9.981975896532280235e-01
-5.406458895108069013e-02 2.604495382267360548e-02 -9.981977161829784784e-01
-5.397085883229229414e-02 2.623381804526802447e-02 -9.981978427038705748e-01
-5.387646905378563195e-02 2.642234521249874415e-02 -9.981979692159048678e-01
-5.378142082673467023e-02 2.661053302067681314e-02 -9.981980957190820236e-01
-5.368571537035717045e-02 2.679837917046248852e-02 -9.981982222134027083e-01
-5.358935391189909719e-02 2.698588136689332451e-02 -9.981983486988674770e-01
-5.349233768661890848e-02 2.717303731941219172e-02 -9.981984751754768848e-01
-5.339466793777174203e-02 2.735984474189525131e-02 -9.981986016432315978e-01
-5.329634591659352522e-02 2.754630135267987015e-02 -9.981987281021322822e-01
-5.319737288228497396e-02 2.773240487459247353e-02 -9.981988545521794931e-01
-5.309775010199550144e-02 2.791815303497634237e-02 -9.981989809933738966e-01
-5.299747885080700882e-02 2.810354356571936538e-02 -9.981991074257161589e-01
-5.289656041171762052e-02 2.828857420328170780e-02 -9.981992338492067240e-01
-5.279499607562528063e-02 2.847324268872344563e-02 -9.981993602638463692e-01
-5.269278714131128000e-02 2.865754676773213036e-02 -9.981994866696356494e-01
-5.258993491542366533e-02 2.884148419065029473e-02 -9.981996130665751199e-01
-5.248644071246058584e-02 2.902505271250289953e-02 -9.981997394546655578e-01
-5.238230585475350115e-02 2.920825009302472838e-02 -9.981998658339074071e-01
-5.227753167245033361e-02 2.939107409668770612e-02 -9.981999922043013340e-01
-5.217211950349849581e-02 2.957352249272817563e-02 -9.982001185658480047e-01
-5.206607069362783474e-02 2.975559305517409825e-02 -9.982002449185479742e-01
-5.195938659633348583e-02 2.993728356287220574e-02 -9.982003712624019087e-01
-5.185206857285862975e-02 3.011859179951507925e-02 -9.982004975974104743e-01
-5.174411799217714519e-02 3.029951555366817983e-02 -9.982006239235742262e-01
-5.163553623097617840e-02 3.048005261879679906e-02 -9.982007502408937194e-01
-5.152632467363861546e-02 3.066020079329296461e-02 -9.982008765493696201e-01
-5.141648471222545064e-02 3.083995788050227990e-02 -9.982010028490025944e-01
-5.130601774645808522e-02 3.101932168875068396e-02 -9.982011291397931974e-01
-5.119492518370051537e-02 3.119829003137118001e-02 -9.982012554217420952e-01
-5.108320843894141594e-02 3.137686072673046001e-02 -9.982013816948498430e-01
-5.097086893477616870e-02 3.155503159825551185e-02 -9.982015079591171069e-01
-5.085790810138875184e-02 3.173280047446010860e-02 -9.982016342145444421e-01
-5.074432737653357395e-02 3.191016518897128729e-02 -9.982017604611325146e-01
-5.063012820551720389e-02 3.208712358055571673e-02 -9.982018866988818795e-01
-5.051531204117998969e-02 3.226367349314603061e-02 -9.982020129277932030e-01
-5.039988034387761495e-02 3.243981277586709816e-02 -9.982021391478671513e-01
-5.028383458146255813e-02 3.261553928306218375e-02 -9.982022653591042793e-01
-5.016717622926544079e-02 3.279085087431909268e-02 -9.982023915615051424e-01
-5.004990677007629951e-02 3.296574541449624057e-02 -9.982025177550704065e-01
-4.993202769412576764e-02 3.314022077374861874e-02 -9.982026439398007378e-01
-4.981354049906617371e-02 3.331427482755373176e-02 -9.982027701156966915e-01
-4.969444668995252196e-02 3.348790545673745872e-02 -9.982028962827589336e-01
-4.957474777922341036e-02 3.366111054749983816e-02 -9.982030224409880192e-01
-4.945444528668185152e-02 3.383388799144078363e-02 -9.982031485903846146e-01
-4.933354073947599644e-02 3.400623568558575061e-02 -9.982032747309492748e-01
-4.921203567207978191e-02 3.417815153241131332e-02 -9.982034008626826660e-01
-4.908993162627346696e-02 3.434963343987067208e-02 -9.982035269855854542e-01
-4.896723015112411370e-02 3.452067932141910517e-02 -9.982036530996581947e-01
-4.884393280296594336e-02 3.469128709603934435e-02 -9.982037792049014424e-01
-4.872004114538062980e-02 3.486145468826688798e-02 -9.982039053013158636e-01
-4.859555674917749590e-02 3.503118002821523080e-02 -9.982040313889021244e-01
-4.847048119237362673e-02 3.520046105160102440e-02 -9.982041574676607798e-01
-4.834481606017387162e-02 3.536929569976917515e-02 -9.982042835375924961e-01
-4.821856294495079770e-02 3.553768191971786589e-02 -9.982044095986978283e-01
-4.809172344622453243e-02 3.570561766412351512e-02 -9.982045356509774425e-01
-4.796429917064252285e-02 3.587310089136564600e-02 -9.982046616944318940e-01
-4.783629173195921153e-02 3.604012956555169289e-02 -9.982047877290618487e-01
-4.770770275101560848e-02 3.620670165654175932e-02 -9.982049137548678619e-01
-4.757853385571880755e-02 3.637281513997324411e-02 -9.982050397718505996e-01
-4.744878668102140568e-02 3.653846799728546063e-02 -9.982051657800106170e-01
-4.731846286890081105e-02 3.670365821574413795e-02 -9.982052917793485802e-01
-4.718756406833851669e-02 3.686838378846586661e-02 -9.982054177698651554e-01
-4.705609193529922823e-02 3.703264271444247496e-02 -9.982055437515608975e-01
-4.692404813270997094e-02 3.719643299856530139e-02 -9.982056697244363619e-01
-4.679143433043904399e-02 3.735975265164944575e-02 -9.982057956884922145e-01
-4.665825220527496098e-02 3.752259969045788901e-02 -9.982059216437291216e-01
-4.652450344090525158e-02 3.768497213772556420e-02 -9.982060475901476382e-01
-4.639018972789519385e-02 3.784686802218337198e-02 -9.982061735277484305e-01
-4.625531276366649791e-02 3.800828537858208511e-02 -9.982062994565320535e-01
-4.611987425247584399e-02 3.816922224771617661e-02 -9.982064253764991735e-01
-4.598387590539338571e-02 3.832967667644762016e-02 -9.982065512876503455e-01
-4.584731944028117012e-02 3.848964671772955176e-02 -9.982066771899862356e-01
-4.571020658177143287e-02 3.864913043062989662e-02 -9.982068030835073991e-01
-4.557253906124485859e-02 3.880812588035489896e-02 -9.982069289682145019e-01
-4.543431861680873735e-02 3.896663113827258940e-02 -9.982070548441080993e-01
-4.529554699327504458e-02 3.912464428193615507e-02 -9.982071807111888573e-01
-4.515622594213843100e-02 3.928216339510725436e-02 -9.982073065694574421e-01
-4.501635722155414993e-02 3.943918656777922749e-02 -9.982074324189144088e-01
-4.487594259631587368e-02 3.959571189620025855e-02 -9.982075582595603125e-01
-4.473498383783346827e-02 3.975173748289642650e-02 -9.982076840913958193e-01
-4.459348272411066405e-02 3.990726143669470760e-02 -9.982078099144215955e-01
-4.445144103972263616e-02 4.006228187274588071e-02 -9.982079357286381960e-01
-4.430886057579353637e-02 4.021679691254735622e-02 -9.982080615340461760e-01
-4.416574312997392782e-02 4.037080468396591487e-02 -9.982081873306462017e-01
-4.402209050641812949e-02 4.052430332126039786e-02 -9.982083131184389391e-01
-4.387790451576150524e-02 4.067729096510428605e-02 -9.982084388974249434e-01
-4.373318697509766262e-02 4.082976576260819584e-02 -9.982085646676048807e-01
-4.358793970795557526e-02 4.098172586734232653e-02 -9.982086904289793061e-01
-4.344216454427662216e-02 4.113316943935878961e-02 -9.982088161815488858e-01
-4.329586332039155050e-02 4.128409464521388961e-02 -9.982089419253141749e-01
-4.314903787899737608e-02 4.143449965799027995e-02 -9.982090676602758395e-01
-4.300169006913418662e-02 4.158438265731910499e-02 -9.982091933864344346e-01
-4.285382174616188949e-02 4.173374182940196853e-02 -9.982093191037906266e-01
-4.270543477173684155e-02 4.188257536703290929e-02 -9.982094448123449704e-01
-4.255653101378847197e-02 4.203088146962023069e-02 -9.982095705120981322e-01
-4.240711234649575945e-02 4.217865834320828899e-02 -9.982096962030506671e-01
-4.225718065026366765e-02 4.232590420049914953e-02 -9.982098218852032412e-01
-4.210673781169951835e-02 4.247261726087421529e-02 -9.982099475585565207e-01
-4.195578572358925340e-02 4.261879575041574442e-02 -9.982100732231110607e-01
-4.180432628487364827e-02 4.276443790192826361e-02 -9.982101988788674163e-01
-4.165236140062444220e-02 4.290954195495993995e-02 -9.982103245258262536e-01
-4.149989298202041293e-02 4.305410615582383471e-02 -9.982104501639882388e-01
-4.134692294632333343e-02 4.319812875761907395e-02 -9.982105757933539270e-01
-4.119345321685390082e-02 4.334160802025197046e-02 -9.982107014139238732e-01
-4.103948572296756830e-02 4.348454221045700702e-02 -9.982108270256987437e-01
-4.088502240003032140e-02 4.362692960181777102e-02 -9.982109526286792045e-01
-4.073006518939435022e-02 4.376876847478779198e-02 -9.982110782228658108e-01
-4.057461603837368702e-02 4.391005711671128187e-02 -9.982112038082591177e-01
-4.041867690021974657e-02 4.405079382184381998e-02 -9.982113293848599023e-01
-4.026224973409681107e-02 4.419097689137291979e-02 -9.982114549526686087e-01
-4.010533650505742481e-02 4.433060463343851260e-02 -9.982115805116859031e-01
-3.994793918401773336e-02 4.446967536315335479e-02 -9.982117060619124516e-01
-3.979005974773274640e-02 4.460818740262335880e-02 -9.982118316033488092e-01
-3.963170017877153811e-02 4.474613908096780612e-02 -9.982119571359956423e-01
-3.947286246549236433e-02 4.488352873433949092e-02 -9.982120826598535057e-01
-3.931354860201771023e-02 4.502035470594476646e-02 -9.982122081749230658e-01
-3.915376058820928262e-02 4.515661534606352917e-02 -9.982123336812048775e-01
-3.899350042964293273e-02 4.529230901206907078e-02 -9.982124591786996071e-01
-3.883277013758348883e-02 4.542743406844788195e-02 -9.982125846674078096e-01
-3.867157172895953343e-02 4.556198888681933096e-02 -9.982127101473301511e-01
-3.850990722633813174e-02 4.569597184595529382e-02 -9.982128356184671869e-01
-3.834777865789944229e-02 4.582938133179965262e-02 -9.982129610808195830e-01
-3.818518805741132061e-02 4.596221573748773132e-02 -9.982130865343878945e-01
-3.802213746420381180e-02 4.609447346336563445e-02 -9.982132119791727876e-01
-3.785862892314360156e-02 4.622615291700949564e-02 -9.982133374151748173e-01
-3.769466448460836311e-02 4.635725251324463586e-02 -9.982134628423946499e-01
-3.753024620446110404e-02 4.648777067416461767e-02 -9.982135882608328403e-01
-3.736537614402436758e-02 4.661770582915023692e-02 -9.982137136704900549e-01
-3.720005637005444066e-02 4.674705641488839658e-02 -9.982138390713668485e-01
-3.703428895471545107e-02 4.687582087539090420e-02 -9.982139644634638875e-01
-3.686807597555340210e-02 4.700399766201316526e-02 -9.982140898467817269e-01
-3.670141951547017944e-02 4.713158523347280027e-02 -9.982142152213210329e-01
-3.653432166269743320e-02 4.725858205586816463e-02 -9.982143405870824715e-01
-3.636678451077046681e-02 4.738498660269675061e-02 -9.982144659440665979e-01
-3.619881015850200112e-02 4.751079735487354766e-02 -9.982145912922739672e-01
-3.603040070995591065e-02 4.763601280074925698e-02 -9.982147166317052456e-01
-3.586155827442087662e-02 4.776063143612845757e-02 -9.982148419623609881e-01
-3.569228496638400527e-02 4.788465176428764736e-02 -9.982149672842418608e-01
-3.552258290550433517e-02 4.800807229599320103e-02 -9.982150925973484190e-01
-3.535245421658634452e-02 4.813089154951923770e-02 -9.982152179016813287e-01
-3.518190102955334742e-02 4.825310805066539838e-02 -9.982153431972412561e-01
-3.501092547942084854e-02 4.837472033277451927e-02 -9.982154684840287562e-01
-3.483952970626983531e-02 4.849572693675020113e-02 -9.982155937620443842e-01
-3.466771585522000765e-02 4.861612641107431604e-02 -9.982157190312888062e-01
-3.449548607640295222e-02 4.873591731182439629e-02 -9.982158442917625774e-01
-3.432284252493525423e-02 4.885509820269093306e-02 -9.982159695434663638e-01
-3.414978736089153283e-02 4.897366765499457097e-02 -9.982160947864008316e-01
-3.397632274927744889e-02 4.909162424770322636e-02 -9.982162200205664249e-01
-3.380245086000263632e-02 4.920896656744910141e-02 -9.982163452459639208e-01
-3.362817386785356411e-02 4.932569320854558736e-02 -9.982164704625938745e-01
-3.345349395246636354e-02 4.944180277300409820e-02 -9.982165956704568410e-01
-3.327841329829957923e-02 4.955729387055078650e-02 -9.982167208695534866e-01
-3.310293409460686453e-02 4.967216511864318285e-02 -9.982168460598844772e-01
-3.292705853540963540e-02 4.978641514248671740e-02 -9.982169712414502571e-01
-3.275078881946965476e-02 4.990004257505115115e-02 -9.982170964142516034e-01
-3.257412715026154759e-02 5.001304605708693091e-02 -9.982172215782890712e-01
-3.239707573594528128e-02 5.012542423714141243e-02 -9.982173467335632155e-01
-3.221963678933858349e-02 5.023717577157501418e-02 -9.982174718800747026e-01
-3.204181252788931150e-02 5.034829932457724616e-02 -9.982175970178240876e-01
-3.186360517364773826e-02 5.045879356818269018e-02 -9.982177221468120365e-01
-3.168501695323881068e-02 5.056865718228681361e-02 -9.982178472670392155e-01
-3.150605009783436633e-02 5.067788885466174148e-02 -9.982179723785060688e-01
-3.132670684312523907e-02 5.078648728097191062e-02 -9.982180974812133734e-01
-3.114698942929337161e-02 5.089445116478961972e-02 -9.982182225751616844e-01
-3.096690010098384835e-02 5.100177921761048921e-02 -9.982183476603515571e-01
-3.078644110727687261e-02 5.110847015886880312e-02 -9.982184727367836574e-01
-3.060561470165968842e-02 5.121452271595278855e-02 -9.982185978044585406e-01
-3.042442314199847106e-02 5.131993562421976324e-02 -9.982187228633768727e-01
-3.024286869051014126e-02 5.142470762701119996e-02 -9.982188479135392090e-01
-3.006095361373413780e-02 5.152883747566768674e-02 -9.982189729549462154e-01
-2.987868018250414148e-02 5.163232392954377609e-02 -9.982190979875985581e-01
-2.969605067191974368e-02 5.173516575602276485e-02 -9.982192230114966813e-01
-2.951306736131806621e-02 5.183736173053133528e-02 -9.982193480266413621e-01
-2.932973253424533272e-02 5.193891063655413365e-02 -9.982194730330330446e-01
-2.914604847842837756e-02 5.203981126564821008e-02 -9.982195980306725058e-01
-2.896201748574612350e-02 5.214006241745738207e-02 -9.982197230195601900e-01
-2.877764185220100385e-02 5.223966289972651472e-02 -9.982198479996968743e-01
-2.859292387789032566e-02 5.233861152831564834e-02 -9.982199729710830027e-01
-2.840786586697759478e-02 5.243690712721406355e-02 -9.982200979337193525e-01
-2.822247012766379223e-02 5.253454852855424240e-02 -9.982202228876063677e-01
-2.803673897215859870e-02 5.263153457262571833e-02 -9.982203478327448254e-01
-2.785067471665157030e-02 5.272786410788882216e-02 -9.982204727691351698e-01
-2.766427968128327280e-02 5.282353599098833785e-02 -9.982205976967780670e-01
-2.747755619011637424e-02 5.291854908676704716e-02 -9.982207226156741831e-01
-2.729050657110666800e-02 5.301290226827917729e-02 -9.982208475258240732e-01
-2.710313315607407528e-02 5.310659441680374432e-02 -9.982209724272284035e-01
-2.691543828067358840e-02 5.319962442185778573e-02 -9.982210973198877291e-01
-2.672742428436617607e-02 5.329199118120950956e-02 -9.982212222038027161e-01
-2.653909351038963305e-02 5.338369360089132570e-02 -9.982213470789739196e-01
-2.635044830572939520e-02 5.347473059521277300e-02 -9.982214719454018947e-01
-2.616149102108931285e-02 5.356510108677335624e-02 -9.982215968030873077e-01
-2.597222401086236171e-02 5.365480400647526515e-02 -9.982217216520308245e-01
-2.578264963310133301e-02 5.374383829353600317e-02 -9.982218464922330003e-01
-2.559277024948946808e-02 5.383220289550091214e-02 -9.982219713236945013e-01
-2.540258822531105132e-02 5.391989676825556521e-02 -9.982220961464158826e-01
-2.521210592942195808e-02 5.400691887603809721e-02 -9.982222209603976992e-01
-2.502132573422017128e-02 5.409326819145141713e-02 -9.982223457656406174e-01
-2.483025001561624603e-02 5.417894369547528871e-02 -9.982224705621451921e-01
-2.463888115300373605e-02 5.426394437747836252e-02 -9.982225953499120896e-01
-2.444722152922958192e-02 5.434826923523003450e-02 -9.982227201289419760e-01
-2.425527353056445082e-02 5.443191727491226289e-02 -9.982228448992354064e-01
-2.406303954667304498e-02 5.451488751113124642e-02 -9.982229696607929359e-01
-2.387052197058436853e-02 5.459717896692900529e-02 -9.982230944136152306e-01
-2.367772319866194575e-02 5.467879067379485120e-02 -9.982232191577028457e-01
-2.348464563057401505e-02 5.475972167167676014e-02 -9.982233438930564473e-01
-2.329129166926367789e-02 5.483997100899265509e-02 -9.982234686196765905e-01
-2.309766372091899556e-02 5.491953774264153598e-02 -9.982235933375639414e-01
-2.290376419494307564e-02 5.499842093801456805e-02 -9.982237180467190552e-01
-2.270959550392409598e-02 5.507661966900600364e-02 -9.982238427471425979e-01
-2.251516006360530439e-02 5.515413301802403467e-02 -9.982239674388351247e-01
-2.232046029285497668e-02 5.523096007600154095e-02 -9.982240921217973018e-01
-2.212549861363634351e-02 5.530709994240671362e-02 -9.982242167960296841e-01
-2.193027745097747214e-02 5.538255172525357456e-02 -9.982243414615329380e-01
-2.173479923294112034e-02 5.545731454111240549e-02 -9.982244661183076184e-01
-2.153906639059455577e-02 5.553138751512005228e-02 -9.982245907663542805e-01
-2.134308135797932660e-02 5.560476978099014589e-02 -9.982247154056735905e-01
-2.114684657208101490e-02 5.567746048102318462e-02 -9.982248400362662144e-01
-2.095036447279894840e-02 5.574945876611654694e-02 -9.982249646581327074e-01
-2.075363750291588094e-02 5.582076379577435854e-02 -9.982250892712736245e-01
-2.055666810806762793e-02 5.589137473811728318e-02 -9.982252138756896320e-01
-2.035945873671268780e-02 5.596129076989219547e-02 -9.982253384713813960e-01
-2.016201184010181155e-02 5.603051107648174267e-02 -9.982254630583494714e-01
-1.996432987224755831e-02 5.609903485191380240e-02 -9.982255876365944136e-01
-1.976641528989379892e-02 5.616686129887083628e-02 -9.982257122061168886e-01
-1.956827055248520908e-02 5.623398962869913947e-02 -9.982258367669174515e-01
-1.936989812213671391e-02 5.630041906141795144e-02 -9.982259613189967684e-01
-1.917130046360291176e-02 5.636614882572851815e-02 -9.982260858623553945e-01
-1.897248004424745976e-02 5.643117815902298773e-02 -9.982262103969939959e-01
-1.877343933401244211e-02 5.649550630739323676e-02 -9.982263349229131277e-01
-1.857418080538768973e-02 5.655913252563956467e-02 -9.982264594401134561e-01
-1.837470693338009303e-02 5.662205607727928414e-02 -9.982265839485955361e-01
-1.817502019548286260e-02 5.668427623455523506e-02 -9.982267084483599229e-01
-1.797512307164477949e-02 5.674579227844414597e-02 -9.982268329394072826e-01
-1.777501804423940734e-02 5.680660349866489128e-02 -9.982269574217382813e-01
-1.757470759803428373e-02 5.686670919368668614e-02 -9.982270818953534741e-01
-1.737419422016007325e-02 5.692610867073712166e-02 -9.982272063602534162e-01
-1.717348040007970686e-02 5.698480124581010303e-02 -9.982273308164387737e-01
-1.697256862955748638e-02 5.704278624367371126e-02 -9.982274552639102128e-01
-1.677146140262816137e-02 5.710006299787790535e-02 -9.982275797026682884e-01
-1.657016121556598859e-02 5.715663085076216204e-02 -9.982277041327135558e-01
-1.636867056685375674e-02 5.721248915346296982e-02 -9.982278285540466811e-01
-1.616699195715178700e-02 5.726763726592123266e-02 -9.982279529666682194e-01
-1.596512788926692308e-02 5.732207455688956982e-02 -9.982280773705788368e-01
-1.576308086812146930e-02 5.737580040393949060e-02 -9.982282017657790885e-01
-1.556085340072213725e-02 5.742881419346847205e-02 -9.982283261522696405e-01
-1.535844799612894225e-02 5.748111532070692559e-02 -9.982284505300510480e-01
-1.515586716542408757e-02 5.753270318972503183e-02 -9.982285748991238661e-01
-1.495311342168082792e-02 5.758357721343951297e-02 -9.982286992594887609e-01
-1.475018927993231033e-02 5.763373681362024548e-02 -9.982288236111463986e-01
-1.454709725714038379e-02 5.768318142089679662e-02 -9.982289479540973343e-01
-1.434383987216439858e-02 5.773191047476482901e-02 -9.982290722883421230e-01
-1.414041964572997946e-02 5.777992342359242195e-02 -9.982291966138814310e-01
-1.393683910039777464e-02 5.782721972462625398e-02 -9.982293209307158133e-01
-1.373310076053219260e-02 5.787379884399769525e-02 -9.982294452388459360e-01
-1.352920715227011114e-02 5.791966025672876800e-02 -9.982295695382724654e-01
-1.332516080348956911e-02 5.796480344673803770e-02 -9.982296938289958455e-01
-1.312096424377843899e-02 5.800922790684634456e-02 -9.982298181110167423e-01
-1.291662000440308572e-02 5.805293313878245182e-02 -9.982299423843358221e-01
-1.271213061827699414e-02 5.809591865318859683e-02 -9.982300666489536400e-01
-1.250749861992939138e-02 5.813818396962588952e-02 -9.982301909048708621e-01
-1.230272654547384485e-02 5.817972861657964151e-02 -9.982303151520880435e-01
-1.209781693257684469e-02 5.822055213146457020e-02 -9.982304393906057394e-01
-1.189277232042636884e-02 5.826065406062988505e-02 -9.982305636204246158e-01
-1.168759524970043075e-02 5.830003395936426969e-02 -9.982306878415453388e-01
-1.148228826253561152e-02 5.833869139190075298e-02 -9.982308120539683527e-01
-1.127685390249557641e-02 5.837662593142146222e-02 -9.982309362576944345e-01
-1.107129471453957396e-02 5.841383716006228605e-02 -9.982310604527240283e-01
-1.086561324499092478e-02 5.845032466891740552e-02 -9.982311846390579113e-01
-1.065981204150549290e-02 5.848608805804372118e-02 -9.982313088166965276e-01
-1.045389365304013989e-02 5.852112693646516900e-02 -9.982314329856406543e-01
-1.024786062982116844e-02 5.855544092217693231e-02 -9.982315571458907355e-01
-1.004171552331275218e-02 5.858902964214952186e-02 -9.982316812974474374e-01
-9.835460886185353260e-03 5.862189273233277265e-02 -9.982318054403114260e-01
-9.629099272284124406e-03 5.865402983765970885e-02 -9.982319295744832566e-01
-9.422633236597302217e-03 5.868544061205031165e-02 -9.982320536999634841e-01
-9.216065335224584917e-03 5.871612471841516218e-02 -9.982321778167527748e-01
-9.009398125345499664e-03 5.874608182865898032e-02 -9.982323019248516838e-01
-8.802634165187761192e-03 5.877531162368405948e-02 -9.982324260242608771e-01
-8.595776013995616582e-03 5.880381379339357645e-02 -9.982325501149809099e-01
-8.388826231998179617e-03 5.883158803669480408e-02 -9.982326741970124484e-01
-8.181787380377761668e-03 5.885863406150218524e-02 -9.982327982703560476e-01
-7.974662021238180035e-03 5.888495158474033042e-02 -9.982329223350122627e-01
-7.767452717573070618e-03 5.891054033234689041e-02 -9.982330463909817597e-01
-7.560162033234184981e-03 5.893540003927530413e-02 -9.982331704382652049e-01
-7.352792532899677866e-03 5.895953044949745619e-02 -9.982332944768631533e-01
-7.145346782042390384e-03 5.898293131600620270e-02 -9.982334185067761601e-01
-6.937827346898124518e-03 5.900560240081780677e-02 -9.982335425280048913e-01
