0.000000000000000000e+00 0.000000000000000000e+00 1.000000000000000000e+00
1.412499628028114752e-05 -1.406832765479727623e-04 9.999999900043708978e-01
6.834468767449023612e-05 -4.218214458504502672e-04 9.999999086979398655e-01
1.885846078781788868e-04 -8.431666931330991047e-04 9.999996267531304772e-01
4.007224776774630714e-04 -1.404451741714672457e-03 9.999989334685253084e-01
7.305844730501544378e-04 -2.105389761505517543e-03 9.999975167883676797e-01
1.203941350454755966e-03 -2.945674197761815726e-03 9.999949367537883660e-01
1.846504349988179394e-03 -3.924978494674929465e-03 9.999905924420363634e-01
2.683920770744092476e-03 -5.042955682260220548e-03 9.999836824558090420e-01
3.741769080774298966e-03 -6.299237789053482341e-03 9.999731590310987350e-01
5.045553386697388884e-03 -7.693435037348204594e-03 9.999576758390577025e-01
6.620697045384460119e-03 -9.225134772136598868e-03 9.999355295655486531e-01
8.492535152477434165e-03 -1.089390006957629588e-02 9.999045953617134996e-01
1.068630558998683207e-02 -1.269926796571954272e-02 9.998622562705573591e-01
1.322713825813443683e-02 -1.464074724144190376e-02 9.998053267488200557e-01
1.614004205525860700e-02 -1.671781569502589493e-02 9.997299704210120819e-01
1.944988910434987048e-02 -1.892991682972932146e-02 9.996316122242618896e-01
2.318139565606690961e-02 -2.127645587994177884e-02 9.995048451295095449e-01
2.735909902642354868e-02 -2.375679509625651387e-02 9.993433316576700864e-01
3.200732985337263053e-02 -2.637024820701769010e-02 9.991397004498718815e-01
3.715017888101752874e-02 -2.911607397171415285e-02 9.988854382000714738e-01
4.281145740409925127e-02 -3.199346874006072511e-02 9.985707773176724089e-01
4.901465042988146364e-02 -3.500155792983026398e-02 9.981845797587582947e-01
5.578286154097394922e-02 -3.813938633658206512e-02 9.977142175487732079e-01
6.313874837266725271e-02 -4.140590718949843652e-02 9.971454506185909450e-01
7.110444755399786265e-02 -4.479996986973107387e-02 9.964623026915541137e-01
7.970148790540369788e-02 -4.832030621113019009e-02 9.956469360928494883e-01
8.895069064027064099e-02 -5.196551530815744085e-02 9.946795265060313085e-01
9.887205528619841255e-02 -5.573404676236049654e-02 9.935381388759536581e-01
1.094846300282340951e-01 -5.962418230722255075e-02 9.921986058539051800e-01
1.208063651850038722e-01 -6.363401576171665019e-02 9.906344104000590622e-01
1.328539485645765517e-01 -6.776143127572807623e-02 9.888165744006635061e-01
1.456426215155749160e-01 -7.200407984590045940e-02 9.867135554222404847e-01
1.591859745966644479e-01 -7.635935409865679535e-02 9.842911540111530799e-01
1.734957219407957385e-01 -8.082436135838484692e-02 9.815124342519225831e-01
1.885814535966322536e-01 -8.539589504328201630e-02 9.783376606180688162e-01
2.044503653959849898e-01 -9.007040445932833206e-02 9.747242544799735731e-01
2.211069662304940286e-01 -9.484396309446108120e-02 9.706267739685598972e-01
2.385527630308532099e-01 -9.971223555037199426e-02 9.659969212227186297e-01
2.567859242347738657e-01 -1.046704432884823371e-01 9.607835813614606923e-01
2.758009231120057692e-01 -1.097133294095309075e-01 9.549328978053855943e-01
2.955881629911281672e-01 -1.148351227326892821e-01 9.483883888103171733e-01
3.161335872066028396e-01 -1.200295014899291079e-01 9.410911102502871328e-01
3.374182774562153320e-01 -1.252895570040943318e-01 9.329798697762184956e-01
3.594180452255532066e-01 -1.306077577742049689e-01 9.239914974569487516e-01
3.821030219903099878e-01 -1.359759144481846593e-01 9.140611778547416133e-01
4.054372550364750416e-01 -1.413851462205192311e-01 9.031228481706349287e-01
4.293783169242382236e-01 -1.468258492491729406e-01 8.911096665874796985e-01
4.538769378380673181e-01 -1.522876677410630597e-01 8.779545542122075830e-01
4.788766712794909619e-01 -1.577594684069719977e-01 8.635908130471884325e-01
5.043136047289138446e-01 -1.632293190332160526e-01 8.479528211803282201e-01
5.301161279780134405e-01 -1.686844719567797690e-01 8.309768048569947663e-01
5.562047727562337007e-01 -1.741113532609085968e-01 8.126016852738264795e-01
5.824921379772446395e-01 -1.794955585271710563e-01 7.927699958150995485e-01
6.088829153412970152e-01 -1.848218559855387133e-01 7.714288630496279886e-01
6.352740300702875986e-01 -1.900741978938686461e-01 7.485310421487221255e-01
6.615549111459526621e-01 -1.952357409501525032e-01 7.240359945200822711e-01
6.876079044923790740e-01 -2.002888764929867949e-01 6.979109924451422087e-01
7.133088410236897436e-01 -2.052152711760955039e-01 6.701322324460239344e-01
7.385277693107359376e-01 -2.099959187098452973e-01 6.406859361020900145e-01
7.631298597699874842e-01 -2.146112031453441538e-01 6.095694142147138894e-01
7.869764837315956774e-01 -2.190409740341512923e-01 5.767920677297659893e-01
8.099264665209241487e-01 -2.232646336286248090e-01 5.423762968313103894e-01
8.318375088444582843e-01 -2.272612360948874366e-01 5.063582882851213052e-01
8.525677654036535325e-01 -2.310095984934184832e-01 4.687886506037722834e-01
8.719775639092560704e-01 -2.344884230433290639e-01 4.297328670821091157e-01
8.899312417179150447e-01 -2.376764299283483373e-01 3.892715383464347978e-01
9.062990713873528836e-01 -2.405524996294087781e-01 3.475003888718190548e-01
9.209592408054749768e-01 -2.430958234856237798e-01 3.045300160021577329e-01
9.337998484768990082e-01 -2.452860608988384483e-01 2.604853653518081624e-01
9.447208703432419252e-01 -2.471035013145820025e-01 2.155049230038780517e-01
9.536365444132269831e-01 -2.484758706774077563e-01 1.698149536432546625e-01
9.604792452088392052e-01 -2.494119281706791424e-01 1.235853776406978244e-01
9.652002747601523547e-01 -2.499219793524567190e-01 7.699006360230420398e-02
9.677700246111122784e-01 -2.500177856559225864e-01 3.020467268919361375e-02
9.681778311910924639e-01 -2.497124598422429953e-01 -1.659548723390730229e-02
9.664315355344940128e-01 -2.490203497042650371e-01 -6.323754938048350982e-02
9.625567661982453727e-01 -2.479569124282879344e-01 -1.095530731505158090e-01
9.565959710726815723e-01 -2.465385820541501349e-01 -1.553798869386306125e-01
9.486072293798055721e-01 -2.447826324381804641e-01 -2.005637550503512334e-01
9.386628793563983608e-01 -2.427070380283086193e-01 -2.449598419120678772e-01
9.268479998590128943e-01 -2.403303346161655973e-01 -2.884339539539531594e-01
9.132587854104718961e-01 -2.376714820481536095e-01 -3.308635468364879983e-01
8.980008541078617901e-01 -2.347497306669010242e-01 -3.721384927868203740e-01
8.811875264615706138e-01 -2.315844930262614676e-01 -4.121616094551759368e-01
8.629381108082493368e-01 -2.281952221860731045e-01 -4.508489576857088177e-01
8.433762276411307379e-01 -2.246012976550373075e-01 -4.881299207650026672e-01
8.226282012470615967e-01 -2.208219198177441001e-01 -5.239470819635619891e-01
8.008215426506610779e-01 -2.168760134601782630e-01 -5.582559204719824697e-01
7.780835432523817152e-01 -2.127821408008442883e-01 -5.910243481525133680e-01
7.545399939004625578e-01 -2.085584242446890946e-01 -6.222321109177575416e-01
7.303140396232141729e-01 -2.042224789060421430e-01 -6.518700790835580960e-01
7.055251760048746323e-01 -1.997913547957883285e-01 -6.799394508194294140e-01
6.802883893214285438e-01 -1.952814884372310877e-01 -7.064508919500388506e-01
6.547134391373262696e-01 -1.907086635643629180e-01 -7.314236339663421349e-01
6.289042791457604142e-01 -1.860879804649066549e-01 -7.548845503075563013e-01
6.029586096335343148e-01 -1.814338334575854028e-01 -7.768672288934693748e-01
5.769675530634678084e-01 -1.767598959374624967e-01 -7.974110566301390035e-01
5.510154428711662167e-01 -1.720791123835427039e-01 -8.165603292784462397e-01
5.251797146330696719e-01 -1.674036966977150709e-01 -8.343633977479527619e-01
4.995308882331672695e-01 -1.627451362320505857e-01 -8.508718596269682077e-01
4.741326294844662725e-01 -1.581142008609180971e-01 -8.661398026377042925e-01
4.490418797931076123e-01 -1.535209564638240487e-01 -8.802231047527036001e-01
4.243090428325576036e-01 -1.489747822028126001e-01 -8.931787939521825814e-01
3.999782177691859619e-01 -1.444843910032302947e-01 -9.050644690568052653e-01
3.760874692990096579e-01 -1.400578526772760513e-01 -9.159377817421712198e-01
3.526691255734573649e-01 -1.357026191647240920e-01 -9.258559787274053265e-01
3.297500959701801238e-01 -1.314255514033199623e-01 -9.348755022218073751e-01
3.073522015694694631e-01 -1.272329473815185241e-01 -9.430516459970101906e-01
2.854925120998065280e-01 -1.231305709674791055e-01 -9.504382639107514796e-01
2.641836839950677529e-01 -1.191236811497042580e-01 -9.570875273234634717e-01
2.434342950437238806e-01 -1.152170613656705450e-01 -9.630497276008251895e-01
2.232491718944021875e-01 -1.114150486346382890e-01 -9.683731197645688571e-01
2.036297074039093435e-01 -1.077215622490434038e-01 -9.731038033211774074e-01
1.845741654681786470e-01 -1.041401318150764616e-01 -9.772856363457690376e-01
1.660779715614283669e-01 -1.006739244669486999e-01 -9.809601790100102026e-01
1.481339877242352221e-01 -9.732577111072976406e-02 -9.841666629035524805e-01
1.307327711891826949e-01 -9.409819158239217385e-02 -9.869419826952420260e-01
1.138628162165325336e-01 -9.099341863075825765e-02 -9.893207069019428479e-01
9.751077903623781018e-02 -8.801342065941776538e-02 -9.913351047697243068e-01
8.166168606143817121e-02 -8.515992318241931425e-02 -9.930151865164604796e-01
6.632686984829780363e-02 -8.215477765053041947e-02 -9.944100476827901769e-01
5.153988731883160646e-02 -7.899898094116448999e-02 -9.955414632567880506e-01
3.733342357362266772e-02 -7.569360946511510813e-02 -9.964319831092020019e-01
2.373927831504912128e-02 -7.223980206434633955e-02 -9.971047395404719627e-01
1.078836672730658711e-02 -6.863874313581631859e-02 -9.975832486560074486e-01
-1.489265740145379047e-03 -6.489164620698900654e-02 -9.978912066073506448e-01
-1.306441545683868777e-02 -6.099973818794122288e-02 -9.980522816211234716e-01
-2.390868054242850302e-02 -5.696424452297472324e-02 -9.980899026047690414e-01
-3.399440982141713197e-02 -5.278637546168431921e-02 -9.980270449721276860e-01
-4.329464216507071528e-02 -4.846731366580463857e-02 -9.978860141771848102e-01
-5.181111207740921737e-02 -4.428897357470099050e-02 -9.976743453199500289e-01
-5.956961342119078406e-02 -4.025192874578405883e-02 -9.974122754494495480e-01
-6.659628850452543880e-02 -3.635663420013529601e-02 -9.971174120139916219e-01
-7.291752870359180516e-02 -3.260344590273578369e-02 -9.968049223221623345e-01
-7.855989312803053626e-02 -2.899263799500005623e-02 -9.964877189339061969e-01
-8.355004319206833785e-02 -2.552441791254563344e-02 -9.961766400772890107e-01
-8.791469108624959394e-02 -2.219893952445428989e-02 -9.958806243968912897e-01
-9.168056028295043514e-02 -1.901631443178574549e-02 -9.956068795146640893e-01
-9.487435635008326096e-02 -1.597662156310049320e-02 -9.953610440273678028e-01
-9.752274648880682184e-02 -1.307991520350516162e-02 -9.951473426801881184e-01
-9.965234635052983014e-02 -1.032623159148099955e-02 -9.949687345473683386e-01
-1.012897128244620026e-01 -7.715594214686758920e-03 -9.948270541210982865e-01
-1.024613416182925257e-01 -5.248017932201246537e-03 -9.947231452625888704e-01
-1.031936685804716453e-01 -2.923512046418106410e-03 -9.946569880071101100e-01
-1.035130738325184402e-01 -7.420824431301461035e-04 -9.946278182403873735e-01
-1.034458878934608056e-01 1.296267086675820853e-03 -9.946342402794761117e-01
-1.030183990857641424e-01 3.191534235087499158e-03 -9.946743323991598107e-01
-1.022568616128603503e-01 4.943718172899475710e-03 -9.947457453468772082e-01
-1.011875037926494997e-01 6.552820055634246341e-03 -9.948457938867844019e-01
-9.983653601915538911e-02 8.018843948874756003e-03 -9.949715414081852227e-01
-9.823015810592959640e-02 9.341798087886453439e-03 -9.951198776263873169e-01
-9.639456573987567611e-02 1.052169639270786501e-02 -9.952875893960549947e-01
-9.435595584295496108e-02 1.155856016622760704e-02 -9.954714246491227492e-01
-9.214053070177019578e-02 1.245241990923634523e-02 -9.956681494619608053e-01
-8.977450078131866962e-02 1.320331719303862068e-02 -9.958745982502191785e-01
-8.728408618925694029e-02 1.381130653692517855e-02 -9.960877170849806728e-01
-8.469551680080497635e-02 1.427645724463317937e-02 -9.963046001207468416e-01
-8.203503109190399267e-02 1.459885516084928267e-02 -9.965225191244863057e-01
-7.932887375938875441e-02 1.477860431582622876e-02 -9.967389460955105029e-01
-7.660329223169708157e-02 1.481582843327165430e-02 -9.969515689682517667e-01
-7.387049196845278665e-02 1.485094265121986341e-02 -9.971572613885798519e-01
-7.113087842321888510e-02 1.488394351785404801e-02 -9.973559396631986873e-01
-6.838485824423586046e-02 1.491482793008717771e-02 -9.975475242273866838e-01
-6.563283918447007648e-02 1.494359313526704390e-02 -9.977319396843710164e-01
-6.287523001072850559e-02 1.497023673275155696e-02 -9.979091148420725643e-01
-6.011244041190005188e-02 1.499475667535226688e-02 -9.980789827471936437e-01
-5.734488090638525937e-02 1.501715127064423561e-02 -9.982414807166227755e-01
-5.457296274877717485e-02 1.503741918214050559e-02 -9.983965503661317298e-01
-5.179709783585693950e-02 1.505555943032955979e-02 -9.985441376363434207e-01
-4.901769861196879352e-02 1.507157139357432826e-02 -9.986841928159522208e-01
-4.624926561213554832e-02 1.494494626129251776e-02 -9.988181306089580769e-01
-4.351812511936803407e-02 1.467587548082906722e-02 -9.989448410627568276e-01
-4.085057803831671636e-02 1.426457347678714883e-02 -9.990634395460181727e-01
-3.827289361496857140e-02 1.371127805650175502e-02 -9.991732534888443373e-01
-3.581130300167281733e-02 1.301625066256361860e-02 -9.992738022254722408e-01
-3.349199278333236940e-02 1.217977649226496470e-02 -9.993647699820902286e-01
-3.134109855876479611e-02 1.120216451081421961e-02 -9.994459720606662101e-01
-2.938469864314815008e-02 1.008374739200574785e-02 -9.995173142777890041e-01
-2.764880792325653466e-02 8.824881426706858781e-03 -9.995787457253157982e-01
-2.615937185701238538e-02 7.425946446012873445e-03 -9.996302049270586743e-01
-2.491403093570480204e-02 6.168615609816227585e-03 -9.996705673693003780e-01
-2.388666432459814193e-02 5.052879082147458678e-03 -9.997019054208554634e-01
-2.305114453993959214e-02 4.078701162980657297e-03 -9.997259689309238029e-01
-2.238134515393512547e-02 3.246021629300784635e-03 -9.997442386711230533e-01
-2.185114753886831587e-02 2.554756841517515434e-03 -9.997579730078117732e-01
-2.143444684291902214e-02 2.004800659720690562e-03 -9.997682477890464936e-01
-2.110515735100582796e-02 1.596025207963940387e-03 -9.997759894402545866e-01
-2.083721735082452731e-02 1.328281518355643948e-03 -9.997820012712088644e-01
-2.060459359723134862e-02 1.201400080257734740e-03 -9.997869830044404660e-01
-2.038128544724514962e-02 1.215191313369106720e-03 -9.997915435420399177e-01
-2.015544789752336113e-02 1.228791672126616427e-03 -9.997961052212922528e-01
-1.992711634716785515e-02 1.242199529075086080e-03 -9.998006656324092134e-01
-1.969632649400418489e-02 1.255413286102149929e-03 -9.998052223731972443e-01
-1.946311432916963957e-02 1.268431374622077702e-03 -9.998097730503822111e-01
-1.922751613166637230e-02 1.281252255755263841e-03 -9.998143152809257916e-01
-1.898956846288037473e-02 1.293874420503358892e-03 -9.998188466933317642e-01
-1.874930816106708600e-02 1.306296389920020510e-03 -9.998233649289424152e-01
-1.850677233580441672e-02 1.318516715277263896e-03 -9.998278676432238443e-01
-1.826199836241399269e-02 1.330533978227387394e-03 -9.998323525070396123e-01
-1.801502387635140270e-02 1.342346790960455673e-03 -9.998368172079120653e-01
-1.776588676756628293e-02 1.353953796357317734e-03 -9.998412594512706697e-01
-1.751462517483302200e-02 1.365353668138141307e-03 -9.998456769616864692e-01
-1.726127748005292992e-02 1.376545111006445424e-03 -9.998500674840925528e-01
-1.700588230252865832e-02 1.387526860788611868e-03 -9.998544287849890910e-01
-1.674847849321174642e-02 1.398297684568857282e-03 -9.998587586536333838e-01
-1.648910512892409405e-02 1.408856380819651418e-03 -9.998630549032130332e-01
-1.622780150655419792e-02 1.419201779527561567e-03 -9.998673153720027962e-01
-1.596460713722902547e-02 1.429332742314511247e-03 -9.998715379245035617e-01
-1.569956174046233457e-02 1.439248162554434716e-03 -9.998757204525636766e-01
-1.543270523828033092e-02 1.448946965485315395e-03 -9.998798608764813967e-01
-1.516407774932549031e-02 1.458428108316593003e-03 -9.998839571460882425e-01
-1.489371958293942907e-02 1.467690580331927272e-03 -9.998880072418127041e-01
-1.462167123322566722e-02 1.476733402987305457e-03 -9.998920091757234063e-01
-1.434797337309318827e-02 1.485555630004481908e-03 -9.998959609925519576e-01
-1.407266684828162827e-02 1.494156347459739322e-03 -9.998998607706939268e-01
-1.379579267136901363e-02 1.502534673867960162e-03 -9.999037066231886151e-01
-1.351739201576290100e-02 1.510689760262001096e-03 -9.999074966986757351e-01
-1.323750620967581622e-02 1.518620790267358970e-03 -9.999112291823302190e-01
-1.295617673008588218e-02 1.526326980172122445e-03 -9.999149022967730449e-01
-1.267344519668352903e-02 1.533807578992200200e-03 -9.999185143029588607e-01
-1.238935336580516966e-02 1.541061868531820719e-03 -9.999220635010391822e-01
-1.210394312435476329e-02 1.548089163439296274e-03 -9.999255482312012777e-01
-1.181725648371413986e-02 1.554888811258047648e-03 -9.999289668744819615e-01
-1.152933557364300803e-02 1.561460192472883743e-03 -9.999323178535565182e-01
-1.124022263616955043e-02 1.567802720551533238e-03 -9.999355996335009822e-01
-1.094996001947250337e-02 1.573915841981425937e-03 -9.999388107225295474e-01
-1.065859017175564173e-02 1.579799036301720531e-03 -9.999419496727046663e-01
-1.036615563511557835e-02 1.585451816130578357e-03 -9.999450150806210580e-01
-1.007269903940378845e-02 1.590873727187682276e-03 -9.999480055880624052e-01
-9.778263096083778666e-03 1.596064348312002191e-03 -9.999509198826307399e-01
-9.482890592084302489e-03 1.601023291474805042e-03 -9.999537566983485171e-01
-9.186624383649567849e-03 1.605750201787915559e-03 -9.999565148162323780e-01
-8.889507390187319572e-03 1.610244757507226041e-03 -9.999591930648394911e-01
-8.591582588115742256e-03 1.614506670031462098e-03 -9.999617903207850267e-01
-8.292893004710087321e-03 1.618535683896205665e-03 -9.999643055092313215e-01
-7.993481711949948845e-03 1.622331576763183080e-03 -9.999667376043485101e-01
-7.693391820368107592e-03 1.625894159404820847e-03 -9.999690856297459574e-01
-7.392666472901856557e-03 1.629223275684078603e-03 -9.999713486588748257e-01
-7.091348838747732648e-03 1.632318802529564728e-03 -9.999735258154016648e-01
-6.789482107220567823e-03 1.635180649905943265e-03 -9.999756162735522480e-01
-6.487109481617779963e-03 1.637808760779641470e-03 -9.999776192584263201e-01
-6.184274173089812469e-03 1.640203111079866893e-03 -9.999795340462828142e-01
-5.881019394517645466e-03 1.642363709654945684e-03 -9.999813599647954243e-01
-5.577388354398285855e-03 1.644290598223992553e-03 -9.999830963932784256e-01
-5.273424250739149576e-03 1.645983851323923851e-03 -9.999847427628830721e-01
-4.969170264962242435e-03 1.647443576251828978e-03 -9.999862985567641305e-01
-4.664669555819052002e-03 1.648669913002710720e-03 -9.999877633102168817e-01
-4.359965253317052598e-03 1.649663034202611877e-03 -9.999891366107839241e-01
-4.055100452658721988e-03 1.650423145037141406e-03 -9.999904180983331115e-01
-3.750118208193975282e-03 1.650950483175416331e-03 -9.999916074651050701e-01
-3.445061527386911616e-03 1.651245318689437873e-03 -9.999927044557316291e-01
-3.139973364797763941e-03 1.651307953968917394e-03 -9.999937088672247176e-01
-2.834896616080943149e-03 1.651138723631570809e-03 -9.999946205489356199e-01
-2.529874112000066004e-03 1.650737994428902065e-03 -9.999954394024851423e-01
-2.224948612460846391e-03 1.650106165147493479e-03 -9.999961653816646923e-01
-1.920162800562728520e-03 1.649243666505825464e-03 -9.999967984923079367e-01
-1.615559276670139408e-03 1.648150961046644962e-03 -9.999973387921342605e-01
-1.311180552504228897e-03 1.646828543024906862e-03 -9.999977863905628039e-01
-1.007069045255961932e-03 1.645276938291309870e-03 -9.999981414484984121e-01
-7.032670717214266906e-04 1.643496704171450466e-03 -9.999984041780892730e-01
-3.998168424602120468e-04 1.641488429340620106e-03 -9.999985748424565779e-01
-9.676045597770550595e-05 1.639252733694269082e-03 -9.999986537553957611e-01
2.058601070678421521e-04 1.636790268214165667e-03 -9.999986412810509817e-01
5.080029896326473341e-04 1.634101714830273749e-03 -9.999985378335616293e-01
8.096264640282829512e-04 1.631187786278377565e-03 -9.999983438766820720e-01
1.110688937635301299e-03 1.628049225953482823e-03 -9.999980599233745382e-01
1.411148958588765746e-03 1.624686807759019797e-03 -9.999976865353757960e-01
1.710965221434878518e-03 1.621101335951880039e-03 -9.999972243227371882e-01
2.010096572757891741e-03 1.617293644983315353e-03 -9.999966739433396867e-01
2.308502016776502099e-03 1.613264599335730454e-03 -9.999960361023826350e-01
2.606140720908933089e-03 1.609015093355399897e-03 -9.999953115518479541e-01
2.902972021305912954e-03 1.604546051081141150e-03 -9.999945010899397024e-01
3.198955428350771374e-03 1.599858426068976550e-03 -9.999936055604987661e-01
3.494050632125876663e-03 1.594953201212817541e-03 -9.999926258523944567e-01
3.788217507844646951e-03 1.589831388561203712e-03 -9.999915628988919059e-01
4.081416121248378562e-03 1.584494029130133078e-03 -9.999904176769968123e-01
4.373606733967137436e-03 1.578942192712016980e-03 -9.999891912067773170e-01
4.664749808843970252e-03 1.573176977680794961e-03 -9.999878845506640079e-01
4.954806015221699736e-03 1.567199510793247132e-03 -9.999864988127277199e-01
5.243736234191577299e-03 1.561010946986539361e-03 -9.999850351379366842e-01
5.531501563803073104e-03 1.554612469172039465e-03 -9.999834947113923622e-01
5.818063324234093621e-03 1.548005288025441689e-03 -9.999818787575455170e-01
6.103383062920919762e-03 1.541190641773237859e-03 -9.999801885393919676e-01
6.387422559647183001e-03 1.534169795975574889e-03 -9.999784253576496917e-01
6.670143831591179504e-03 1.526944043305536155e-03 -9.999765905499164997e-01
6.951509138330860468e-03 1.519514703324888801e-03 -9.999746854898101667e-01
7.231480986805823019e-03 1.511883122256335588e-03 -9.999727115860905791e-01
7.510022136235647641e-03 1.504050672752313975e-03 -9.999706702817645620e-01
7.787095602993932518e-03 1.496018753660381499e-03 -9.999685630531744973e-01
8.062664665437386385e-03 1.487788789785231009e-03 -9.999663914090710648e-01
8.350816843668918202e-03 1.620040590768117477e-03 -9.999638210211776457e-01
8.677483483686654689e-03 1.892546456817616012e-03 -9.999605610089281615e-01
9.068551470118490360e-03 2.305058971112651251e-03 -9.999562250933190510e-01
9.549859315281895161e-03 2.857310818973749118e-03 -9.999503187600617959e-01
1.014719305333844010e-02 3.549014528742182491e-03 -9.999422198291406660e-01
1.088628186641404406e-02 4.379862115988589384e-03 -9.999311524824303632e-01
1.179279334959381330e-02 5.349524606481968411e-03 -9.999161548071016092e-01
1.289232829607310851e-02 6.457651407296198520e-03 -9.998960399191181292e-01
1.421041485259276309e-02 7.703869489537299928e-03 -9.998693507384186496e-01
1.577250185876551483e-02 9.087782340464286082e-03 -9.998343084956432536e-01
1.757571449866431046e-02 1.032765717572849302e-02 -9.997921973142258611e-01
1.959341759199100322e-02 1.142353676128808615e-02 -9.997427693427348716e-01
2.179898461175295080e-02 1.237548685877951429e-02 -9.996857784610130304e-01
2.416580298865342660e-02 1.318359635006641217e-02 -9.996210336016915221e-01
2.666727964737317449e-02 1.384797737065116344e-02 -9.995484449427105567e-01
2.927684677439691685e-02 1.436876540503704940e-02 -9.994680629685780415e-01
3.196796777712035409e-02 1.474611930428479205e-02 -9.993801104052152384e-01
3.471414336079579888e-02 1.498022119324760211e-02 -9.992850070407409691e-01
3.748891762345991918e-02 1.507127624226651391e-02 -9.991833874523875503e-01
4.026588404933508641e-02 1.501951228543553681e-02 -9.990761116678058551e-01
4.301869126828449658e-02 1.482517927487628749e-02 -9.989642687971207469e-01
4.572104844268439633e-02 1.448854856776655119e-02 -9.988491736800407805e-01
4.834673014348581099e-02 1.400991205011945483e-02 -9.987323565998657005e-01
5.086958058418123568e-02 1.338958110848305003e-02 -9.986155461231392971e-01
5.326351709475635882e-02 1.262788546779899414e-02 -9.985006451297293584e-01
5.550253273736215076e-02 1.172517192060004536e-02 -9.983897001030855867e-01
5.756069799124243630e-02 1.068180297951775402e-02 -9.982848637541572590e-01
5.941216146623898298e-02 9.498155491694720842e-03 -9.981883510548473781e-01
6.103114964180603869e-02 8.174619260133273585e-03 -9.981023887578891474e-01
6.239196567173166397e-02 6.711595723249887818e-03 -9.980291584797001958e-01
6.349712312741666309e-02 5.390301385510019860e-03 -9.979674664440914000e-01
6.437279282286548221e-02 4.210678898726833222e-03 -9.979170395401137927e-01
6.504512092374487020e-02 3.172656343432170116e-03 -9.978772823219929089e-01
6.554022822267123460e-02 2.276147304774736764e-03 -9.978473338731348452e-01
6.588420953377255307e-02 1.521050698837606192e-03 -9.978261178279115295e-01
6.610313300738686337e-02 9.072503988157801669e-04 -9.978123855638296735e-01
6.622303920871053240e-02 4.346147041201468960e-04 -9.978047525792155259e-01
6.626993984095297385e-02 1.029956890215896065e-04 -9.978017280738783468e-01
6.626981602409431904e-02 -8.777153906237776765e-05 -9.978017377526539056e-01
6.624861606469120701e-02 -1.378696480870482649e-04 -9.978031398744973135e-01
6.620412658849467169e-02 -3.282487306316442211e-04 -9.978060482666155639e-01
6.611050921920387513e-02 -6.586755369612782348e-04 -9.978120919289262813e-01
6.594196940172834809e-02 -1.128899355216244271e-03 -9.978228231206472953e-01
6.567275856123712396e-02 -1.738652913534418504e-03 -9.978397015316183838e-01
6.527717575412352036e-02 -2.487653207318790867e-03 -9.978640719016879101e-01
6.472956888170115775e-02 -3.375602229107109269e-03 -9.978971351342689200e-01
6.400433556043935712e-02 -4.402187572344324826e-03 -9.979399129527288803e-01
6.307592377117413052e-02 -5.567082874333789504e-03 -9.979932061504854790e-01
6.191883244388800972e-02 -6.869948057766975084e-03 -9.980575464877698977e-01
6.050761217422104959e-02 -8.310429324520522687e-03 -9.981331422902773864e-01
5.884501211877607441e-02 -9.607305214134448032e-03 -9.982209015771972282e-01
5.695745430910378188e-02 -1.076059668273737606e-02 -9.983186175128696549e-01
5.487136008025249312e-02 -1.177033766993324307e-02 -9.984240567581397219e-01
5.261315085695128513e-02 -1.263657634223320884e-02 -9.985350156194011673e-01
5.020924798724862859e-02 -1.335937637832709801e-02 -9.986493692006976897e-01
4.768607160070185980e-02 -1.393881824512904939e-02 -9.987651135522424006e-01
4.507003851113380866e-02 -1.437500042050664749e-02 -9.988804008092725395e-01
4.238755922038930923e-02 -1.466804052567595440e-02 -9.989935673170554642e-01
3.966503410939649366e-02 -1.481807633739864669e-02 -9.991031547411018954e-01
3.692884892613310099e-02 -1.482526665733173953e-02 -9.992079241661441236e-01
3.419126783565905325e-02 -1.483037156911658390e-02 -9.993052693815904775e-01
3.145269587888812474e-02 -1.483339264027523120e-02 -9.993951683471560266e-01
2.871353795206940673e-02 -1.483433178920747983e-02 -9.994776032856150794e-01
2.597419871304658401e-02 -1.483319128491898675e-02 -9.995525606832450505e-01
2.323508248751616698e-02 -1.482997374661127084e-02 -9.996200312875771488e-01
2.049659317534952702e-02 -1.482468214313368941e-02 -9.996800101024568841e-01
1.775913415704346437e-02 -1.481731979229761881e-02 -9.997324963804233855e-01
1.502310820036384213e-02 -1.480789036005319970e-02 -9.997774936124169676e-01
1.228891736724654904e-02 -1.479639785952917806e-02 -9.998150095148264915e-01
9.556962921019644674e-03 -1.478284664993649231e-02 -9.998450560138911758e-01
6.827645234010095397e-03 -1.476724143533641315e-02 -9.998676492274739536e-01
4.101363695597980488e-03 -1.474958726327417133e-02 -9.998828094442243630e-01
1.378516620780400378e-03 -1.472988952327916254e-02 -9.998905611001525084e-01
-1.340498840693377623e-03 -1.470815394523294212e-02 -9.998909327526374069e-01
-4.055286794554786509e-03 -1.468438659760637130e-02 -9.998839570518952558e-01
-6.765452691556964396e-03 -1.465859388556738432e-02 -9.998696707099349323e-01
-9.470603416264950641e-03 -1.463078254896101223e-02 -9.998481144670302578e-01
-1.217034737503715734e-02 -1.460095966016339633e-02 -9.998193330557415548e-01
-1.486429458314128364e-02 -1.456913262181165625e-02 -9.997833751625193610e-01
-1.755205675094900081e-02 -1.453530916441161253e-02 -9.997402933869260488e-01
-2.023324736915496289e-02 -1.449949734382546471e-02 -9.996901441985138748e-01
-2.290748179296701881e-02 -1.446170553864165390e-02 -9.996329878913979838e-01
-2.557437732521579410e-02 -1.442194244742923785e-02 -9.995688885365658916e-01
-2.823355329833334912e-02 -1.438021708587922456e-02 -9.994979139319667416e-01
-3.088463115515194951e-02 -1.433653878383541781e-02 -9.994201355504249706e-01
-3.352723452847566898e-02 -1.429091718221740283e-02 -9.993356284854247873e-01
-3.616098931937903466e-02 -1.424336222983842853e-02 -9.992444713948130941e-01
-3.878552377418858360e-02 -1.419388418012102263e-02 -9.991467464424709233e-01
-4.140046856010494436e-02 -1.414249358771323996e-02 -9.990425392380041236e-01
-4.400545683942470865e-02 -1.408920130500856960e-02 -9.989319387745050349e-01
-4.660012434232316952e-02 -1.403401847857256579e-02 -9.988150373644397728e-01
-4.918410943816083764e-02 -1.397695654547936352e-02 -9.986919305737149699e-01
-5.175705320527844433e-02 -1.391802722956129827e-02 -9.985627171539809277e-01
-5.431859949924706943e-02 -1.385724253757492086e-02 -9.984274989732275785e-01
-5.686839501954189108e-02 -1.379461475528674999e-02 -9.982863809447322101e-01
-5.940608937461001188e-02 -1.373015644348215582e-02 -9.981394709544170185e-01
-6.193133514530481387e-02 -1.366388043390083171e-02 -9.979868797866775498e-01
-6.444378794666116850e-02 -1.359579982510234625e-02 -9.978287210487422065e-01
-6.694310648798794394e-02 -1.352592797826529351e-02 -9.976651110936251010e-01
-6.942895263125610505e-02 -1.345427851292363072e-02 -9.974961689417330968e-01
-7.188694238036631712e-02 -1.324054719868797934e-02 -9.973249017004586214e-01
-7.429093193846363075e-02 -1.288502379469898956e-02 -9.971533672006711591e-01
-7.661485148775927512e-02 -1.238801689202684297e-02 -9.969838041284392327e-01
-7.883270817422770305e-02 -1.174985248339006048e-02 -9.968186139982270211e-01
-8.091858809840937750e-02 -1.097087242812636552e-02 -9.966603364149397848e-01
-8.284665723823797512e-02 -1.005143283866841500e-02 -9.965116176978183749e-01
-8.459116125613620751e-02 -8.991902421403430781e-03 -9.963751729409211499e-01
-8.612642417476312762e-02 -7.792660811252915404e-03 -9.962537415851339118e-01
-8.742684594358941796e-02 -6.454096945583157226e-03 -9.961500365753155339e-01
-8.846689896177063750e-02 -4.976607529138364280e-03 -9.960666871734166206e-01
-8.924914923029729497e-02 -3.640847714597651892e-03 -9.960026795763445850e-01
-8.979971919702328664e-02 -2.446750786579474438e-03 -9.959568404196311731e-01
-9.014470002934417414e-02 -1.394239580669235593e-03 -9.959277048513253128e-01
-9.031015350808828390e-02 -4.832260436084032497e-04 -9.959135739637645646e-01
-9.032211367653672496e-02 2.863894396815148957e-04 -9.959125653904645770e-01
-9.020658806208123326e-02 9.147189014773890675e-04 -9.959226570878483287e-01
-8.998955833161488560e-02 1.401887784686417938e-03 -9.959417243212047577e-01
-8.969698027912580141e-02 1.748036036468386591e-03 -9.959675698742107564e-01
-8.935478307514706231e-02 1.953319270726505252e-03 -9.959979475018498896e-01
-8.898886773272436657e-02 2.017909974726165689e-03 -9.960305786478108603e-01
-8.861109111884871159e-02 2.082126147655249688e-03 -9.960641261605488461e-01
-8.822152185474528563e-02 2.145959434896476271e-03 -9.960985704649497618e-01
-8.782023007596596875e-02 2.209401543640975712e-03 -9.961338915411113160e-01
-8.740728742262066087e-02 2.272444243893312430e-03 -9.961700689366392858e-01
-8.698276702944146566e-02 2.335079369471524877e-03 -9.962070817791486288e-01
-8.654674351567835655e-02 2.397298819002096574e-03 -9.962449087889622135e-01
-8.609929297482499244e-02 2.459094556909773716e-03 -9.962835282920000646e-01
-8.564049296417346191e-02 2.520458614402134364e-03 -9.963229182328513511e-01
-8.517042249419659594e-02 2.581383090448812530e-03 -9.963630561880227887e-01
-8.468916201775662789e-02 2.641860152755269153e-03 -9.964039193793541305e-01
-8.419679341913889614e-02 2.701882038731000680e-03 -9.964454846875956395e-01
-8.369340000290943771e-02 2.761441056452069043e-03 -9.964877286661374400e-01
-8.317906648259519586e-02 2.820529585617828541e-03 -9.965306275548849735e-01
-8.265387896918574562e-02 2.879140078501721701e-03 -9.965741572942715676e-01
-8.211792495945532955e-02 2.937265060896012293e-03 -9.966182935394007902e-01
-8.157129332410424649e-02 2.994897133050311057e-03 -9.966630116743109280e-01
-8.101407429571833019e-02 3.052028970603752351e-03 -9.967082868263528184e-01
-8.044635945654575460e-02 3.108653325510670785e-03 -9.967540938806740414e-01
-7.986824172609005568e-02 3.164763026959617823e-03 -9.968004074948005888e-01
-7.927981534851850920e-02 3.220350982285559178e-03 -9.968472021133084615e-01
-7.868117587988508743e-02 3.275410177875087789e-03 -9.968944519825767570e-01
-7.807242017516713428e-02 3.329933680064474551e-03 -9.969421311656142537e-01
-7.745364637511505113e-02 3.383914636030385496e-03 -9.969902135569509438e-01
-7.682495389291447985e-02 3.437346274673080699e-03 -9.970386728975868529e-01
-7.618644340066016429e-02 3.490221907491906222e-03 -9.970874827899895987e-01
-7.553821681564126811e-02 3.542534929452892216e-03 -9.971366167131321401e-01
-7.488037728643746893e-02 3.594278819848256788e-03 -9.971860480375629443e-01
-7.421302917882570405e-02 3.645447143147618769e-03 -9.972357500404996911e-01
-7.353627806149712343e-02 3.696033549840713802e-03 -9.972856959209387417e-01
-7.285023069158426401e-02 3.746031777271403851e-03 -9.973358588147720472e-01
-7.215499499999815380e-02 3.795435650462772835e-03 -9.973862118099023899e-01
-7.145068007657552622e-02 3.844239082933086776e-03 -9.974367279613498560e-01
-7.073739615503615852e-02 3.892436077502405087e-03 -9.974873803063400990e-01
-7.001525459775054250e-02 3.940020727089616620e-03 -9.975381418793672905e-01
-6.928436788031820670e-02 3.986987215499677994e-03 -9.975889857272220995e-01
-6.854484957595707861e-02 4.033329818200824361e-03 -9.976398849239778155e-01
-6.779681433970431714e-02 4.079042903091526645e-03 -9.976908125859252907e-01
-6.704037789242940637e-02 4.124120931256953712e-03 -9.977417418864497067e-01
-6.627565700465996856e-02 4.168558457714711778e-03 -9.977926460708396172e-01
-6.550276948022133727e-02 4.212350132149626433e-03 -9.978434984710217170e-01
-6.472183413969068155e-02 4.255490699637316625e-03 -9.978942725202115671e-01
-6.393297080366683316e-02 4.297975001356336804e-03 -9.979449417674741696e-01
-6.313630027585681592e-02 4.339797975288632245e-03 -9.979954798921847337e-01
-6.233194432598058304e-02 4.380954656908072481e-03 -9.980458607183827491e-01
-6.152002567249505866e-02 4.421440179856823451e-03 -9.980960582290115957e-01
-6.070066796513925306e-02 4.461249776609301637e-03 -9.981460465800352511e-01
-5.987399576730189493e-02 4.500378779123487272e-03 -9.981958001144247694e-01
-5.904013453821338464e-02 4.538822619479330328e-03 -9.982452933760074254e-01
-5.819921061496392822e-02 4.576576830504028130e-03 -9.982945011231700860e-01
-5.735135119434978807e-02 4.613637046383915231e-03 -9.983433983424103708e-01
-5.649668431454978740e-02 4.649999003262733112e-03 -9.983919602617270517e-01
-5.563533883663423357e-02 4.685658539826036834e-03 -9.984401623638438084e-01
-5.476744442590863321e-02 4.720611597871500996e-03 -9.984879803992584568e-01
-5.389313153309460702e-02 4.754854222864882997e-03 -9.985353903991102120e-01
-5.301253137535062027e-02 4.788382564481412883e-03 -9.985823686878591010e-01
-5.212577591713515868e-02 4.821192877132374731e-03 -9.986288918957698657e-01
-5.123299785091519482e-02 4.853281520476647112e-03 -9.986749369711944713e-01
-5.033433057772285224e-02 4.884644959916976253e-03 -9.987204811926451153e-01
-4.942990818756327898e-02 4.915279767080752912e-03 -9.987655021806532973e-01
-4.851986543967692217e-02 4.945182620285074396e-03 -9.988099779094073982e-01
-4.760433774265943746e-02 4.974350304985871406e-03 -9.988538867181625536e-01
-4.668346113444260537e-02 5.002779714210881142e-03 -9.988972073224170467e-01
-4.575737226213975883e-02 5.030467848976261092e-03 -9.989399188248496708e-01
-4.482620836175932322e-02 5.057411818686631012e-03 -9.989820007260119539e-01
-4.389010723779011858e-02 5.083608841518340131e-03 -9.990234329347690290e-01
-4.294920724266230311e-02 5.109056244785765283e-03 -9.990641957784849314e-01
-4.200364725608782268e-02 5.133751465290443093e-03 -9.991042700129459941e-01
-4.105356666428439799e-02 5.157692049652846250e-03 -9.991436368320176786e-01
-4.009910533908715713e-02 5.180875654626626060e-03 -9.991822778770297342e-01
-3.914040361695211162e-02 5.203300047395136539e-03 -9.992201752458849118e-01
-3.817760227785579191e-02 5.224963105850074369e-03 -9.992573115018863472e-01
-3.721084252409546239e-02 5.245862818852061252e-03 -9.992936696822796172e-01
-3.624026595899434294e-02 5.265997286473017742e-03 -9.993292333065046940e-01
-3.526601456551645142e-02 5.285364720220167220e-03 -9.993639863841534687e-01
-3.428823068479570219e-02 5.303963443241525161e-03 -9.993979134226300687e-01
-3.330705699458402780e-02 5.321791890512732326e-03 -9.994309994345087489e-01
-3.232263648762328384e-02 5.338848609005101761e-03 -9.994632299445864732e-01
-3.133511244994586359e-02 5.355132257834748638e-03 -9.994945909966269637e-01
-3.034462843910896643e-02 5.370641608392683237e-03 -9.995250691597925563e-01
-2.935132826236754727e-02 5.385375544455758660e-03 -9.995546515347610850e-01
-2.835535595479103665e-02 5.399333062278363106e-03 -9.995833257595251320e-01
-2.735685575732896627e-02 5.412513270664767381e-03 -9.996110800148703124e-01
-2.635597209483073883e-02 5.424915391022026162e-03 -9.996379030295312607e-01
-2.535284955402475685e-02 5.436538757393366214e-03 -9.996637840850217671e-01
-2.434763286146226363e-02 5.447382816471973976e-03 -9.996887130201386196e-01
-2.334046686143122218e-02 5.457447127595126991e-03 -9.997126802351353758e-01
-2.233149649384563382e-02 5.466731362718607601e-03 -9.997356766955661778e-01
-2.132086677211574022e-02 5.475235306371345999e-03 -9.997576939357973869e-01
-2.030872276100455925e-02 5.482958855590264885e-03 -9.997787240621852645e-01
-1.929520955447627459e-02 5.489902019835274545e-03 -9.997987597559200301e-01
-1.828047225354198155e-02 5.496064920884411419e-03 -9.998177942755341885e-01
-1.726465594410835427e-02 5.501447792709095001e-03 -9.998358214590750137e-01
-1.624790567483477485e-02 5.506050981329501347e-03 -9.998528357259409693e-01
-1.523036643500451891e-02 5.509874944650048831e-03 -9.998688320783816197e-01
-1.421218313241558867e-02 5.512920252275013526e-03 -9.998838061026608104e-01
-1.319350057129676027e-02 5.515187585304292400e-03 -9.998977539698833406e-01
-1.217446343025446742e-02 5.516677736109333423e-03 -9.999106724364863474e-01
-1.115521624025609011e-02 5.517391608089282015e-03 -9.999225588443947377e-01
-1.013590336265524777e-02 5.517330215407378544e-03 -9.999334111208421083e-01
-9.116668967264651702e-03 5.516494682707667567e-03 -9.999432277778584899e-01
-8.097657010482098988e-03 5.514886244812072617e-03 -9.999520079114252447e-01
-7.079011213475120898e-03 5.512506246397918912e-03 -9.999597512002991184e-01
-6.060875040429816035e-03 5.509356141655971650e-03 -9.999664579045072221e-01
-5.043391676869346529e-03 5.505437493929085310e-03 -9.999721288635138317e-01
-4.026704008047566827e-03 5.500751975331558477e-03 -9.999767654940620032e-01
-3.010954597423191360e-03 5.495301366349294829e-03 -9.999803697876915587e-01
-1.996285665219892178e-03 5.489087555420888234e-03 -9.999829443079357727e-01
-9.828390670776651454e-04 5.482112538499751657e-03 -9.999844921872000914e-01
2.924372719924567612e-05 5.474378418597412171e-03 -9.999850171233243268e-01
1.039821654792620099e-03 5.465887405308121269e-03 -9.999845233758323237e-01
2.048754080913542646e-03 5.456641814314911430e-03 -9.999830157618719850e-01
3.055900819733562562e-03 5.446644066877264628e-03 -9.999804996518483202e-01
4.061122155198661557e-03 5.435896689300538480e-03 -9.999769809647540697e-01
5.064278861721026315e-03 5.424402312387331324e-03 -9.999724661632001244e-01
6.065232224743686597e-03 5.412163670870951890e-03 -9.999669622481510700e-01
7.063844061173154762e-03 5.399183602831174843e-03 -9.999604767533686323e-01
8.059976739675274102e-03 5.385465049092478217e-03 -9.999530177395679065e-01
9.053493200829558843e-03 5.371011052604954435e-03 -9.999445937882899260e-01
1.004425697713740191e-02 5.355824757808091800e-03 -9.999352139954958973e-01
1.103213221287958554e-02 5.339909409977645037e-03 -9.999248879648869881e-01
1.201698368381864598e-02 5.323268354555800441e-03 -9.999136258009549971e-01
1.299867681674170272e-02 5.305905036464868101e-03 -9.999014381017682362e-01
1.397707770883947938e-02 5.287822999404712815e-03 -9.998883359514981750e-01
1.495205314691732540e-02 5.269025885134171784e-03 -9.998743309126916223e-01
1.592347062643413233e-02 5.249517432736688916e-03 -9.998594350182939960e-01
1.689119837036516872e-02 5.229301477870407742e-03 -9.998436607634295648e-01
1.785510534788492185e-02 5.208381952002980562e-03 -9.998270210969428806e-01
1.881506129286616980e-02 5.186762881631337523e-03 -9.998095294127090638e-01
1.977093672219158021e-02 5.164448387486677595e-03 -9.997911995407168240e-01
2.072260295387427093e-02 5.141442683724949461e-03 -9.997720457379316583e-01
2.166993212498385252e-02 5.117750077103079900e-03 -9.997520826789443316e-01
2.261279720937458063e-02 5.093374966141225521e-03 -9.997313254464113008e-01
2.355107203521238785e-02 5.068321840271325374e-03 -9.997097895212930796e-01
2.448463130229763807e-02 5.042595278972224204e-03 -9.996874907728969806e-01
2.541335059918057096e-02 5.016199950891657780e-03 -9.996644454487310094e-01
2.633710642006654654e-02 4.989140612955376974e-03 -9.996406701641745718e-01
2.725577618150827261e-02 4.961422109463702046e-03 -9.996161818919736541e-01
2.816923823888234368e-02 4.933049371175795075e-03 -9.995909979515664734e-01
2.907737190264752733e-02 4.904027414381947197e-03 -9.995651359982467010e-01
2.998005745438234171e-02 4.874361339964166859e-03 -9.995386140121710339e-01
3.087717616259961356e-02 4.844056332445372676e-03 -9.995114502872175510e-01
3.176861029833577543e-02 4.813117659027488400e-03 -9.994836634197030723e-01
3.265424315051285165e-02 4.781550668618733159e-03 -9.994552722969648473e-01
3.353395904107110692e-02 4.749360790850416618e-03 -9.994262960858151246e-01
3.440764333987052226e-02 4.716553535083531368e-03 -9.993967542208748167e-01
3.527518247935938767e-02 4.683134489405450449e-03 -9.993666663927939231e-01
3.613646396900833946e-02 4.649109319617032721e-03 -9.993360525363654823e-01
3.699137640950836414e-02 4.614483768210434454e-03 -9.993049328185407143e-01
3.783980950673136723e-02 4.579263653337936786e-03 -9.992733276263522368e-01
3.868165408545203715e-02 4.543454867772082212e-03 -9.992412575547527931e-01
3.951680210282985245e-02 4.507063377857433231e-03 -9.992087433943768193e-01
4.034514666165016361e-02 4.470095222454245447e-03 -9.991758061192324014e-01
4.116658202332344751e-02 4.432556511874363031e-03 -9.991424668743299486e-01
4.198100362064186714e-02 4.394453426809627992e-03 -9.991087469632564666e-01
4.278830807029247729e-02 4.355792217253112025e-03 -9.990746678357010913e-01
4.358839318512644501e-02 4.316579201413455434e-03 -9.990402510749407661e-01
4.438115798618375712e-02 4.276820764622620182e-03 -9.990055183852920573e-01
4.516650271447310294e-02 4.236523358237340685e-03 -9.989704915795367679e-01
4.594432884250655713e-02 4.195693498534569001e-03 -9.989351925663295662e-01
4.671453908558896584e-02 4.154337765601200626e-03 -9.988996433375935124e-01
4.747703741286186246e-02 4.112462802218369746e-03 -9.988638659559112565e-01
4.823172905810199640e-02 4.070075312740592359e-03 -9.988278825419193430e-01
4.897852053027457186e-02 4.027182061970044358e-03 -9.987917152617127314e-01
4.971731962384137726e-02 3.983789874026249546e-03 -9.987553863142660804e-01
5.044803542882411035e-02 3.939905631211449051e-03 -9.987189179188793453e-01
5.117057834062332250e-02 3.895536272871932305e-03 -9.986823323026549071e-01
5.188486006959341229e-02 3.850688794255586328e-03 -9.986456516880127809e-01
5.259079365037425124e-02 3.805370245365936963e-03 -9.986088982802509006e-01
5.328829345098008707e-02 3.759587729812937512e-03 -9.985720942551574719e-01
5.397727518164643218e-02 3.713348403660764532e-03 -9.985352617466821679e-01
5.465765590343574926e-02 3.666659474272869305e-03 -9.984984228346727164e-01
5.532935403660282220e-02 3.619528199154540410e-03 -9.984615995326839855e-01
5.599228936872074902e-02 3.571961884793214623e-03 -9.984248137758655606e-01
5.664638306256857686e-02 3.523967885496781614e-03 -9.983880874089345880e-01
5.729155766378164760e-02 3.475553602230114884e-03 -9.983514421742408773e-01
5.792773710826585459e-02 3.426726481450062273e-03 -9.983148996999291480e-01
5.855484672937696922e-02 3.377494013939122842e-03 -9.982784814882065261e-01
5.917281326486633491e-02 3.327863733638028280e-03 -9.982422089037200630e-01
5.978156486359425398e-02 3.277843216477451752e-03 -9.982061031620509395e-01
6.038103109201244795e-02 3.227440079209052334e-03 -9.981701853183315709e-01
6.097114294041701410e-02 3.176661978236064530e-03 -9.981344762559903883e-01
6.155183282897334213e-02 3.125516608443634943e-03 -9.980989966756318443e-01
6.212303461351455919e-02 3.074011702029102577e-03 -9.980637670840556419e-01
6.268468359111500909e-02 3.022155027332419207e-03 -9.980288077834221783e-01
6.323671650544042400e-02 2.969954387666892421e-03 -9.979941388605680919e-01
6.377907155187635679e-02 2.917417620150438221e-03 -9.979597801764791276e-01
6.431168838243660202e-02 2.864552594537517552e-03 -9.979257513559238735e-01
6.483450811045329831e-02 2.811367212051932383e-03 -9.978920717772549187e-01
6.534747331505041945e-02 2.757869404220644402e-03 -9.978587605623813195e-01
6.585052804540238169e-02 2.704067131708783739e-03 -9.978258365669179231e-01
6.634361782477961322e-02 2.649968383156000792e-03 -9.977933183705159914e-01
6.682668965438279263e-02 2.595581174014314693e-03 -9.977612242673803422e-01
6.729969201696764380e-02 2.540913545387607150e-03 -9.977295722569770042e-01
6.776257488026200815e-02 2.485973562872900895e-03 -9.976983800349354947e-01
6.821528970017715077e-02 2.430769315403562801e-03 -9.976676649841511590e-01
6.865778942381496608e-02 2.375308914094559614e-03 -9.976374441660907921e-01
6.909002849227315057e-02 2.319600491089900737e-03 -9.976077343123054275e-01
6.951196284324993868e-02 2.263652198412382990e-03 -9.975785518161549570e-01
6.992354991345044180e-02 2.207472206815758783e-03 -9.975499127247481335e-01
7.032474864079629739e-02 2.151068704639442185e-03 -9.975218327311007327e-01
7.071551946644059894e-02 2.094449896665856545e-03 -9.974943271665167588e-01
7.109582433658979961e-02 2.037624002980533387e-03 -9.974674109931946919e-01
7.146562670413444951e-02 1.980599257835056679e-03 -9.974410987970631082e-01
7.182489153009065375e-02 1.923383908512950064e-03 -9.974154047808482249e-01
7.217358528485391667e-02 1.865986214198596610e-03 -9.973903427573758140e-01
7.251167594926723192e-02 1.808414444849278883e-03 -9.973659261431118139e-01
7.283913301550513919e-02 1.750676880070419373e-03 -9.973421679519425265e-01
7.315592748777552390e-02 1.692781807994101070e-03 -9.973190807891978427e-01
7.346203188284076979e-02 1.634737524160941903e-03 -9.972966768459202713e-01
7.375742023036009620e-02 1.576552330405393528e-03 -9.972749678933811035e-01
7.404206807305466209e-02 1.518234533744530160e-03 -9.972539652778461550e-01
7.431595246669699117e-02 1.459792445270392943e-03 -9.972336799155933074e-01
7.457905197992652224e-02 1.401234379045946873e-03 -9.972141222881836242e-01
7.483134669389267246e-02 1.342568651004708404e-03 -9.971953024379872632e-01
7.507281820172702347e-02 1.283803577854095764e-03 -9.971772299639661830e-01
7.530344960784617070e-02 1.224947475982552086e-03 -9.971599140177150877e-01
7.552322552708660985e-02 1.166008660370489690e-03 -9.971433632997610541e-01
7.573213208367322868e-02 1.106995443505096955e-03 -9.971275860561242821e-01
7.593015691002265311e-02 1.047916134299052213e-03 -9.971125900751397486e-01
7.611728914538290480e-02 9.887790370131821927e-04 -9.970983826845414288e-01
7.629351943431064709e-02 9.295924501831005684e-04 -9.970849707488088631e-01
7.645883992498730963e-02 8.703646655498629330e-04 -9.970723606667776240e-01
7.661324426737527171e-02 8.111039669946686678e-04 -9.970605583695134611e-01
7.675672761121540844e-02 7.518186294776404944e-04 -9.970495693184505681e-01
7.688928660386698533e-02 6.925169179807100098e-04 -9.970393985037938611e-01
7.701091938799117798e-02 6.332070864546351149e-04 -9.970300504431858224e-01
7.712162559907914661e-02 5.738973767701752507e-04 -9.970215291806371338e-01
7.722140636282570636e-02 5.145960176734471012e-04 -9.970138382857212100e-01
7.731026429234962027e-02 4.553112237454836936e-04 -9.970069808530320765e-01
7.738820348526137538e-02 3.960511943660178754e-04 -9.970009595019049264e-01
7.745522952057933008e-02 3.368241126815105517e-04 -9.969957763763988012e-01
7.751134945549512101e-02 2.776381445774425477e-04 -9.969914331455406176e-01
7.755657182198899546e-02 2.185014376548895839e-04 -9.969879310038295417e-01
7.759090662329599930e-02 1.594221202113977405e-04 -9.969852706720003788e-01
7.761436533022347817e-02 1.004083002261779348e-04 -9.969834523980448671e-01
7.762696087732076644e-02 4.146806434963644914e-05 -9.969824759584902107e-01
7.762870765890159119e-02 -1.739052310274100891e-05 -9.969823406599318538e-01
7.761962152491963529e-02 -7.615942115213404141e-05 -9.969830453408203841e-01
7.759971977669798127e-02 -1.348306131537437696e-04 -9.969845883735000136e-01
7.756902116251282453e-02 -1.933961077897423584e-04 -9.969869676664974145e-01
7.752754587303181677e-02 -2.518479400577975313e-04 -9.969901806670574684e-01
7.747531553660756687e-02 -3.101781722551534299e-04 -9.969942243639260404e-01
7.741235321442653528e-02 -3.683788949582476359e-04 -9.969990952903755588e-01
7.733868339551375204e-02 -4.264422279978447462e-04 -9.970047895274719574e-01
7.725433199159353892e-02 -4.843603214296638955e-04 -9.970113027075809820e-01
7.715932633180649924e-02 -5.421253565004791660e-04 -9.970186300181096417e-01
7.705369515728301144e-02 -5.997295466096680275e-04 -9.970267662054821400e-01
7.693746861557330952e-02 -6.571651382661834696e-04 -9.970357055793459544e-01
7.681067825493444190e-02 -7.144244120409232613e-04 -9.970454420170057341e-01
7.667335701847399765e-02 -7.714996835144686919e-04 -9.970559689680819071e-01
7.652553923815083592e-02 -8.283833042201623267e-04 -9.970672794593912203e-01
7.636726062863276321e-02 -8.850676625824949618e-04 -9.970793661000448838e-01
7.619855828101124162e-02 -9.415451848507673006e-04 -9.970922210867623203e-01
7.601947065637303103e-02 -9.978083360279923087e-04 -9.971058362093961902e-01
7.583003757922879284e-02 -1.053849620795000190e-03 -9.971202028566651387e-01
7.563030023079851671e-02 -1.109661584429708255e-03 -9.971353120220911581e-01
7.542030114215377001e-02 -1.165236813721512096e-03 -9.971511543101373443e-01
7.520008418721660370e-02 -1.220567937880757741e-03 -9.971677199425421634e-01
7.496969457561496186e-02 -1.275647629443244901e-03 -9.971849987648468971e-01
7.472917884539455324e-02 -1.330468605169717088e-03 -9.972029802531112708e-01
7.447858485558692121e-02 -1.385023626940283525e-03 -9.972216535208137111e-01
7.421796177863355937e-02 -1.439305502643723617e-03 -9.972410073259323493e-01
7.394736009266598964e-02 -1.493307087061615220e-03 -9.972610300782015491e-01
7.366683157364148360e-02 -1.547021282747229479e-03 -9.972817098465406316e-01
7.337642928733427439e-02 -1.600441040899129759e-03 -9.973030343666492437e-01
7.307620758118210658e-02 -1.653559362229413106e-03 -9.973249910487658187e-01
7.276622207598781866e-02 -1.706369297826524625e-03 -9.973475669855839110e-01
7.244652965747590267e-02 -1.758863950012577986e-03 -9.973707489603219623e-01
7.211718846770362457e-02 -1.811036473195107473e-03 -9.973945234549416172e-01
7.177825789632670539e-02 -1.862880074713177620e-03 -9.974188766585097010e-01
7.142979857171923019e-02 -1.914388015677773473e-03 -9.974437944756994190e-01
7.107187235194770136e-02 -1.965553611806388629e-03 -9.974692625354250053e-01
7.070454231559894498e-02 -2.016370234251727792e-03 -9.974952661996057124e-01
7.032787275246175918e-02 -2.066831310424439502e-03 -9.975217905720533684e-01
6.994192915406217959e-02 -2.116930324809787080e-03 -9.975488205074785064e-01
6.954677820405218147e-02 -2.166660819778166297e-03 -9.975763406206102912e-01
6.914248776845167976e-02 -2.216016396389376090e-03 -9.976043352954246934e-01
6.872912688574375761e-02 -2.264990715190541917e-03 -9.976327886944753587e-01
6.830676575682306795e-02 -2.313577497007594189e-03 -9.976616847683220657e-01
6.787547573479726926e-02 -2.361770523730195078e-03 -9.976910072650519989e-01
6.742126898788809719e-02 -2.549924404866888566e-03 -9.977213411156140577e-01
6.691836522810612475e-02 -2.877814275524031781e-03 -9.977543057910241986e-01
6.634102379164386054e-02 -3.345197613651705679e-03 -9.977914022280681694e-01
6.566354599836440875e-02 -3.951815092886189207e-03 -9.978339972313045037e-01
6.486027705703557855e-02 -4.697391332025450082e-03 -9.978833013547676600e-01
6.390560761053018513e-02 -5.581635519036962437e-03 -9.979403403065773004e-01
6.277397503780897392e-02 -6.604241881425900428e-03 -9.980059199226806177e-01
6.143986465768862953e-02 -7.764889968848534899e-03 -9.980805847587830293e-01
5.987781101306769577e-02 -9.063244708058335736e-03 -9.981645703524166802e-01
5.806239945332371255e-02 -1.049895618463865532e-02 -9.982577492103918981e-01
5.599642061007620991e-02 -1.179076840651722101e-02 -9.983613488286948723e-01
5.370634672293252143e-02 -1.293869639158227308e-02 -9.984729453712921643e-01
5.121865423324321182e-02 -1.394276876915691993e-02 -9.985901325584876087e-01
4.855982415575823413e-02 -1.480302918197493565e-02 -9.987105776922570177e-01
4.575634136551844089e-02 -1.551953769755752902e-02 -9.988320706540182448e-01
4.283469280401269730e-02 -1.609237217776485554e-02 -9.989525658633513494e-01
3.982136465156177474e-02 -1.652162956236879685e-02 -9.990702171872176685e-01
3.674283854925695231e-02 -1.680742702967034582e-02 -9.991834057918022038e-01
3.362558698353292075e-02 -1.694990300444673345e-02 -9.992907609331673768e-01
3.049606796954901916e-02 -1.694921799083919794e-02 -9.993911736883264174e-01
2.736661306352233120e-02 -1.694616010174658863e-02 -9.994818159153588955e-01
2.423769083163253638e-02 -1.694073242142231372e-02 -9.995626794385557012e-01
2.110976933555958751e-02 -1.693293845490715863e-02 -9.996337616507686707e-01
1.798331601155326448e-02 -1.692278212719360367e-02 -9.996950655017036169e-01
1.485879754979006068e-02 -1.691026778219846538e-02 -9.997465994825985858e-01
1.173667977411162189e-02 -1.689540018154464529e-02 -9.997883776073053230e-01
8.617427522238377963e-03 -1.687818450315304447e-02 -9.998204193897936021e-01
5.501504526551217501e-03 -1.685862633964593099e-02 -9.998427498181037265e-01
2.389373295533182753e-03 -1.683673169656320009e-02 -9.998553993247742966e-01
-7.185050040378554784e-04 -1.681250699039323060e-02 -9.998584037537764369e-01
-3.821670664055726307e-03 -1.678595904642023878e-02 -9.998518043239877917e-01
-6.919665551123140371e-03 -1.675709509639020794e-02 -9.998356475892447026e-01
-1.001203322157235773e-02 -1.672592277599770777e-02 -9.998099853950119797e-01
-1.309831903538368966e-02 -1.669245012219608068e-02 -9.997748748317143441e-01
-1.617807026891781436e-02 -1.665668557033368052e-02 -9.997303781847758364e-01
-1.925083622637958902e-02 -1.661863795111906059e-02 -9.996765628814165972e-01
-2.231616834993292720e-02 -1.657831648741811895e-02 -9.996135014342593106e-01
-2.537362032838824666e-02 -1.653573079088647632e-02 -9.995412713818004891e-01
-2.842274820438602662e-02 -1.649089085844044830e-02 -9.994599552258044417e-01
-3.146311048000219324e-02 -1.644380706857019592e-02 -9.993696403656798788e-01
-3.448016599064816778e-02 -1.625390275691014283e-02 -9.992732023798596153e-01
-3.744756180447739169e-02 -1.592144493244260911e-02 -9.991717529541205289e-01
-4.033900862089204176e-02 -1.544672200812928671e-02 -9.990666481055896497e-01
-4.312828565899745614e-02 -1.483004286379740848e-02 -9.989594711488487544e-01
-4.578924482591274769e-02 -1.407173575295061346e-02 -9.988520088098370442e-01
-4.829581404859657062e-02 -1.317214707860128210e-02 -9.987462205577085639e-01
-5.062199967871615358e-02 -1.213164007009970811e-02 -9.986442012293649251e-01
-5.274188791201608190e-02 -1.095059339964287413e-02 -9.985481370245788968e-01
-5.462964520145979080e-02 -9.629399783663897955e-03 -9.984602549513852399e-01
-5.625951768694670979e-02 -8.168464620616837715e-03 -9.983827658017462303e-01
-5.763398474940317068e-02 -6.849108065957489055e-03 -9.983142880460486035e-01
-5.877920170988193416e-02 -5.671274134005291692e-03 -9.982549004606887655e-01
-5.972130059119148265e-02 -4.634890925407354062e-03 -9.982043319084141775e-01
-6.048638845158973987e-02 -3.739870916041377474e-03 -9.981620180999937197e-01
-6.110054599949608228e-02 -2.986110978769465803e-03 -9.981271515294503072e-01
-6.158982627432680462e-02 -2.373492187036420689e-03 -9.980987245935598606e-01
-6.198025322134411569e-02 -1.901879442988522583e-03 -9.980755659099227461e-01
-6.229782002501786653e-02 -1.571120966391269160e-03 -9.980563698511016879e-01
-6.256848709583374968e-02 -1.381047674167654258e-03 -9.980397193154176838e-01
-6.281817962975277947e-02 -1.331472473882458225e-03 -9.980241017582615060e-01
-6.305871575406081508e-02 -1.281785373500684720e-03 -9.980089977525384848e-01
-6.329007594850752372e-02 -1.231993468960778651e-03 -9.979944151546333853e-01
-6.351224198988471292e-02 -1.182103859070315422e-03 -9.979803615047703191e-01
-6.372519695197260969e-02 -1.132123644549498914e-03 -9.979668440237815519e-01
-6.392892520532957035e-02 -1.082059927077253739e-03 -9.979538696100640482e-01
-6.412341241692622040e-02 -1.031919808339982906e-03 -9.979414448367237567e-01
-6.430864554962502366e-02 -9.817103890830557091e-04 -9.979295759489090756e-01
-6.448461286150619642e-02 -9.314387681650917929e-04 -9.979182688613348340e-01
-6.465130390504092439e-02 -8.811120416151055432e-04 -9.979075291559958982e-01
-6.480870952611282598e-02 -8.307373016925708939e-04 -9.978973620800731803e-01
-6.495682186288850857e-02 -7.803216359504670362e-04 -9.978877725440309376e-01
-6.509563434453816133e-02 -7.298721263013641233e-04 -9.978787651199063635e-01
-6.522514168980700355e-02 -6.793958480866048050e-04 -9.978703440397916902e-01
-6.534533990543847648e-02 -6.288998691486385149e-04 -9.978625131945091375e-01
-6.545622628444995594e-02 -5.783912489065616341e-04 -9.978552761324789300e-01
-6.555779940426184615e-02 -5.278770374349175259e-04 -9.978486360587798254e-01
-6.565005912468076243e-02 -4.773642745458080497e-04 -9.978425958344024904e-01
-6.573300658573766331e-02 -4.268599888743675641e-04 -9.978371579756956100e-01
-6.580664420538154258e-02 -3.763711969676502168e-04 -9.978323246540039548e-01
-6.587097567702959733e-02 -3.259049023769784942e-04 -9.978280976954986281e-01
-6.592600596697435755e-02 -2.754680947538027985e-04 -9.978244785811982709e-01
-6.597174131164855460e-02 -2.250677489491189958e-04 -9.978214684471811147e-01
-6.600818921474842227e-02 -1.747108241164915332e-04 -9.978190680849873262e-01
-6.603535844421601353e-02 -1.244042628187286639e-04 -9.978172779422099792e-01
-6.605325902908110169e-02 -7.415499013825634631e-05 -9.978160981232748750e-01
-6.606190225616338785e-02 -2.396991279123639521e-05 -9.978155283904071027e-01
-6.606130066663538913e-02 2.614408175452509161e-05 -9.978155681647843389e-01
-6.605146805244681285e-02 7.618012615783357534e-05 -9.978162165278746665e-01
-6.603241945261068002e-02 1.261313740784808675e-04 -9.978174722229584681e-01
-6.600417114935189233e-02 1.759910010476932799e-04 -9.978193336568321747e-01
-6.596674066411863102e-02 2.257522053346075149e-04 -9.978217989016935352e-01
-6.592014675345712893e-02 2.754082088087289777e-04 -9.978248656972051878e-01
-6.586440940475020434e-02 3.249522577983262402e-04 -9.978285314527370886e-01
-6.579954983182001449e-02 3.743776239447156205e-04 -9.978327932497834674e-01
-6.572559047039544522e-02 4.236776050523893920e-04 -9.978376478445549758e-01
-6.564255497344452517e-02 4.728455259349404046e-04 -9.978430916707422549e-01
-6.555046820637225324e-02 5.218747392567357670e-04 -9.978491208424498105e-01
-6.544935624208418623e-02 5.707586263702914492e-04 -9.978557311572977540e-01
-6.533924635591616126e-02 6.194905981492986394e-04 -9.978629180996898551e-01
-6.522016702043044456e-02 6.680640958172535514e-04 -9.978706768442444641e-01
-6.509214790007872287e-02 7.164725917716385350e-04 -9.978790022593873044e-01
-6.495521984573209007e-02 7.647095904036053720e-04 -9.978878889111028050e-01
-6.480941488907850101e-02 8.127686289131075270e-04 -9.978973310668416419e-01
-6.465476623688785895e-02 8.606432781194289826e-04 -9.979073226995823775e-01
-6.449130826514501424e-02 9.083271432670555600e-04 -9.979178574920437583e-01
-6.431907651305104889e-02 9.558138648268336458e-04 -9.979289288410460035e-01
-6.413810767689298586e-02 1.003097119292361032e-03 -9.979405298620172005e-01
-6.394843960378226999e-02 1.050170619971551537e-03 -9.979526533936424748e-01
-6.375011128526214543e-02 1.097028117773315948e-03 -9.979652920026532703e-01
-6.354316285078433213e-02 1.143663401989299762e-03 -9.979784379887532975e-01
-6.332763556105514002e-02 1.190070301070615807e-03 -9.979920833896780419e-01
-6.310357180125122922e-02 1.236242683399511487e-03 -9.980062199863850569e-01
-6.287101507410537693e-02 1.282174458055905996e-03 -9.980208393083719320e-01
-6.263000999286234827e-02 1.327859575578732272e-03 -9.980359326391179398e-01
-6.238060227410521102e-02 1.373292028722019253e-03 -9.980514910216469193e-01
-6.212283873045226085e-02 1.418465853205645721e-03 -9.980675052642075107e-01
-6.185676726312486912e-02 1.463375128460697857e-03 -9.980839659460677415e-01
-6.158243685438642007e-02 1.508013978369358290e-03 -9.981008634234197485e-01
-6.129989755985267019e-02 1.552376571999257481e-03 -9.981181878353920789e-01
-6.100920050067375200e-02 1.596457124332212839e-03 -9.981359291101654652e-01
-6.071039785558806495e-02 1.640249896987280550e-03 -9.981540769711878536e-01
-6.040354285284840058e-02 1.683749198938045734e-03 -9.981726209434866881e-01
-6.008868976202052375e-02 1.726949387224072227e-03 -9.981915503600731210e-01
-5.976589388565455713e-02 1.769844867656433047e-03 -9.982108543684347080e-01
-5.943521155082946705e-02 1.812430095517242193e-03 -9.982305219371140348e-01
-5.909670010057098410e-02 1.854699576253105147e-03 -9.982505418623673910e-01
-5.875041788514329816e-02 1.896647866162405258e-03 -9.982709027749016029e-01
-5.839642425321490277e-02 1.938269573076341649e-03 -9.982915931466838089e-01
-5.803477954289896351e-02 1.979559357033633220e-03 -9.983126012978209562e-01
-5.766554507266861973e-02 2.020511930948799394e-03 -9.983339154035043572e-01
-5.728878313214760820e-02 2.061122061273932410e-03 -9.983555235010164175e-01
-5.690455697277672226e-02 2.101384568653869196e-03 -9.983774134967942082e-01
-5.651293079835649491e-02 2.141294328574669826e-03 -9.983995731735469947e-01
-5.611396975546664723e-02 2.180846272005316448e-03 -9.984219901974228373e-01
-5.570773992376282235e-02 2.220035386032532740e-03 -9.984446521252210438e-01
-5.529430830615108400e-02 2.258856714488631512e-03 -9.984675464116450350e-01
-5.487374281884085242e-02 2.297305358572297208e-03 -9.984906604165931787e-01
-5.444611228127679836e-02 2.335376477462201839e-03 -9.985139814124821545e-01
-5.401148640595032635e-02 2.373065288923361087e-03 -9.985374965915994050e-01
-5.356993578809137596e-02 2.410367069906129561e-03 -9.985611930734804575e-01
-5.312153189524115859e-02 2.447277157137734121e-03 -9.985850579123063397e-01
-5.266634705670657224e-02 2.483790947706249023e-03 -9.986090781043182041e-01
-5.220445445289709913e-02 2.519903899636907058e-03 -9.986332405952438318e-01
-5.173592810454490099e-02 2.555611532460648223e-03 -9.986575322877323524e-01
-5.126084286180900701e-02 2.590909427774801006e-03 -9.986819400487930709e-01
-5.077927439326442027e-02 2.625793229795794770e-03 -9.987064507172342953e-01
-5.029129917477705852e-02 2.660258645903796574e-03 -9.987310511110977229e-01
-4.979699447826546610e-02 2.694301447179173539e-03 -9.987557280350846112e-01
-4.929643836035026844e-02 2.727917468930668877e-03 -9.987804682879696250e-01
-4.878970965089238221e-02 2.761102611215194430e-03 -9.988052586699978086e-01
-4.829097957368367472e-02 2.653335740586073958e-03 -9.988297879536413015e-01
-4.782623923047258502e-02 2.404834211051512863e-03 -9.988527778485368769e-01
-4.742143987708084818e-02 2.015835665243438136e-03 -9.988729386908706820e-01
-4.710248853998201535e-02 1.486598706468640532e-03 -9.988889576926857083e-01
-4.689524316919676389e-02 8.174035866605655794e-04 -9.988994805399448174e-01
-4.682550730625100605e-02 8.552927302223718373e-06 -9.989030863888135325e-01
-4.691902422679164464e-02 -9.396275032248107336e-04 -9.988982563166270978e-01
-4.720147049251557231e-02 -2.026787926160247832e-03 -9.988833352916655084e-01
-4.769844881647893053e-02 -3.252553566957637997e-03 -9.988564877342821502e-01
-4.843548010977740542e-02 -4.616523506246804007e-03 -9.988156467513047421e-01
-4.940981419644147055e-02 -5.837245824977901551e-03 -9.987615336228158336e-01
-5.059498458981930707e-02 -6.914761959758826404e-03 -9.986953178159727607e-01
-5.196453332453775109e-02 -7.849139815400509035e-03 -9.986180864123636036e-01
-5.349201840952375747e-02 -8.640473037285397936e-03 -9.985308960789184285e-01
-5.515102089451987682e-02 -9.288880348160383563e-03 -9.984348180177948784e-01
-5.691515159868693746e-02 -9.794504904986834487e-03 -9.983309758931313560e-01
-5.875805751165862761e-02 -1.015751363839980867e-02 -9.982205767417915432e-01
-6.065342784573415219e-02 -1.037809654432744928e-02 -9.981049348840069779e-01
-6.257499969278336460e-02 -1.045646590437150636e-02 -9.979854888582017081e-01
-6.449656322088531679e-02 -1.039285541862282683e-02 -9.978638114122210245e-01
-6.640602752326059399e-02 -1.032789275434676732e-02 -9.977392336562160846e-01
-6.830314201223107451e-02 -1.026158967873295157e-02 -9.976118407504270813e-01
-7.018765864661703768e-02 -1.019395813491220937e-02 -9.974817191447951092e-01
-7.205933196501551619e-02 -1.012501023893738403e-02 -9.973489565247939392e-01
-7.391791911804557191e-02 -1.005475827674219384e-02 -9.972136417567718514e-01
-7.576317989955837218e-02 -9.983214701080064465e-03 -9.970758648328409413e-01
-7.759487677681105311e-02 -9.910392128444831666e-03 -9.969357168153515358e-01
-7.941277491960435642e-02 -9.836303335975205356e-03 -9.967932897809882453e-01
-8.121664222838487213e-02 -9.760961258344882235e-03 -9.966486767645259537e-01
-8.300624936131367759e-02 -9.684378984640164972e-03 -9.965019717022822743e-01
-8.478136976030418992e-02 -9.606569755226938845e-03 -9.963532693753037739e-01
-8.654177967603274291e-02 -9.527546958608832522e-03 -9.962026653523233799e-01
-8.828725819192644042e-02 -9.447324128278384442e-03 -9.960502559325247196e-01
-9.001758724713379567e-02 -9.365914939562982461e-03 -9.958961380881511394e-01
-9.173255165848424875e-02 -9.283333206467356616e-03 -9.957404094069943756e-01
-9.343193914144372336e-02 -9.199592878514352770e-03 -9.955831680348004031e-01
-9.511554033007414699e-02 -9.114708037585690648e-03 -9.954245126176273217e-01
-9.678314879600555254e-02 -9.028692894764397611e-03 -9.952645422441905865e-01
-9.843456106643028170e-02 -8.941561787180559231e-03 -9.951033563882315525e-01
-1.000695766411295734e-01 -8.853329174861994735e-03 -9.949410548509433072e-01
-1.016879980085433621e-01 -8.764009637591449811e-03 -9.947777377034885404e-01
-1.032896306608950265e-01 -8.673617871771842000e-03 -9.946135052296432022e-01
-1.048742831083834259e-01 -8.582168687301076557e-03 -9.944484578685995890e-01
-1.064417668924552418e-01 -8.489677004457888213e-03 -9.942826961579621647e-01
-1.079918965981711693e-01 -8.396157850800150396e-03 -9.941163206769683125e-01
-1.095244898656803079e-01 -8.301626358077036222e-03 -9.939494319899663255e-01
-1.110393674008174625e-01 -8.206097759156380858e-03 -9.937821305901822777e-01
-1.125363529848388416e-01 -8.109587384968549792e-03 -9.936145168438069719e-01
-1.140152734833119325e-01 -8.012110661468061987e-03 -9.934466909344333851e-01
-1.154759588541760251e-01 -7.913683106614209997e-03 -9.932787528078742545e-01
-1.169182421549902207e-01 -7.814320327371816755e-03 -9.931108021173903344e-01
-1.183419595493861998e-01 -7.714038016733281745e-03 -9.929429381693570811e-01
-1.197469503127436136e-01 -7.612851950762966960e-03 -9.927752598693985187e-01
-1.211330568371059568e-01 -7.510777985664976453e-03 -9.926078656690159319e-01
-1.225001246353556589e-01 -7.407832054875298361e-03 -9.924408535127384745e-01
-1.238480023446670020e-01 -7.304030166179242660e-03 -9.922743207858223391e-01
-1.251765417292560467e-01 -7.199388398855066304e-03 -9.921083642625235788e-01
-1.264855976824469097e-01 -7.093922900844614951e-03 -9.919430800549707827e-01
-1.277750282280740168e-01 -6.987649885951768836e-03 -9.917785635626614749e-01
-1.290446945212401497e-01 -6.880585631069431780e-03 -9.916149094226062166e-01
-1.302944608484502831e-01 -6.772746473435745096e-03 -9.914522114601440617e-01
-1.315241946271414608e-01 -6.664148807920168213e-03 -9.912905626404516779e-01
-1.327337664046288612e-01 -6.554809084340010653e-03 -9.911300550207677862e-01
-1.339230498564887017e-01 -6.444743804807950491e-03 -9.909707797033547871e-01
-1.350919217843981890e-01 -6.333969521111031120e-03 -9.908128267892178931e-01
-1.362402621134532477e-01 -6.222502832121569113e-03 -9.906562853326019713e-01
-1.373679538889844842e-01 -6.110360381240370446e-03 -9.905012432962847502e-01
-1.384748832728920076e-01 -5.997558853872587276e-03 -9.903477875076860393e-01
-1.395609395395195074e-01 -5.884114974936511047e-03 -9.901960036158098388e-01
-1.406260150710881562e-01 -5.770045506405543055e-03 -9.900459760490377681e-01
-1.416700053527106262e-01 -5.655367244883543684e-03 -9.898977879737894670e-01
-1.426928089670056188e-01 -5.540097019213703448e-03 -9.897515212540670682e-01
-1.436943275883328930e-01 -5.424251688121041644e-03 -9.896072564118976178e-01
-1.446744659766688867e-01 -5.307848137888586393e-03 -9.894650725886899867e-01
-1.456331319711425543e-01 -5.190903280067256029e-03 -9.893250475075187067e-01
-1.465702364832513760e-01 -5.073434049219395850e-03 -9.891872574363492765e-01
-1.474856934897764982e-01 -4.955457400695905193e-03 -9.890517771522172596e-01
-1.483794200254164308e-01 -4.836990308446829055e-03 -9.889186799063736100e-01
-1.492513361751580114e-01 -4.718049762865256409e-03 -9.887880373904071041e-01
-1.501013650664033139e-01 -4.598652768664317041e-03 -9.886599197033560937e-01
-1.509156289011926722e-01 -4.339737679135814187e-03 -9.885371231572875894e-01
-1.516686891452095898e-01 -3.941579500197004218e-03 -9.884235311413296365e-01
-1.523351693066703760e-01 -3.404466660191046452e-03 -9.883230291909554932e-01
-1.528897542829544542e-01 -2.728698748007273630e-03 -9.882394858884838706e-01
-1.533071883007216529e-01 -1.914584283417973109e-03 -9.881767274197862383e-01
-1.535622714854192050e-01 -9.624385468941658349e-04 -9.881385058389509091e-01
-1.536298551218842900e-01 1.274184978122919502e-04 -9.881284610896746701e-01
-1.534848356988903206e-01 1.354664149140060326e-03 -9.881500768276104685e-01
-1.531021478668861679e-01 2.718974736308391732e-03 -9.882066300819828397e-01
-1.524567564797634223e-01 4.220027160479685423e-03 -9.883011347877657116e-01
-1.515512450833496894e-01 5.579404085152213887e-03 -9.884336571651072267e-01
-1.504113835752849682e-01 6.797140882516138419e-03 -9.886001309042788954e-01
-1.490629270104417980e-01 7.873272397955806065e-03 -9.887963691446010062e-01
-1.475316243433761054e-01 8.807835172120843589e-03 -9.890181222414012874e-01
-1.458432256513451930e-01 9.600869788096164439e-03 -9.892611288720050133e-01
-1.440234877523079160e-01 1.025242328984976754e-02 -9.895211604915240544e-01
-1.420981781763645813e-01 1.076255162463005642e-02 -9.897940591411407141e-01
-1.400930774871725903e-01 1.113132206855905679e-02 -9.900757686055112750e-01
-1.380339799819827462e-01 1.135881560131888658e-02 -9.903623589119614490e-01
-1.359466928250577800e-01 1.144512920254789692e-02 -9.906500441623501407e-01
-1.338431679217273462e-01 1.152976790790706009e-02 -9.909354545702093731e-01
-1.317237089912527970e-01 1.161272092962178579e-02 -9.912184489172901625e-01
-1.295886223816724858e-01 1.169397771251593290e-02 -9.914988875971951776e-01
-1.274382170294893757e-01 1.177352793714036075e-02 -9.917766326912764718e-01
-1.252728044179532985e-01 1.185136152287315225e-02 -9.920515480435955213e-01
-1.230926985339422242e-01 1.192746863098858787e-02 -9.923234993348966082e-01
-1.208982158234486182e-01 1.200183966769195927e-02 -9.925923541555451424e-01
-1.186896751456784777e-01 1.207446528711729646e-02 -9.928579820773830722e-01
-1.164673977257723175e-01 1.214533639428511114e-02 -9.931202547244531997e-01
-1.142317071061589862e-01 1.221444414801725782e-02 -9.933790458425461045e-01
-1.119829290965547175e-01 1.228177996380604500e-02 -9.936342313675219362e-01
-1.097213917226215196e-01 1.234733551663472206e-02 -9.938856894923612240e-01
-1.074474251733005259e-01 1.241110274374653683e-02 -9.941333007328997384e-01
-1.051613617468375728e-01 1.247307384735953963e-02 -9.943769479922015542e-01
-1.028635357955196561e-01 1.253324129732436530e-02 -9.946165166235264588e-01
-1.005542836691428604e-01 1.259159783372226782e-02 -9.948518944918487428e-01
-9.823394365723332744e-02 1.264813646940070313e-02 -9.950829720338834061e-01
-9.590285593004486964e-02 1.270285049244380092e-02 -9.953096423165794793e-01
-9.356136247835794562e-02 1.275573346857513009e-02 -9.955318010940381601e-01
-9.120980705210644801e-02 1.280677924349019232e-02 -9.957493468628172417e-01
-8.884853509785994863e-02 1.285598194511614230e-02 -9.959621809155815297e-01
-8.647789369519065517e-02 1.290333598579629197e-02 -9.961702073930619461e-01
-8.409823149195554126e-02 1.294883606439701032e-02 -9.963733333342870147e-01
-8.170989863852566593e-02 1.299247716833469395e-02 -9.965714687250499804e-01
-7.931324672099566986e-02 1.303425457552056382e-02 -9.967645265445782554e-01
-7.690862869340814312e-02 1.307416385622109031e-02 -9.969524228103709973e-01
-7.449639880902832190e-02 1.311220087483194914e-02 -9.971350766211739547e-01
-7.207691255070614034e-02 1.314836179156347179e-02 -9.973124101980598288e-01
-6.965052656036362089e-02 1.318264306403561965e-02 -9.974843489235856175e-01
-6.721759856764658592e-02 1.321504144878063447e-02 -9.976508213789994084e-01
-6.477848731778108882e-02 1.324555400265156092e-02 -9.978117593794691986e-01
-6.233355249867545550e-02 1.327417808413493792e-02 -9.979670980073098718e-01
-5.988315466731026354e-02 1.330091135456605914e-02 -9.981167756431846838e-01
-5.742765517545913440e-02 1.332575177924527621e-02 -9.982607339952586090e-01
-5.496741609478424107e-02 1.334869762845392049e-02 -9.983989181262844514e-01
-5.250280014135116913e-02 1.336974747836851100e-02 -9.985312764786026252e-01
-5.003417059960848373e-02 1.338890021187202385e-02 -9.986577608970370612e-01
-4.756189124587808376e-02 1.340615501926108871e-02 -9.987783266496724766e-01
-4.508632627140300025e-02 1.342151139884807838e-02 -9.988929324464991266e-01
-4.260784020499987224e-02 1.343496915745717203e-02 -9.990015404559131618e-01
-4.012679783536378386e-02 1.344652841081355604e-02 -9.991041163190615970e-01
-3.764356413307370919e-02 1.345618958382505635e-02 -9.992006291620246783e-01
-3.515850417234702568e-02 1.346395341075558826e-02 -9.992910516058274295e-01
-3.267198305259198798e-02 1.346982093528990496e-02 -9.993753597742758288e-01
-3.018436581980728228e-02 1.347379351048926324e-02 -9.994535332996152821e-01
-2.769601738787789980e-02 1.347587279863771137e-02 -9.995255553260077308e-01
-2.520730245981679662e-02 1.347606077097880488e-02 -9.995914125108300574e-01
-2.271858544900180743e-02 1.347435970734269829e-02 -9.996510950237937898e-01
-2.023023040045725945e-02 1.347077219566363351e-02 -9.997045965438913218e-01
-1.774260091222974733e-02 1.346530113138796544e-02 -9.997519142541734238e-01
-1.525606005690731404e-02 1.345794971677298849e-02 -9.997930488343653721e-01
-1.277097030333114100e-02 1.344872146007691435e-02 -9.998280044513315756e-01
-1.028769343854859901e-02 1.343762017464046957e-02 -9.998567887473981397e-01
-7.806590490056160118e-03 1.342464997786067815e-02 -9.998794128265475756e-01
-5.328021648380337760e-03 1.340981529005751474e-02 -9.998958912384986464e-01
-2.852346190044353913e-03 1.339312083323420006e-02 -9.999062419606880026e-01
-3.799224009677542105e-04 1.337457162973202870e-02 -9.999104863781707042e-01
2.088892499654372743e-03 1.335417300078070926e-02 -9.999086492614597255e-01
4.553742434946527091e-03 1.333193056494529419e-02 -9.999007587423249799e-01
7.014272545376899239e-03 1.330785023647089449e-02 -9.998868462875739604e-01
