0.000000000000000000e+00 0.000000000000000000e+00 1.000000000000000000e+00
1.558156659559968078e-05 -1.743497603604037027e-05 9.999999997269690688e-01
7.714865789720625052e-05 -5.194661681586488469e-05 9.999999956766646436e-01
2.144325162925990013e-04 -1.031304067439496889e-04 9.999999716968193120e-01
4.564120683137075623e-04 -1.705376743404004788e-04 9.999998813145258847e-01
8.312379960877964167e-04 -2.536777369606208962e-04 9.999996223683610408e-01
1.366160607355136180e-03 -3.520201308018735989e-04 9.999990048821875144e-01
2.087461591229728460e-03 -4.649969146472847955e-04 9.999977132003711189e-01
3.020389704375411356e-03 -5.920050356012409708e-04 9.999952634694611042e-01
4.189100389479002290e-03 -7.324087452240217455e-04 9.999909575991230426e-01
5.616599287199899176e-03 -8.855420549726179423e-04 9.999838348654507270e-01
7.324689566403604253e-03 -1.050711220677773327e-03 9.999726223331310004e-01
9.333922967467638693e-03 -1.227197246898600489e-03 9.999556852699110765e-01
1.166355443151114758e-02 -1.414258403347177324e-03 9.999309787081974710e-01
1.433150017591782940e-02 -1.611132747107300433e-03 9.998960012752903248e-01
1.735429907446658579e-02 -1.817040646016894944e-03 9.998477523666903233e-01
2.074707720929098997e-02 -2.031187300269759848e-03 9.997826936770990436e-01
2.452351548183862723e-02 -2.252765260943779060e-03 9.996967160321541535e-01
2.869582020061720029e-02 -2.480956945703705323e-03 9.995851123815542305e-01
3.327469660396950579e-02 -2.714937153283815494e-03 9.994425577219492318e-01
3.826932532515855967e-02 -2.953875579460831652e-03 9.992630966166580198e-01
4.368734186301780065e-02 -3.196939338019562631e-03 9.990401388697569551e-01
4.953481918232915254e-02 -3.443295490641365506e-03 9.987664637951577662e-01
5.581625363163767589e-02 -3.692113589668927741e-03 9.984342333977798134e-01
6.253455442986753654e-02 -3.942568237293371178e-03 9.980350146546790313e-01
6.969103703418344509e-02 -4.193841663859309773e-03 9.975598109499743682e-01
7.728542075727867777e-02 -4.445126326693847954e-03 9.969991025796998141e-01
8.531583104990814181e-02 -4.695627529156511104e-03 9.963428961025586617e-01
9.377880690136726483e-02 -4.944566057515165439e-03 9.955807821714444117e-01
1.026693138342837236e-01 -5.191180830830639630e-03 9.947020013402169125e-01
1.119807629783737130e-01 -5.434731556347961560e-03 9.936955172025407901e-01
1.217050366989367166e-01 -5.674501380026659644e-03 9.925500960868027800e-01
1.318325212285200165e-01 -5.909799518890318168e-03 9.912543924056358424e-01
1.423521467036270027e-01 -6.139963858939548845e-03 9.897970386429936207e-01
1.532514349424460576e-01 -6.364363499562265304e-03 9.881667388587337397e-01
1.645165552148783739e-01 -6.582401222802482070e-03 9.863523645030238818e-01
1.761323881538821579e-01 -6.793515863624465315e-03 9.843430512632465046e-01
1.880825978392534348e-01 -6.997184555537823251e-03 9.821282956169198330e-01
2.003497119540280369e-01 -7.192924824725909806e-03 9.796980497376727159e-01
2.129152097729177240e-01 -7.380296505225376023e-03 9.770428133992550279e-01
2.257596175953080486e-01 -7.558903447801169906e-03 9.741537215461723020e-01
2.388626110864752738e-01 -7.728394995989673957e-03 9.710226262493947269e-01
2.522031238442147827e-01 -7.888467204359438795e-03 9.676421718415848527e-01
2.657594613685108631e-01 -8.038863776354855661e-03 9.640058621275345851e-01
2.795094194836452717e-01 -8.179376702107091571e-03 9.601081186903287490e-01
2.934304061494288907e-01 -8.309846580256687390e-03 9.559443294597195218e-01
3.074995655048137211e-01 -8.430162612047124512e-03 9.515108868731433356e-01
3.216939029162062536e-01 -8.540262260610621478e-03 9.468052151379546810e-01
3.359904097568445214e-01 -8.640130573351169699e-03 9.418257862914887202e-01
3.503661866243003020e-01 -8.729799170497473670e-03 9.365721249488399014e-01
3.647985637113164703e-01 -8.809344908104737443e-03 9.310448018219077415e-01
3.792652170806661838e-01 -8.878888228882475184e-03 9.252454162824439443e-01
3.937442796565034930e-01 -8.938591219073126898e-03 9.191765684218526911e-01
4.082144458308850643e-01 -8.988655394070822757e-03 9.128418212269768794e-01
4.226550686921455857e-01 -9.029319239433262340e-03 9.062456536402131446e-01
4.370462490083234508e-01 -9.060855537303746238e-03 8.993934054007917123e-01
4.513689152400849336e-01 -9.083568510948620417e-03 8.922912146694547131e-01
4.656048940094771327e-01 -9.097790822075641631e-03 8.849459495193653380e-01
4.797369706090763852e-01 -9.103880456804640947e-03 8.773651344310049449e-01
4.937489392964262702e-01 -9.102217536611553056e-03 8.695568729580173128e-01
5.076256432769641336e-01 -9.093201090282922172e-03 8.615297677351482220e-01
5.213530044311179834e-01 -9.077245821943837056e-03 8.532928389800276125e-01
5.349180429845235007e-01 -9.054778908620331190e-03 8.448554425995653538e-01
5.483088874514964184e-01 -9.026236858644518316e-03 8.362271889516912360e-01
5.615147752986859864e-01 -8.992062459595200757e-03 8.274178632369257880e-01
5.745260448765415751e-01 -8.952701841483310524e-03 8.184373484049271008e-01
5.873341192497477659e-01 -8.908601677638192454e-03 8.092955513619123353e-01
5.999314826236303855e-01 -8.860206542324578285e-03 8.000023331588947961e-01
6.123116501117475963e-01 -8.807956440614425619e-03 7.905674437310721281e-01
6.244691316209947107e-01 -8.752284522539042350e-03 7.810004616483045004e-01
6.363993906455118754e-01 -8.693614990132745440e-03 7.713107392280148522e-01
6.480987987607855771e-01 -8.632361202717047863e-03 7.615073532572679271e-01
6.595645865961142773e-01 -8.568923982719713756e-03 7.515990614721278495e-01
6.707947920387884455e-01 -8.503690121520182318e-03 7.415942648511582025e-01
6.817882063887289457e-01 -8.437031082294106643e-03 7.315009756972401522e-01
6.925443191397869791e-01 -8.369301894616312451e-03 7.213267914085140786e-01
7.030632620152414969e-01 -8.300840233684136579e-03 7.110788737756229549e-01
7.133457528319804286e-01 -8.231965675443472796e-03 7.007639335886834964e-01
7.233930397120226230e-01 -8.162979117631433135e-03 6.903882202933958601e-01
7.332068461028994344e-01 -8.094162355779329840e-03 6.799575164010704942e-01
7.427893170112520593e-01 -8.025777802529146868e-03 6.694771363315655810e-01
7.521429667979285805e-01 -7.958068338183597878e-03 6.589519293505238240e-01
7.612706288288024759e-01 -7.891257280208934660e-03 6.483862862521042603e-01
7.701754072242306126e-01 -7.825548459414289476e-03 6.377841494348007734e-01
7.788606309020900120e-01 -7.761126390714015964e-03 6.271490260200650591e-01
7.873298100650898412e-01 -7.698156526713110896e-03 6.164840036704590798e-01
7.955865952428166077e-01 -7.636785582814015899e-03 6.057917687751078750e-01
8.036347389628690774e-01 -7.577141923101103280e-03 5.950746266845224897e-01
8.114780600935049826e-01 -7.519335996893882802e-03 5.843345236936616782e-01
8.191204108723869615e-01 -7.463460816550524998e-03 5.735730704907285871e-01
8.265656466121430457e-01 -7.409592467831002671e-03 5.627915668090345269e-01
8.338175980533408804e-01 -7.357790644877739220e-03 5.519910270397685448e-01
8.408800463188771390e-01 -7.308099202627091513e-03 5.411722065842157203e-01
8.477567004104219484e-01 -7.260546720215550927e-03 5.303356287444662698e-01
8.544511771771433617e-01 -7.215147069680663029e-03 5.194816119716202385e-01
8.609669836791525865e-01 -7.171899984970641316e-03 5.086102973096385815e-01
8.673075018626605903e-01 -7.130791626962689270e-03 4.977216758911114369e-01
8.734759754604055626e-01 -7.091795140843891801e-03 4.868156163581355833e-01
8.794754990292110719e-01 -7.054871202827299979e-03 4.758918920971041411e-01
8.853090090362810693e-01 -7.019968553757907279e-03 4.649502081904227091e-01
8.909792769067673701e-01 -6.987024517707903989e-03 4.539902280009418534e-01
8.964889039470088639e-01 -6.955965504168050775e-03 4.430115993162127563e-01
9.018403180604104286e-01 -6.926707492913079973e-03 4.320139799895449384e-01
9.070357721759956249e-01 -6.899156501054931959e-03 4.209970630232986455e-01
9.120773443130364422e-01 -6.873209032200087998e-03 4.099606010469264428e-01
9.169669392086672310e-01 -6.848752507998023473e-03 3.989044301480501042e-01
9.217062914388700623e-01 -6.825665682708943922e-03 3.878284930193882096e-01
9.262969699665407619e-01 -6.803819041732322472e-03 3.767328613877167776e-01
9.307403840533813311e-01 -6.783075185325336195e-03 3.656177576933363205e-01
9.350377904750118985e-01 -6.763289199003739288e-03 3.544835759898222194e-01
9.391903019808588438e-01 -6.744309012358593730e-03 3.433309020342485418e-01
9.431988969419682345e-01 -6.725975748241816952e-03 3.321605325376954521e-01
9.470644301308543955e-01 -6.708124064472719035e-03 3.209734935447762783e-01
9.507876445777577734e-01 -6.690582490397134832e-03 3.097710579092587402e-01
9.543691844472071972e-01 -6.673173760790776857e-03 2.985547618307065054e-01
9.578096088775278627e-01 -6.655715149738855411e-03 2.873264204145427603e-01
9.611094067238787897e-01 -6.638018807244464720e-03 2.760881422151429954e-01
9.642690121425265826e-01 -6.619892101417817337e-03 2.648423427186117896e-01
9.672888209503727186e-01 -6.601137969176006787e-03 2.535917567188982757e-01
9.701692076892457495e-01 -6.581555278437030594e-03 2.423394495379718183e-01
9.729105433191861385e-01 -6.560939204820555488e-03 2.310888270380266063e-01
9.755116566571440107e-01 -6.531219453808800000e-03 2.198507859590113633e-01
9.779704891248454102e-01 -6.493112438475964407e-03 2.086422274105998453e-01
9.802859367267935387e-01 -6.447318368221373157e-03 1.974789393477761335e-01
9.824577681797348472e-01 -6.394519391010614930e-03 1.863755911767160933e-01
9.844865430529351480e-01 -6.335378041377276621e-03 1.753457345700515924e-01
9.863735308201372343e-01 -6.270535975865141123e-03 1.644018100703547869e-01
9.881206316023750658e-01 -6.200612976257851780e-03 1.535551590155326829e-01
9.897302992622770690e-01 -6.126206200104040468e-03 1.428160402886184677e-01
9.912054673969372676e-01 -6.047889657648175370e-03 1.321936513759883192e-01
9.925494786693264126e-01 -5.966213894265278740e-03 1.216961532109574057e-01
9.937660178186442650e-01 -5.881705857814875649e-03 1.113306982825591901e-01
9.948590485987148790e-01 -5.794868930920579232e-03 1.011034615006014131e-01
9.958327548109483507e-01 -5.706183108993547783e-03 9.101967332635652053e-02
9.966914855247066551e-01 -5.616105305801044785e-03 8.108365470208059311e-02
9.974397045130757311e-01 -5.525069769490077200e-03 7.129885334065536040e-02
9.980819438758322670e-01 -5.433488593169891884e-03 6.166788096781831291e-02
9.986227617734256823e-01 -5.341752305400197277e-03 5.219255114262023876e-02
9.990667041555959527e-01 -5.250230527193646204e-03 4.287391731599750344e-02
9.994182703352516572e-01 -5.159272683395455146e-03 3.371231082187080980e-02
9.996818822318336295e-01 -5.069208757528858612e-03 2.470737852932017656e-02
9.998618570879502787e-01 -4.980350080375467274e-03 1.585811991759710979e-02
9.999623834479474116e-01 -4.892990143681554341e-03 7.162923367595743634e-03
9.999875001766383997e-01 -4.807405431435281436e-03 -1.380398506404732079e-03
9.999410782900552963e-01 -4.723856262139493507e-03 -9.774574632620417272e-03
9.998268053672105804e-01 -4.642587636406070306e-03 -1.802284248690923935e-02
9.996481723119389207e-01 -4.563830085019282903e-03 -2.612891642469605466e-02
9.994084622364214354e-01 -4.487800513357295164e-03 -3.409695741519576384e-02
9.991107412425195289e-01 -4.414703038724450586e-03 -4.193154423357010885e-02
9.987578508831618240e-01 -4.344729817734920008e-03 -4.963764614881167186e-02
9.983524020933569609e-01 -4.278061861404201111e-03 -5.722059712925055969e-02
9.978967703886389984e-01 -4.214869836052813346e-03 -6.468607157350589332e-02
9.973930921375934178e-01 -4.155314848510762750e-03 -7.204006156231891611e-02
9.968432617243351279e-01 -4.099549214436472126e-03 -7.928885561586043740e-02
9.962489294261915873e-01 -4.047717208834422133e-03 -8.643901893164958328e-02
9.956114998412229911e-01 -3.999955798076194891e-03 -9.349737506999568348e-02
9.949321307094319833e-01 -3.956395352904140510e-03 -1.004709890467257033e-01
9.942117319804690823e-01 -3.917160342029461437e-03 -1.073671517867302444e-01
9.934509649892253602e-01 -3.882370006030736245e-03 -1.141933658864013462e-01
9.926502416088522907e-01 -3.852139011317951868e-03 -1.209573326281989381e-01
9.918097232584054401e-01 -3.826578083953845362e-03 -1.276669401862281783e-01
9.909293196494391998e-01 -3.805794623121109329e-03 -1.343302529577017901e-01
9.900086871624594886e-01 -3.789893293992740650e-03 -1.409555019513696605e-01
9.890472267501666526e-01 -3.778976599705039831e-03 -1.475510761602967791e-01
9.880440812698986219e-01 -3.773145432049538391e-03 -1.541255148426401989e-01
9.869981321526262175e-01 -3.772499600392140422e-03 -1.606875006302002917e-01
9.859079953202938285e-01 -3.777138338195222024e-03 -1.672458533803871938e-01
9.847720162672797262e-01 -3.787160786361226487e-03 -1.738095246827426332e-01
9.835882642253149788e-01 -3.802666452433850052e-03 -1.803875929261804234e-01
9.823545253344238004e-01 -3.823755644484405376e-03 -1.869892588275522405e-01
9.810682947453930325e-01 -3.850529878275108561e-03 -1.936238413159038774e-01
9.797267675820473531e-01 -3.883092256026350608e-03 -2.003007736597562927e-01
9.783268286942902181e-01 -3.921547814819694409e-03 -2.070295997168244972e-01
9.768650411355976892e-01 -3.966003842340282658e-03 -2.138199701766713423e-01
9.753376333015595367e-01 -4.016570157299345981e-03 -2.206816386567831412e-01
9.737404846693026306e-01 -4.073359351477117730e-03 -2.276244575013489646e-01
9.720691100814002894e-01 -4.136486989886216381e-03 -2.346583731195294731e-01
9.703186425223621070e-01 -4.206071765072928216e-03 -2.417934206861229174e-01
9.684838143412661804e-01 -4.282235601046436267e-03 -2.490397180121886322e-01
9.665589368807981918e-01 -4.365103701751592118e-03 -2.564074583763008564e-01
9.645378784812209672e-01 -4.454804538377587879e-03 -2.639069020886134487e-01
9.624140408379575629e-01 -4.551469769121383596e-03 -2.715483665397828150e-01
9.601803337039320763e-01 -4.655234084300516502e-03 -2.793422144650040129e-01
9.578291479430205424e-01 -4.766234968935348891e-03 -2.872988401299865213e-01
9.553523269594232925e-01 -4.884612374097649541e-03 -2.954286531206934963e-01
9.527411365500330076e-01 -5.010508287454216135e-03 -3.037420593922143808e-01
9.499862332535609077e-01 -5.144066192526622339e-03 -3.122494392044233291e-01
9.470776313019757531e-01 -5.285430405249537736e-03 -3.209611215433778586e-01
9.440046683174400100e-01 -5.434745275452089464e-03 -3.298873545981140798e-01
9.407559699421933486e-01 -5.592154239925220538e-03 -3.390382718331164114e-01
9.373194136405789134e-01 -5.757798712793514920e-03 -3.484238531679497708e-01
9.336820919725106194e-01 -5.931816798009019454e-03 -3.580538807481984942e-01
9.298302757070509017e-01 -6.114341807960371918e-03 -3.679378887670332055e-01
9.257493772242969543e-01 -6.305500571484346298e-03 -3.780851067757522443e-01
9.214239147443303857e-01 -6.505411514029017274e-03 -3.885043959061370566e-01
9.168374780243432332e-01 -6.714182492408900076e-03 -3.992041774193698100e-01
9.119726962798549996e-01 -6.931908366584952144e-03 -4.101923529979043526e-01
9.068112092136054736e-01 -7.158668291281252566e-03 -4.214762162107784094e-01
9.013336421763681328e-01 -7.394522711114298250e-03 -4.330623546125653145e-01
8.955195866372834823e-01 -7.639510044373323989e-03 -4.449565419850960990e-01
8.893475873065209703e-01 -7.893643042778505231e-03 -4.571636203033115353e-01
8.827951374285946118e-01 -8.156904817600209301e-03 -4.696873711066463231e-01
8.758386839480553077e-01 -8.429244526600989176e-03 -4.825303760901177852e-01
8.684536444370569708e-01 -8.710572721527327228e-03 -4.956938669000182096e-01
8.606144378616399360e-01 -9.000756362500313135e-03 -5.091775643331988288e-01
8.522945314441754405e-01 -9.299613513803439008e-03 -5.229795074017656864e-01
8.434665060452024576e-01 -9.606907745402128510e-03 -5.370958730416716120e-01
8.341021426288518503e-01 -9.922342276193922561e-03 -5.515207876186108971e-01
8.241725324800734942e-01 -1.024555390858583256e-02 -5.662461318211094996e-01
8.136482138946304898e-01 -1.057610681957894469e-02 -5.812613410303698602e-01
8.024993380477899452e-01 -1.091348629108850228e-02 -5.965532038185229480e-01
7.906958666462816643e-01 -1.125709248162028164e-02 -6.121056618475527733e-01
7.782078037602101483e-01 -1.160623436241523150e-02 -6.278996151123739100e-01
7.650054638959497000e-01 -1.196012396336354998e-02 -6.439127371805154487e-01
7.510597778862518892e-01 -1.231787109679311626e-02 -6.601193058089134258e-01
7.363426375196369111e-01 -1.267847874986332765e-02 -6.764900550401248269e-01
7.208272789901986055e-01 -1.304083935772338068e-02 -6.929920555632612666e-01
7.044887042086688256e-01 -1.340373218856583983e-02 -7.095886307289581696e-01
6.873041377706186061e-01 -1.376582208673217053e-02 -7.262393160852418372e-01
6.692535159325959659e-01 -1.412565982941138727e-02 -7.428998705981932904e-01
6.503200023190669476e-01 -1.448168435436732529e-02 -7.595223477789345701e-01
6.305090208337466029e-01 -1.480544034632906569e-02 -7.760407178487757074e-01
6.098508149131204314e-01 -1.509450961209701965e-02 -7.923724896173289789e-01
5.883844008673819737e-01 -1.534646038961209880e-02 -8.084357158789226006e-01
5.661578921013001864e-01 -1.555888444171154954e-02 -8.241499783241938992e-01
5.432286714359632063e-01 -1.572943632476152959e-02 -8.394374428288355894e-01
5.196633937644060675e-01 -1.585587403865882511e-02 -8.542239600892842510e-01
4.955378056184137625e-01 -1.593610012321966876e-02 -8.684401820509795034e-01
4.709363737537479166e-01 -1.596820215384699496e-02 -8.820226609487777925e-01
4.459517213764599419e-01 -1.595049151727689213e-02 -8.949148953863459433e-01
4.206838778324100692e-01 -1.588153932522089196e-02 -9.070682870080259974e-01
3.952393550766911123e-01 -1.576020835624673475e-02 -9.184429721670832603e-01
3.697300715780728053e-01 -1.558568000710498259e-02 -9.290084956625040968e-01
3.442721510170772548e-01 -1.535747538253222355e-02 -9.387442980665305914e-01
3.189846287401660874e-01 -1.507546985150866846e-02 -9.476399942229082329e-01
2.939881030296118136e-01 -1.473990063794088784e-02 -9.556954278559820493e-01
2.694033705295826309e-01 -1.435136728113862829e-02 -9.629204954776472425e-01
2.453500854539313880e-01 -1.391082508014840000e-02 -9.693347414209070312e-01
2.219454804586792063e-01 -1.341957190880409614e-02 -9.749667343406406284e-01
1.993031834126312019e-01 -1.287922903850179102e-02 -9.798532433937394703e-01
1.775321590028164365e-01 -1.229171681834881173e-02 -9.840382390915760613e-01
1.567054796332771061e-01 -1.169360392206977330e-02 -9.875761539674401401e-01
1.368603641566483731e-01 -1.108683790089994015e-02 -9.905283076712730894e-01
1.180276271000850474e-01 -1.047341500396929866e-02 -9.929550797725725797e-01
1.002318076831923421e-01 -9.855359605437239573e-03 -9.949153021557509691e-01
8.349136125836116584e-02 -9.234705279514638168e-03 -9.964657109183658878e-01
6.781890169586923811e-02 -8.613477703326436613e-03 -9.976604649531665148e-01
5.322148315541843505e-02 -7.993679489401052732e-03 -9.985507359522182158e-01
3.970091006114020299e-02 -7.377276977863245558e-03 -9.991843722931997851e-01
2.725406484766954712e-02 -6.766188955381341116e-03 -9.996056372218190544e-01
1.587324408366751552e-02 -6.162277215033819602e-03 -9.998550199736730981e-01
5.546494819100987461e-03 -5.567338829250309713e-03 -9.999691170050912792e-01
-3.742055638594421474e-03 -4.983099976953799491e-03 -9.999805793276934640e-01
-1.201188191056156221e-02 -4.411211145571728234e-03 -9.999181210523124808e-01
-1.928575870047007784e-02 -3.853243517883304069e-03 -9.998065836199260259e-01
-2.558947760670622629e-02 -3.310686351639327216e-03 -9.996670497982731440e-01
-3.095158407770497860e-02 -2.784945165267739640e-03 -9.995170013169849543e-01
-3.540313492841214854e-02 -2.277340554422360545e-03 -9.993705139646724689e-01
-3.897747592590000698e-02 -1.789107480297476120e-03 -9.992384840434410664e-01
-4.171003820869541301e-02 -1.321394890221249622e-03 -9.991288802381358414e-01
-4.363815172952094368e-02 -8.752655528499325710e-04 -9.990470151822239409e-01
-4.480087350095741244e-02 -4.516960132206492050e-04 -9.989958312677377217e-01
-4.523882816931436984e-02 -5.157659601915705197e-05 -9.989761955365966672e-01
-4.499405833142115785e-02 3.242885921503357600e-04 -9.989871987934224595e-01
-4.410988202713245210e-02 6.751816896415577945e-04 -9.990264543887388271e-01
-4.263075497020462484e-02 1.000471144807592088e-03 -9.990903924330902797e-01
-4.060213530373365381e-02 1.299611811477730926e-03 -9.991745455169874779e-01
-3.807034896473916741e-02 1.572145053101139641e-03 -9.992738223306409928e-01
-3.508245409667157949e-02 1.817698822675862516e-03 -9.993827659043359457e-01
-3.168610333970507675e-02 2.035987677505925447e-03 -9.994957935285562201e-01
-2.792940323828949079e-02 2.226812682801025244e-03 -9.996074157657941495e-01
-2.386077041610528207e-02 2.390061156068511161e-03 -9.997124323356384457e-01
-1.952878456410573477e-02 2.525706204974258011e-03 -9.998061030421081519e-01
-1.498203865317490266e-02 2.633806014616232958e-03 -9.998842923165315311e-01
-1.026898710648317496e-02 2.714502845640955411e-03 -9.999435863680050662e-01
-5.437792937559227623e-03 2.768021711959723664e-03 -9.999813823623521225e-01
-5.361750706143241299e-04 2.794668715565426943e-03 -9.999959494837075136e-01
4.388742795355030264e-03 2.794829025660438594e-03 -9.999864621633446360e-01
9.290580340021451639e-03 2.768964499518013819e-03 -9.999530061802425207e-01
1.412384434434517909e-02 2.717610952755549879e-03 -9.998965587389004872e-01
1.884406658856196959e-02 2.641375096561900029e-03 -9.998189440038767195e-01
2.342350850091273751e-02 2.558362175230353454e-03 -9.997223566859975152e-01
2.785051271266807127e-02 2.468948536433689459e-03 -9.996090483719215491e-01
3.211411838279674968e-02 2.373523895733048710e-03 -9.994813885529509889e-01
3.620408300895925496e-02 2.272489757315174479e-03 -9.993418315922564243e-01
4.011090087339286986e-02 2.166257830554380905e-03 -9.991928838286286974e-01
4.382581818092030207e-02 2.055248451183587424e-03 -9.990370712251871455e-01
4.734084497254972129e-02 1.939889015248681637e-03 -9.988769079476760293e-01
5.064876392070502553e-02 1.820612433326202493e-03 -9.987148662290353807e-01
5.374313613080052704e-02 1.697855611727812786e-03 -9.985533478454968748e-01
5.661830408854464508e-02 1.572057966618392501e-03 -9.983946574952210495e-01
5.926939190302704663e-02 1.443659976159412332e-03 -9.982409783341288367e-01
6.169230300242563303e-02 1.313101774976072793e-03 -9.980943498857455243e-01
6.388371544227035292e-02 1.180821794454453696e-03 -9.979566485031935441e-01
6.584107498591090790e-02 1.047255451620560367e-03 -9.978295705225159740e-01
6.756258611351270704e-02 9.128338886513115468e-04 -9.977146182078258096e-01
6.904720110996229177e-02 7.779827644302887962e-04 -9.976130885508220913e-01
7.029460737394944980e-02 6.431210989978864648e-04 -9.975260649504219534e-01
7.130521308068175912e-02 5.086601712630490699e-04 -9.974544117629861040e-01
7.208013131965944342e-02 3.750024699460614884e-04 -9.973987716801741010e-01
7.262116281717187483e-02 2.425406974102397120e-04 -9.973595658601128733e-01
7.293077734113091737e-02 1.116568258137828516e-04 -9.973369967085042864e-01
7.301209387396292994e-02 -1.727879513183249349e-05 -9.973310531797033862e-01
7.286885962793553106e-02 -1.439082795790462663e-04 -9.973415184437961489e-01
7.250542796684644742e-02 -2.678869969183362968e-04 -9.973679797443895101e-01
7.192673528874979350e-02 -3.888843138290134886e-04 -9.974098402532632912e-01
7.113827691658226871e-02 -5.065842876136725974e-04 -9.974663327122704759e-01
7.014608203736441561e-02 -6.206863112697811767e-04 -9.975365346399285293e-01
6.895668772621474374e-02 -7.309057105685808726e-04 -9.976193848700272149e-01
6.757711208879443876e-02 -8.369742932094781677e-04 -9.977137011822785340e-01
6.601482655500492958e-02 -9.386408499084142884e-04 -9.978181987805244679e-01
6.427772735774316126e-02 -1.035671607071945608e-03 -9.979315093722607166e-01
6.237410623318193070e-02 -1.127850630514907115e-03 -9.980522006041750993e-01
6.031262038324001346e-02 -1.214980179507676354e-03 -9.981787956119673177e-01
5.810226174645413688e-02 -1.296881010297233280e-03 -9.983097924488263386e-01
5.575232563014250603e-02 -1.373392628141219783e-03 -9.984436831654885935e-01
5.327237876431179658e-02 -1.444373486831473236e-03 -9.985789723256579542e-01
5.067222684593983284e-02 -1.509701134667021686e-03 -9.987141947535947972e-01
4.796188165078805327e-02 -1.569272305868744423e-03 -9.988479323257075659e-01
4.515152779847921016e-02 -1.623002956509772771e-03 -9.989788296348185437e-01
4.225148926493978857e-02 -1.670828244166678266e-03 -9.991056083742135829e-01
3.927219574418663178e-02 -1.712702450674589635e-03 -9.992270803083976860e-01
3.622414896858515421e-02 -1.748598847591270686e-03 -9.993421587184085908e-01
3.311788910289822224e-02 -1.778509504236375476e-03 -9.994498682313255333e-01
2.996396133248575150e-02 -1.802445038467002112e-03 -9.995493529659746912e-01
2.677288276974509537e-02 -1.820434310672891824e-03 -9.996398829494795857e-01
2.355510980517803651e-02 -1.832524061817086044e-03 -9.997208587819514936e-01
2.032100603024833418e-02 -1.838778496703065727e-03 -9.997918145489580466e-01
1.708081085841147914e-02 -1.839278814009619005e-03 -9.998524190031667924e-01
1.384460896835317326e-02 -1.834122684992197608e-03 -9.999024750574563303e-01
1.062230068960206761e-02 -1.823423683096817623e-03 -9.999419176515523811e-01
7.423573445359181976e-03 -1.807310667062534022e-03 -9.999708100726450999e-01
4.257874360718645959e-03 -1.785927120394663510e-03 -9.999893388272544925e-01
1.134384136578669815e-03 -1.759430450367492193e-03 -9.999978071766439935e-01
-1.938007719380643867e-03 -1.727991249957290011e-03 -9.999966274611836736e-01
-4.950726223064336878e-03 -1.691792526310163325e-03 -9.999863123501037121e-01
-7.895532734546292092e-03 -1.651028899511726954e-03 -9.999674651619736565e-01
-1.076454520867150752e-02 -1.605905775544973213e-03 -9.999407694079365250e-01
-1.355025682667501154e-02 -1.556638497398326682e-03 -9.999069777142054471e-01
-1.624555297107726365e-02 -1.503451478318006563e-03 -9.998669002826078289e-01
-1.884372651725169795e-02 -1.446577321188758205e-03 -9.998213930480951417e-01
-2.133849142589124698e-02 -1.386255927976955127e-03 -9.997713456902036500e-01
-2.372399463096629829e-02 -1.322733603082977853e-03 -9.997176696515637229e-01
-2.599482622752559424e-02 -1.256262154329284555e-03 -9.996612863108463864e-01
-2.814602797272674345e-02 -1.187097995160890348e-03 -9.996031154501606730e-01
-3.017310012170096312e-02 -1.115501251460612395e-03 -9.995440641480487498e-01
-3.207200662719014023e-02 -1.041734876187249813e-03 -9.994850162190443976e-01
-3.383917873830159795e-02 -9.660637748357638792e-04 -9.994268223094674441e-01
-3.547151703919014520e-02 -8.887539444993976852e-04 -9.993702907469123042e-01
-3.696639197300544133e-02 -8.100716290892688402e-04 -9.993161792279563471e-01
-3.832164290006412344e-02 -7.302824930417471444e-04 -9.992651874151626812e-01
-3.953557574196958635e-02 -6.496508156219985312e-04 -9.992179505006721918e-01
-4.060695926537261774e-02 -5.684387077170852337e-04 -9.991750337797605797e-01
-4.153502006032326610e-02 -4.869053528071054038e-04 -9.991369282638551397e-01
-4.231943626879817316e-02 -4.053062736106048474e-04 -9.991040473488271845e-01
-4.296033011909557858e-02 -3.238926257229012224e-04 -9.990767245410570041e-01
-4.345825932147447113e-02 -2.429105194044129160e-04 -9.990552122309490635e-01
-4.381420737977757829e-02 -1.626003705313918324e-04 -9.990396814913818924e-01
-4.402957287292128680e-02 -8.319628159385310153e-05 -9.990302228671256168e-01
-4.410615775915595338e-02 -4.925453514678933579e-06 -9.990268481106512333e-01
-4.404615475498666055e-02 7.199237103093791845e-05 -9.990294928100668104e-01
-4.386768535466462754e-02 1.299272784529372806e-04 -9.990373395153484548e-01
-4.360402929926883442e-02 1.690334009882392418e-04 -9.990488759352815773e-01
-4.328814639051657004e-02 1.895196348616959823e-04 -9.990626091080236915e-01
-4.295258237755226333e-02 1.916481520850679470e-04 -9.990770918160507552e-01
-4.262937707303485896e-02 1.757327754329392449e-04 -9.990909376934831165e-01
-4.234997497323818999e-02 1.421372194995875577e-04 -9.991028254738739678e-01
-4.214513866163595301e-02 9.127320269052048725e-05 -9.991114929839085557e-01
-4.204486526659682866e-02 2.359843685267027616e-05 -9.991157216318996559e-01
-4.207830622292614564e-02 -6.038549709409490288e-05 -9.991143122679612132e-01
-4.227369055607568815e-02 -1.601353777714566379e-04 -9.991060534040058227e-01
-4.262714506493082284e-02 -2.402301540287945158e-04 -9.990910195363645885e-01
-4.310414567514010004e-02 -3.007677732616519909e-04 -9.990705374015741436e-01
-4.367039347674855215e-02 -3.419048655453156755e-04 -9.990459330696995766e-01
-4.429191814845541419e-02 -3.638551400773482720e-04 -9.990185634655688318e-01
-4.493517796197116915e-02 -3.668876266259122232e-04 -9.989898356480576558e-01
-4.556715608854256666e-02 -3.513247697995071513e-04 -9.989612141661546874e-01
-4.615545293687620121e-02 -3.175403858856706385e-04 -9.989342169940692573e-01
-4.666837427363126206e-02 -2.659574938401288260e-04 -9.989104007157270093e-01
-4.707501491290284196e-02 -1.970460336362812978e-04 -9.988913357799000803e-01
-4.734533780763493238e-02 -1.113204865154242994e-04 -9.988785727795489455e-01
-4.745024843118177127e-02 -9.337412636393013386e-06 -9.988736008217098394e-01
-4.736166439844359533e-02 1.083070778450869490e-04 -9.988777991468152928e-01
-4.705258034010321999e-02 2.409799041655158935e-04 -9.988923832284745119e-01
-4.649712810738163699e-02 3.880136291100483845e-04 -9.989183466366262643e-01
-4.567063244536888333e-02 5.487090930993113354e-04 -9.989563999791201132e-01
-4.454966232749878879e-02 7.223380546693149683e-04 -9.990069082499962727e-01
-4.311207818952418613e-02 9.081458254962653789e-04 -9.990698279080784117e-01
-4.133707533617705931e-02 1.105353890135334256e-03 -9.991446449881882241e-01
-3.920522381575956145e-02 1.313162502913683884e-03 -9.992303155106742052e-01
-3.669850506588592104e-02 1.530753256859257970e-03 -9.993252094043824085e-01
-3.383147086998659903e-02 1.722443316257811106e-03 -9.994260666014028738e-01
-3.064978181059955370e-02 1.888092993600668174e-03 -9.995284007939438942e-01
-2.719929770308794278e-02 2.027643665791251971e-03 -9.996279733140018831e-01
-2.352593924840302997e-02 2.141117068633402020e-03 -9.997209331059404569e-01
-1.967554827945137974e-02 2.228614357040949179e-03 -9.998039330101571309e-01
-1.569374726592816238e-02 2.290314903637652010e-03 -9.998742216922327231e-01
-1.162579894051004106e-02 2.326474814749903645e-03 -9.999297109306862774e-01
-7.516467056441222122e-03 2.337425150114594112e-03 -9.999690183532730092e-01
-3.409879379798042183e-03 2.323569840555998224e-03 -9.999914860807496142e-01
6.506059416532695289e-04 2.285383306051975635e-03 -9.999971760918411334e-01
4.622529505626597236e-03 2.223407784646775232e-03 -9.999868434573432330e-01
8.464454215338618193e-03 2.138250390236148910e-03 -9.999618888987277243e-01
1.213608231777296709e-02 2.030579924047788178e-03 -9.999242924017401890e-01
1.559836511167132442e-02 1.901123470410409850e-03 -9.998765298536301804e-01
1.881360469236298405e-02 1.750662811946281962e-03 -9.998214748703002641e-01
2.174554729689660154e-02 1.580030702491906722e-03 -9.997622881345344936e-01
2.435946802080133505e-02 1.390107037768667985e-03 -9.997022966776295538e-01
2.662224688793650429e-02 1.181814964069328924e-03 -9.996448656045828773e-01
2.850243645837739065e-02 9.561169640354950060e-04 -9.995932647890959366e-01
2.997032134786876967e-02 7.140109560670718138e-04 -9.995505330516872844e-01
3.102910401297369336e-02 4.913802197121017309e-04 -9.995183597098523665e-01
3.171342839926134805e-02 2.885645449176013275e-04 -9.994969601713549201e-01
3.205846280568647177e-02 1.058373805886551650e-04 -9.994859889057188251e-01
3.209978573490788328e-02 -5.659370131315876948e-05 -9.994846666481316255e-01
3.187327333744766067e-02 -1.985864203269045475e-04 -9.994918976018688506e-01
3.141498821551433340e-02 -3.200630740709268975e-04 -9.995063754076235485e-01
3.076106947236026054e-02 -4.210096891776883002e-04 -9.995266768815291858e-01
2.994762400827759297e-02 -5.014750288237372665e-04 -9.995513427582626287e-01
2.901061916981857031e-02 -5.615694498275034148e-04 -9.995789449095754398e-01
2.798577695050952913e-02 -6.014636037233387885e-04 -9.996081397398899338e-01
2.687733006003204667e-02 -6.562438217384057668e-04 -9.996385231659962178e-01
2.565943032244459923e-02 -7.254827074993616719e-04 -9.996704786401164888e-01
2.430701214488448572e-02 -8.087160042306854773e-04 -9.997042131219598948e-01
2.279585560847911460e-02 -9.054446481437304585e-04 -9.997397300224246663e-01
2.110264606902317180e-02 -1.015136874165230903e-03 -9.997767983617550369e-01
1.920503029513459872e-02 -1.137230364842035414e-03 -9.998149190324273627e-01
1.708166919729059430e-02 -1.271134433804247017e-03 -9.998532890876865586e-01
1.471228722331608535e-02 -1.416232235923536257e-03 -9.998907649935767639e-01
1.207771851317751728e-02 -1.571882997242562974e-03 -9.999258257859232613e-01
9.159949917146675141e-03 -1.737424258841413147e-03 -9.999565370645496776e-01
5.973322329012500931e-03 -1.877305235066827668e-03 -9.999803971246352674e-01
2.563053246447982280e-03 -1.991542089902144548e-03 -9.999947320482575064e-01
-1.025721748881157011e-03 -2.080229775407835009e-03 -9.999973101143011522e-01
-4.748089364511647037e-03 -2.143540695301338842e-03 -9.999864302285430551e-01
-8.559497964878145376e-03 -2.181723093227137811e-03 -9.999609866775216460e-01
-1.241589500570234109e-02 -2.195099156159902552e-03 -9.999205102918548027e-01
-1.627386152792191162e-02 -2.184062830622379107e-03 -9.998651864643477438e-01
-2.009074267528169686e-02 -2.149077356844042268e-03 -9.997958508120065035e-01
-2.382477322016989668e-02 -2.090672533294575617e-03 -9.997139635930126778e-01
-2.743519714856746880e-02 -2.009441730880841791e-03 -9.996215642842177784e-01
-3.089794811384126080e-02 -1.923466201564152499e-03 -9.995206934869284021e-01
-3.420498448571789030e-02 -1.833095008806802156e-03 -9.994131569959382455e-01
-3.734889765979453047e-02 -1.738684526097656214e-03 -9.993007737154909753e-01
-4.032292261358284141e-02 -1.640597139001659290e-03 -9.991853530928581639e-01
-4.312094595913092132e-02 -1.539199960402045427e-03 -9.990686734766238697e-01
-4.573751157078440738e-02 -1.434863564060094403e-03 -9.989524616325453632e-01
-4.816782387734337006e-02 -1.327960741107803372e-03 -9.988383736259680568e-01
-5.040774891609196146e-02 -1.218865283565427182e-03 -9.987279772542855261e-01
-5.245381325198288786e-02 -1.107950798451030243e-03 -9.986227361862902718e-01
-5.430320086876826852e-02 -9.955895555346682465e-04 -9.985239959378826580e-01
-5.595374814025164817e-02 -8.821513712960515939e-04 -9.984329717858900777e-01
-5.740393698930575800e-02 -7.680025311806586456e-04 -9.983507386940692063e-01
-5.865288634010259322e-02 -6.535047518228601082e-04 -9.982782232980668136e-01
-5.970034196540736221e-02 -5.390141845216643189e-04 -9.982161979695061138e-01
-6.054666482608165451e-02 -4.248804609195306085e-04 -9.981652769537255887e-01
-6.119281799441631670e-02 -3.114457815499810205e-04 -9.981259145512632047e-01
-6.164035224686168629e-02 -1.990440476865445465e-04 -9.980984052901691328e-01
-6.189139040542356029e-02 -8.800003674341969236e-05 -9.980828860148144299e-01
-6.194861050071214653e-02 2.137137865471055553e-05 -9.980793397971978731e-01
-6.181522782361117963e-02 1.287659679031631405e-04 -9.980876015589532635e-01
-6.149497592699075532e-02 2.338908359625120484e-04 -9.981073652764271831e-01
-6.099208663400364910e-02 3.364650732413686837e-04 -9.981381926274012217e-01
-6.031126910543169184e-02 4.362203618167930733e-04 -9.981795229263282776e-01
-5.945768801539845494e-02 5.329015379452182229e-04 -9.982306841853694213e-01
-5.843694088261466163e-02 6.262671107516108032e-04 -9.982909051310765447e-01
-5.725503460321183097e-02 7.160897369082622156e-04 -9.983593280012574844e-01
-5.591836123115143803e-02 8.021566510337902953e-04 -9.984350219433757445e-01
-5.443367305313996651e-02 8.842700514640775087e-04 -9.985169968347366032e-01
-5.280805700687198068e-02 9.622474409759929764e-04 -9.986042173456511906e-01
-5.104890849417203363e-02 1.035921921987318500e-03 -9.986956170696855706e-01
-4.916390464409567396e-02 1.105142445717105298e-03 -9.987901125499154542e-01
-4.716097708514316311e-02 1.169774014773733613e-03 -9.988866170367228792e-01
-4.504828429028396447e-02 1.229697838646381155e-03 -9.989840538209833198e-01
-4.283418356332112376e-02 1.284811441611656167e-03 -9.990813689963707889e-01
-4.052720274007277912e-02 1.335028722632112608e-03 -9.991775435158194441e-01
-3.813601168274052822e-02 1.380279966917593399e-03 -9.992716044197651470e-01
-3.566939365050381117e-02 1.420511808943270178e-03 -9.993626351274846886e-01
-3.313621663366489445e-02 1.455687146868432343e-03 -9.994497846974687016e-01
-3.054540474242228160e-02 1.485785008475275053e-03 -9.995322759781257727e-01
-2.790590974443928410e-02 1.510800368944184525e-03 -9.996094125860095492e-01
-2.522668284768475946e-02 1.530743920997752880e-03 -9.996805846649921001e-01
-2.251664682646344756e-02 1.545641798175885788e-03 -9.997452733961654792e-01
-1.978466858905446671e-02 1.555535252244472956e-03 -9.998030542445272006e-01
-1.703953228489462485e-02 1.560480285985478078e-03 -9.998535989444958805e-01
-1.428991304775875312e-02 1.560547242862201289e-03 -9.998966762418076692e-01
-1.154435146890787044e-02 1.555820355295119573e-03 -9.999321514241719111e-01
-8.811228890726845522e-03 1.546397253516525400e-03 -9.999599846870438347e-01
-6.098743607007690859e-03 1.532388437191845856e-03 -9.999802283938353797e-01
-3.414888050824321352e-03 1.513916712198099240e-03 -9.999930233016917080e-01
-7.674270449784087976e-04 1.491116595131966290e-03 -9.999985938344863046e-01
1.836122816622654842e-03 1.464133688278511933e-03 -9.999972424938268212e-01
4.388512595450991260e-03 1.433124027904371552e-03 -9.999893435065433378e-01
6.882779189073616466e-03 1.398253408844530622e-03 -9.999753358132850156e-01
9.312262220325070658e-03 1.359696688428680897e-03 -9.999557155074612069e-01
1.167061959718550257e-02 1.317637072841129587e-03 -9.999310278368080951e-01
1.395184171366929508e-02 1.272265389027662152e-03 -9.999018588813667341e-01
1.615026427000240683e-02 1.223779345254456460e-03 -9.998688270216555818e-01
1.826057969814447179e-02 1.172382783389517994e-03 -9.998325743093662288e-01
2.027784718619364199e-02 1.118284925918033856e-03 -9.997937578500861733e-01
2.219750130231003607e-02 1.061699620621809736e-03 -9.997530413034422248e-01
2.401535922543332480e-02 1.002844585752163701e-03 -9.997110866007746788e-01
2.572762659619239750e-02 9.419406584081445712e-04 -9.996685459741094792e-01
2.733090200696676811e-02 8.792110487007301573e-04 -9.996260543829220691e-01
2.882218015503256944e-02 8.148806021417856829e-04 -9.995842224171137547e-01
3.019885368709811918e-02 7.491750725470954289e-04 -9.995436297458879515e-01
3.145871376730727947e-02 6.823204075886562256e-04 -9.995048191729596354e-01
3.259994940397835383e-02 6.145420489754526393e-04 -9.994682913488912579e-01
3.362114557298000878e-02 5.460642490866846228e-04 -9.994345001814651797e-01
3.452128017776103647e-02 4.771094057291952787e-04 -9.994038489750026732e-01
3.529971988769473740e-02 4.078974165436472323e-04 -9.993766873195558675e-01
3.595621489762396150e-02 3.386450544434640541e-04 -9.993533087410461091e-01
3.649089265235778284e-02 2.695653653379960599e-04 -9.993339491138168995e-01
3.690425058043547007e-02 2.008670892677115764e-04 -9.993187858278157476e-01
3.719714788179984133e-02 1.327541059650315727e-04 -9.993079376938068803e-01
3.737079641417027226e-02 6.542490574994251195e-05 -9.993014655617390440e-01
3.742675072293371458e-02 -9.279134253644799038e-07 -9.992993736197143262e-01
3.736689725933362710e-02 -6.611812205426643963e-05 -9.993016113340003059e-01
3.719344283167989873e-02 -1.299663076244809783e-04 -9.993080759842444261e-01
3.690890233427000788e-02 -1.923002950559196504e-04 -9.993186157425363314e-01
3.651608579873667770e-02 -2.529555385086057831e-04 -9.993330332402536875e-01
3.601808481264781592e-02 -3.117754840991452943e-04 -9.993510895627414348e-01
3.541825835039846826e-02 -3.686119031176310519e-04 -9.993725086088329768e-01
3.472021806176283504e-02 -4.233251953874620725e-04 -9.993969817500252262e-01
3.392781306391949581e-02 -4.757846624596883799e-04 -9.994241727227667349e-01
3.304511428331934758e-02 -5.258687503824231637e-04 -9.994537226867947766e-01
3.207639839442151530e-02 -5.734652618357849322e-04 -9.994852553827429098e-01
3.102613140305847048e-02 -6.184715374748096621e-04 -9.995183823233075859e-01
2.989895192298413357e-02 -6.607946063777307179e-04 -9.995527079540692528e-01
2.869965419497867362e-02 -7.003513055557077874e-04 -9.995878347225738425e-01
2.743317089869938552e-02 -7.370683685430544840e-04 -9.996233679974364517e-01
2.610455580824365060e-02 -7.708824831546241341e-04 -9.996589207829813528e-01
2.471896634309229610e-02 -8.017403185694154267e-04 -9.996941181792119435e-01
2.328164606669377162e-02 -8.295985219765936430e-04 -9.997286015416545490e-01
2.179790718539710570e-02 -8.544236851017336870e-04 -9.997620323007603282e-01
2.027311310071181275e-02 -8.761922810167328086e-04 -9.997940954060168250e-01
1.871266106793650560e-02 -8.948905717258893609e-04 -9.998245023656330277e-01
1.712196501402889898e-02 -9.105144871123366495e-04 -9.998529938585482002e-01
1.550643856716702254e-02 -9.230694759224512911e-04 -9.998793419014924133e-01
1.387147834975842840e-02 -9.325703295600315784e-04 -9.999033515598289013e-01
1.222244758567993771e-02 -9.390409795558873939e-04 -9.999248621968508388e-01
1.054908046190659865e-02 -9.599481099764097794e-04 -9.999438961624506073e-01
8.826223650724536116e-03 -9.949755678095016133e-04 -9.999605531659139235e-01
7.029313848731218693e-03 -1.043769242888272376e-03 -9.999747493843055279e-01
5.134443862462889988e-03 -1.105938802173979689e-03 -9.999862071722412926e-01
3.118425702349084030e-03 -1.181059493120283684e-03 -9.999944403424384509e-01
9.588506504388627331e-04 -1.268674008789408671e-03 -9.999987356631625524e-01
-1.365853716268611903e-03 -1.368294407483538816e-03 -9.999981312706954784e-01
-3.876369548996463042e-03 -1.479404079893448763e-03 -9.999913927350652099e-01
-6.592437784346550853e-03 -1.601459757149711373e-03 -9.999769875454583845e-01
-9.532810210783457597e-03 -1.733893553680126726e-03 -9.999530587981014795e-01
-1.268404584476847188e-02 -1.841247333312968221e-03 -9.999178594010854626e-01
-1.600199755164255500e-02 -1.923629849806722655e-03 -9.998701098445784696e-01
-1.944277330231118650e-02 -1.981225526017050750e-03 -9.998090088628278638e-01
-2.296287247315728641e-02 -2.014292704382280794e-03 -9.997342897161257680e-01
-2.651931944501504865e-02 -2.023161626588015297e-03 -9.996462541534490986e-01
-3.006979358809303352e-02 -2.008232144265154062e-03 -9.995457845622373050e-01
-3.357275470946172180e-02 -1.969971169243935755e-03 -9.994343351350024607e-01
-3.698756307353744111e-02 -1.908909878348050409e-03 -9.993139031823244922e-01
-4.027459318036872432e-02 -1.825640693683562316e-03 -9.991869819933887342e-01
-4.339534059643600922e-02 -1.720814064608782064e-03 -9.990564968843552718e-01
-4.632807071110237040e-02 -1.612552490147134421e-03 -9.989249772852064613e-01
-4.906713811408484893e-02 -1.501249980186345140e-03 -9.987943546435787967e-01
-5.160759977331646348e-02 -1.387302590391664356e-03 -9.986664766880356536e-01
-5.394521536731259476e-02 -1.271107133803543818e-03 -9.985430880114065655e-01
-5.607644536848384320e-02 -1.153059927480032344e-03 -9.984258126116493104e-01
-5.799844700114222679e-02 -1.033555577271655194e-03 -9.983161385290242329e-01
-5.970906819834669726e-02 -9.129858032488217872e-04 -9.982154046870104214e-01
-6.120683967993349739e-02 -7.917383077729409774e-04 -9.981247900132146356e-01
-6.249096527038114357e-02 -6.701956877210045503e-04 -9.980453048859061482e-01
-6.356131056989830497e-02 -5.487343919460483657e-04 -9.979777849220928809e-01
-6.441839008564191615e-02 -4.277237246872802614e-04 -9.979228870945309193e-01
-6.506335292262360737e-02 -3.075248953364313970e-04 -9.978810881379919229e-01
-6.549796712599094406e-02 -1.884901147218313248e-04 -9.978526851797162589e-01
-6.572460275830921406e-02 -7.096173788781318906e-05 -9.978377985054428523e-01
-6.574621378753145451e-02 4.472854677831477319e-05 -9.978363763508738549e-01
-6.556631885381167257e-02 1.582604822904328434e-04 -9.978482015890293155e-01
-6.518898097643852085e-02 2.693259619194540841e-04 -9.978729001667603349e-01
-6.461878625615564975e-02 3.776297023805019444e-04 -9.979099511287957691e-01
-6.386082162315957766e-02 4.828898715146018230e-04 -9.979586980551342634e-01
-6.292065167725328922e-02 5.848386705437159981e-04 -9.980183617273964414e-01
-6.181981598305962694e-02 6.658217770892161432e-04 -9.980871043432522072e-01
-6.059505681511530295e-02 7.259557258767837268e-04 -9.981621676489155215e-01
-5.928286559706776038e-02 7.654181489691513820e-04 -9.982409312609186181e-01
-5.791937858556462509e-02 7.844464099784922940e-04 -9.983209559545220824e-01
-5.654027400834464590e-02 7.833360723958976901e-04 -9.984000123544151117e-01
-5.518067107875023608e-02 7.624392001639115511e-04 -9.984760954023408352e-01
-5.387503133546124590e-02 7.221624918594714889e-04 -9.985474251809423052e-01
-5.265706276054658158e-02 6.629652530645778171e-04 -9.986124348639482395e-01
-5.155962711255834136e-02 5.853572145320842628e-04 -9.986697467373493176e-01
-5.061465087673279462e-02 4.898962064734353273e-04 -9.987181373922406902e-01
-4.982195525528542585e-02 4.120116736512346176e-04 -9.987580306847932965e-01
-4.915068256858721313e-02 3.516368438215512131e-04 -9.987913133329534565e-01
-4.857013266901608062e-02 3.086520643685937600e-04 -9.988197273679405574e-01
-4.804985670142665477e-02 2.828861892383144057e-04 -9.988448989095612962e-01
-4.755974772103674364e-02 2.741180969683770742e-04 -9.988683577361152643e-01
-4.707012801233279031e-02 2.820783322279823264e-04 -9.988915478229992706e-01
-4.655183295700261736e-02 3.064508623391039278e-04 -9.989158291727567862e-01
-4.597629131186461299e-02 3.468749393378644358e-04 -9.989424713963644953e-01
-4.531560177855410709e-02 4.029470573220680614e-04 -9.989726396297189392e-01
-4.454260577421623873e-02 4.742229941803911700e-04 -9.990073734795116289e-01
-4.364650782506967336e-02 5.428018744783731598e-04 -9.990468901047176997e-01
-4.263218805386013305e-02 6.085207080803402193e-04 -9.990906501293410624e-01
-4.150480291521203152e-02 6.712280109157878639e-04 -9.991380794185131808e-01
-4.026976516989810156e-02 7.307840667491568220e-04 -9.991885772708127833e-01
-3.893272341153411475e-02 7.870611515283433991e-04 -9.992415246511978655e-01
-3.749954120040903394e-02 8.399437200992214674e-04 -9.992962923640327233e-01
-3.597627586090413471e-02 8.893285551180808365e-04 -9.993522490697097638e-01
-3.436915700080896141e-02 9.351248780487263516e-04 -9.994087690533938195e-01
-3.268456481273545461e-02 9.772544221968945156e-04 -9.994652396603670441e-01
-3.092900821969014197e-02 1.015651467812064704e-03 -9.995210683192340406e-01
-2.910910292861356580e-02 1.050262839375689554e-03 -9.995756890817634188e-01
-2.723154945726390802e-02 1.081047865294964281e-03 -9.996285686162785789e-01
-2.530311120113910503e-02 1.107978300331720995e-03 -9.996792116001630424e-01
-2.333059260813646549e-02 1.131038211215758867e-03 -9.997271654660929707e-01
-2.132081752928510765e-02 1.150223826019475606e-03 -9.997720244659338285e-01
-1.928060781410807084e-02 1.165543348004355372e-03 -9.998134330257200109e-01
-1.721676221894082731e-02 1.177016734787802348e-03 -9.998510883746518640e-01
-1.513603569582500086e-02 1.184675443818938466e-03 -9.998847424404817552e-01
-1.304511912839496045e-02 1.188562145292155689e-03 -9.999142030128952419e-01
-1.095061957947683975e-02 1.188730403765275159e-03 -9.999393341854250217e-01
-8.859041112931106965e-03 1.185244329882953430e-03 -9.999600560949505335e-01
-6.776766249608592516e-03 1.178178203733431378e-03 -9.999763439858482261e-01
-4.710038114183105404e-03 1.167616071485913336e-03 -9.999882266332682512e-01
-2.664943326107390570e-03 1.153651317065032978e-03 -9.999957841667594938e-01
-6.473956840568548254e-04 1.136386210716476683e-03 -9.999991453414672771e-01
1.336879310972795710e-03 1.115931436402597780e-03 -9.999984843093426834e-01
3.282359053207284817e-03 1.092405600037757397e-03 -9.999940169471837059e-01
5.183737514230481874e-03 1.065934720629429979e-03 -9.999859968018467438e-01
7.035937978476945222e-03 1.036651706432390428e-03 -9.999747107156070625e-01
8.834124805728768917e-03 1.004695818249390880e-03 -9.999604741964095433e-01
1.057371419917605554e-02 9.702121220227996612e-04 -9.999436265986337835e-01
1.225038396247742772e-02 9.333509328580983852e-04 -9.999245261800334683e-01
1.386008223404712122e-02 8.942672526025798258e-04 -9.999035450997205698e-01
1.539903519144986653e-02 8.531202030719152582e-04 -9.998810644204937370e-01
1.686375372326086308e-02 8.100724569745227895e-04 -9.998574691765090838e-01
1.825103907000894324e-02 7.652896685300641499e-04 -9.998331435643131870e-01
1.955798743983636068e-02 7.189399057152407986e-04 -9.998084663116717508e-01
2.078199360825526421e-02 6.711930859987393213e-04 -9.997838062744959231e-01
2.192075351484277373e-02 6.222204173491135363e-04 -9.997595183075710379e-01
2.297226587288404842e-02 5.721938462160124387e-04 -9.997359394498023244e-01
2.393483281084335043e-02 5.212855140978643435e-04 -9.997133854593847069e-01
2.480705956711992677e-02 4.696672242192330253e-04 -9.996921477287642466e-01
2.558785326183760089e-02 4.175099197498130304e-04 -9.996724906035557856e-01
2.627642077143771057e-02 3.649831749055480919e-04 -9.996546491237993104e-01
2.687226573361249649e-02 3.122547001816347134e-04 -9.996388272001445197e-01
2.737518471165076642e-02 2.594898628780536315e-04 -9.996251962318226658e-01
2.778526254859326611e-02 2.068512239914459716e-04 -9.996138941676627754e-01
2.810286694273616062e-02 1.544980924631508617e-04 -9.996050250059977937e-01
2.832864227700297027e-02 1.025860976924180081e-04 -9.995986587241442178e-01
2.846350273555323454e-02 5.126678114642099163e-05 -9.995948316232728947e-01
2.850862474173460406e-02 6.872078247995808565e-07 -9.995935470699754966e-01
2.846543875213646685e-02 -4.901040173400848619e-05 -9.995947766116971556e-01
2.833562044208842029e-02 -9.768901828459957565e-05 -9.995984614395001522e-01
2.812108131848348527e-02 -1.452171289887925769e-04 -9.996045141683601587e-01
2.782395879630910132e-02 -1.914690403179890115e-04 -9.996128209024104372e-01
2.744660577574998747e-02 -2.363251583089482103e-04 -9.996232435502458991e-01
2.699157975719431932e-02 -2.796722457959167300e-04 -9.996356223535936003e-01
2.646163153193269515e-02 -3.214036562984965047e-04 -9.996497785913531775e-01
2.585969348678975738e-02 -3.614195443003146487e-04 -9.996655174202038197e-01
2.518886756136869132e-02 -3.996270517089368837e-04 -9.996826308126590677e-01
2.445241289701454226e-02 -4.359404703429710631e-04 -9.997009005536167114e-01
2.365373321700536824e-02 -4.702813803483237107e-04 -9.997201012570736678e-01
2.279636397785108834e-02 -5.025787645024128170e-04 -9.997400033657387608e-01
2.188395933190639964e-02 -5.327690984230471589e-04 -9.997603760977513687e-01
2.092027894177333341e-02 -5.607964167578214114e-04 -9.997809903065688619e-01
1.990917468716680780e-02 -5.866123554903176574e-04 -9.998016212222853305e-01
1.885457730502850329e-02 -6.101761705611357788e-04 -9.998220510451583110e-01
1.776048300368615607e-02 -6.314547330646980714e-04 -9.998420713648982217e-01
1.663094009175348012e-02 -6.504225013466950625e-04 -9.998614853822842541e-01
1.547003566223742986e-02 -6.670614703917002435e-04 -9.998801099128643566e-01
1.428188237195341694e-02 -6.813610989555361590e-04 -9.998977771558275052e-01
1.307060535583601940e-02 -6.933182149620265369e-04 -9.999143362145682667e-01
1.184032931506512516e-02 -7.029368997483634134e-04 -9.999296543589382136e-01
1.059516581710060780e-02 -7.102283518069656435e-04 -9.999436180226690674e-01
9.339200844729753787e-03 -7.152107307338790914e-04 -9.999561335328979172e-01
8.076482630080962510e-03 -7.179089821539461286e-04 -9.999671275721008223e-01
6.811009808247079321e-03 -7.183546444506116232e-04 -9.999765473759943957e-01
5.546719923697393181e-03 -7.165856381828164317e-04 -9.999843606740697055e-01
4.287478321046118458e-03 -7.126460391224633461e-04 -9.999905553823408288e-01
3.037067449996911760e-03 -7.065858358929600182e-04 -9.999951390605904544e-01
1.799176612409302510e-03 -6.984606732319383277e-04 -9.999981381488557419e-01
5.773921774472443209e-04 -6.883315819390563306e-04 -9.999995970000903345e-01
-6.248117113127661399e-04 -6.762646966025119902e-04 -9.999995767278511138e-01
-1.804081915100484669e-03 -6.623309622252999095e-04 -9.999981538894709976e-01
-2.957194546012424305e-03 -6.466058308941659370e-04 -9.999954190264853660e-01
-4.081062662704437217e-03 -6.291689496505600571e-04 -9.999914750850741330e-01
-5.172743400812283149e-03 -6.101038407336419620e-04 -9.999864357399584902e-01
-6.229444525514613376e-03 -5.894975753705980872e-04 -9.999804236455601680e-01
-7.248530395967817119e-03 -5.674404422892947086e-04 -9.999735686382897892e-01
-8.227527333637995807e-03 -5.440256121227989104e-04 -9.999660059135981882e-01
-9.164128388817424989e-03 -5.193487988647669694e-04 -9.999578742009069821e-01
-1.005619750182780089e-02 -4.935079195194064889e-04 -9.999493139587527502e-01
-1.090177305756853850e-02 -4.666027530699787067e-04 -9.999404656114487810e-01
-1.169907083415492287e-02 -4.387345998659616768e-04 -9.999314678473177898e-01
-1.244648634839934896e-02 -4.100059425014180724e-04 -9.999224559970905091e-01
-1.314259660281205319e-02 -3.805201092261791223e-04 -9.999135605094369161e-01
-1.378616124063025000e-02 -3.503809408975607268e-04 -9.999049055388157248e-01
-1.437612311712248639e-02 -3.196924624438557795e-04 -9.998966076589249630e-01
-1.491160829705600981e-02 -2.885585597721743167e-04 -9.998887747130392745e-01
-1.539192548975804042e-02 -2.570826630126942826e-04 -9.998815048104583436e-01
-1.581656493464726060e-02 -2.253674369493819762e-04 -9.998748854761850824e-01
-1.618519675146098957e-02 -1.935144794440562242e-04 -9.998689929588410186e-01
-1.649766877065868276e-02 -1.616240286165955531e-04 -9.998638916997250048e-01
-1.675400386064651928e-02 -1.297946794993710745e-04 -9.998596339638605723e-01
-1.695439676954453578e-02 -9.812311083885798474e-05 -9.998562596318790741e-01
-1.709921050021079650e-02 -6.670382267201854917e-05 -9.998537961496738458e-01
-1.718897223815072858e-02 -3.562888525961623460e-05 -9.998522586309491755e-01
-1.722436885277778273e-02 -4.987699913236232953e-06 -9.998516501061055495e-01
-1.720624199325818809e-02 2.513322779245410728e-05 -9.998519619093515498e-01
-1.713558280087124422e-02 5.465050197570465573e-05 -9.998531741945408946e-01
-1.701352626045063085e-02 8.348403717022227896e-05 -9.998552565690006499e-01
-1.684134521404436272e-02 1.115572454570365213e-04 -9.998581688335584916e-01
-1.662044406044357880e-02 1.387972096926973079e-04 -9.998618618160972638e-01
-1.635235216468484271e-02 1.651348425647493833e-04 -9.998662782852716369e-01
-1.603871700202820494e-02 1.905050312490937732e-04 -9.998713539305091880e-01
-1.568129706125432135e-02 2.148467674872511974e-04 -9.998770183940972611e-01
-1.528195453240831572e-02 2.381032629446959989e-04 -9.998831963410127477e-01
-1.484264780434523326e-02 2.602220497543363421e-04 -9.998898085521906731e-01
-1.436542379760073589e-02 2.811550661918747361e-04 -9.998967730271351995e-01
-1.385241015821969505e-02 3.008587274721773717e-04 -9.999040060821500209e-01
-1.330580733822282931e-02 3.192939816978830397e-04 -9.999114234309887106e-01
-1.272788058837566634e-02 3.364263510332514244e-04 -9.999189412353955975e-01
-1.212095188884277849e-02 3.522259582176260240e-04 -9.999264771138018926e-01
-1.148739184316171884e-02 3.666675385737961745e-04 -9.999339510973552780e-01
-1.082961156075337196e-02 3.797304377068925932e-04 -9.999412865234721393e-01
-1.015005455289720061e-02 3.913985951291378061e-04 -9.999484108581985220e-01
-9.451188666739695696e-03 4.016605140846758975e-04 -9.999552564398309640e-01
-8.735498081471631052e-03 4.105092178866923407e-04 -9.999617611374650439e-01
-8.005475390304047506e-03 4.179421931159641693e-04 -9.999678689193925996e-01
-7.263613791294585773e-03 4.239613200657029336e-04 -9.999735303275411047e-01
-6.512399409425606578e-03 4.285727908519127685e-04 -9.999787028554218971e-01
-5.754303771615057982e-03 4.317870156413288266e-04 -9.999833512283174963e-01
-4.991776455552264166e-03 4.336185174801722463e-04 -9.999874475856719291e-01
-4.227237932396484682e-03 4.340858162363044189e-04 -9.999909715668423571e-01
-3.463072622459573233e-03 4.332113021947439158e-04 -9.999939103025060616e-01
-2.701622182019235065e-03 4.310210998717870206e-04 -9.999962583150895368e-01
-1.945179038380686655e-03 4.275449226360291798e-04 -9.999980173325784261e-01
-1.195980189226910316e-03 4.228159187453078014e-04 -9.999991960209738684e-01
-4.562012811764665958e-04 4.168705094268882719e-04 -9.999998096414693949e-01
2.720490186913404780e-04 4.097482196440201292e-04 -9.999998796391329492e-01
9.867343457753111231e-04 4.014915022052430713e-04 -9.999994331704765704e-01
1.685895644003647040e-03 3.921455558834891896e-04 -9.999985025777892167e-01
2.367655844882897778e-03 3.817581382200911340e-04 -9.999971248184816863e-01
3.030224210679995350e-03 3.703793736942709476e-04 -9.999953408579573821e-01
3.671900334130390534e-03 3.580615579415728929e-04 -9.999931950346719889e-01
4.291077788324180152e-03 3.448589587050598622e-04 -9.999907344060822156e-01
4.886247421676519903e-03 3.308276142009719924e-04 -9.999880080841164753e-01
5.456000294132975700e-03 3.160251295760255251e-04 -9.999850665686270679e-01
5.999030251989607813e-03 3.005104721266968764e-04 -9.999819610870134268e-01
6.514136139916600239e-03 2.843437659417925195e-04 -9.999787429478481648e-01
6.984642813230766689e-03 2.501515085356413831e-04 -9.999755763799154096e-01
7.379162106088899692e-03 1.983539247477827873e-04 -9.999727545241536841e-01
7.667088431429888197e-03 1.294179494581228793e-04 -9.999705996576556677e-01
7.818678847104673646e-03 4.385495243971344588e-05 -9.999694332948108055e-01
7.805128928787873586e-03 -5.778163002980688401e-05 -9.999695384519663444e-01
7.598644338652903348e-03 -1.748987430099003420e-04 -9.999711152114373336e-01
7.172508034401643175e-03 -3.068662260493398766e-04 -9.999742307948532583e-01
6.501143119772285865e-03 -4.530193775941279829e-04 -9.999787654101787160e-01
5.560171392165740023e-03 -6.126615571224866205e-04 -9.999843551715381640e-01
4.326467692741050794e-03 -7.850668124197125123e-04 -9.999903334067419269e-01
2.809372940306668551e-03 -9.346128036197043397e-04 -9.999956177811782920e-01
1.049223073035588163e-03 -1.061239185927869734e-03 -9.999988873226745012e-01
-9.135993905740541834e-04 -1.164957009224900459e-03 -9.999989050120874357e-01
-3.038789902950866061e-03 -1.245847569026124844e-03 -9.999946077292141133e-01
-5.286245013388044325e-03 -1.304061056296027974e-03 -9.999851783620561374e-01
-7.616183617715078201e-03 -1.339814998877469606e-03 -9.999700998382423656e-01
-9.989265795488703331e-03 -1.353392491160222439e-03 -9.999491911259607013e-01
-1.236670864441936912e-02 -1.345140212890402450e-03 -9.999226255300680544e-01
-1.471039849951169542e-02 -1.315466242477573988e-03 -9.998909318733589791e-01
-1.698299893324306531e-02 -1.264837674564337541e-03 -9.998549793995801238e-01
-1.914805397101124879e-02 -1.193778055774683640e-03 -9.998159474602344998e-01
-2.117008601990462424e-02 -1.102864656265941821e-03 -9.997752812484920204e-01
-2.301468809450571418e-02 -9.927255978172185458e-04 -9.997346350181127717e-01
-2.464861002612358382e-02 -8.640368615703979170e-04 -9.996958043713541908e-01
-2.603983845625937321e-02 -7.175192001097989696e-04 -9.996606493162332185e-01
-2.715767053567285164e-02 -5.539349792726387407e-04 -9.996310098798477650e-01
-2.797278137153233132e-02 -3.740849749110886037e-04 -9.996086161210452348e-01
-2.845728538137083999e-02 -1.788051488003473760e-04 -9.995949944135246179e-01
-2.858479181888733817e-02 3.103657393866194225e-05 -9.995913718710234264e-01
-2.833045482851326638e-02 2.545435060736769752e-04 -9.995985807615584973e-01
-2.770215732720988228e-02 4.559370399177630059e-04 -9.996161187370513623e-01
-2.673904045747931349e-02 6.349866994640788152e-04 -9.996422474327982810e-01
-2.548058268577431743e-02 7.915337129571771001e-04 -9.996750051004010817e-01
-2.396647851274663274e-02 9.254903435151735046e-04 -9.997123355755688223e-01
-2.223651772083571135e-02 1.036839066115415780e-03 -9.997522017188172905e-01
-2.033046523436099831e-02 1.125631576108399251e-03 -9.997926824046582395e-01
-1.828794181904428925e-02 1.191987616116404894e-03 -9.998320524184461933e-01
-1.614830597750450264e-02 1.236093610817083068e-03 -9.998688449024266678e-01
-1.395053750064042392e-02 1.258201102502033795e-03 -9.999018962707529878e-01
-1.173312320922643114e-02 1.258624984217501623e-03 -9.999303737840320450e-01
-9.518365596595320874e-03 1.255175510704835493e-03 -9.999539129291760142e-01
-7.313031569069882581e-03 1.247930616312577321e-03 -9.999724821047656365e-01
-5.123741716582409095e-03 1.236978611308408747e-03 -9.999861098425842920e-01
-2.956952096271697316e-03 1.222417730052746286e-03 -9.999948824099309519e-01
-8.189368554141723648e-04 1.204355654307594269e-03 -9.999989407888565385e-01
1.284228256945213476e-03 1.182909013752119886e-03 -9.999984770907738296e-01
3.346681445174083148e-03 1.158202865857942956e-03 -9.999937304698802709e-01
5.362789449674573369e-03 1.130370157342139000e-03 -9.999849826028561761e-01
7.327161122861740317e-03 1.099551169463903674e-03 -9.999725528053335921e-01
9.234659969800145668e-03 1.065892949461506086e-03 -9.999567928576716946e-01
1.106483580737965128e-02 1.012114665293726949e-03 -9.999382719302322142e-01
1.278269653964322211e-02 9.387341026687343959e-04 -9.999178586605447228e-01
1.435421257814468998e-02 8.463202730975998879e-04 -9.998966161202603731e-01
1.574640458362913664e-02 7.354906610003332382e-04 -9.998757484768204806e-01
1.692742567051562855e-02 6.069083629323382325e-04 -9.998565379684227761e-01
1.786663792313702287e-02 4.612791407125659340e-04 -9.998402737836841192e-01
1.853468317570112697e-02 2.993484106430021946e-04 -9.998281745126647024e-01
1.890354811021449297e-02 1.218981906591382210e-04 -9.998213058842349010e-01
1.894662382346479559e-02 -7.025597383087956718e-05 -9.998204955270247885e-01
1.863876010126051461e-02 -2.762680864195957414e-04 -9.998262464887489598e-01
1.798746751924838391e-02 -4.604006266525895977e-04 -9.998381079016539497e-01
1.703144820456490433e-02 -6.224710660658526419e-04 -9.998547621337905422e-01
1.580966137351820511e-02 -7.623672638708383882e-04 -9.998747304256608848e-01
1.436120274847961682e-02 -8.800466668511307353e-04 -9.998964869337015893e-01
1.272518489893246889e-02 -9.755353446926953156e-04 -9.999185573156854634e-01
1.094061867260972751e-02 -1.048926849402413795e-03 -9.999396011367065462e-01
9.046296007747711004e-03 -1.100380889562053771e-03 -9.999584776502545846e-01
7.080674519608667200e-03 -1.130121813021184654e-03 -9.999742947810230653e-01
5.081764330557965448e-03 -1.138436895051191848e-03 -9.999864414014523195e-01
3.087017661408309258e-03 -1.125674432754870686e-03 -9.999946032493314263e-01
1.117640250563183522e-03 -1.109676575507482360e-03 -9.999987614194646435e-01
-8.207528990117559948e-04 -1.090548968490068953e-03 -9.999990702007662824e-01
-2.722740604313870182e-03 -1.068405079470561127e-03 -9.999957242511212652e-01
-4.583109019538785661e-03 -1.043365708238157882e-03 -9.999889548474342194e-01
-6.396864242391439755e-03 -1.015558481010577462e-03 -9.999790258181454616e-01
-8.159243982862707939e-03 -9.851173318680124351e-04 -9.999662292190835133e-01
-9.865728272547800992e-03 -9.521819732815662045e-04 -9.999508808145657346e-01
-1.151204919725115454e-02 -9.168973578040209632e-04 -9.999333154258888134e-01
-1.309419964022275062e-02 -8.794131329775296000e-04 -9.999138822087990652e-01
-1.460844102785650855e-02 -8.398830914869987851e-04 -9.998929399202302060e-01
-1.605131007401098056e-02 -7.984646185504654364e-04 -9.998708522325912007e-01
-1.741962452325046193e-02 -7.553181384897464119e-04 -9.998479831512294691e-01
-1.871048789722083716e-02 -7.106065623672512023e-04 -9.998246925874455515e-01
-1.992129325204573115e-02 -6.644947385093645130e-04 -9.998013321356558070e-01
-2.104972595803778976e-02 -6.171489076645426822e-04 -9.997782410990599944e-01
-2.209376551615657019e-02 -5.687361644665421892e-04 -9.997557428035419580e-01
-2.305168642850414021e-02 -5.194239267913272531e-04 -9.997341412345827072e-01
-2.392205814273330386e-02 -4.693794145114188617e-04 -9.997137180267792189e-01
-2.470374409255800610e-02 -4.187691390649379928e-04 -9.996947298302004681e-01
-2.539589985861199356e-02 -3.677584051694274530e-04 -9.996774060723578881e-01
-2.599797047571528533e-02 -3.165108259236678267e-04 -9.996619471290842940e-01
-2.650968691419692408e-02 -2.651878524549593306e-04 -9.996485229121747640e-01
-2.693106176430711332e-02 -2.139483191854077242e-04 -9.996372718763053555e-01
-2.726238415395485296e-02 -1.629480057091651276e-04 -9.996283004425761121e-01
-2.750421393105127385e-02 -1.123392161937330645e-04 -9.996216828310747760e-01
-2.765737514264734326e-02 -6.227037714257984617e-05 -9.996174612901777001e-01
-2.772294884384986224e-02 -1.288565428357701367e-05 -9.996156467059449380e-01
-2.770226527020280133e-02 3.567541072189450328e-05 -9.996162195709596965e-01
-2.759689540785143294e-02 8.327824312100075982e-05 -9.996191312883497826e-01
-2.740864199638132909e-02 1.297935568984367170e-04 -9.996243057835315637e-01
-2.713952999975752234e-02 1.750976550895769928e-04 -9.996316413934643874e-01
-2.679179658129227093e-02 2.190727081344288679e-04 -9.996410130009066863e-01
-2.636788061905121980e-02 2.616070098867252455e-04 -9.996522743793381238e-01
-2.587041179857244369e-02 3.025952109489412701e-04 -9.996652607128582169e-01
-2.530219932022283180e-02 3.419385290596401372e-04 -9.996797912544910236e-01
-2.466622025895036374e-02 3.795449363147720772e-04 -9.996956720859142553e-01
-2.396560761460534220e-02 4.153293230597563898e-04 -9.997126989416735832e-01
-2.320363809139210087e-02 4.492136383447246375e-04 -9.997306600614286332e-01
-2.238371964536648925e-02 4.811270068914819359e-04 -9.997493390346821052e-01
-2.150937883920326157e-02 5.110058225777883590e-04 -9.997685176037451882e-01
-2.059982279678723716e-02 5.213627003723943438e-04 -9.997876668476746165e-01
-1.968916963423718997e-02 5.125062935819714796e-04 -9.998060198027498569e-01
-1.881094826188556626e-02 4.847989053701639737e-04 -9.998229425698180739e-01
-1.799800522106586101e-02 4.386544947017105502e-04 -9.998379282061806705e-01
-1.728241499878711493e-02 3.745365446338363687e-04 -9.998505794075495112e-01
-1.669539412516380522e-02 2.929558034205157336e-04 -9.998605809223083396e-01
-1.626721931622674561e-02 1.944679107183782947e-04 -9.998676627729372601e-01
-1.602714987211240408e-02 7.967092259624770467e-05 -9.998715554719687093e-01
-1.600335448080687090e-02 -5.079725000379019348e-05 -9.998719385113667979e-01
-1.622284251398474486e-02 -1.962614742611971377e-04 -9.998683834743091747e-01
-1.669582253717467532e-02 -3.385794787223530850e-04 -9.998605594487655068e-01
-1.741640296303734528e-02 -4.773684964663740208e-04 -9.998482107591183388e-01
-1.837803004947375501e-02 -6.122632825475910531e-04 -9.998309240789111652e-01
-1.957351921143097445e-02 -7.429169278515886793e-04 -9.998081461417819282e-01
-2.099508761752943292e-02 -8.690016080144620167e-04 -9.997792030635634930e-01
-2.263438800340157597e-02 -9.902092669640853110e-04 -9.997433209521969788e-01
-2.448254363299507547e-02 -1.106252234465719469e-03 -9.996996474764353602e-01
-2.653018433635274953e-02 -1.216863776886456744e-03 -9.996472740627952991e-01
-2.876748354769977090e-02 -1.321798580247010926e-03 -9.995852583927422597e-01
-3.118419626127649086e-02 -1.420833164517023304e-03 -9.995126468785521245e-01
-3.375413319058444966e-02 -1.496340483556122310e-03 -9.994290488316046606e-01
-3.643596918327755840e-02 -1.548502969579822024e-03 -9.993347920078892166e-01
-3.918877103126768013e-02 -1.577572388187248363e-03 -9.992305818680630169e-01
-4.197212139687265392e-02 -1.583867786477454430e-03 -9.991175289438655183e-01
-4.474623863775434307e-02 -1.567773213534174670e-03 -9.989971573835008112e-01
-4.747209184468747373e-02 -1.529735224109401341e-03 -9.988713954414215612e-01
-5.011151044331790816e-02 -1.470260181129264942e-03 -9.987425489348771279e-01
-5.262728777898544041e-02 -1.389911377010619306e-03 -9.986132589204727017e-01
-5.498327819820786333e-02 -1.289305997521549008e-03 -9.984864450458059704e-01
-5.714448725643090504e-02 -1.169111954887427397e-03 -9.983652362017161330e-01
-5.909268314232438840e-02 -1.047450148965237615e-03 -9.982519530293498811e-01
-6.082570453522293669e-02 -9.247190470976318459e-04 -9.981479763167742103e-01
-6.234208439833760496e-02 -8.013129699532689498e-04 -9.980545207865539892e-01
-6.364103997559171499e-02 -6.776209878958349949e-04 -9.979726263320953805e-01
-6.472246112840270016e-02 -5.540258638157153368e-04 -9.979031516785447087e-01
-6.558689712250773129e-02 -4.309030430630596872e-04 -9.978467704538198646e-01
-6.623554196698890062e-02 -3.086196908056814780e-04 -9.978039696274294545e-01
-6.667021839918686743e-02 -1.875337768856113791e-04 -9.977750502485640549e-01
-6.689336060055027511e-02 -6.799320806300463490e-05 -9.977601303907099872e-01
-6.690799571997965711e-02 4.966499258737804435e-05 -9.977591501878868563e-01
-6.670221216724313285e-02 1.825115475112132346e-04 -9.977729129248067430e-01
-6.624989149803023336e-02 3.298772022716080048e-04 -9.978030102697661441e-01
-6.552610608666653569e-02 4.910609618182933903e-04 -9.978507366372465492e-01
-6.450716900498397466e-02 6.653327461089941731e-04 -9.979170240611631160e-01
-6.317067973779898205e-02 8.519360302222079521e-04 -9.980023767449631711e-01
-6.149556605734491505e-02 1.050090458790659161e-03 -9.981068066023947027e-01
-5.946212240264780319e-02 1.258994427061347699e-03 -9.982297710658484258e-01
-5.705204511860392791e-02 1.477827623542294971e-03 -9.983701143887356855e-01
-5.424846490257512199e-02 1.705753531934330741e-03 -9.985260136058228264e-01
-5.103597678337020577e-02 1.941921892771218596e-03 -9.986949302420946584e-01
-4.743175706497013838e-02 2.150643383692771391e-03 -9.988721685467747413e-01
-4.348411615731878621e-02 2.331749801752415908e-03 -9.990514004600014042e-01
-3.924163117134529116e-02 2.485158427076208931e-03 -9.992266633485347160e-01
-3.475300146630567327e-02 2.610871606987655302e-03 -9.993925248762949298e-01
-3.006690086431227163e-02 2.708976085525252337e-03 -9.995442209268998734e-01
-2.523182735823883277e-02 2.779642038269873952e-03 -9.996777657006804541e-01
-2.029595140500788097e-02 2.823121780399844623e-03 -9.997900335335280220e-01
-1.530696409877459543e-02 2.839748125212327497e-03 -9.998788124142896638e-01
-1.031192665331830821e-02 2.829932380530063470e-03 -9.999428296039443165e-01
-5.357122688424858538e-03 2.794161980984142309e-03 -9.999817501753385240e-01
-4.723335981487858382e-04 2.750432588346316248e-03 -9.999961093755986852e-01
4.328539607232177906e-03 2.699017172698673240e-03 -9.999869927884822429e-01
9.032106110356371426e-03 2.640208341344825460e-03 -9.999557275195201100e-01
1.362552112217303713e-02 2.574317006787205792e-03 -9.999038577017480556e-01
1.809651879464431457e-02 2.501671006687632235e-03 -9.998331181592274852e-01
2.243344211098933713e-02 2.422613684709931658e-03 -9.997454066269545470e-01
2.662526968599814373e-02 2.337502441210815261e-03 -9.996427549301842852e-01
3.066163944053465484e-02 2.246707262669097975e-03 -9.995272995247499459e-01
3.453286914457921047e-02 2.150609238533088188e-03 -9.994012517929243833e-01
3.822997385144784321e-02 2.049599073833885225e-03 -9.992668684771335297e-01
4.174468027167086565e-02 1.944075605473229466e-03 -9.991264226168381501e-01
4.506943815801681130e-02 1.834444329565209720e-03 -9.989821753326663112e-01
4.819742879301112254e-02 1.721115946609539727e-03 -9.988363487769605920e-01
5.112257068682674044e-02 1.604504930619016830e-03 -9.986911005418795950e-01
5.383952260652303395e-02 1.485028127633978038e-03 -9.985484997856567402e-01
5.634368406728472445e-02 1.363103388350480954e-03 -9.984105053051600676e-01
5.863119342265831618e-02 1.239148238884044953e-03 -9.982789457490891527e-01
6.069892369397623250e-02 1.113578593003228170e-03 -9.981555021315313692e-01
6.254447627944449695e-02 9.868075085115639387e-04 -9.980416927707007613e-01
6.416617268105317962e-02 8.592439898449161966e-04 -9.979388607429631186e-01
6.556304438290033731e-02 7.312918383945024928e-04 -9.978481639081412391e-01
6.673482100808235395e-02 6.033485515717244623e-04 -9.977705675289749720e-01
6.768191687340038842e-02 4.758042712052943605e-04 -9.977068394758105141e-01
6.840541605217322074e-02 3.490407815073779145e-04 -9.976575479774020261e-01
6.890705604583904909e-02 2.234305565647985009e-04 -9.976230618503629799e-01
6.918921015516470152e-02 9.933585710286338410e-05 -9.976035531135083456e-01
6.925486863212802768e-02 -2.289212386974979509e-05 -9.975990018692382222e-01
6.910761868423623278e-02 -1.429140670009135597e-04 -9.976092033123609149e-01
6.875162339448605275e-02 -2.604032846011783246e-04 -9.976337767074336949e-01
6.819159961261703207e-02 -3.750464311615271358e-04 -9.976721761588838167e-01
6.743279486696236724e-02 -4.865441667489230418e-04 -9.977237029839085558e-01
6.648096334122052808e-02 -5.946117735322010642e-04 -9.977875194864702646e-01
6.534234095695973243e-02 -6.989797255522272029e-04 -9.978626639216067185e-01
6.402361960068174429e-02 -7.993942116960888649e-04 -9.979480664327671224e-01
6.253192053381496918e-02 -8.956176116747748776e-04 -9.980425657409285334e-01
6.087476702503715614e-02 -9.874289246463918354e-04 -9.981449263628197066e-01
5.906005624675899485e-02 -1.074624149980914342e-03 -9.982538561366171015e-01
5.709603048130378750e-02 -1.157016619535490044e-03 -9.983680238369144755e-01
5.499124768713626460e-02 -1.234437280708197693e-03 -9.984860766665214493e-01
5.275455148123422977e-02 -1.306734929468588401e-03 -9.986066574206109436e-01
5.039504060014900894e-02 -1.373776392529853620e-03 -9.987284211287866809e-01
4.792203790923577761e-02 -1.435446657833329854e-03 -9.988500509926484527e-01
4.534505903671540855e-02 -1.491648952563230483e-03 -9.989702734502250436e-01
4.267378071641506065e-02 -1.542304767998668117e-03 -9.990878722140512647e-01
3.991800892998945832e-02 -1.587353830640564041e-03 -9.992017011464850995e-01
3.708764694592200928e-02 -1.626754019221122744e-03 -9.993106958538831019e-01
3.419266335843554327e-02 -1.660481227410192349e-03 -9.994138839002406627e-01
3.124306023441695418e-02 -1.688529172272077924e-03 -9.995103935606242107e-01
2.824884148041635276e-02 -1.710909148793358101e-03 -9.995994610549123749e-01
2.521998154458583025e-02 -1.727649731091419330e-03 -9.996804362227719176e-01
2.216639456997428551e-02 -1.738796421218666418e-03 -9.997527866211507463e-01
1.909790411582642025e-02 -1.744411246792223558e-03 -9.998161000456217140e-01
1.602421356241294503e-02 -1.744572308996806230e-03 -9.998700854963946671e-01
1.295487731244800676e-02 -1.739373282822691703e-03 -9.999145726284919267e-01
9.899272898363915135e-03 -1.728922871704975054e-03 -9.999495097432190560e-01
6.866574099679402174e-03 -1.713344219018503528e-03 -9.999749603944481091e-01
3.865725168510884477e-03 -1.692774279149552837e-03 -9.999910986981765948e-01
9.054162540562691111e-04 -1.667363151105550863e-03 -9.999982034471668335e-01
-2.005939891231836580e-03 -1.637273377833878404e-03 -9.999966511440679939e-01
-4.860229849915730441e-03 -1.602679214596705506e-03 -9.999869080761782936e-01
-7.649660057835230495e-03 -1.563765869888563906e-03 -9.999695215628339184e-01
-1.036677584772655383e-02 -1.520728722485449342e-03 -9.999451105122774131e-01
-1.300447897359379573e-02 -1.473772518278136266e-03 -9.999143554287439617e-01
-1.555604358131045667e-02 -1.423110550568384503e-03 -9.998779880124322172e-01
-1.801513060089359949e-02 -1.368963827495992686e-03 -9.998367804950417659e-01
-2.037580054558943421e-02 -1.311560230219120269e-03 -9.997915348517337764e-01
-2.263252471219883225e-02 -1.251133665392529029e-03 -9.997430720268092319e-01
-2.478019478583396926e-02 -1.187923215381558959e-03 -9.996922213052115147e-01
-2.681413086043266114e-02 -1.122172289517324234e-03 -9.996398099552937788e-01
-2.873008789378532837e-02 -1.054127779544738845e-03 -9.995866532602877275e-01
-3.052426062249331828e-02 -9.840392222436847476e-04 -9.995335450467448535e-01
-3.219328696814071494e-02 -9.121579720191446729e-04 -9.994812488080541124e-01
-3.373424997101032163e-02 -8.387363860626318151e-04 -9.994304895101543407e-01
-3.514467829191399162e-02 -7.640270244888209324e-04 -9.993819461549331429e-01
-3.642254532616243101e-02 -6.882818676517504742e-04 -9.993362451647060940e-01
-3.756626697641105017e-02 -6.117515526478413401e-04 -9.992939546387835659e-01
-3.857469813314193946e-02 -5.346846308213930657e-04 -9.992555795206179425e-01
-3.944712791294496118e-02 -4.573268479048691248e-04 -9.992215577015383099e-01
-4.018327370561946416e-02 -3.799204482533859693e-04 -9.991922570747820975e-01
-4.078327408151545541e-02 -3.027035044720870205e-04 -9.991679735415528452e-01
