0.000000000000000000e+00 0.000000000000000000e+00 1.000000000000000000e+00
-4.138959745702773576e-06 3.519516818871470942e-04 9.999999380564393858e-01
-1.365540686991662262e-05 1.055825736954736204e-03 9.999994425226160777e-01
-2.978770783717234389e-05 2.111587670236710155e-03 9.999977701526154839e-01
-5.377403235700951812e-05 3.519196493498696812e-03 9.999938061630149200e-01
-8.685229479194945157e-05 5.278602765020621798e-03 9.999860643076622368e-01
-1.302600633685532057e-04 7.389745976752023528e-03 9.999726869703567944e-01
-1.852344280097791983e-04 9.852551289561740228e-03 9.999514452818665244e-01
-2.530118176201138461e-04 1.266692561746434950e-02 9.999197392693188746e-01
-3.348277576729364333e-04 1.583275306189166343e-02 9.998745980476028139e-01
-4.319165589738661794e-04 1.934988969729348890e-02 9.998126800640162459e-01
-5.455109285062755822e-04 2.321815770960286573e-02 9.997302734089841270e-01
-6.768414933078706472e-04 2.743733888939164922e-02 9.996232962072594264e-01
-8.271362283826415914e-04 3.200716748187754784e-02 9.994872971055978050e-01
-9.976197797232516130e-04 3.692732239632801061e-02 9.993174558744696290e-01
-1.189512673608010508e-03 4.219741877784450451e-02 9.991085841429350189e-01
-1.404030403447173361e-03 4.781699894500680836e-02 9.988551262873602843e-01
-1.642382385588877190e-03 5.378552269741562059e-02 9.985511604961917476e-01
-1.905770775659292645e-03 6.010235699779703511e-02 9.981904000345299677e-01
-2.195389137208456683e-03 6.676676503402848017e-02 9.977661947337529424e-01
-2.512420954666941871e-03 7.377789466721608458e-02 9.972715327329264579e-01
-2.858037982893375101e-03 8.113476627280240272e-02 9.966990425002045795e-01
-3.233398425913404546e-03 8.883625998261383827e-02 9.960409951638644621e-01
-3.639644937821769934e-03 9.688110233677292571e-02 9.952893071840297479e-01
-4.077902439245537081e-03 1.052678523555044543e-01 9.944355433975174963e-01
-4.549275743253295042e-03 1.139948870420593174e-01 9.934709204695824081e-01
-5.054846985147314412e-03 1.230603863292685229e-01 9.923863107876357281e-01
-5.595672851198431504e-03 1.324623174836244976e-01 9.911722468332690994e-01
-6.172781602081932502e-03 1.421984189822692868e-01 9.898189260701181214e-01
-6.787169887552149845e-03 1.522661838798517187e-01 9.883162163862466709e-01
-7.439799349758811735e-03 1.626628426838991892e-01 9.866536621308197308e-01
-8.131593013564478861e-03 1.733853457591361114e-01 9.848204907858472135e-01
-8.863431463274297137e-03 1.844303452830694245e-01 9.828056203147242931e-01
-9.636148806341402265e-03 1.957941767771554098e-01 9.805976672301522923e-01
-1.045052842586776699e-02 2.074728402399572402e-01 9.781849554247976641e-01
-1.130729852508494809e-02 2.194619809109034370e-01 9.755555258087176274e-01
-1.220712746847538860e-02 2.317568696955587815e-01 9.726971467981542219e-01
-1.315061892578547713e-02 2.443523832857240341e-01 9.695973257007529655e-01
-1.413830682688864589e-02 2.572429840101842502e-01 9.662433210426012442e-01
-1.517065013728178570e-02 2.704226994545278484e-01 9.626221558826844049e-01
-1.624802746594183889e-02 2.838851018911573987e-01 9.587206321604253567e-01
-1.737073151933115484e-02 2.976232875634048369e-01 9.545253461218912161e-01
-1.853896341751887569e-02 3.116298558705455912e-01 9.500227048700076171e-01
-1.975282689067839326e-02 3.258968885034764229e-01 9.451989440837108569e-01
-2.101232237662436705e-02 3.404159285838744275e-01 9.400401469503802954e-01
-2.231734104256139634e-02 3.551779598627863299e-01 9.345322643551102759e-01
-2.366765875682359105e-02 3.701733860378053076e-01 9.286611363694028398e-01
-2.506293003908170725e-02 3.853920102512687351e-01 9.224125150806682383e-01
-2.650268202027202327e-02 4.008230148352538436e-01 9.157720888025046024e-01
-2.798630844634672141e-02 4.164549413725497362e-01 9.087255077040777840e-01
-2.951306376284549074e-02 4.322756711462404922e-01 9.012584108950246753e-01
-3.108205732022598783e-02 4.482724060540388966e-01 8.933564550001472648e-01
-3.269224774284880397e-02 4.644316500670556680e-01 8.850053442557400674e-01
-3.434243750746994450e-02 4.807391913162715191e-01 8.761908621566852906e-01
-3.603126778002758296e-02 4.971800848935883921e-01 8.668989046804460585e-01
-3.775721356239503113e-02 5.137386364579676901e-01 8.571155151107818781e-01
-3.951857920357996351e-02 5.303983867408078590e-01 8.468269204803789973e-01
-4.131349433255122883e-02 5.471420970483645840e-01 8.360195696476323546e-01
-4.313991027243557069e-02 5.639517358626636723e-01 8.246801730185113755e-01
-4.499559699821193554e-02 5.808084666459940593e-01 8.127957439197832645e-01
-4.687814070220267665e-02 5.976926369576831544e-01 8.003536416248441254e-01
-4.878494203357809644e-02 6.145837689954396499e-01 7.873416160279992360e-01
-5.071321507971069537e-02 6.314605516770923632e-01 7.737478539572397729e-01
-5.265998715849248141e-02 6.483008343820394481e-01 7.595610271093617971e-01
-5.462209949161586642e-02 6.650816224751417982e-01 7.447703415846600450e-01
-5.659620882926610225e-02 6.817790747391336836e-01 7.293655889913891466e-01
-5.857879009663029962e-02 6.983685028448615162e-01 7.133371990827126474e-01
-6.056614013204224961e-02 7.148243729917862499e-01 6.966762938809393235e-01
-6.255438258539988694e-02 7.311203098541713130e-01 6.793747432354744209e-01
-6.453947404365946439e-02 7.472291029712077037e-01 6.614252217520785182e-01
-6.651721144767298866e-02 7.631227157219734325e-01 6.428212670217239300e-01
-6.848324086133895927e-02 7.787722970285567703e-01 6.235573390675589467e-01
-7.043306764992851576e-02 7.941481959328640094e-01 6.036288809182345227e-01
-7.236206811947784590e-02 8.092199791945441367e-01 5.830323802051085025e-01
-7.426550266325418481e-02 8.239564520590542118e-01 5.617654316696215622e-01
-7.613853045446132561e-02 8.383256823461204821e-01 5.398268004554388488e-01
-7.797622571650880685e-02 8.522950280096686093e-01 5.172164860477729276e-01
-7.977359559329040561e-02 8.658311683206475484e-01 4.939357867096573207e-01
-8.152559963197096582e-02 8.789001388239974233e-01 4.699873642518372918e-01
-8.322717087974233763e-02 8.914673702202438044e-01 4.453753089593952552e-01
-8.487323858386337794e-02 9.034977313207684935e-01 4.201052044842576993e-01
-8.645875247103999850e-02 9.149555762236291079e-01 3.941841924983581213e-01
-8.797870856783342186e-02 9.258047958537940492e-01 3.676210368874872070e-01
-8.942817650832517173e-02 9.360088740077319169e-01 3.404261872507834963e-01
-9.080232825874666458e-02 9.455309480373456088e-01 3.126118414554442948e-01
-9.209646817124411688e-02 9.543338743021717585e-01 2.841920069806219140e-01
-9.330606426045874591e-02 9.623802985114596753e-01 2.551825607686649677e-01
-9.442678057723633001e-02 9.696327310690888712e-01 2.256013072859396340e-01
-9.545451053363859795e-02 9.760536275241615822e-01 1.954680344794940405e-01
-9.638541101263049804e-02 9.816054742183917270e-01 1.648045672998937894e-01
-9.721593707450294775e-02 9.862508792079799358e-01 1.336348184447541942e-01
-9.794287705042431513e-02 9.899526685223932754e-01 1.019848359619304479e-01
-9.856338779168230535e-02 9.926739878052308619e-01 6.988284733611639654e-02
-9.907502982139429482e-02 9.943784093630334553e-01 3.735929966787451123e-02
-9.947580211396386818e-02 9.950300446263744547e-01 4.446895540014199344e-03
-9.976417620660779639e-02 9.945936620037393316e-01 -2.881937584709604039e-02
-9.993912932715726116e-02 9.930348100824719637e-01 -6.240221270209115462e-02
-1.000001762033613517e-01 9.903199461023525219e-01 -9.626198027313701000e-02
-9.994739920142475809e-02 9.864165695961165659e-01 -1.303566965344960527e-01
-9.978147642585137589e-02 9.812933610573773002e-01 -1.646420243896928037e-01
-9.950370739921807206e-02 9.749203254599676516e-01 -1.990712708586279689e-01
-9.911017075970915413e-02 9.674336934425811219e-01 -2.329146248782362205e-01
-9.860553583095570118e-02 9.588778936424741106e-01 -2.661393112684657392e-01
-9.799486866043688460e-02 9.492977497237120588e-01 -2.987152284019018444e-01
-9.728358420961376318e-02 9.387383521131839048e-01 -3.306148969542554439e-01
-9.647739908524703700e-02 9.272449362386716576e-01 -3.618134038961317578e-01
-9.558228512479208239e-02 9.148627672392497523e-01 -3.922883421981366858e-01
-9.460442411727978951e-02 9.016370310973108593e-01 -4.220197467047540618e-01
-9.355016390981367447e-02 8.876127321227849087e-01 -4.509900266152996329e-01
-9.242597611902314547e-02 8.728345967034695230e-01 -4.791838949927473834e-01
-9.123841563675653965e-02 8.573469832206618291e-01 -5.065882957034316680e-01
-8.999408209019063576e-02 8.411937980163162187e-01 -5.331923281726542729e-01
-8.869958338855804536e-02 8.244184172865985927e-01 -5.589871703231534816e-01
-8.736150146200533095e-02 8.070636147668276417e-01 -5.839660000452959743e-01
-8.598636027281666983e-02 7.891714950642505499e-01 -6.081239155298072685e-01
-8.458059615547090793e-02 7.707834324877761434e-01 -6.314578547759193139e-01
-8.315053051981736998e-02 7.519400152175649277e-01 -6.539665145700412907e-01
-8.170234493111043494e-02 7.326809946521564143e-01 -6.756502692125018195e-01
-8.024205856176484797e-02 7.130452397664959197e-01 -6.965110892526120701e-01
-7.877550799249619096e-02 6.930706963107311491e-01 -7.165524604752971927e-01
-7.730832932498743482e-02 6.727943506769011872e-01 -7.357793033658740489e-01
-7.584594255435465893e-02 6.522521982585698375e-01 -7.541978932632482646e-01
-7.439353813743750099e-02 6.314792161270051940e-01 -7.718157813958903546e-01
-7.295606568226903343e-02 6.105093398466189258e-01 -7.886417169794501802e-01
-7.153822467492866599e-02 5.893754442520107162e-01 -8.046855705398082703e-01
-7.014445715228827261e-02 5.681093280090684372e-01 -8.199582586107568849e-01
-6.877894222285364789e-02 5.467417017831217585e-01 -8.344716699413669003e-01
-6.744559233290532696e-02 5.253021798380974605e-01 -8.482385933344476214e-01
-6.614805117137387280e-02 5.038192748919569919e-01 -8.612726472243539266e-01
-6.488969310426104253e-02 4.823203960553744674e-01 -8.735882110897462693e-01
-6.367362402785416153e-02 4.608318496826256938e-01 -8.852003587847775412e-01
-6.250268352939013228e-02 4.393788429659720718e-01 -8.961247938605639840e-01
-6.137944824412082390e-02 4.179854901074252505e-01 -9.063777869377067642e-01
-6.030623629882724684e-02 3.966748209046470075e-01 -9.159761151800642764e-01
-5.928511273364139855e-02 3.754687915908564988e-01 -9.249370039099316099e-01
-5.831789579647968236e-02 3.543882977719670646e-01 -9.332780703952696655e-01
-5.740616400739068786e-02 3.334531893077385400e-01 -9.410172698306265016e-01
-5.655126389359586142e-02 3.126822869874942290e-01 -9.481728435249189291e-01
-5.575431829988187343e-02 2.920934008548948801e-01 -9.547632693012726435e-01
-5.501623518321811790e-02 2.717033500403703838e-01 -9.608072141066613669e-01
-5.433771680495724787e-02 2.515279839640661153e-01 -9.663234888221173824e-01
-5.371926923866953557e-02 2.315822047765483949e-01 -9.713310052578145726e-01
-5.316121211650656764e-02 2.118799909090146039e-01 -9.758487353113223239e-01
-5.266368854193428928e-02 1.924344216093530069e-01 -9.798956722618020754e-01
-5.222667510167144922e-02 1.732577023450764253e-01 -9.834907941678368015e-01
-5.184999191467398044e-02 1.543611909588981090e-01 -9.866530293319522027e-01
-5.153331266097960217e-02 1.357554244675079347e-01 -9.894012237906788521e-01
-5.127617453813472503e-02 1.174501463989292144e-01 -9.917541107852118065e-01
-5.107798809773737847e-02 9.945433456867261435e-02 -9.937302821643290152e-01
-5.093804691931761580e-02 8.177622919973855098e-02 -9.953481616682179345e-01
-5.085553708331869843e-02 6.442336129633893793e-02 -9.966259800392154311e-01
-5.082954640931747897e-02 4.740258118599682824e-02 -9.975817519031737746e-01
-5.085907342981584728e-02 3.072008714942542698e-02 -9.982332543632083111e-01
-5.094303607393284306e-02 1.438145406227220313e-02 -9.985980072459427204e-01
-5.108028003911961601e-02 -1.608338022573436998e-03 -9.986932549390320490e-01
-5.126958683259901645e-02 -1.724487541888115524e-02 -9.985359497576922205e-01
-5.150968146759368066e-02 -3.252428253952669573e-02 -9.981427367771853465e-01
-5.179923980254791394e-02 -4.744319387549258971e-02 -9.975299400676790329e-01
-5.213689551446926834e-02 -6.199872627521464674e-02 -9.967135502676088832e-01
-5.252124670021643404e-02 -7.618845157397406698e-02 -9.957092134316034571e-01
-5.295086210204374283e-02 -9.001036961907309120e-02 -9.945322210891659465e-01
-5.342428695598364780e-02 -1.034628817327080536e-01 -9.931975014506343458e-01
-5.394004846371214246e-02 -1.165447646507725005e-01 -9.917196116974442699e-01
-5.449666089040521022e-02 -1.292551449722907642e-01 -9.901127312943843739e-01
-5.509263029276404572e-02 -1.415934741508020900e-01 -9.883906562623459013e-01
-5.572645888287140054e-02 -1.535595040557913848e-01 -9.865667943510161297e-01
-5.639664903484969266e-02 -1.651532631291965925e-01 -9.846541610520359589e-01
-5.710170694243257850e-02 -1.763750331591170672e-01 -9.826653763943220543e-01
-5.784014593654519115e-02 -1.872253266901023061e-01 -9.806126624645312706e-01
-5.861048947282387900e-02 -1.977048650868169499e-01 -9.785078415970138721e-01
-5.941127379970398414e-02 -2.078145572654553352e-01 -9.763623351790431393e-01
-6.024105031827380746e-02 -2.175554791050161585e-01 -9.741871630186229591e-01
-6.109838764554434420e-02 -2.269288535484433877e-01 -9.719929432237413014e-01
-6.198187339312746097e-02 -2.359360314016914206e-01 -9.697898925435598505e-01
-6.289011567355917709e-02 -2.445784728369774230e-01 -9.675878271236902917e-01
-6.382174434665956186e-02 -2.528577296048401535e-01 -9.653961636294023929e-01
-6.477541201839463747e-02 -2.607754279581269707e-01 -9.632239206923350894e-01
-6.574979480470836968e-02 -2.683332522896769157e-01 -9.610797206380250479e-01
-6.674359287273171071e-02 -2.755329294842525090e-01 -9.589717914533294474e-01
-6.775553077165989702e-02 -2.823762139841932695e-01 -9.569079689545914036e-01
-6.878435756542504442e-02 -2.888648735673121637e-01 -9.548956991191747123e-01
-6.982884677908751669e-02 -2.950006758347315516e-01 -9.529420405447752707e-01
-7.088779617063192817e-02 -3.007853754056492024e-01 -9.510536670026956685e-01
-7.196002733958926922e-02 -3.062207018154331495e-01 -9.492368700530438019e-01
-7.304438518362141308e-02 -3.113083481129627073e-01 -9.474975616915853882e-01
-7.413973721390403060e-02 -3.160499601527539393e-01 -9.458412769997355252e-01
-7.524497273983311862e-02 -3.204471265771278721e-01 -9.442731767709251489e-01
-7.635900193326547458e-02 -3.245013694834910645e-01 -9.427980500883093029e-01
-7.748075478218710566e-02 -3.282141357716980012e-01 -9.414203168305078639e-01
-7.860917994339154669e-02 -3.315867891664423528e-01 -9.401440300837730080e-01
-7.974324350344499934e-02 -3.346206029096814305e-01 -9.389728784406707884e-01
-8.088192765692119035e-02 -3.373167531182200141e-01 -9.379101881670406371e-01
-8.202422931060900091e-02 -3.396763128017695754e-01 -9.369589252206571572e-01
-8.316915862213236643e-02 -3.417002465370436726e-01 -9.361216971066668169e-01
-8.431573748117815459e-02 -3.433894057937487143e-01 -9.354007545565046211e-01
-8.546299794130511607e-02 -3.447445249086741326e-01 -9.347979930186172126e-01
-8.660998061010787008e-02 -3.457662177044711904e-01 -9.343149539509248980e-01
-8.775573300533576204e-02 -3.464549747501300403e-01 -9.339528259065557059e-01
-8.889930788441879894e-02 -3.468111612606154526e-01 -9.337124454059680945e-01
-9.003976155473246423e-02 -3.468350156335947010e-01 -9.335942975901627694e-01
-9.117615217184178722e-02 -3.465266486216841413e-01 -9.335985166512527078e-01
-9.230753803290202286e-02 -3.458860431391456158e-01 -9.337248860382312277e-01
-9.343297587236018553e-02 -3.449130547024756854e-01 -9.339728384373393588e-01
-9.455151916709793325e-02 -3.436074125048453887e-01 -9.343414555279976330e-01
-9.566221645818226427e-02 -3.419687211248567116e-01 -9.348294675168278278e-01
-9.676410969644562432e-02 -3.399964628705833825e-01 -9.354352524538529501e-01
-9.785623261920076144e-02 -3.376900007603484966e-01 -9.361568353365310458e-01
-9.893760916550752016e-02 -3.350485821421556043e-01 -9.369918870088465024e-01
-1.000072519375476560e-01 -3.320713429541303219e-01 -9.379377228642593600e-01
-1.010641607158279109e-01 -3.287573126287344771e-01 -9.389913013628966576e-01
-1.021073210361203437e-01 -3.251054196438868393e-01 -9.401492223749602362e-01
-1.031357028362600708e-01 -3.211144977244503873e-01 -9.414077253639263620e-01
-1.041482591811516978e-01 -3.167832926978259578e-01 -9.427626874247243549e-01
-1.051439250745855453e-01 -3.121104700076173244e-01 -9.442096211937016648e-01
-1.061216163667295792e-01 -3.070946228894990693e-01 -9.457436726488189782e-01
-1.070802287664407021e-01 -3.017342812135193619e-01 -9.473596188201609536e-01
-1.080186369678258901e-01 -2.960279209971017900e-01 -9.490518654325077463e-01
-1.089356939007767866e-01 -2.899739745929647006e-01 -9.508144445033800407e-01
-1.098302301154960442e-01 -2.835708415560510010e-01 -9.526410119216490724e-01
-1.107010533113265555e-01 -2.768169001933487583e-01 -9.545248450334937740e-01
-1.115469480204807906e-01 -2.697105198001778503e-01 -9.564588402641855946e-01
-1.123666754575416149e-01 -2.622500735861166832e-01 -9.584355108058857375e-01
-1.131589735458638363e-01 -2.544339522932383968e-01 -9.604469844033527437e-01
-1.139225571322402819e-01 -2.462605785087141341e-01 -9.624850012711723135e-01
-1.146561184014029400e-01 -2.377284216731174182e-01 -9.645409121778346639e-01
-1.153583275021008436e-01 -2.288360137849215492e-01 -9.666056767336987932e-01
-1.160278333966262704e-01 -2.195819658007202024e-01 -9.686698619215873274e-01
-1.166632649457414461e-01 -2.099649847296117255e-01 -9.707236409104519348e-01
-1.172632322409824235e-01 -1.999838914189690786e-01 -9.727567921942299467e-01
-1.178263281962768777e-01 -1.896376390274643609e-01 -9.747586990996728318e-01
-1.183511304107003892e-01 -1.789253321797268370e-01 -9.767183497085645261e-01
-1.188362033140024088e-01 -1.678462467953823478e-01 -9.786243372413507835e-01
-1.192801006062504943e-01 -1.563998505834481301e-01 -9.804648609507671253e-01
-1.196813680025597820e-01 -1.445858241911371078e-01 -9.822277275755769699e-01
-1.200385462933855618e-01 -1.324040829940585084e-01 -9.839003534059995726e-01
-1.203501747302502811e-01 -1.198547995125853333e-01 -9.854697670138181653e-01
-1.206147947460438630e-01 -1.069384264367928966e-01 -9.869226127014995020e-01
-1.208309540181672220e-01 -9.365572023985635486e-02 -9.882451547259198943e-01
-1.209972108817754105e-01 -8.000776535712861293e-02 -9.894232823534674370e-01
-1.211121390992085517e-01 -6.599599890530463697e-02 -9.904425158043714816e-01
-1.211743329903676863e-01 -5.162223591311494025e-02 -9.912880131450788612e-01
-1.211824129272897066e-01 -3.688869503188261373e-02 -9.919445781883501345e-01
-1.211350311944928149e-01 -2.179802469102710277e-02 -9.923966694614708706e-01
-1.210308782147945655e-01 -6.353329660207860177e-03 -9.926284103035519779e-01
-1.208686891382406564e-01 9.441802023723832801e-03 -9.926236001533207398e-01
-1.206472507895198359e-01 2.558327181045110671e-02 -9.923657270890605675e-01
-1.203654089667727245e-01 4.206644311986063034e-02 -9.918379816824373085e-01
-1.200220760820274457e-01 5.888611360881559897e-02 -9.910232722278352613e-01
-1.196162391306098416e-01 7.603648727820025433e-02 -9.899042414085041930e-01
-1.191469679737807430e-01 9.351114648151298558e-02 -9.884632844602760926e-01
-1.186134239155484243e-01 1.113030239004885735e-01 -9.866825688928330118e-01
-1.180229931675882971e-01 1.287112281831995775e-01 -9.846339380919251205e-01
-1.173773747680663393e-01 1.457324417985933485e-01 -9.823363001125750005e-01
-1.166783061014962652e-01 1.623639475927676490e-01 -9.798082060414282646e-01
-1.159275545491604831e-01 1.786035964776743479e-01 -9.770678362530073047e-01
-1.151269096235758710e-01 1.944497754779827003e-01 -9.741329882083162861e-01
-1.142781755888733486e-01 2.099013761929433286e-01 -9.710210657215058161e-01
-1.133831645661368681e-01 2.249577637252533346e-01 -9.677490696204437137e-01
-1.124436901201992800e-01 2.396187461242431926e-01 -9.643335897274055712e-01
-1.114615613221118656e-01 2.538845443861971196e-01 -9.607907980866735587e-01
-1.104385772794799353e-01 2.677557630502854780e-01 -9.571364433666006422e-01
-1.093765221250789371e-01 2.812333614244392210e-01 -9.533858463646350812e-01
-1.082771604526205772e-01 2.943186254715345895e-01 -9.495538965449027424e-01
-1.071422331872158018e-01 3.070131403824880034e-01 -9.456550495391826683e-01
-1.059734538769666334e-01 3.193187638592855926e-01 -9.417033255434826833e-01
-1.047725053911995885e-01 3.312376001275952331e-01 -9.377123085438999750e-01
-1.035410370101160216e-01 3.427719746954265290e-01 -9.336951463070342072e-01
-1.022806618900661685e-01 3.539244098713216213e-01 -9.296645510718858363e-01
-1.009929548882399220e-01 3.646976010527718803e-01 -9.256328008819133535e-01
-9.967945073029660374e-02 3.750943937929618333e-01 -9.216117414977260669e-01
-9.834164250431440268e-02 3.851177616515411017e-01 -9.176127888327438864e-01
-9.698098046441544495e-02 3.947707848329131131e-01 -9.136469318560530573e-01
-9.559887112750338478e-02 4.040566296135018609e-01 -9.097247359086155782e-01
-9.419667664672430607e-02 4.129785285576130227e-01 -9.058563463809459204e-01
-9.277571444551814539e-02 4.215397615198371861e-01 -9.020514927023357554e-01
-9.133725709645638957e-02 4.297436374304448026e-01 -8.983194925936908160e-01
-8.988253242945162813e-02 4.375934768588932711e-01 -8.946692565380233164e-01
-8.841272385436710346e-02 4.450925953493951037e-01 -8.911092924246262204e-01
-8.692897088354017976e-02 4.522442875214827684e-01 -8.876477103249234002e-01
-8.543236984025459613e-02 4.590518119276385534e-01 -8.842922273599530536e-01
-8.392397473974423650e-02 4.655183766593362082e-01 -8.810501726213809670e-01
-8.240479832987968045e-02 4.716471256922527555e-01 -8.779284921098641226e-01
-8.087581327926965380e-02 4.774411259609543379e-01 -8.749337536564848472e-01
-7.933795350109837385e-02 4.829033551530256263e-01 -8.720721517948505364e-01
-7.779211560160941008e-02 4.880366902123978723e-01 -8.693495125533011736e-01
-7.623916044273260084e-02 4.928438965415255502e-01 -8.667712981384855242e-01
-7.467991480892800793e-02 4.973276178920615909e-01 -8.643426114833584473e-01
-7.311517316888520301e-02 5.014903669337792413e-01 -8.620682006344100312e-01
-7.154569952326372828e-02 5.053345164916772658e-01 -8.599524629546675403e-01
-6.997222933018744373e-02 5.088622914414816512e-01 -8.579994491207106888e-01
-6.839547150070926507e-02 5.120757612541099180e-01 -8.562128668936122011e-01
-6.681611045693947037e-02 5.149768331800925747e-01 -8.545960846453554138e-01
-6.523480824597896466e-02 5.175672460654406892e-01 -8.531521346238961634e-01
-6.365220670321561358e-02 5.198485647910048302e-01 -8.518837159416242644e-01
-6.206892965892538833e-02 5.218221753279816966e-01 -8.507931972735418569e-01
-6.048558518246872906e-02 5.234892804028864477e-01 -8.498826192530180013e-01
-5.890276785868480552e-02 5.248508957660136254e-01 -8.491536965544972393e-01
-5.732106109136086286e-02 5.259078470581538545e-01 -8.486078196540415286e-01
-5.574103942888977703e-02 5.266607672711098864e-01 -8.482460562600696585e-01
-5.416327090742488470e-02 5.271100947983603513e-01 -8.480691524081281907e-01
-5.258831940699700003e-02 5.272560720730455897e-01 -8.480775332149882439e-01
-5.101674701617320284e-02 5.270987447912933721e-01 -8.482713032888117288e-01
-4.944911640091034788e-02 5.266379617197579632e-01 -8.486502467935753691e-01
-4.788599317328800370e-02 5.258733750871060764e-01 -8.492138271673819183e-01
-4.632794825579537173e-02 5.248044415600459089e-01 -8.499611864957274943e-01
-4.477556023679512415e-02 5.234304238053538727e-01 -8.508911445422360220e-01
-4.322941771269351446e-02 5.217503926402005110e-01 -8.520021974408192866e-01
-4.169012161221173629e-02 5.197632297739123164e-01 -8.532925160546737109e-01
-4.015828749797792363e-02 5.174676311451179567e-01 -8.547599440089906908e-01
-3.863454784044369206e-02 5.148621108590171191e-01 -8.564019954057330297e-01
-3.711955425887419197e-02 5.119450057302652457e-01 -8.582158522303208192e-01
-3.561397972386728256e-02 5.087144804376896312e-01 -8.601983614615803519e-01
-3.411852071552683163e-02 5.051685332977300380e-01 -8.623460318978362071e-01
-3.263389933104868940e-02 5.013050026641301393e-01 -8.646550307135765223e-01
-3.116086533507712517e-02 4.971215739619812002e-01 -8.671211797626939832e-01
-2.970019814575626527e-02 4.926157873647430407e-01 -8.697399516459010105e-01
-2.825270874893744122e-02 4.877850461233178003e-01 -8.725064655615429876e-01
-2.681924153251170548e-02 4.826266255566394880e-01 -8.754154829606805022e-01
-2.540067603231979665e-02 4.771376827135481169e-01 -8.784614030289916720e-01
-2.399792858055236830e-02 4.713152667159427045e-01 -8.816382580197520413e-01
-2.261195384699498170e-02 4.651563297933445362e-01 -8.849397084638831457e-01
-2.124374626289847814e-02 4.586577390190424430e-01 -8.883590382848260969e-01
-1.989434131667047051e-02 4.518162887579332265e-01 -8.918891498477861113e-01
-1.856481670999189995e-02 4.446287138360033309e-01 -8.955225589747131121e-01
-1.725629336236918915e-02 4.370917034411180846e-01 -8.992513899582282866e-01
-1.596993625154273858e-02 4.292019157643839899e-01 -9.030673706095708742e-01
-1.470695507659226450e-02 4.209559933908254004e-01 -9.069618273775327255e-01
-1.346860473001532804e-02 4.123505794474573993e-01 -9.109256805772517618e-01
-1.225618556451409796e-02 4.033823345160426621e-01 -9.149494397696623649e-01
-1.107104343971450355e-02 3.940479543168801668e-01 -9.190231993343324080e-01
-9.914569533569507834e-03 3.843441881688837714e-01 -9.231366342803614122e-01
-8.788199902772715968e-03 3.742678582299664436e-01 -9.272789963419566517e-01
-7.693414776139147725e-03 3.638158795203403906e-01 -9.314391104072470284e-01
-6.631737564606365529e-03 3.529852807297746420e-01 -9.356053713308258857e-01
-5.604733571281458535e-03 3.417732258081124241e-01 -9.397657411824303919e-01
-4.614008384818344896e-03 3.301770363364379124e-01 -9.439077469860570613e-01
-3.661205939366735714e-03 3.181942146741914557e-01 -9.480184790056762623e-01
-2.748006224400469447e-03 3.058224678752605730e-01 -9.520845896355283333e-01
-1.876122627921002336e-03 2.930597323636200402e-01 -9.560922929547569504e-01
-1.047298896853934760e-03 2.799041993564532205e-01 -9.600273650078494647e-01
-2.633056989254364344e-04 2.663543410198608297e-01 -9.638751448739948380e-01
4.740632290657996852e-04 2.524089373392475744e-01 -9.676205365900362176e-01
1.162995360863743836e-03 2.380671036832769927e-01 -9.712480119931605760e-01
1.801664101552242223e-03 2.233283190368955395e-01 -9.747416145508365215e-01
2.388233961642241120e-03 2.081924548753562587e-01 -9.780849642467547289e-01
2.920866195158072255e-03 1.926598046474180814e-01 -9.812612635926422078e-01
3.397724910808419541e-03 1.767311138319662689e-01 -9.842533048367893000e-01
3.816983663467614970e-03 1.604076105281959930e-01 -9.870434784409358731e-01
4.176832531085085745e-03 1.436910365352304098e-01 -9.896137828977973339e-01
4.475485679774626746e-03 1.265836788726145690e-01 -9.919458359619500731e-01
4.711189417201289316e-03 1.090884016885443758e-01 -9.940208873670315359e-01
4.890484919899123518e-03 9.190961462850937014e-02 -9.957553440008206636e-01
5.014167200188985977e-03 7.505445648577122042e-02 -9.971668295218147904e-01
5.083124245764168193e-03 5.852942325614354790e-02 -9.982727421253813072e-01
5.098328571846012444e-03 4.234039595205668638e-02 -9.990902347262931027e-01
5.060829058483836893e-03 2.649266837451441647e-02 -9.996361966938097643e-01
4.971743092210893257e-03 1.099097477726281719e-02 -9.999272370791466580e-01
4.832249027984261876e-03 -4.160482638229108521e-03 -9.999796692743814219e-01
4.643578984259688278e-03 -1.895800645419808486e-02 -9.998094970413020643e-01
4.407011981183761584e-03 -3.339837704757676884e-02 -9.994324018483852212e-01
4.123867429224968746e-03 -4.747882592974671245e-02 -9.988637314539957623e-01
3.795498973110034840e-03 -6.119700946042976042e-02 -9.981184896739995205e-01
3.423288693679024837e-03 -7.455098297739981561e-02 -9.972113272722706867e-01
3.008641668217256534e-03 -8.753917538014047151e-02 -9.961565339130360464e-01
2.552980887958383738e-03 -1.001603642021598461e-01 -9.949680311146189560e-01
2.057742529774389713e-03 -1.124136512034060176e-01 -9.936593661449092396e-01
1.524371577567248644e-03 -1.242984385111076950e-01 -9.922437067997864624e-01
9.543177875456753658e-04 -1.358144053343978697e-01 -9.907338370067406697e-01
3.490319904001688584e-04 -1.469614852752647305e-01 -9.891421531970631120e-01
-2.900372776283755179e-04 -1.577398442557151059e-01 -9.874806613912064934e-01
-9.614468236659776774e-04 -1.681498590785311664e-01 -9.857609749432252322e-01
-1.663761536729162129e-03 -1.781920966366514758e-01 -9.839943128915996651e-01
-2.395556826091453564e-03 -1.878672937840105972e-01 -9.821914988652036271e-01
-3.155420770230420602e-03 -1.971763378786273446e-01 -9.803629604946955123e-01
-3.941955987487881855e-03 -2.061202480068368148e-01 -9.785187292811790005e-01
-4.753781239873912726e-03 -2.147001568958147588e-01 -9.766684408755941238e-01
-5.589532781655274715e-03 -2.229172935199401628e-01 -9.748213357239455812e-01
-6.447865464499457668e-03 -2.307729664050809371e-01 -9.729862600351544266e-01
-7.327453611005107018e-03 -2.382685476335642816e-01 -9.711716670300195586e-01
-8.226991668446242273e-03 -2.454054575514032777e-01 -9.693856184314968427e-01
-9.145194654499104805e-03 -2.521851501782912397e-01 -9.676357861582352005e-01
-1.008079840661416787e-02 -2.586090993199396948e-01 -9.659294541850514948e-01
-1.103255964654870601e-02 -2.646787853815204539e-01 -9.642735205357737538e-01
-1.199925587139416723e-02 -2.703956828802722701e-01 -9.626744993756284341e-01
-1.297968508222360415e-02 -2.757612486547424413e-01 -9.611385231720962485e-01
-1.397266536125353099e-02 -2.807769107676484910e-01 -9.596713448949025782e-01
-1.497703430816732864e-02 -2.854440580989596188e-01 -9.582783402275443230e-01
-1.599164834598886670e-02 -2.897640306255055975e-01 -9.569645097644837728e-01
-1.701538190663011429e-02 -2.937381103832181206e-01 -9.557344811698575970e-01
-1.804712650596957887e-02 -2.973675131079892009e-01 -9.545925112752581265e-01
-1.908578971805361887e-02 -3.006533805510887558e-01 -9.535424880958385252e-01
-2.013029405775352415e-02 -3.035967734651121019e-01 -9.525879327456797663e-01
-2.117957578096136065e-02 -3.061986652565231726e-01 -9.517320012350277691e-01
-2.223258361116987533e-02 -3.084599363010146478e-01 -9.509774861336712792e-01
-2.328827740105898075e-02 -3.103813689181157409e-01 -9.503268180863779779e-01
-2.434562673750598552e-02 -3.119636430017375117e-01 -9.497820671679451099e-01
-2.540360949825092030e-02 -3.132073323036477230e-01 -9.493449440670475026e-01
-2.646121036828390921e-02 -3.141129013672068759e-01 -9.490168010896823381e-01
-2.751741932388010459e-02 -3.146807031090688711e-01 -9.487986329746205261e-01
-2.857123009209057082e-02 -3.149109770469474268e-01 -9.486910775148750252e-01
-2.962163859340573649e-02 -3.148038481719691584e-01 -9.486944159807910726e-01
-3.066764137524240902e-02 -3.143593264645666574e-01 -9.488085733419552303e-01
-3.170823404386641925e-02 -3.135773070533092732e-01 -9.490331182867048909e-01
-3.274240970235095527e-02 -3.124575710165163334e-01 -9.493672630396071677e-01
-3.376915740218583428e-02 -3.109997868269425148e-01 -9.498098629788569447e-01
-3.478746061619474028e-02 -3.092035124402642832e-01 -9.503594160571313676e-01
-3.579629574048584506e-02 -3.070681980285211998e-01 -9.510140620310233439e-01
-3.679463063325517924e-02 -3.045931893600729579e-01 -9.517715815057674611e-01
-3.778142319838084101e-02 -3.017777318280165932e-01 -9.526293948035661208e-01
-3.875562002188841920e-02 -2.986209751293614767e-01 -9.535845606654245188e-01
-3.971615506953234120e-02 -2.951219785975791043e-01 -9.546337747980113697e-01
-4.066194845392251400e-02 -2.912797171914215943e-01 -9.557733682786766494e-01
-4.159190527982867952e-02 -2.870930881431355552e-01 -9.569993058333815528e-01
-4.250491457651395244e-02 -2.825609182693781807e-01 -9.583071840039295575e-01
-4.339984832618145466e-02 -2.776819719482646609e-01 -9.596922292225289475e-01
-4.427556059786116188e-02 -2.724549597660373412e-01 -9.611492958133694975e-01
-4.513088679631437061e-02 -2.668785478368386754e-01 -9.626728639425565781e-01
-4.596464303578760152e-02 -2.609513677989881986e-01 -9.642570375394174942e-01
-4.677562564870198919e-02 -2.546720274910046489e-01 -9.658955422138731928e-01
-4.756261083961436237e-02 -2.480391223103679266e-01 -9.675817231962534626e-01
-4.832435449502757441e-02 -2.410512472576828435e-01 -9.693085433276292795e-01
-4.905959215985553762e-02 -2.337070096684765730e-01 -9.710685811304297088e-01
-4.976703919155722744e-02 -2.260050426343332974e-01 -9.728540289908119698e-01
-5.044539110313857322e-02 -2.179440191144362826e-01 -9.746566914859544628e-01
-5.109332410637523747e-02 -2.095226667378440322e-01 -9.764679838911364262e-01
-5.170949586672657361e-02 -2.007397832959708361e-01 -9.782789309031632019e-01
-5.229254648148513179e-02 -1.915942529237657233e-01 -9.800801656183761867e-01
-5.284109969272947349e-02 -1.820850629669862331e-01 -9.818619288051563254e-01
-5.335376434661382589e-02 -1.722113215317380708e-01 -9.836140685124810101e-01
-5.382913611042828422e-02 -1.619722757110972078e-01 -9.853260400577225075e-01
-5.426579945868995059e-02 -1.513673304821417653e-01 -9.869869064384771962e-01
-5.466232993927041400e-02 -1.403960682650964020e-01 -9.885853392147794239e-01
-5.501729673021971828e-02 -1.290582691345275312e-01 -9.901096199095803518e-01
-5.532926549750281225e-02 -1.173539316706218028e-01 -9.915476419768499694e-01
-5.559680156331260614e-02 -1.052832944365324763e-01 -9.928869133880838804e-01
-5.581847339395511198e-02 -9.284685806558451437e-02 -9.941145598893564861e-01
-5.599285641550803827e-02 -8.004540793979221525e-02 -9.952173289823524893e-01
-5.611853716452532698e-02 -6.688003743865952866e-02 -9.961815946840165692e-01
-5.619411777998797181e-02 -5.335217173460546358e-02 -9.969933631205829538e-01
-5.621822084147731075e-02 -3.946359210858528532e-02 -9.976382790127656941e-01
-5.618949455716245461e-02 -2.521646075656377994e-02 -9.981016331098029326e-01
-5.610661830364080394e-02 -1.061334605444296496e-02 -9.983683706308389416e-01
-5.596830851794242639e-02 4.342751754144974496e-03 -9.984231007727868423e-01
-5.577332494009838715e-02 1.964837448609356441e-02 -9.982501073443328377e-01
-5.552047720257437258e-02 3.529957960549529039e-02 -9.978333605861022804e-01
-5.520863176057885097e-02 5.129191351467965454e-02 -9.971565302372037420e-01
-5.483671915476590053e-02 6.762038459926111855e-02 -9.962029999083794607e-01
-5.440374159516375013e-02 8.427943608065258108e-02 -9.949558828218136863e-01
-5.390878085227006344e-02 1.012629187334161823e-01 -9.933980389772618658e-01
-5.335100643816435145e-02 1.185640635288374989e-01 -9.915120938035606457e-01
-5.272968405719850871e-02 1.361754542702138249e-01 -9.892804583537383456e-01
-5.204828478951620957e-02 1.537417011768318909e-01 -9.867393093298276741e-01
-5.130744934742473284e-02 1.712571168292322810e-01 -9.838894982586917637e-01
-5.050789332272595522e-02 1.887160368642957220e-01 -9.807319763060953210e-01
-4.965040622926714109e-02 2.061128223301995910e-01 -9.772677938207549042e-01
-4.873585044956248169e-02 2.234418620122992916e-01 -9.734980998381083106e-01
-4.776516008713278805e-02 2.406975747275932331e-01 -9.694241415444202481e-01
-4.673933972634576606e-02 2.578744115855073904e-01 -9.650472637018780997e-01
-4.565946310167051658e-02 2.749668582128182437e-01 -9.603689080353671192e-01
-4.452667167838685047e-02 2.919694369406195533e-01 -9.553906125816487016e-01
-4.334217314691246603e-02 3.088767089513317354e-01 -9.501140110016990104e-01
-4.210723983302880336e-02 3.256832763838474754e-01 -9.445408318569927797e-01
-4.082320702639943844e-02 3.423837843950087723e-01 -9.386728978505494148e-01
-3.949147122988268255e-02 3.589729231757144978e-01 -9.325121250335813849e-01
-3.811348833224283139e-02 3.754454299200644107e-01 -9.260605219786125497e-01
-3.669077170696181944e-02 3.917960907460569242e-01 -9.193201889199540400e-01
-3.522489023994486435e-02 4.080197425664712774e-01 -9.122933168624480782e-01
-3.371746628900004761e-02 4.241112749086793920e-01 -9.049821866594061071e-01
-3.217017357805233846e-02 4.400656316822520453e-01 -8.973891680606852495e-01
-3.058473502912735509e-02 4.558778128933420604e-01 -8.895167187318604451e-01
-2.896292053520929666e-02 4.715428763049490657e-01 -8.813673832454618218e-01
-2.730654467714054012e-02 4.870559390422909418e-01 -8.729437920452550737e-01
-2.561746438778776322e-02 5.024121791426310324e-01 -8.642486603845523918e-01
-2.389757656675083053e-02 5.176068370490312098e-01 -8.552847872395439310e-01
-2.214881564893627156e-02 5.326352170476252867e-01 -8.460550541986449069e-01
-2.037315113035679734e-02 5.474926886481272792e-01 -8.365624243288535267e-01
-1.857258505455228539e-02 5.621746879074130954e-01 -8.268099410201129595e-01
-1.674914946305577218e-02 5.766767186961322400e-01 -8.168007268086694417e-01
-1.490490381335045356e-02 5.909943539084260289e-01 -8.065379821804097293e-01
-1.304193236778065229e-02 6.051232366149466024e-01 -7.960249843551580051e-01
-1.116234155689104293e-02 6.190590811594849363e-01 -7.852650860528985755e-01
-9.268257320674508012e-03 6.327976741996295118e-01 -7.742617142428831478e-01
-7.361822431209750703e-03 6.463348756919875537e-01 -7.630183688765660444e-01
-5.445193800165437463e-03 6.596666198226074362e-01 -7.515386216052963864e-01
-3.520539774638329657e-03 6.727889158833448846e-01 -7.398261144836802972e-01
-1.590037424778703405e-03 6.856978490950165206e-01 -7.278845586595067418e-01
3.441301733624741160e-04 6.983895813782807771e-01 -7.157177330511117486e-01
2.279776656353455812e-03 7.108603520732785785e-01 -7.033294830130338848e-01
4.214715089885220749e-03 7.231064786091562224e-01 -6.907237189907909913e-01
6.146760679906882775e-03 7.351243571246749431e-01 -6.779044151655844175e-01
8.073733475077083180e-03 7.469104630411940171e-01 -6.648756080897113563e-01
9.993461057255008384e-03 7.584613515893871005e-01 -6.516413953134388981e-01
1.190378121679782145e-02 7.697736582911222092e-01 -6.382059340040671103e-01
1.380254460947785873e-02 7.808440993980015898e-01 -6.245734395578788067e-01
1.568761739188271123e-02 7.916694722881165713e-01 -6.107481842056440291e-01
1.755688383221411589e-02 8.022466558226274413e-01 -5.967344956123179500e-01
1.940824889345720006e-02 8.125726106638271329e-01 -5.825367554715392693e-01
2.123964078594994115e-02 8.226443795563928019e-01 -5.681593980955056411e-01
2.304901348644339265e-02 8.324590875735649043e-01 -5.536069090007688098e-01
2.483434922080634058e-02 8.420139423300289083e-01 -5.388838234904623770e-01
2.659366090759309256e-02 8.513062341632988694e-01 -5.239947252334401506e-01
2.832176912322613427e-02 8.601542227647879235e-01 -5.092470811414351317e-01
3.001740754174637982e-02 8.685710791427853072e-01 -4.946546622825842010e-01
3.167945502422669923e-02 8.765700319482357949e-01 -4.802305596436161617e-01
3.330693103838223285e-02 8.841643371354365177e-01 -4.659872020538596282e-01
3.489899087064154276e-02 8.913672491748504401e-01 -4.519363746473432086e-01
3.645492067255948904e-02 8.981919937834839107e-01 -4.380892377771340995e-01
3.797413238070333069e-02 9.046517421355414479e-01 -4.244563463003913628e-01
3.945615854640056180e-02 9.107595865136921542e-01 -4.110476691568725194e-01
4.090064710901922251e-02 9.165285173592467860e-01 -3.978726091678138621e-01
4.230735614377576642e-02 9.219714016778284282e-01 -3.849400229861953404e-01
4.367614861244609181e-02 9.271009627557027510e-01 -3.722582411333906771e-01
4.500698714280477325e-02 9.319297611408016158e-01 -3.598350880610822200e-01
4.629992886014584058e-02 9.364701768416046068e-01 -3.476779021810844084e-01
4.755512029185483824e-02 9.407343926964156777e-01 -3.357935558093587680e-01
4.877279236371264565e-02 9.447343788651781926e-01 -3.241884749740172045e-01
4.995325550442252655e-02 9.484818783957837951e-01 -3.128686590404914369e-01
5.109689487276697362e-02 9.519883938168400839e-01 -3.018397001102924859e-01
5.220416571982271908e-02 9.552651747090482592e-01 -2.911068021528951943e-01
5.327558889679245846e-02 9.583232062076960656e-01 -2.806747998332542182e-01
5.431174651725100694e-02 9.611731983892698450e-01 -2.705481770002917119e-01
5.531327778095103398e-02 9.638255764958313376e-01 -2.607310848043918328e-01
5.628087496478858393e-02 9.662904719515650331e-01 -2.512273594144945332e-01
5.721527958508866585e-02 9.685777141267776225e-01 -2.420405393078012835e-01
5.811727873403450817e-02 9.706968228056077619e-01 -2.331738821073906787e-01
5.898770159182684797e-02 9.726570013147702864e-01 -2.246303809451953015e-01
5.982741611501921769e-02 9.744671302718067585e-01 -2.164127803298126762e-01
6.063732590042691245e-02 9.761357619125362595e-01 -2.085235915005188012e-01
6.141836722304783169e-02 9.776711149586824190e-01 -2.009651072506236646e-01
6.217150624555785321e-02 9.790810699879943790e-01 -1.937394162049584645e-01
6.289773639614770762e-02 9.803731652705692801e-01 -1.868484165378178075e-01
6.359807591074757849e-02 9.815545930365162652e-01 -1.802938291191013842e-01
6.427356553503565939e-02 9.826321961415727113e-01 -1.740772100777114584e-01
6.492526638104247072e-02 9.836124650987851936e-01 -1.681999627724709012e-01
6.555425793264012257e-02 9.845015354458966916e-01 -1.626633491619345340e-01
6.616163619373921501e-02 9.853051854196342996e-01 -1.574685005654801739e-01
6.674851197260288360e-02 9.860288339096637822e-01 -1.526164278089882920e-01
6.731600929532155497e-02 9.866775386665628256e-01 -1.481080307492566583e-01
6.786526394117066430e-02 9.872559947397673286e-01 -1.439441071720534149e-01
6.839742209229229819e-02 9.877685331230549037e-01 -1.401253610593925503e-01
6.891363908989653342e-02 9.882191195867486844e-01 -1.366524102222266279e-01
6.941507828896618937e-02 9.886113536774506771e-01 -1.335257932952960969e-01
6.990291000326606663e-02 9.889484678677420426e-01 -1.307459760913591285e-01
7.037831053230164668e-02 9.892333268399249313e-01 -1.283133573124544125e-01
7.084246126173962543e-02 9.894684268895118651e-01 -1.262282736162282926e-01
7.129654782869163099e-02 9.896558954358106730e-01 -1.244910040356908276e-01
7.174175934316956438e-02 9.897974906285876839e-01 -1.231017737510588378e-01
7.217928765694557602e-02 9.898946010414346741e-01 -1.220607572126025803e-01
7.261032667098883675e-02 9.899482454440999835e-01 -1.213680806136418627e-01
7.303607167260424415e-02 9.899590726476867886e-01 -1.210238237130414757e-01
7.345771869336324700e-02 9.899273614182596548e-01 -1.210280210067412321e-01
7.387646387889378052e-02 9.898530204560372914e-01 -1.213806622480268493e-01
7.429350286158357963e-02 9.897355884389913427e-01 -1.220816923164099455e-01
7.471003012724908299e-02 9.895742341313082946e-01 -1.231310104351435869e-01
7.512723836683024570e-02 9.893677565588093747e-01 -1.245284687375597527e-01
7.554631780419031328e-02 9.891145852550656814e-01 -1.262738701825812659e-01
7.596845549112947460e-02 9.888127805835820183e-01 -1.283669658199390051e-01
7.639483456076280599e-02 9.884600341430648252e-01 -1.308074514058203131e-01
7.682663343046750026e-02 9.880536692644283914e-01 -1.335949633698919614e-01
7.726502494567283330e-02 9.875906416098352292e-01 -1.367290741348863303e-01
7.771117545585114195e-02 9.870675398857042815e-01 -1.402092867902162143e-01
7.816624381416992229e-02 9.864805866832618841e-01 -1.440350291214002876e-01
7.863138029238743443e-02 9.858256394618477580e-01 -1.482056469974388502e-01
7.910772540271840403e-02 9.850981916918241099e-01 -1.527203971186872344e-01
7.959640861856574767e-02 9.842933741755695021e-01 -1.575784391282343821e-01
8.009854698621135527e-02 9.834059565666676272e-01 -1.627788270903135492e-01
8.061524361978715525e-02 9.824303491090246032e-01 -1.683205003398555721e-01
8.114758607211053354e-02 9.813606046192626664e-01 -1.742022737079471084e-01
8.169664457426871473e-02 9.801904207373450806e-01 -1.804228271286832386e-01
8.226347013717964785e-02 9.789131424719789143e-01 -1.869806946337095876e-01
8.284909250874551712e-02 9.775217650689209670e-01 -1.938742527416395245e-01
8.345451798065375848e-02 9.760089372318727641e-01 -2.011017082505114628e-01
8.408072703937377601e-02 9.743669647271850920e-01 -2.086610854425249018e-01
8.472867185644983312e-02 9.725878144051062213e-01 -2.165502127114667386e-01
8.539927361380601767e-02 9.706631186717854520e-01 -2.247667086245154766e-01
8.609341966046313299e-02 9.685841804476890138e-01 -2.333079674314948726e-01
8.681196049782358148e-02 9.663419786494833463e-01 -2.421711440361455636e-01
8.755570659151391821e-02 9.639271742337965909e-01 -2.513531384455959250e-01
8.832542500869004776e-02 9.613301168425636423e-01 -2.608505797159465511e-01
8.912183588071168061e-02 9.585408520908945684e-01 -2.706598094137407373e-01
8.994560869218394539e-02 9.555491295395679430e-01 -2.807768646150766156e-01
9.079735839855052060e-02 9.523444113953333234e-01 -2.911974604662324051e-01
9.167764137570588723e-02 9.489158819831969849e-01 -3.019169723319231613e-01
9.258695120647937593e-02 9.452524580357566375e-01 -3.129304175596893112e-01
9.352571431033196436e-02 9.413427998454300116e-01 -3.242324368914371591e-01
9.449428542420122701e-02 9.371753233260777805e-01 -3.358172755558071487e-01
9.549294294413131212e-02 9.327382130310394315e-01 -3.476787640778406518e-01
9.652188413913469212e-02 9.280194361749707355e-01 -3.598102988453492079e-01
9.758122025064965011e-02 9.230067577070785179e-01 -3.722048224744598510e-01
9.867097149298185987e-02 9.176877564833721967e-01 -3.848548040200157061e-01
9.979106197224671404e-02 9.120498425853879043e-01 -3.977522190798500890e-01
1.009413145435584525e-01 9.060802758324618678e-01 -4.108885298454206803e-01
1.021214456285372552e-01 8.997661855340245429e-01 -4.242546651548841918e-01
1.033310600176204075e-01 8.930945915275395608e-01 -4.378410006084059169e-01
1.045696456841597177e-01 8.860524265465981042e-01 -4.516373388093255503e-01
1.058365686398557021e-01 8.786265599622889999e-01 -4.656328897987335735e-01
1.071310678637068248e-01 8.708038229392711660e-01 -4.798162517550416117e-01
1.084522503393271498e-01 8.625710350459676601e-01 -4.941753920342449868e-01
1.097990862381906380e-01 8.539150323559525635e-01 -5.086976286307663964e-01
1.111704042890782895e-01 8.448226970748997644e-01 -5.233696121430174708e-01
1.125648873767142871e-01 8.352809887243873854e-01 -5.381773083321138573e-01
1.139875385819238141e-01 8.256655753563316713e-01 -5.525243867181843793e-01
1.154359227500457441e-01 8.159944515009334154e-01 -5.664164563798672614e-01
1.169076939250002778e-01 8.062850385102586781e-01 -5.798594889933398333e-01
1.184005982742263874e-01 7.965541872783710176e-01 -5.928597846524135129e-01
1.199124764508824742e-01 7.868181820424190454e-01 -6.054239387403552719e-01
1.214412654265887431e-01 7.770927451813063325e-01 -6.175588098631867862e-01
1.229849998279899520e-01 7.673930429311949242e-01 -6.292714888503976312e-01
1.245418128102028094e-01 7.577336919397387183e-01 -6.405692688254633893e-01
1.261099364998045369e-01 7.481287665836006129e-01 -6.514596163452710531e-01
1.276877020394414086e-01 7.385918069764683125e-01 -6.619501436045195364e-01
1.292735392654073556e-01 7.291358275974411107e-01 -6.720485816983681193e-01
1.308659760486843016e-01 7.197733264723034097e-01 -6.817627549340486981e-01
1.324636373289642954e-01 7.105162948428244141e-01 -6.911005561798260199e-01
1.340652438701085969e-01 7.013762272618233595e-01 -7.000699232375778847e-01
1.356696107643537430e-01 6.923641320543055810e-01 -7.086788162233650379e-01
1.372756457113675777e-01 6.834905420875085902e-01 -7.169351959386606188e-01
1.388823470970007024e-01 6.747655257951856722e-01 -7.248470032134030072e-01
1.404888018952847595e-01 6.661986984039025561e-01 -7.324221392007157494e-01
1.420941834159102912e-01 6.577992333115205703e-01 -7.396684466019940452e-01
1.436977489180832901e-01 6.495758735703868192e-01 -7.465936918000859457e-01
1.452988371103214327e-01 6.415369434300458584e-01 -7.532055478774826174e-01
1.468968655544171664e-01 6.336903598965248907e-01 -7.595115784957752192e-01
1.484913279904719330e-01 6.260436442674245372e-01 -7.655192226121236843e-01
1.500817915986018825e-01 6.186039336041676551e-01 -7.712357800081084402e-01
1.516678942116356787e-01 6.113779921048188015e-01 -7.766683976060965167e-01
1.532493414918748298e-01 6.043722223428856788e-01 -7.818240565481329174e-01
1.548259040837712264e-01 5.975926763394500130e-01 -7.867095600123704680e-01
1.563974147531980718e-01 5.910450664378504859e-01 -7.913315217421594827e-01
1.579637655228534054e-01 5.847347759519500032e-01 -7.956963552631347580e-01
1.595249048122418245e-01 5.786668695607722901e-01 -7.998102637639479262e-01
1.610808345896320437e-01 5.728461034239781258e-01 -8.036792306166975486e-01
1.626316075423868690e-01 5.672769349942798911e-01 -8.073090105135997119e-01
1.641773242711102587e-01 5.619635325044595175e-01 -8.107051211970097704e-01
1.657181305121523951e-01 5.569097841081637190e-01 -8.138728357605523600e-01
1.672542143921599556e-01 5.521193066550996731e-01 -8.168171754998283518e-01
1.687858037175549997e-01 5.475954540826514227e-01 -8.195429032919474555e-01
1.703131633010710744e-01 5.433413254072740894e-01 -8.220545174839724023e-01
1.718365923267700657e-01 5.393597723003160649e-01 -8.243562462712519245e-01
1.733564217543069885e-01 5.356534062341528069e-01 -8.264520425475662124e-01
1.748730117626014491e-01 5.322246051857099092e-01 -8.283455792099947423e-01
1.763867492325138786e-01 5.290755198855959796e-01 -8.300402449024506524e-01
1.778980452676098833e-01 5.262080796021686435e-01 -8.315391401828944318e-01
1.794073327516281513e-01 5.236239974509185879e-01 -8.328450741003468050e-01
1.809150639408429184e-01 5.213247752205807384e-01 -8.339605611689536735e-01
1.824217080891325504e-01 5.193117077083720945e-01 -8.348878187275231566e-01
1.839277491032284551e-01 5.175858865577140921e-01 -8.356287646741396014e-01
1.854336832253243306e-01 5.161482035927256184e-01 -8.361850155666722406e-01
1.869400167399718204e-01 5.149993536446801912e-01 -8.365578850812203093e-01
1.884472637019759811e-01 5.141398368665007768e-01 -8.367483828217832098e-01
1.899559436818311908e-01 5.135699605322314731e-01 -8.367572134756955382e-01
1.914592552214158527e-01 5.127013985806700980e-01 -8.369472078262936154e-01
1.929566455660088886e-01 5.115338529341281193e-01 -8.373176514555410455e-01
1.944475564002073054e-01 5.100668342889648210e-01 -8.378675143321677732e-01
1.959314215947827453e-01 5.082996640755412798e-01 -8.385954499860361899e-01
1.974076649731148769e-01 5.062314769943895287e-01 -8.394997943505906335e-01
1.988756981016901182e-01 5.038612241315191254e-01 -8.405785642793862644e-01
2.003349181093286857e-01 5.011876766565784846e-01 -8.418294557441253767e-01
2.017847055400168454e-01 4.982094301083508370e-01 -8.432498417230686050e-01
2.032244222444708481e-01 4.949249092728002508e-01 -8.448367697901463247e-01
2.046534093158459966e-01 4.913323736595741065e-01 -8.465869594165646994e-01
2.060709850753244254e-01 4.874299235835208299e-01 -8.484967989981930803e-01
2.074764431136696397e-01 4.832155068583824375e-01 -8.505623426235284779e-01
2.088690503952209676e-01 4.786869261103681716e-01 -8.527793065985649346e-01
2.102480454312165015e-01 4.738418467198032835e-01 -8.551430657464506035e-01
2.116126365297748557e-01 4.686778053994675730e-01 -8.576486495013966316e-01
2.129620001303336729e-01 4.631922194185886799e-01 -8.602907378179058817e-01
2.142952792308317755e-01 4.573823964817286813e-01 -8.630636569180231144e-01
2.156115819164306502e-01 4.512455452719913995e-01 -8.659613749009656969e-01
2.169099799990942823e-01 4.447787866680807944e-01 -8.689774972411817844e-01
2.181895077778833181e-01 4.379791656447470927e-01 -8.721052622025931012e-01
2.194491609303622914e-01 4.308436638660628759e-01 -8.753375361985202829e-01
2.206878955460665481e-01 4.233692129807724025e-01 -8.786668091285509963e-01
2.219046273135203140e-01 4.155527086286441851e-01 -8.820851897254000651e-01
2.230982308728361452e-01 4.073910251663255266e-01 -8.855844009466186106e-01
2.242675393464511613e-01 3.988810311206428261e-01 -8.891557754478405240e-01
2.254113440610619745e-01 3.900196053766061821e-01 -8.927902511760983373e-01
2.265283944743001487e-01 3.808036541065553116e-01 -8.964783671236009610e-01
2.276173983201372486e-01 3.712301284459212924e-01 -9.002102592842358142e-01
2.286770219874143806e-01 3.612960429199699175e-01 -9.039756568569307094e-01
2.297058911462468989e-01 3.509984946246307302e-01 -9.077638787418879085e-01
2.307025916373536822e-01 3.403346831630983393e-01 -9.115638303775716045e-01
2.316656706395902598e-01 3.293019313383125368e-01 -9.153640009681912604e-01
2.325936381311181911e-01 3.178977065996794193e-01 -9.191524611532629896e-01
2.334849686597081919e-01 3.061196432404800216e-01 -9.229168611726495941e-01
2.343381034376413874e-01 2.939655653403256408e-01 -9.266444295822643396e-01
2.351514527765298512e-01 2.814335104447550084e-01 -9.303219725773652637e-01
2.359233988771136659e-01 2.685217539716256430e-01 -9.339358739820617927e-01
2.366522989886949146e-01 2.552288343313298680e-01 -9.374720959652864671e-01
2.373364889523268406e-01 2.415535787450613092e-01 -9.409161805450482197e-01
2.379742871411775484e-01 2.274951297423720431e-01 -9.442532519442639050e-01
2.385639988106190434e-01 2.130529723160933531e-01 -9.474680198628545602e-01
2.391039208695420470e-01 1.982269617093453395e-01 -9.505447837320732951e-01
2.395923470831534119e-01 1.830173518058340332e-01 -9.534674380182002196e-01
2.400275737160628142e-01 1.674248240909332885e-01 -9.562194786437702154e-01
2.404079056227992894e-01 1.514505171471750011e-01 -9.587840105953915337e-01
2.407316627910029705e-01 1.350960566437306165e-01 -9.611437567879407284e-01
2.409971873404049281e-01 1.183635857752645820e-01 -9.632810682554749926e-01
2.412028509783279429e-01 1.012557961011842644e-01 -9.651779357395701142e-01
2.413470629098050102e-01 8.377595873180689046e-02 -9.668160027459513639e-01
2.414282781975152503e-01 6.592795580332239114e-02 -9.681765801402257843e-01
2.414527949883188418e-01 4.839848855256077831e-02 -9.692048974801960037e-01
2.414215207933415042e-01 3.119436104231874257e-02 -9.699188421399297377e-01
2.413354489694879701e-01 1.432172263315751454e-02 -9.703360698913791049e-01
2.411956501611153825e-01 -2.213903493112519272e-03 -9.704739853159934926e-01
2.410032640495430589e-01 -1.840759184626120440e-02 -9.703497238006716374e-01
2.407594914284806875e-01 -3.425498624437162826e-02 -9.699801350565916414e-01
2.404655866201363124e-01 -4.975227159760052531e-02 -9.693817680986170915e-01
2.401228502436619783e-01 -6.489614591772638330e-02 -9.685708576223951427e-01
2.397326223447098226e-01 -7.968379260799460240e-02 -9.675633117159128105e-01
2.392962758922025091e-01 -9.411285308363934177e-02 -9.663747008421554874e-01
2.388152106459693058e-01 -1.081813997694611312e-01 -9.650202480295960727e-01
2.382908473966549034e-01 -1.218879095169752430e-01 -9.635148202075165536e-01
2.377246225772712551e-01 -1.352312374799242156e-01 -9.618729206236197316e-01
2.371179832439228585e-01 -1.482105914833738713e-01 -9.601086822820016353e-01
2.364723824215890224e-01 -1.608255069181906138e-01 -9.582358623403246511e-01
2.357892748093829982e-01 -1.730758221894314608e-01 -9.562678374059295772e-01
2.350701128384190264e-01 -1.849616547440705305e-01 -9.542175996716524278e-01
2.343163430742958853e-01 -1.964833777005384197e-01 -9.520977538332466850e-01
2.335294029552395789e-01 -2.076415970997643745e-01 -9.499205147315480380e-01
2.327107178561290679e-01 -2.184371297947872437e-01 -9.476977056638428154e-01
2.318616984679469639e-01 -2.288709819935385026e-01 -9.454407573103033036e-01
2.309837384816433026e-01 -2.389443284670985379e-01 -9.431607072228253008e-01
2.300782125649639964e-01 -2.486584924335849267e-01 -9.408681998251307022e-01
2.291464746204672220e-01 -2.580149261258464222e-01 -9.385734868745801984e-01
2.281898563127216784e-01 -2.670151920493051279e-01 -9.362864283377628771e-01
2.272096658525400714e-01 -2.756609449346117957e-01 -9.340164936335860757e-01
2.262071870260415341e-01 -2.839539143882479633e-01 -9.317727631992764881e-01
2.251836784563488736e-01 -2.918958882428244750e-01 -9.295639303364088279e-01
2.241403730858013976e-01 -2.994886966075805401e-01 -9.273983032958039718e-01
2.230784778666956292e-01 -3.067341966184798929e-01 -9.252838075618708968e-01
2.219991736487438583e-01 -3.136342578863239305e-01 -9.232279882987096675e-01
2.209036152516606066e-01 -3.201907486404527159e-01 -9.212380129220341107e-01
2.197929317115392411e-01 -3.264055225648774261e-01 -9.193206737627152014e-01
2.186682266899616367e-01 -3.322804063230768157e-01 -9.174823907894831265e-01
2.175305790350847979e-01 -3.378171877671921064e-01 -9.157292143600548329e-01
2.163810434842659003e-01 -3.430176048269614753e-01 -9.140668279716751554e-01
2.152206514981137297e-01 -3.478833350734430452e-01 -9.125005509837670337e-01
2.140504122161880352e-01 -3.524159859523789962e-01 -9.110353412870826340e-01
2.128713135249010457e-01 -3.566170856819451118e-01 -9.096757978954277402e-01
2.116843232285063603e-01 -3.604880748096075949e-01 -9.084261634377004402e-01
2.104903903143829635e-01 -3.640302984228627747e-01 -9.072903265296345943e-01
2.092904463041351804e-01 -3.672449990087637284e-01 -9.062718240062758168e-01
2.080854066823274728e-01 -3.701333099573319019e-01 -9.053738429978386293e-01
2.068761723949554820e-01 -3.726962497042082267e-01 -9.045992228331988239e-01
2.056636314100170893e-01 -3.749347165082090871e-01 -9.039504567568681370e-01
2.044486603327887730e-01 -3.768494838598162588e-01 -9.034296934468755147e-01
2.032321260686300035e-01 -3.784411965170349501e-01 -9.030387383225467746e-01
2.020148875263303168e-01 -3.797103671655011059e-01 -9.027790546327281174e-01
2.007977973551797468e-01 -3.806573737001982538e-01 -9.026517643165461457e-01
1.995817037090797386e-01 -3.812824571266520968e-01 -9.026576486303329316e-01
1.983674520311197731e-01 -3.815857200800015225e-01 -9.027971485358745607e-01
1.971558868521229024e-01 -3.815671259608919841e-01 -9.030703648466688049e-01
1.959478535967101587e-01 -3.812264986876973683e-01 -9.034770581303982473e-01
1.947442003904500674e-01 -3.805635230651415180e-01 -9.040166483673457432e-01
1.935457798616435909e-01 -3.795777457699581192e-01 -9.046882143660004427e-01
1.923534509312488927e-01 -3.782685769547896038e-01 -9.054904929386251577e-01
1.911680805843717079e-01 -3.766352924720778872e-01 -9.064218778410825239e-01
1.899905456166393891e-01 -3.746770367202378882e-01 -9.074804184827491849e-01
1.888217343486379429e-01 -3.723928261149194174e-01 -9.086638184138866592e-01
1.876625483014237039e-01 -3.697815531886551321e-01 -9.099694335993849803e-01
1.865139038259262805e-01 -3.668419913226482199e-01 -9.113942704893552849e-01
1.853767336788367248e-01 -3.635728001148770261e-01 -9.129349838986130505e-01
1.842519885373279098e-01 -3.599725313890697609e-01 -9.145878747086803040e-01
1.831406384446837565e-01 -3.560396358494344327e-01 -9.163488874075282897e-01
1.820436741786219392e-01 -3.517724703863036595e-01 -9.182136074838926909e-01
1.809621085337849988e-01 -3.471693060380718343e-01 -9.201772586946195265e-01
1.798969775095483614e-01 -3.422283366149527217e-01 -9.222347002251410908e-01
1.788493413939542531e-01 -3.369476879901672772e-01 -9.243804237648356459e-01
1.778202857342319754e-01 -3.313254280641758087e-01 -9.266085505206987927e-01
1.768109221840097056e-01 -3.253595774074910518e-01 -9.289128281944386556e-01
1.758223892169662461e-01 -3.190481205874448611e-01 -9.312866279498100974e-01
1.748558526963162885e-01 -3.123890181840232039e-01 -9.337229413987143678e-01
1.739125062891751783e-01 -3.053802194995283159e-01 -9.362143776363175407e-01
1.729935717145138496e-01 -2.980196759663674144e-01 -9.387531603571751537e-01
1.721002988130968525e-01 -2.903053552566983164e-01 -9.413311250860919577e-01
1.712339654275022161e-01 -2.822352560969794144e-01 -9.439397165591933980e-01
1.703958770800577116e-01 -2.738074237896694907e-01 -9.465699862924322749e-01
1.695873664363006239e-01 -2.650199664433953717e-01 -9.492125903765017414e-01
1.688097925413842848e-01 -2.558710719118515442e-01 -9.518577875388636311e-01
1.680645398167222304e-01 -2.463590254405059465e-01 -9.544954375153326120e-01
1.673530168040873733e-01 -2.364822280188609294e-01 -9.571149997753678473e-01
1.666766546443783359e-01 -2.262392154345509443e-01 -9.597055326469181580e-01
1.660369052783348398e-01 -2.156286780239462242e-01 -9.622556928883307936e-01
1.654352393566401458e-01 -2.046494811121717938e-01 -9.647537357564639482e-01
1.648731438470980859e-01 -1.933006861335404003e-01 -9.671875156217355496e-01
1.643521193269266156e-01 -1.815815724213339921e-01 -9.695444871823795108e-01
1.638736769486765499e-01 -1.694916596536499842e-01 -9.718117073316675514e-01
1.634393350688762014e-01 -1.570307309396541673e-01 -9.739758377332716766e-01
1.630506155292262005e-01 -1.441988565280505064e-01 -9.760231481612868798e-01
1.627090395810379397e-01 -1.309964181168904729e-01 -9.779395206626945170e-01
1.624161234446294677e-01 -1.174241337410001640e-01 -9.797104546012075366e-01
1.621733734965783158e-01 -1.034830832103045967e-01 -9.813210726425015684e-01
1.619822810790871037e-01 -8.917473406917661438e-02 -9.827561277417734553e-01
1.618443169272572590e-01 -7.450096804363549874e-02 -9.840000111953833839e-01
1.617609252117951646e-01 -5.946410793977163767e-02 -9.850367618190079000e-01
1.617335171966020890e-01 -4.406694495318219662e-02 -9.858500763152471258e-01
1.617634645128324389e-01 -2.831276634547379850e-02 -9.864233208939825470e-01
1.618520920533479124e-01 -1.220538344002778872e-02 -9.867395442089492708e-01
1.620006704940565867e-01 4.250840114761855054e-03 -9.867814916739648945e-01
1.622104084514054967e-01 2.105095987067099814e-02 -9.865316212220250902e-01
1.624743873687391482e-01 3.749542050078895350e-02 -9.860000842205978167e-01
1.627912748891648109e-01 5.357990147426711092e-02 -9.852046458327575751e-01
1.631596842614576603e-01 6.930065758170372847e-02 -9.841627586344995349e-01
1.635781821786881640e-01 8.465448941028230756e-02 -9.828915478986575138e-01
1.640452962204534126e-01 9.963871410483052249e-02 -9.814077983348897805e-01
1.645595218922511205e-01 1.142511364693938047e-01 -9.797279422183343689e-01
1.651193292582608663e-01 1.284900204595683382e-01 -9.778680488395261605e-01
1.657231691662886530e-01 1.423540611116301258e-01 -9.758438152083755979e-01
1.663694790658919176e-01 1.558423569504376882e-01 -9.736705579454100201e-01
1.670566884227411286e-01 1.689543829141821885e-01 -9.713632062940661394e-01
1.677832237340976529e-01 1.816899638303148823e-01 -9.689362961885721326e-01
1.685475131519059144e-01 1.940492484734033796e-01 -9.664039653128646545e-01
1.693479907214194280e-01 2.060326842322575958e-01 -9.637799490870260222e-01
1.701831002445156338e-01 2.176409924104265592e-01 -9.610775775188955539e-01
1.710512987779141125e-01 2.288751441810999987e-01 -9.583097728597846920e-01
1.719510597774074889e-01 2.397363372145544513e-01 -9.554890480046054346e-01
1.728808758999544060e-01 2.502259729935632504e-01 -9.526275055781837642e-01
1.738392614760814747e-01 2.603456348296421807e-01 -9.497368376510725296e-01
1.748247546655058160e-01 2.700970665906255452e-01 -9.468283260297829518e-01
1.758359193092331740e-01 2.794821521478619841e-01 -9.439128430680198134e-01
1.768713464916189804e-01 2.885028955492787706e-01 -9.410008529472128069e-01
1.779296558260118066e-01 2.971614019226890280e-01 -9.381024133763875561e-01
1.790094964776393627e-01 3.054598591120012419e-01 -9.352271776631979616e-01
1.801095479373582275e-01 3.134005200474335173e-01 -9.323843971097457439e-01
1.812285205597765347e-01 3.209856858494297138e-01 -9.295829236886342661e-01
1.823651558790857219e-01 3.282176896647184816e-01 -9.268312129565331459e-01
1.835182267157086655e-01 3.350988812318422827e-01 -9.241373271643708032e-01
1.846865370865976019e-01 3.416316121725093136e-01 -9.215089385251070686e-01
1.858689219317026520e-01 3.478182220042784767e-01 -9.189533326018755055e-01
1.870642466687870709e-01 3.536610248693728420e-01 -9.164774117811118614e-01
1.882714065883966670e-01 3.591622969738255122e-01 -9.140876987971024992e-01
1.894893261004036988e-01 3.643242647306836890e-01 -9.117903402761909915e-01
1.907169578431448520e-01 3.691490936006323609e-01 -9.095911102706707441e-01
1.919532816657663898e-01 3.736388776231365783e-01 -9.074954137541614285e-01
1.931973034939792055e-01 3.777956296310385764e-01 -9.055082900520210476e-01
1.944480540890196618e-01 3.816212721414767861e-01 -9.036344161820776266e-01
1.957045877092111752e-01 3.851176289160099242e-01 -9.018781100826769315e-01
1.969659806831305648e-01 3.882864171829276123e-01 -9.002433337067323738e-01
1.982313299030066533e-01 3.911292405149023321e-01 -8.987336959621361476e-01
1.994997512466184786e-01 3.936475823553792219e-01 -8.973524554805363262e-01
2.007703779356198315e-01 3.958428001874066959e-01 -8.961025231981162298e-01
2.020423588378990332e-01 3.977161203389739108e-01 -8.949864647336205348e-01
2.033148567212884616e-01 3.992686334193372155e-01 -8.940065025504624341e-01
2.045870464656713017e-01 4.005012903812790181e-01 -8.931645178913220073e-01
2.058581132402926284e-01 4.014148992047459341e-01 -8.924620524751990525e-01
2.071272506528721302e-01 4.020101221978500949e-01 -8.919003099484306141e-01
2.083936588769360609e-01 4.022874739117856535e-01 -8.914801570827094457e-01
2.096565427636375434e-01 4.022473196668041040e-01 -8.912021247146607594e-01
2.109151099442184429e-01 4.018898746870022132e-01 -8.910664084230415227e-01
2.121685689291833987e-01 4.012152038423000833e-01 -8.910728689411313574e-01
2.134161272102059470e-01 4.002232219966191940e-01 -8.912210323033769033e-01
2.146569893707707122e-01 3.989136949619038752e-01 -8.915100897268479763e-01
2.158903552115717384e-01 3.972862410582613246e-01 -8.919388972295539952e-01
2.171154178967369397e-01 3.953403332811193938e-01 -8.925059749891609551e-01
2.183313621270305815e-01 3.930753020769104378e-01 -8.932095064471461399e-01
2.195373623462998081e-01 3.904903387293817141e-01 -8.940473371649257928e-01
2.207325809875760880e-01 3.875844993591995857e-01 -8.950169734399971988e-01
2.219161667654177827e-01 3.843567095400524658e-01 -8.961155806916515365e-01
2.230872530212834604e-01 3.808057695349608696e-01 -8.973399816273374130e-01
2.242449561289565629e-01 3.769303601569651829e-01 -8.986866542022894366e-01
2.253883739672985775e-01 3.727290492587798099e-01 -9.001517293865859415e-01
2.265165844678875551e-01 3.682002988563670143e-01 -9.017309887553589531e-01
2.276286442454001357e-01 3.633424728916954116e-01 -9.034198619194594437e-01
2.287235873189149837e-01 3.581538456401938686e-01 -9.052134238154700974e-01
2.298004239326517373e-01 3.526326107685934796e-01 -9.071063918755669642e-01
2.308581394850081070e-01 3.467768910489565370e-01 -9.090931230993564149e-01
2.318956935751163850e-01 3.405847487347211655e-01 -9.111676110514533855e-01
2.329120191765046144e-01 3.340541966045348365e-01 -9.133234828102255731e-01
2.339060219478135139e-01 3.271832096795058709e-01 -9.155539958947972456e-01
2.348765796908841019e-01 3.199697376192632836e-01 -9.178520351990958615e-01
2.358225419668858180e-01 3.124117178018753216e-01 -9.202101099634218961e-01
2.367427298814994974e-01 3.045070890922328966e-01 -9.226203508157344579e-01
2.376359360504936846e-01 2.962538063029483415e-01 -9.250745069165626777e-01
2.385009247573347535e-01 2.876498553511482315e-01 -9.275639432431821430e-01
2.393364323147418316e-01 2.786932691137471996e-01 -9.300796380504222638e-01
2.401411676423314545e-01 2.693821439828713027e-01 -9.326121805472027404e-01
2.409138130726866667e-01 2.597146571220511069e-01 -9.351517688296212549e-01
2.416530253983228405e-01 2.496890844226223038e-01 -9.376882081131339142e-01
2.423574371721013698e-01 2.393038191584482832e-01 -9.402109093080731617e-01
2.430256582736522175e-01 2.285573913356156728e-01 -9.427088879844339742e-01
2.436562777543006542e-01 2.174484877321419540e-01 -9.451707637735214940e-01
2.442478659728417323e-01 2.059759726209735020e-01 -9.475847602556818350e-01
2.447989770342594573e-01 1.941389091676400946e-01 -9.499387053849309703e-01
2.453081515431372317e-01 1.819365814918635083e-01 -9.522200325028435941e-01
2.457739196830414918e-01 1.693685173801944832e-01 -9.544157819955554345e-01
2.461948046325714845e-01 1.564345116343701658e-01 -9.565126036491642392e-01
2.465693263280461234e-01 1.431346500375436093e-01 -9.584967597601720124e-01
2.468960055819325872e-01 1.294693339178382419e-01 -9.603541290588903934e-01
2.471733685651011370e-01 1.154393052858224966e-01 -9.620702115049152292e-01
2.473999516598071324e-01 1.010456725194855826e-01 -9.636301340148618610e-01
2.475743066889451172e-01 8.628993656712563576e-02 -9.650186571835209781e-01
2.476950065255808242e-01 7.117401763523929781e-02 -9.662201830604396635e-01
2.477606510850383081e-01 5.570028232502999971e-02 -9.672187640446405776e-01
2.477698736998910634e-01 3.987157117753550861e-02 -9.679981129607473367e-01
2.477213478760731391e-01 2.369122658361797959e-02 -9.685416143801774957e-01
2.476137944259799717e-01 7.163121011167943031e-03 -9.688323372512811504e-01
2.474459889718673422e-01 -9.708314502146483255e-03 -9.688530489023290393e-01
2.472167698100724564e-01 -2.691806164639495846e-02 -9.685862304810733958e-01
2.469250461235760752e-01 -4.446048598722866091e-02 -9.680140938942073392e-01
2.465698065271941242e-01 -6.232930802847456986e-02 -9.671186003094141004e-01
2.461578900989171148e-01 -7.983754871459322611e-02 -9.659359493006676178e-01
2.456907488117693328e-01 -9.698078560033362994e-02 -9.644847237599301071e-01
2.451698875484342455e-01 -1.137552189203785841e-01 -9.627831924171974531e-01
2.445968556367672797e-01 -1.301576404249951691e-01 -9.608492941374323637e-01
2.439732388148770081e-01 -1.461854024585175771e-01 -9.587006237833946010e-01
2.433006516330082358e-01 -1.618363873418974530e-01 -9.563544195742574860e-01
2.425807302964387846e-01 -1.771089771157896287e-01 -9.538275518696793798e-01
2.418151259508397599e-01 -1.920020236960142679e-01 -9.511365133090149415e-01
2.410054984090414243e-01 -2.065148194887596877e-01 -9.482974102355935520e-01
2.401535103158853324e-01 -2.206470685085709649e-01 -9.453259553364341539e-01
2.392608217458214448e-01 -2.343988580380155229e-01 -9.422374614283991479e-01
2.383290852261150117e-01 -2.477706308639339994e-01 -9.390468363225952242e-01
2.373599411769545253e-01 -2.607631581213773475e-01 -9.357685786997873567e-01
2.363550137583852462e-01 -2.733775127727037790e-01 -9.324167749306970787e-01
2.353159071128243796e-01 -2.856150437458642721e-01 -9.290050967762816247e-01
2.342442019909297402e-01 -2.974773507526440874e-01 -9.255467999044351135e-01
2.331414527477828347e-01 -3.089662598045532227e-01 -9.220547231609949046e-01
2.320091846956984227e-01 -3.200837994411690479e-01 -9.185412885344649281e-01
2.308488917994721279e-01 -3.308321776830286942e-01 -9.150185017554754996e-01
2.296620346995150719e-01 -3.412137597186487015e-01 -9.114979534736699085e-01
2.284500390480876664e-01 -3.512310463329095800e-01 -9.079908209564349075e-01
2.272142941437218788e-01 -3.608866530818818363e-01 -9.045078702556634820e-01
2.259561518489016652e-01 -3.701832902171861561e-01 -9.010594587905467190e-01
2.246769257761444261e-01 -3.791237433611673313e-01 -8.976555382962271290e-01
2.233778907277808590e-01 -3.877108549325172793e-01 -8.943056580900037300e-01
2.220602823749581733e-01 -3.959475063205017409e-01 -8.910189686086493754e-01
2.207252971616809611e-01 -4.038366008046229139e-01 -8.878042251722783051e-01
2.193740924200480724e-01 -4.113810472153823228e-01 -8.846697919320826164e-01
2.180077866832327016e-01 -4.185837443307879324e-01 -8.816236459611325182e-01
2.166274601831787439e-01 -4.254475660023722128e-01 -8.786733814493037364e-01
2.152341555204436430e-01 -4.319753470037477894e-01 -8.758262139652542855e-01
2.138288784940959864e-01 -4.381698695941183552e-01 -8.730889847502119050e-01
2.124125990800724839e-01 -4.440338507886781860e-01 -8.704681650101619983e-01
2.109862525469044792e-01 -4.495699303274703351e-01 -8.679698601748255804e-01
2.095507406982352050e-01 -4.547806593340202874e-01 -8.655998140936028706e-01
2.081069332320594212e-01 -4.596684896549199095e-01 -8.633634131404125389e-01
2.066556692071224166e-01 -4.642357638714909585e-01 -8.612656902010931148e-01
2.051977586074122950e-01 -4.684847059747112019e-01 -8.593113285187402584e-01
2.037339839961617161e-01 -4.724174126947254804e-01 -8.575046653740354685e-01
2.022651022512424734e-01 -4.760358454764883063e-01 -8.558496955792797012e-01
2.007918463742820459e-01 -4.793418230933855773e-01 -8.543500747664770634e-01
1.993149273662553900e-01 -4.823370148910544608e-01 -8.530091224514200210e-01
1.978350361627031762e-01 -4.850229346540578801e-01 -8.518298248573122899e-01
1.963528456220981211e-01 -4.874009350885676328e-01 -8.508148374830255545e-01
1.948690125612218549e-01 -4.894722029147605125e-01 -8.499664874026264805e-01
1.933841798317240124e-01 -4.912377545632319875e-01 -8.492867752843317186e-01
1.918989784323109349e-01 -4.926984324703740370e-01 -8.487773771185501692e-01
1.904140296512530361e-01 -4.938549019683435848e-01 -8.484396456461610336e-01
1.889299472341058050e-01 -4.947076487659604616e-01 -8.482746114796475556e-01
1.874473395717081159e-01 -4.952569770176119546e-01 -8.482829839111706294e-01
1.859668119036539113e-01 -4.955030079780012309e-01 -8.484651514031191777e-01
1.844889685325264705e-01 -4.954456792413533539e-01 -8.488211817581207130e-01
1.830144150442397644e-01 -4.950847445644789846e-01 -8.493508219669381187e-01
1.815437605298476920e-01 -4.944197742738896117e-01 -8.500534977341198672e-01
1.800776198041591503e-01 -4.934501562579498013e-01 -8.509283126827119625e-01
1.786166156164355201e-01 -4.921750975458412669e-01 -8.519740472407859588e-01
1.771613808483459840e-01 -4.905936264758911647e-01 -8.531891572139864710e-01
1.757125606942175067e-01 -4.887045954565795158e-01 -8.545717720497624237e-01
1.742708148184389794e-01 -4.865066843242832895e-01 -8.561196928004141116e-01
1.728368194846642558e-01 -4.839984043025299942e-01 -8.578303897935718458e-01
1.714112696512078982e-01 -4.811781025682188018e-01 -8.597010000202186530e-01
1.699948810267406518e-01 -4.780439674309144293e-01 -8.617283242518840591e-01
1.685883920800705094e-01 -4.745940341319253575e-01 -8.639088239001695424e-01
1.671925659974413114e-01 -4.708261912704342356e-01 -8.662386176333196630e-01
1.658081925803953083e-01 -4.667381878644532023e-01 -8.687134777661306151e-01
1.644360900768319922e-01 -4.623276410548212145e-01 -8.713288264410856687e-01
1.630771069374533644e-01 -4.575920444608405080e-01 -8.740797316202328915e-01
1.617321234893194237e-01 -4.525287771964576211e-01 -8.769609029089698859e-01
1.604020535177494433e-01 -4.471351135561272838e-01 -8.799666872345754953e-01
1.590878457472975627e-01 -4.414082333796461310e-01 -8.830910644040304014e-01
1.577904852120083357e-01 -4.353452331053049296e-01 -8.863276425673974890e-01
1.565109945046244955e-01 -4.289431375206733676e-01 -8.896696536147844503e-01
1.552504348938773537e-01 -4.221989122201967870e-01 -8.931099485366910118e-01
1.540099072984466022e-01 -4.151094767785435402e-01 -8.966409927793452805e-01
1.527905531056350519e-01 -4.076717186482864963e-01 -9.002548616284551386e-01
1.515935548222695772e-01 -3.998825077900289848e-01 -9.039432356566481364e-01
1.504201365448207262e-01 -3.917387120424885016e-01 -9.076973962717310718e-01
1.492715642352337169e-01 -3.832372132393215836e-01 -9.115082214047770526e-01
1.481491457884920315e-01 -3.743749240786091170e-01 -9.153661813789352175e-01
1.470542308774981377e-01 -3.651488057499139295e-01 -9.192613350017487805e-01
1.459882105604613511e-01 -3.555558863226687683e-01 -9.231833259256636559e-01
1.449525166356413208e-01 -3.455932798983452070e-01 -9.271213793233024081e-01
1.439486207280128993e-01 -3.352582065273910783e-01 -9.310642989259592106e-01
1.429780330922063858e-01 -3.245480128902968886e-01 -9.350004644756424454e-01
1.420423011159458460e-01 -3.134601937403608263e-01 -9.389178296428353221e-01
1.411430075081662461e-01 -3.019924141037596543e-01 -9.428039204639636628e-01
1.402817681560507845e-01 -2.901425322303980980e-01 -9.466458343543365794e-01
1.394602296354028326e-01 -2.779086232866989081e-01 -9.504302397540612679e-01
1.386800663590647964e-01 -2.652890037790068822e-01 -9.541433764661072514e-01
1.379429773485297550e-01 -2.522822566936124833e-01 -9.577710567473074477e-01
1.372506826144752889e-01 -2.388872573365515839e-01 -9.612986672146183187e-01
1.366049191326921819e-01 -2.251031998533095657e-01 -9.647111716304072049e-01
1.360074364027983318e-01 -2.109296244053479596e-01 -9.679931146318832003e-01
1.354599915782309094e-01 -1.963664449769856879e-01 -9.711286264710226046e-01
1.349643441573108171e-01 -1.814139777826025146e-01 -9.741014288324505443e-01
1.345222502266840703e-01 -1.660729702403967167e-01 -9.768948417977133536e-01
1.341354562501759773e-01 -1.503446304750239160e-01 -9.794917920251950960e-01
1.338056923980582014e-01 -1.342306573073760723e-01 -9.818748222155849747e-01
1.335346654139334677e-01 -1.177332706855339778e-01 -9.840261019332738890e-01
1.333240510188993533e-01 -1.008552425065514235e-01 -9.859274398543316220e-01
