0.000000000000000000e+00 0.000000000000000000e+00 1.000000000000000000e+00
4.138959745702773576e-06 -3.519516818871470942e-04 9.999999380564393858e-01
1.365540686991662262e-05 -1.055825736954736204e-03 9.999994425226160777e-01
2.978770783717234389e-05 -2.111587670236710155e-03 9.999977701526154839e-01
5.377403235700951812e-05 -3.519196493498696812e-03 9.999938061630149200e-01
8.685229479194945157e-05 -5.278602765020621798e-03 9.999860643076622368e-01
1.302600633685532057e-04 -7.389745976752023528e-03 9.999726869703567944e-01
1.852344280097791983e-04 -9.852551289561740228e-03 9.999514452818665244e-01
2.530118176201138461e-04 -1.266692561746434950e-02 9.999197392693188746e-01
3.348277576729364333e-04 -1.583275306189166343e-02 9.998745980476028139e-01
4.319165589738661794e-04 -1.934988969729348890e-02 9.998126800640162459e-01
5.455109285062755822e-04 -2.321815770960286573e-02 9.997302734089841270e-01
6.768414933078706472e-04 -2.743733888939164922e-02 9.996232962072594264e-01
8.271362283826415914e-04 -3.200716748187754784e-02 9.994872971055978050e-01
9.976197797232516130e-04 -3.692732239632801061e-02 9.993174558744696290e-01
1.189512673608010508e-03 -4.219741877784450451e-02 9.991085841429350189e-01
1.404030403447173361e-03 -4.781699894500680836e-02 9.988551262873602843e-01
1.642382385588877190e-03 -5.378552269741562059e-02 9.985511604961917476e-01
1.905770775659292645e-03 -6.010235699779703511e-02 9.981904000345299677e-01
2.195389137208456683e-03 -6.676676503402848017e-02 9.977661947337529424e-01
2.512420954666941871e-03 -7.377789466721608458e-02 9.972715327329264579e-01
2.858037982893375101e-03 -8.113476627280240272e-02 9.966990425002045795e-01
3.233398425913404546e-03 -8.883625998261383827e-02 9.960409951638644621e-01
3.639644937821769934e-03 -9.688110233677292571e-02 9.952893071840297479e-01
4.077902439245537081e-03 -1.052678523555044543e-01 9.944355433975174963e-01
4.549275743253295042e-03 -1.139948870420593174e-01 9.934709204695824081e-01
5.054846985147314412e-03 -1.230603863292685229e-01 9.923863107876357281e-01
5.595672851198431504e-03 -1.324623174836244976e-01 9.911722468332690994e-01
6.172781602081932502e-03 -1.421984189822692868e-01 9.898189260701181214e-01
6.787169887552149845e-03 -1.522661838798517187e-01 9.883162163862466709e-01
7.439799349758811735e-03 -1.626628426838991892e-01 9.866536621308197308e-01
8.131593013564478861e-03 -1.733853457591361114e-01 9.848204907858472135e-01
8.863431463274297137e-03 -1.844303452830694245e-01 9.828056203147242931e-01
9.636148806341402265e-03 -1.957941767771554098e-01 9.805976672301522923e-01
1.045052842586776699e-02 -2.074728402399572402e-01 9.781849554247976641e-01
1.130729852508494809e-02 -2.194619809109034370e-01 9.755555258087176274e-01
1.220712746847538860e-02 -2.317568696955587815e-01 9.726971467981542219e-01
1.315061892578547713e-02 -2.443523832857240341e-01 9.695973257007529655e-01
1.413830682688864589e-02 -2.572429840101842502e-01 9.662433210426012442e-01
1.517065013728178570e-02 -2.704226994545278484e-01 9.626221558826844049e-01
1.624802746594183889e-02 -2.838851018911573987e-01 9.587206321604253567e-01
1.737073151933115484e-02 -2.976232875634048369e-01 9.545253461218912161e-01
1.853896341751887569e-02 -3.116298558705455912e-01 9.500227048700076171e-01
1.975282689067839326e-02 -3.258968885034764229e-01 9.451989440837108569e-01
2.101232237662436705e-02 -3.404159285838744275e-01 9.400401469503802954e-01
2.231734104256139634e-02 -3.551779598627863299e-01 9.345322643551102759e-01
2.366765875682359105e-02 -3.701733860378053076e-01 9.286611363694028398e-01
2.506293003908170725e-02 -3.853920102512687351e-01 9.224125150806682383e-01
2.650268202027202327e-02 -4.008230148352538436e-01 9.157720888025046024e-01
2.798630844634672141e-02 -4.164549413725497362e-01 9.087255077040777840e-01
2.951306376284549074e-02 -4.322756711462404922e-01 9.012584108950246753e-01
3.108205732022598783e-02 -4.482724060540388966e-01 8.933564550001472648e-01
3.269224774284880397e-02 -4.644316500670556680e-01 8.850053442557400674e-01
3.434243750746994450e-02 -4.807391913162715191e-01 8.761908621566852906e-01
3.603126778002758296e-02 -4.971800848935883921e-01 8.668989046804460585e-01
3.775721356239503113e-02 -5.137386364579676901e-01 8.571155151107818781e-01
3.951857920357996351e-02 -5.303983867408078590e-01 8.468269204803789973e-01
4.131349433255122883e-02 -5.471420970483645840e-01 8.360195696476323546e-01
4.313991027243557069e-02 -5.639517358626636723e-01 8.246801730185113755e-01
4.499559699821193554e-02 -5.808084666459940593e-01 8.127957439197832645e-01
4.687814070220267665e-02 -5.976926369576831544e-01 8.003536416248441254e-01
4.878494203357809644e-02 -6.145837689954396499e-01 7.873416160279992360e-01
5.071321507971069537e-02 -6.314605516770923632e-01 7.737478539572397729e-01
5.265998715849248141e-02 -6.483008343820394481e-01 7.595610271093617971e-01
5.462209949161586642e-02 -6.650816224751417982e-01 7.447703415846600450e-01
5.659620882926610225e-02 -6.817790747391336836e-01 7.293655889913891466e-01
5.857879009663029962e-02 -6.983685028448615162e-01 7.133371990827126474e-01
6.056614013204224961e-02 -7.148243729917862499e-01 6.966762938809393235e-01
6.255438258539988694e-02 -7.311203098541713130e-01 6.793747432354744209e-01
6.453947404365946439e-02 -7.472291029712077037e-01 6.614252217520785182e-01
6.651721144767298866e-02 -7.631227157219734325e-01 6.428212670217239300e-01
6.848324086133895927e-02 -7.787722970285567703e-01 6.235573390675589467e-01
7.043306764992851576e-02 -7.941481959328640094e-01 6.036288809182345227e-01
7.236206811947784590e-02 -8.092199791945441367e-01 5.830323802051085025e-01
7.426550266325418481e-02 -8.239564520590542118e-01 5.617654316696215622e-01
7.613853045446132561e-02 -8.383256823461204821e-01 5.398268004554388488e-01
7.797622571650880685e-02 -8.522950280096686093e-01 5.172164860477729276e-01
7.977359559329040561e-02 -8.658311683206475484e-01 4.939357867096573207e-01
8.152559963197096582e-02 -8.789001388239974233e-01 4.699873642518372918e-01
8.322717087974233763e-02 -8.914673702202438044e-01 4.453753089593952552e-01
8.487323858386337794e-02 -9.034977313207684935e-01 4.201052044842576993e-01
8.645875247103999850e-02 -9.149555762236291079e-01 3.941841924983581213e-01
8.797870856783342186e-02 -9.258047958537940492e-01 3.676210368874872070e-01
8.942817650832517173e-02 -9.360088740077319169e-01 3.404261872507834963e-01
9.080232825874666458e-02 -9.455309480373456088e-01 3.126118414554442948e-01
9.209646817124411688e-02 -9.543338743021717585e-01 2.841920069806219140e-01
9.330606426045874591e-02 -9.623802985114596753e-01 2.551825607686649677e-01
9.442678057723633001e-02 -9.696327310690888712e-01 2.256013072859396340e-01
9.545451053363859795e-02 -9.760536275241615822e-01 1.954680344794940405e-01
9.638541101263049804e-02 -9.816054742183917270e-01 1.648045672998937894e-01
9.721593707450294775e-02 -9.862508792079799358e-01 1.336348184447541942e-01
9.794287705042431513e-02 -9.899526685223932754e-01 1.019848359619304479e-01
9.856338779168230535e-02 -9.926739878052308619e-01 6.988284733611639654e-02
9.907502982139429482e-02 -9.943784093630334553e-01 3.735929966787451123e-02
9.947580211396386818e-02 -9.950300446263744547e-01 4.446895540014199344e-03
9.976417620660779639e-02 -9.945936620037393316e-01 -2.881937584709604039e-02
9.993912932715726116e-02 -9.930348100824719637e-01 -6.240221270209115462e-02
1.000001762033613517e-01 -9.903199461023525219e-01 -9.626198027313701000e-02
9.994739920142475809e-02 -9.864165695961165659e-01 -1.303566965344960527e-01
9.978147642585137589e-02 -9.812933610573773002e-01 -1.646420243896928037e-01
9.950370739921807206e-02 -9.749203254599676516e-01 -1.990712708586279689e-01
9.911017075970915413e-02 -9.674336934425811219e-01 -2.329146248782362205e-01
9.860553583095570118e-02 -9.588778936424741106e-01 -2.661393112684657392e-01
9.799486866043688460e-02 -9.492977497237120588e-01 -2.987152284019018444e-01
9.728358420961376318e-02 -9.387383521131839048e-01 -3.306148969542554439e-01
9.647739908524703700e-02 -9.272449362386716576e-01 -3.618134038961317578e-01
9.558228512479208239e-02 -9.148627672392497523e-01 -3.922883421981366858e-01
9.460442411727978951e-02 -9.016370310973108593e-01 -4.220197467047540618e-01
9.355016390981367447e-02 -8.876127321227849087e-01 -4.509900266152996329e-01
9.242597611902314547e-02 -8.728345967034695230e-01 -4.791838949927473834e-01
9.123841563675653965e-02 -8.573469832206618291e-01 -5.065882957034316680e-01
8.999408209019063576e-02 -8.411937980163162187e-01 -5.331923281726542729e-01
8.869958338855804536e-02 -8.244184172865985927e-01 -5.589871703231534816e-01
8.736150146200533095e-02 -8.070636147668276417e-01 -5.839660000452959743e-01
8.598636027281666983e-02 -7.891714950642505499e-01 -6.081239155298072685e-01
8.458059615547090793e-02 -7.707834324877761434e-01 -6.314578547759193139e-01
8.315053051981736998e-02 -7.519400152175649277e-01 -6.539665145700412907e-01
8.170234493111043494e-02 -7.326809946521564143e-01 -6.756502692125018195e-01
8.024205856176484797e-02 -7.130452397664959197e-01 -6.965110892526120701e-01
7.877550799249619096e-02 -6.930706963107311491e-01 -7.165524604752971927e-01
7.730832932498743482e-02 -6.727943506769011872e-01 -7.357793033658740489e-01
7.584594255435465893e-02 -6.522521982585698375e-01 -7.541978932632482646e-01
7.439353813743750099e-02 -6.314792161270051940e-01 -7.718157813958903546e-01
7.295606568226903343e-02 -6.105093398466189258e-01 -7.886417169794501802e-01
7.153822467492866599e-02 -5.893754442520107162e-01 -8.046855705398082703e-01
7.014445715228827261e-02 -5.681093280090684372e-01 -8.199582586107568849e-01
6.877894222285364789e-02 -5.467417017831217585e-01 -8.344716699413669003e-01
6.744559233290532696e-02 -5.253021798380974605e-01 -8.482385933344476214e-01
6.614805117137387280e-02 -5.038192748919569919e-01 -8.612726472243539266e-01
6.488969310426104253e-02 -4.823203960553744674e-01 -8.735882110897462693e-01
6.367362402785416153e-02 -4.608318496826256938e-01 -8.852003587847775412e-01
6.250268352939013228e-02 -4.393788429659720718e-01 -8.961247938605639840e-01
6.137944824412082390e-02 -4.179854901074252505e-01 -9.063777869377067642e-01
6.030623629882724684e-02 -3.966748209046470075e-01 -9.159761151800642764e-01
5.928511273364139855e-02 -3.754687915908564988e-01 -9.249370039099316099e-01
5.831789579647968236e-02 -3.543882977719670646e-01 -9.332780703952696655e-01
5.740616400739068786e-02 -3.334531893077385400e-01 -9.410172698306265016e-01
5.655126389359586142e-02 -3.126822869874942290e-01 -9.481728435249189291e-01
5.575431829988187343e-02 -2.920934008548948801e-01 -9.547632693012726435e-01
5.501623518321811790e-02 -2.717033500403703838e-01 -9.608072141066613669e-01
5.433771680495724787e-02 -2.515279839640661153e-01 -9.663234888221173824e-01
5.371926923866953557e-02 -2.315822047765483949e-01 -9.713310052578145726e-01
5.316121211650656764e-02 -2.118799909090146039e-01 -9.758487353113223239e-01
5.266368854193428928e-02 -1.924344216093530069e-01 -9.798956722618020754e-01
5.222667510167144922e-02 -1.732577023450764253e-01 -9.834907941678368015e-01
5.184999191467398044e-02 -1.543611909588981090e-01 -9.866530293319522027e-01
5.153331266097960217e-02 -1.357554244675079347e-01 -9.894012237906788521e-01
5.127617453813472503e-02 -1.174501463989292144e-01 -9.917541107852118065e-01
5.107798809773737847e-02 -9.945433456867261435e-02 -9.937302821643290152e-01
5.093804691931761580e-02 -8.177622919973855098e-02 -9.953481616682179345e-01
5.085553708331869843e-02 -6.442336129633893793e-02 -9.966259800392154311e-01
5.082954640931747897e-02 -4.740258118599682824e-02 -9.975817519031737746e-01
5.085907342981584728e-02 -3.072008714942542698e-02 -9.982332543632083111e-01
5.094303607393284306e-02 -1.438145406227220313e-02 -9.985980072459427204e-01
5.108028003911961601e-02 1.608338022573436998e-03 -9.986932549390320490e-01
5.126958683259901645e-02 1.724487541888115524e-02 -9.985359497576922205e-01
5.150968146759368066e-02 3.252428253952669573e-02 -9.981427367771853465e-01
5.179923980254791394e-02 4.744319387549258971e-02 -9.975299400676790329e-01
5.213689551446926834e-02 6.199872627521464674e-02 -9.967135502676088832e-01
5.252124670021643404e-02 7.618845157397406698e-02 -9.957092134316034571e-01
5.295086210204374283e-02 9.001036961907309120e-02 -9.945322210891659465e-01
5.342428695598364780e-02 1.034628817327080536e-01 -9.931975014506343458e-01
5.394004846371214246e-02 1.165447646507725005e-01 -9.917196116974442699e-01
5.449666089040521022e-02 1.292551449722907642e-01 -9.901127312943843739e-01
5.509263029276404572e-02 1.415934741508020900e-01 -9.883906562623459013e-01
5.572645888287140054e-02 1.535595040557913848e-01 -9.865667943510161297e-01
5.639664903484969266e-02 1.651532631291965925e-01 -9.846541610520359589e-01
5.710170694243257850e-02 1.763750331591170672e-01 -9.826653763943220543e-01
5.784014593654519115e-02 1.872253266901023061e-01 -9.806126624645312706e-01
5.861048947282387900e-02 1.977048650868169499e-01 -9.785078415970138721e-01
5.941127379970398414e-02 2.078145572654553352e-01 -9.763623351790431393e-01
6.024105031827380746e-02 2.175554791050161585e-01 -9.741871630186229591e-01
6.109838764554434420e-02 2.269288535484433877e-01 -9.719929432237413014e-01
6.198187339312746097e-02 2.359360314016914206e-01 -9.697898925435598505e-01
6.289011567355917709e-02 2.445784728369774230e-01 -9.675878271236902917e-01
6.382174434665956186e-02 2.528577296048401535e-01 -9.653961636294023929e-01
6.477541201839463747e-02 2.607754279581269707e-01 -9.632239206923350894e-01
6.574979480470836968e-02 2.683332522896769157e-01 -9.610797206380250479e-01
6.674359287273171071e-02 2.755329294842525090e-01 -9.589717914533294474e-01
6.775553077165989702e-02 2.823762139841932695e-01 -9.569079689545914036e-01
6.878435756542504442e-02 2.888648735673121637e-01 -9.548956991191747123e-01
6.982884677908751669e-02 2.950006758347315516e-01 -9.529420405447752707e-01
7.088779617063192817e-02 3.007853754056492024e-01 -9.510536670026956685e-01
7.196002733958926922e-02 3.062207018154331495e-01 -9.492368700530438019e-01
7.304438518362141308e-02 3.113083481129627073e-01 -9.474975616915853882e-01
7.413973721390403060e-02 3.160499601527539393e-01 -9.458412769997355252e-01
7.524497273983311862e-02 3.204471265771278721e-01 -9.442731767709251489e-01
7.635900193326547458e-02 3.245013694834910645e-01 -9.427980500883093029e-01
7.748075478218710566e-02 3.282141357716980012e-01 -9.414203168305078639e-01
7.860917994339154669e-02 3.315867891664423528e-01 -9.401440300837730080e-01
7.974324350344499934e-02 3.346206029096814305e-01 -9.389728784406707884e-01
8.088192765692119035e-02 3.373167531182200141e-01 -9.379101881670406371e-01
8.202422931060900091e-02 3.396763128017695754e-01 -9.369589252206571572e-01
8.316915862213236643e-02 3.417002465370436726e-01 -9.361216971066668169e-01
8.431573748117815459e-02 3.433894057937487143e-01 -9.354007545565046211e-01
8.546299794130511607e-02 3.447445249086741326e-01 -9.347979930186172126e-01
8.660998061010787008e-02 3.457662177044711904e-01 -9.343149539509248980e-01
8.775573300533576204e-02 3.464549747501300403e-01 -9.339528259065557059e-01
8.889930788441879894e-02 3.468111612606154526e-01 -9.337124454059680945e-01
9.003976155473246423e-02 3.468350156335947010e-01 -9.335942975901627694e-01
9.117615217184178722e-02 3.465266486216841413e-01 -9.335985166512527078e-01
9.231149366891744368e-02 3.462145572878672639e-01 -9.336027354725552341e-01
9.344577383604170395e-02 3.458987451802970070e-01 -9.336069540540804512e-01
9.457898047523211060e-02 3.455792158871716091e-01 -9.336111723958383513e-01
9.571110140057283167e-02 3.452559730366948632e-01 -9.336153904978392593e-01
9.684212443834598616e-02 3.449290202970355934e-01 -9.336196083600931672e-01
9.797203742716273367e-02 3.445983613762869102e-01 -9.336238259826101782e-01
9.910082821809429454e-02 3.442640000224249652e-01 -9.336280433654005062e-01
1.002284846748027758e-01 3.439259400232672625e-01 -9.336322605084742543e-01
1.013549946736719137e-01 3.435841852064305257e-01 -9.336364774118414145e-01
1.024803461039376640e-01 3.432387394392882318e-01 -9.336406940755122008e-01
1.036045268678186249e-01 3.428896066289275901e-01 -9.336449104994968273e-01
1.047275248806463360e-01 3.425367907221062991e-01 -9.336491266838052860e-01
1.058493280709954104e-01 3.421802957052085259e-01 -9.336533426284476800e-01
1.069699243808135830e-01 3.418201256042007752e-01 -9.336575583334342232e-01
1.080893017655515098e-01 3.414562844845872580e-01 -9.336617737987750187e-01
1.092074481942925390e-01 3.410887764513647613e-01 -9.336659890244801696e-01
1.103243516498822047e-01 3.407176056489770177e-01 -9.336702040105597789e-01
1.114400001290577064e-01 3.403427762612689089e-01 -9.336744187570239495e-01
1.125543816425771115e-01 3.399642925114401137e-01 -9.336786332638827846e-01
1.136674842153484605e-01 3.395821586619981458e-01 -9.336828475311464981e-01
1.147792958865587326e-01 3.391963790147113356e-01 -9.336870615588250821e-01
1.158898047098026185e-01 3.388069579105609797e-01 -9.336912753469287507e-01
1.169989987532111669e-01 3.384138997296934348e-01 -9.336954888954676068e-01
1.181068660995802377e-01 3.380172088913716011e-01 -9.336997022044517536e-01
1.192133948464988297e-01 3.376168898539259611e-01 -9.337039152738912939e-01
1.203185731064771863e-01 3.372129471147053414e-01 -9.337081281037964420e-01
1.214223890070748185e-01 3.368053852100270085e-01 -9.337123406941771897e-01
1.225248306910283191e-01 3.363942087151267080e-01 -9.337165530450437512e-01
1.236258863163789828e-01 3.359794222441078726e-01 -9.337207651564062294e-01
1.247255440566003432e-01 3.355610304498907737e-01 -9.337249770282746164e-01
1.258237921007254179e-01 3.351390380241609512e-01 -9.337291886606592373e-01
1.269206186534738989e-01 3.347134496973175333e-01 -9.337334000535700840e-01
1.280160119353791204e-01 3.342842702384207776e-01 -9.337376112070172596e-01
1.291099601829148180e-01 3.338515044551396138e-01 -9.337418221210109781e-01
1.302024516486217920e-01 3.334151571936983527e-01 -9.337460327955612316e-01
1.312934746012343334e-01 3.329752333388232843e-01 -9.337502432306782341e-01
1.323830173258065124e-01 3.325317378136887214e-01 -9.337544534263720886e-01
1.334710681238382157e-01 3.320846755798627092e-01 -9.337586633826528981e-01
1.345576153134011299e-01 3.316340516372521807e-01 -9.337628730995308768e-01
1.356426472292643903e-01 3.311798710240478338e-01 -9.337670825770160166e-01
1.367261522230202031e-01 3.307221388166685649e-01 -9.337712918151185315e-01
1.378081186632091337e-01 3.302608601297055135e-01 -9.337755008138484136e-01
1.388885349354453125e-01 3.297960401158655519e-01 -9.337797095732158770e-01
1.399673894425414455e-01 3.293276839659145527e-01 -9.337839180932310246e-01
1.410446706046335485e-01 3.288557969086201571e-01 -9.337881263739040705e-01
1.421203668593056246e-01 3.283803842106941540e-01 -9.337923344152450067e-01
1.431944666617140094e-01 3.279014511767343598e-01 -9.337965422172639363e-01
1.442669584847116881e-01 3.274190031491662767e-01 -9.338007497799710732e-01
1.453378308189722246e-01 3.269330455081841946e-01 -9.338049571033765206e-01
1.464070721731136893e-01 3.264435836716918504e-01 -9.338091641874903814e-01
1.474707531524157567e-01 3.256220828637466091e-01 -9.339286029131960154e-01
1.485279144827551800e-01 3.244683873500671112e-01 -9.341625787051789365e-01
1.495775933889481601e-01 3.229822228183278354e-01 -9.345100462395050656e-01
1.506188220222057228e-01 3.211631983349287345e-01 -9.349696089773086305e-01
1.516506259150294245e-01 3.190108089355554455e-01 -9.355395184946068143e-01
1.526720224709719465e-01 3.165244388509377282e-01 -9.362176736144107725e-01
1.536820194967992159e-01 3.137033653696368884e-01 -9.370016193488702738e-01
1.546796137847268326e-01 3.105467633400906813e-01 -9.378885456607595206e-01
1.556637897525632308e-01 3.070537103145059010e-01 -9.388752860551901058e-01
1.566335181497737483e-01 3.032231923375143245e-01 -9.399583160140223548e-01
1.575877548376812542e-01 2.990541103827867864e-01 -9.411337512870413535e-01
1.585254396522378095e-01 2.945452874410316446e-01 -9.423973460555677972e-01
1.594454953580366763e-01 2.896954762629789237e-01 -9.437444909857860553e-01
1.603468267024810712e-01 2.845033677610660505e-01 -9.451702111906988835e-01
1.612283195792826307e-01 2.789676000735906158e-01 -9.466691641212489072e-01
1.620888403107255127e-01 2.730867682950724462e-01 -9.482356374087960171e-01
1.629272350583980122e-01 2.668594348764690150e-01 -9.498635466827901608e-01
1.637423293723573314e-01 2.602841406987058126e-01 -9.515464333891459070e-01
1.645329278889523239e-01 2.533594168227158994e-01 -9.532774626364953763e-01
1.652978141877771145e-01 2.460837969188212349e-01 -9.550494210991747890e-01
1.660357508184616970e-01 2.384558303778296640e-01 -9.568547150074837582e-01
1.667454795082180252e-01 2.304740961056607196e-01 -9.586853682574424385e-01
1.674257215612464655e-01 2.221372170026443271e-01 -9.605330206739586263e-01
1.680751784612608823e-01 2.134438751278561197e-01 -9.623889264630014484e-01
1.686925326885059528e-01 2.043928275479552914e-01 -9.642439528900560441e-01
1.692764487627089753e-01 1.949829228689727301e-01 -9.660885792238044223e-01
1.698255745234257541e-01 1.852131184483538362e-01 -9.679128959856311276e-01
1.703385426591955132e-01 1.750824982832875631e-01 -9.697066045471914864e-01
1.708139724968090190e-01 1.645902915699488656e-01 -9.714590171198920210e-01
1.712504720618055198e-01 1.537358919267408641e-01 -9.731590571817184676e-01
1.716466404210427732e-01 1.425188772729442666e-01 -9.747952603883969225e-01
1.720010703178187772e-01 1.309390303523609578e-01 -9.763557760173789957e-01
1.723123511095576155e-01 1.189963598895761310e-01 -9.778283689946045687e-01
1.725790720174944504e-01 1.066911223643549206e-01 -9.792004225553940788e-01
1.727998256970978697e-01 9.402384438743602302e-02 -9.804589415921644013e-01
1.729732121371431453e-01 8.099534565858471091e-02 -9.815905567429251688e-01
1.730978428943870384e-01 6.760676248522108633e-02 -9.825815292756947539e-01
1.731723456696865893e-01 5.385957183724685710e-02 -9.834177568250684898e-01
1.731953692301408665e-01 3.975561591085688407e-02 -9.840847800381592458e-01
1.731655886804088496e-01 2.529712717114143694e-02 -9.845677901880081073e-01
1.730817110847597262e-01 1.048675384016421741e-02 -9.848516378133160831e-01
1.729424814396375298e-01 -4.672414206056987179e-03 -9.849208424439679366e-01
1.727466889945631634e-01 -2.017681917163225910e-02 -9.847596034722911895e-01
1.724931739170480482e-01 -3.602240874943075932e-02 -9.843518122303064333e-01
1.721808342948502046e-01 -5.220460925139325942e-02 -9.836810653333694088e-01
1.718086334663614101e-01 -6.871829851142206846e-02 -9.827306793505622418e-01
1.713756076671723583e-01 -8.555777861562005593e-02 -9.814837068619532978e-01
1.708808739779184016e-01 -1.027167485186311902e-01 -9.799229539623950380e-01
1.703236385553649201e-01 -1.201882766089121951e-01 -9.780309992708545730e-01
1.697032051253493379e-01 -1.379647732899314250e-01 -9.757902145033598984e-01
1.690269688368154499e-01 -1.553527425527591599e-01 -9.732910193801597165e-01
1.682967040550249205e-01 -1.723493080853432668e-01 -9.705523863374362348e-01
1.675142163525318306e-01 -1.889521889444942260e-01 -9.675929189649846718e-01
1.666813342938482101e-01 -2.051596668317577643e-01 -9.644308389519541391e-01
1.657999017196016556e-01 -2.209705537586600654e-01 -9.610839745720624050e-01
1.648717705300728753e-01 -2.363841601572115592e-01 -9.575697506326938946e-01
1.638987939652632175e-01 -2.514002634866436825e-01 -9.539051798125213200e-01
1.628828203761855387e-01 -2.660190773826107691e-01 -9.501068553127484106e-01
1.618256874798846834e-01 -2.802412213905245975e-01 -9.461909447477313551e-01
1.607292170887667515e-01 -2.940676913203075782e-01 -9.421731852015899911e-01
1.595952103031366143e-01 -3.074998302556610219e-01 -9.380688793784419666e-01
1.584254431543976605e-01 -3.205393002469487107e-01 -9.338928927750695941e-01
1.572216626851448695e-01 -3.331880547129992265e-01 -9.296596518061469583e-01
1.559855834513660111e-01 -3.454483115735341725e-01 -9.253831428135937953e-01
1.547188844311452871e-01 -3.573225271305345285e-01 -9.210769118931728672e-01
1.534232063236223020e-01 -3.688133707136675987e-01 -9.167540654730922389e-01
1.521001492214849871e-01 -3.799237001019061810e-01 -9.124272715811010404e-01
1.507512706399539715e-01 -3.906565377306844278e-01 -9.081087617383635235e-01
1.493780838850342907e-01 -4.010150476913449391e-01 -9.038103334202558514e-01
1.479820567437544754e-01 -4.110025135272391550e-01 -8.995433530261295330e-01
1.465646104791729076e-01 -4.206223168286415404e-01 -8.953187593020318635e-01
1.451271191130907579e-01 -4.298779166266277207e-01 -8.911470671623423767e-01
1.436709089796620875e-01 -4.387728295842381887e-01 -8.870383718582767196e-01
1.421972585334208006e-01 -4.473106109816027409e-01 -8.830023534432126509e-01
1.407073983956419194e-01 -4.554948364902263180e-01 -8.790482814868035844e-01
1.392025116234103521e-01 -4.633290847303326299e-01 -8.751850199918524975e-01
1.376837341862754693e-01 -4.708169206040198618e-01 -8.714210324699218635e-01
1.361521556359139296e-01 -4.779618793959978795e-01 -8.677643871336461201e-01
1.346088199547999797e-01 -4.847674516328410732e-01 -8.642227621656862757e-01
1.330547265704822568e-01 -4.912370686910012552e-01 -8.608034510262224659e-01
1.314908315226834268e-01 -4.973740891432716915e-01 -8.575133677628100637e-01
1.299180487710662746e-01 -5.031817858329724613e-01 -8.543590522883308669e-01
1.283372516321407697e-01 -5.086633336648294090e-01 -8.513466755946476061e-01
1.267492743344173778e-01 -5.138217981013412095e-01 -8.484820448714165408e-01
1.251549136815345298e-01 -5.186601243533605077e-01 -8.457706085013302344e-01
1.235549308137011554e-01 -5.231811272536541768e-01 -8.432174609048432856e-01
1.219500530583917663e-01 -5.273874818023427391e-01 -8.408273472091871703e-01
1.203409758618099734e-01 -5.312817143733483682e-01 -8.386046677181973052e-01
1.187283647931915431e-01 -5.348661945712950283e-01 -8.365534821611618765e-01
1.171128576145483019e-01 -5.381431277286985448e-01 -8.346775137005550960e-01
1.154950664089559320e-01 -5.411145480337531399e-01 -8.329801526801419165e-01
1.138755797609601050e-01 -5.437823122795556463e-01 -8.314644600965344079e-01
1.122549649831135893e-01 -5.461480942262071370e-01 -8.301331707788452974e-01
1.106337703830613528e-01 -5.482133795678844068e-01 -8.289886962626241695e-01
1.090125275659578480e-01 -5.499794614976788454e-01 -8.280331273457745000e-01
1.073917537673313161e-01 -5.514474368637485302e-01 -8.272682363156452778e-01
1.057719542118007172e-01 -5.526182029111176286e-01 -8.266954788379594632e-01
1.041536244933027600e-01 -5.534924546042788718e-01 -8.263159954996985856e-01
1.025372529726968629e-01 -5.540706825266067392e-01 -8.261306129995019676e-01
1.009233231887854548e-01 -5.543531713534616268e-01 -8.261398449805644750e-01
9.931231627891427827e-02 -5.543399988967578906e-01 -8.263438925024368942e-01
9.770471340540222427e-02 -5.540310357196737145e-01 -8.267426441495403511e-01
9.610099818409274797e-02 -5.534259453210930157e-01 -8.273356757756159530e-01
9.450165911131823415e-02 -5.525241848902847641e-01 -8.281222498847341518e-01
9.290719198552523095e-02 -5.513250066332381349e-01 -8.291013146508957599e-01
9.131810231972244118e-02 -5.498274596729765262e-01 -8.302715025796708614e-01
8.973490774078436705e-02 -5.480303925270653131e-01 -8.316311288167372862e-01
8.815814037147261251e-02 -5.459324561664030684e-01 -8.331781891096148307e-01
8.658834919082404602e-02 -5.435321076602358525e-01 -8.349103574303301523e-01
8.502610236830097923e-02 -5.408276144131561880e-01 -8.368249832682084222e-01
8.347198956680436377e-02 -5.378170590006376983e-01 -8.389190886034633143e-01
8.192662420931710876e-02 -5.344983446104040192e-01 -8.411893645737543723e-01
8.039064570357284945e-02 -5.308692010976350240e-01 -8.436321678474002494e-01
7.886472161873633868e-02 -5.269271916626664387e-01 -8.462435167184819695e-01
7.734954980763741883e-02 -5.226697201604370013e-01 -8.490190869406397667e-01
7.584586046762253897e-02 -5.180940390514718885e-01 -8.519542073179681152e-01
7.435441813257825938e-02 -5.131972580046587629e-01 -8.550438550730413700e-01
7.287602358814258829e-02 -5.079763531624673645e-01 -8.582826510137617770e-01
7.141151570155461481e-02 -5.024281770795756552e-01 -8.616648545224134814e-01
6.996177315700406740e-02 -4.965494693460952846e-01 -8.651843583920266756e-01
6.852771608673338677e-02 -4.903368679067235947e-01 -8.688346835369133991e-01
6.711030758751918013e-02 -4.837869210871865167e-01 -8.726089736060199664e-01
6.571055511152189277e-02 -4.768961003392692133e-01 -8.764999895295605414e-01
6.432951171984677141e-02 -4.696608137155519613e-01 -8.805001040312430138e-01
6.296827718651042127e-02 -4.620774200846718971e-01 -8.846012961402740515e-01
6.162799893986145583e-02 -4.541422440975100283e-01 -8.887951457392337939e-01
6.030987282786649112e-02 -4.458515919141524120e-01 -8.930728281858372197e-01
5.901514369305099761e-02 -4.372017677007845604e-01 -8.974251090485459992e-01
5.774510574228510634e-02 -4.281890909048485794e-01 -9.018423389979643989e-01
5.650110269603527552e-02 -4.188099143158104942e-01 -9.063144488979271163e-01
5.528452770117179421e-02 -4.090606429177513492e-01 -9.108309451421817693e-01
5.409682299093858393e-02 -3.989377535386982587e-01 -9.153809052845565120e-01
5.293947927526482244e-02 -3.884378153001498135e-01 -9.199529740124982036e-01
5.181403484423761918e-02 -3.775575108686166081e-01 -9.245353595158473103e-01
5.072207436727213525e-02 -3.662936585091873809e-01 -9.291158303046843647e-01
4.966522737032109946e-02 -3.546432349391420158e-01 -9.336817125320264754e-01
4.864516637337134436e-02 -3.426033989774569521e-01 -9.382198878790667385e-01
4.766360467049302052e-02 -3.301715159836872138e-01 -9.427167920625210140e-01
4.672229373485041470e-02 -3.173451830771564786e-01 -9.471584140254698525e-01
4.582302023136419766e-02 -3.041222551246415828e-01 -9.515302958748448336e-01
4.496760262014781045e-02 -2.905008714817982063e-01 -9.558175336303987857e-01
4.415788733443828246e-02 -2.764794834704427662e-01 -9.600047788516075098e-01
4.339574451751847944e-02 -2.620568825704758242e-01 -9.640762412104603163e-01
4.268306330409744193e-02 -2.472322293017135131e-01 -9.680156920795003339e-01
4.202174663279142214e-02 -2.320050827671803484e-01 -9.718064692057555298e-01
4.141370557774495809e-02 -2.163754308255181891e-01 -9.754314825423451296e-01
4.086085318906124142e-02 -2.003437208560823191e-01 -9.788732213105389990e-01
4.036509783358765979e-02 -1.839108910760333948e-01 -9.821137623658727778e-01
3.992833602973737406e-02 -1.670784023643001603e-01 -9.851347799425655971e-01
3.955244477243270024e-02 -1.498482705426881501e-01 -9.879175568509336314e-01
3.923105576735953781e-02 -1.329202729132992478e-01 -9.903500010187336056e-01
3.896356234461601648e-02 -1.163021415589638868e-01 -9.924493195541204127e-01
3.874925758031994016e-02 -1.000009662237981156e-01 -9.942325185770385376e-01
3.858734250560243856e-02 -8.402322107634017934e-02 -9.957163825722137318e-01
3.847693407405712585e-02 -6.837479147815814229e-02 -9.969174552783488519e-01
3.841707286601116211e-02 -5.306100069175173628e-02 -9.978520220562959731e-01
3.840673051124759291e-02 -3.808663646571858880e-02 -9.985360936780524055e-01
3.844481681488257779e-02 -2.345597743920859943e-02 -9.989853914777578892e-01
3.853018657398322999e-02 -9.172819311642004328e-03 -9.992153338054258205e-01
3.866164607520058971e-02 4.759499272491500219e-03 -9.992410237239145454e-01
3.883795926618891642e-02 1.833807117021032246e-02 -9.990772378896225492e-01
3.905785359588815481e-02 3.156039556085119685e-02 -9.987384165575544648e-01
3.932002552086504010e-02 4.442435318049523657e-02 -9.982386546517437731e-01
3.962314567684416255e-02 5.692818200605369305e-02 -9.975916938425198888e-01
3.996586371631836304e-02 6.907045342185567927e-02 -9.968109155727539195e-01
4.034681281471506203e-02 8.085004889851937770e-02 -9.959093349760048675e-01
4.076461384901754886e-02 9.226613721097114140e-02 -9.948995956303948729e-01
4.121787925400612063e-02 1.033181522197049729e-01 -9.937939650930661672e-01
4.170521656240049058e-02 1.140057712367495563e-01 -9.926043311611951747e-01
4.222523163616073716e-02 1.243288939953320488e-01 -9.913421988067555590e-01
4.277653159704748742e-02 1.342876222398964314e-01 -9.900186877335194202e-01
4.335772746526151550e-02 1.438822399509500638e-01 -9.886445305061555278e-01
4.396743651558732841e-02 1.531131942171719551e-01 -9.872300712027181069e-01
4.460428436096316313e-02 1.619810767653214745e-01 -9.857852645433086147e-01
4.526690677379943684e-02 1.704866061567307800e-01 -9.843196754492319345e-01
4.595395125567792310e-02 1.786306106575497044e-01 -9.828424789885448210e-01
4.666407836629270223e-02 1.864140117884315051e-01 -9.813624606655104721e-01
4.739596282264921245e-02 1.938378085580015064e-01 -9.798880170131132328e-01
4.814829437962766384e-02 2.009030623832317453e-01 -9.784271564494516626e-01
4.891977850304860681e-02 2.076108826987520806e-01 -9.769875003605126285e-01
4.970913684635933083e-02 2.139624132561553649e-01 -9.755762843735233947e-01
5.051510754199626391e-02 2.199588191134979054e-01 -9.742003597867853193e-01
5.133644531837775610e-02 2.256012743144517330e-01 -9.728661951236041716e-01
5.217192145334916681e-02 2.308909502559270133e-01 -9.715798777796454955e-01
5.302032357474435742e-02 2.358290047424467795e-01 -9.703471157347578480e-01
5.388045531854969428e-02 2.404165717251158796e-01 -9.691732393020191516e-01
5.475113585496350216e-02 2.446547517226782265e-01 -9.680632028884673668e-01
5.563119929244080691e-02 2.485446029218935371e-01 -9.670215867436795509e-01
5.651949396960403993e-02 2.520871329542828665e-01 -9.660525986740562399e-01
5.741488164468949024e-02 2.552832913461859365e-01 -9.651600757023558463e-01
5.831623659199040161e-02 2.581339626390357078e-01 -9.643474856536995432e-01
5.922244461455414277e-02 2.606399601767829810e-01 -9.636179286509357622e-01
6.013240198219568095e-02 2.628020205574890800e-01 -9.629741385039128909e-01
6.104501430370580517e-02 2.646207987462428357e-01 -9.624184839788574308e-01
6.195919534196222406e-02 2.660968638467446357e-01 -9.619529699356957897e-01
6.287386578049732055e-02 2.672306955291263164e-01 -9.615792383227903528e-01
6.378795194993963635e-02 2.680226811118408548e-01 -9.612985690201848454e-01
6.470038452262870388e-02 2.684731132957481892e-01 -9.611118805240703722e-01
6.561009718360592824e-02 2.685821885488434702e-01 -9.610197304667963403e-01
6.651602528610915666e-02 2.683500061404122117e-01 -9.610223159683551897e-01
6.741710449964551100e-02 2.677765678237479241e-01 -9.611194738168716833e-01
6.831226945868733302e-02 2.668617781669293532e-01 -9.613106804772278968e-01
6.920045242002900721e-02 2.656054455315156604e-01 -9.615950519285501041e-01
7.008058193685907933e-02 2.640072836993793137e-01 -9.619713433328817009e-01
7.095158155764079433e-02 2.620669141482466213e-01 -9.624379485389625843e-01
7.181236855795612717e-02 2.597838689768532383e-01 -9.629928994266334641e-01
7.266185271355093955e-02 2.571575944809412761e-01 -9.636338650989851873e-01
7.349893512292257625e-02 2.541874553816150795e-01 -9.643581509309768762e-01
7.432250708791375560e-02 2.508727397078369670e-01 -9.651626974848565022e-01
7.513144906091646924e-02 2.472126643350697761e-01 -9.660440793043308938e-01
7.592462966744575881e-02 2.432063811822570143e-01 -9.669985036010529944e-01
7.670090481301210239e-02 2.388529840694705864e-01 -9.680218088486184369e-01
7.745911688340149925e-02 2.341515162386400561e-01 -9.691094633008994208e-01
7.819809404766110694e-02 2.291009785398061271e-01 -9.702565634531794547e-01
7.891664967328174130e-02 2.237003382853044731e-01 -9.714578324662008768e-01
7.961358186326458752e-02 2.179485387741828262e-01 -9.727076185748876336e-01
8.028767312495295461e-02 2.118445094889761793e-01 -9.739998935051622508e-01
8.093769018069829624e-02 2.053871769667082181e-01 -9.753282509239392661e-01
8.156238393060745440e-02 1.985754763456470118e-01 -9.766859049490392852e-01
8.216048957778114559e-02 1.914083635889128610e-01 -9.780656887474358241e-01
8.273072692659719229e-02 1.838848283855130661e-01 -9.794600532519129876e-01
8.327180086470997722e-02 1.760039077287562370e-01 -9.808610660278734850e-01
8.378240203952487530e-02 1.677647001712733732e-01 -9.822604103236960427e-01
8.426120773995718349e-02 1.591663807550396936e-01 -9.836493843396906245e-01
8.470688299429207646e-02 1.502082166138466457e-01 -9.850189007523378892e-01
8.511808189491984478e-02 1.408895832446121765e-01 -9.863594865321210214e-01
8.549344916062140420e-02 1.312099814427370448e-01 -9.876612830948620081e-01
8.583162194691584812e-02 1.211690548954109936e-01 -9.889140468280526175e-01
8.613123191474721108e-02 1.107666084253424721e-01 -9.901071500352183197e-01
8.639090756747359878e-02 1.000026268758260339e-01 -9.912295823428665109e-01
8.660927686572117423e-02 8.887729462637050659e-02 -9.922699526160441152e-01
8.678497012916894238e-02 7.739101572628605263e-02 -9.932164914299521641e-01
8.691662323373115784e-02 6.554443463166731432e-02 -9.940570541464354148e-01
8.700288111189266593e-02 5.333845752911288429e-02 -9.947791246454708025e-01
8.704240156312165189e-02 4.077427422728627932e-02 -9.953698197630169719e-01
8.703385938032513758e-02 2.785338059505075570e-02 -9.958158944877436580e-01
8.697595079721728850e-02 1.457760152240023324e-02 -9.961037479702296027e-01
8.686739826023151534e-02 9.491143777615330263e-04 -9.962194303991931399e-01
8.670695552721688348e-02 -1.302952706753928748e-02 -9.961486508001834439e-01
8.649341309361033292e-02 -2.735536827976933413e-02 -9.958767858129116135e-01
8.622560394506240122e-02 -4.202502920340941278e-02 -9.953888895040230445e-01
8.590240963360924742e-02 -5.703467914024627772e-02 -9.946697042725938243e-01
8.552276667242325603e-02 -7.238001130857800447e-02 -9.937036729059693929e-01
8.508567324193372361e-02 -8.805621712759142961e-02 -9.924749518437339102e-01
8.459019619768515241e-02 -1.040579602755021121e-01 -9.909674257075961057e-01
8.403547836769185986e-02 -1.203793505736878156e-01 -9.891647231547893160e-01
8.342074612425319502e-02 -1.370139177527893160e-01 -9.870502341121949463e-01
8.274531721221452252e-02 -1.539545851605912397e-01 -9.846071284477982966e-01
8.200860881249863454e-02 -1.711936434754219860e-01 -9.818183761352609062e-01
8.121014581639468544e-02 -1.887227244928200709e-01 -9.786667689663303138e-01
8.035769381376120513e-02 -2.058462245654195943e-01 -9.752794328188902906e-01
7.945321751777102703e-02 -2.225624021478836423e-01 -9.716754409671225501e-01
7.849869660793494519e-02 -2.388700834428417741e-01 -9.678734612899002610e-01
7.749611791125837756e-02 -2.547686289142288563e-01 -9.638917452869479874e-01
7.644746812022866489e-02 -2.702579002969284216e-01 -9.597481185955204497e-01
7.535472704217675843e-02 -2.853382281536625542e-01 -9.554599729288273391e-01
7.421986137210942469e-02 -3.000103800251255337e-01 -9.510442593580054060e-01
7.304481897894789244e-02 -3.142755292146072743e-01 -9.465174828602266333e-01
7.183152369322232111e-02 -3.281352242437940436e-01 -9.418956980565081905e-01
7.058187058264606129e-02 -3.415913590120824295e-01 -9.371945060639406133e-01
6.929772170061382353e-02 -3.546461436875958384e-01 -9.324290523883587145e-01
6.798090229152027597e-02 -3.673020763541581246e-01 -9.276140257849257997e-01
6.663319743586353094e-02 -3.795619154347576463e-01 -9.227636580156709512e-01
6.525634911736831467e-02 -3.914286529085276856e-01 -9.178917244346983528e-01
6.385205369381902196e-02 -4.029054883349765248e-01 -9.130115453335591047e-01
6.242195975292047505e-02 -4.139958036961209342e-01 -9.081359879811290448e-01
6.096766633428749721e-02 -4.247031390643103976e-01 -9.032774692942558969e-01
5.949072149859036679e-02 -4.350311691008708070e-01 -8.984479590774154811e-01
5.799262122493697297e-02 -4.449836803882452063e-01 -8.936589837716374385e-01
5.647480861774097777e-02 -4.545645495960604077e-01 -8.889216306550157265e-01
5.493867340459556575e-02 -4.637777224794959463e-01 -8.842465524391988074e-01
5.338555170703185998e-02 -4.726271937064746020e-01 -8.796439722083516655e-01
5.181672606647830942e-02 -4.811169875085224423e-01 -8.751236886491834399e-01
5.023342570824097103e-02 -4.892511391486571437e-01 -8.706950815227421092e-01
4.863682702688430087e-02 -4.970336771983513424e-01 -8.663671173307743167e-01
4.702805427699797980e-02 -5.044686066144723480e-01 -8.621483551315372029e-01
4.540818045397828490e-02 -5.115598926061201146e-01 -8.580469524620198962e-01
4.377822835012385588e-02 -5.183114452804601369e-01 -8.540706713255812321e-01
4.213917177203787418e-02 -5.247271050559720873e-01 -8.502268842060352050e-01
4.049193690603410806e-02 -5.308106288310026066e-01 -8.465225800712107285e-01
3.883740381895621485e-02 -5.365656768951139188e-01 -8.429643703309779301e-01
3.717640808253239865e-02 -5.419958005704498261e-01 -8.395584947166633283e-01
3.550974251009499094e-02 -5.471044305701949773e-01 -8.363108270506716124e-01
3.383815899519188736e-02 -5.518948660611696644e-01 -8.332268808769932589e-01
3.216237044229958153e-02 -5.563702644176806711e-01 -8.303118149250965363e-01
3.048305278051132924e-02 -5.605336316539227814e-01 -8.275704383814891374e-01
2.880084705171546272e-02 -5.643878135225007808e-01 -8.250072159449803877e-01
2.711636156539438264e-02 -5.679354872669999388e-01 -8.226262726433852812e-01
2.543017411276171647e-02 -5.711791540169759429e-01 -8.204313983910843655e-01
2.374283423351061448e-02 -5.741211318142535047e-01 -8.184260522684917438e-01
2.205486552896826144e-02 -5.767635492600092784e-01 -8.166133665060876234e-01
2.036676801593801517e-02 -5.791083397727675441e-01 -8.149961501572418054e-01
1.867902051595978982e-02 -5.811572364481429886e-01 -8.135768924455969442e-01
1.699208307512962285e-02 -5.829117675119288577e-01 -8.123577657742926394e-01
1.530639940998972104e-02 -5.843732523589333372e-01 -8.113406283857960144e-01
1.362239937532933390e-02 -5.855427981708160035e-01 -8.105270266625687059e-01
1.194050145002397562e-02 -5.864212971070587033e-01 -8.099181970602408187e-01
1.026111523728474688e-02 -5.870094240641198224e-01 -8.095150676663850353e-01
8.584643975890334996e-03 -5.873076349987573774e-01 -8.093182593793915025e-01
6.911487059131211225e-03 -5.873161658124660400e-01 -8.093280867033404435e-01
5.242042558308193656e-03 -5.870350317949439845e-01 -8.095445581561525605e-01
3.576709747695672702e-03 -5.864640276254893259e-01 -8.099673762896776319e-01
1.915891627903258546e-03 -5.856027279322101320e-01 -8.105959373217571651e-01
2.599974445483788869e-04 -5.844504884099198661e-01 -8.114293303816721981e-01
-1.390554800913527348e-03 -5.830064474985687806e-01 -8.124663363717647968e-01
-3.035335851464919521e-03 -5.812695286250330051e-01 -8.137054264494083533e-01
-4.673902709326417659e-03 -5.792384430120345318e-01 -8.151447601348912331e-01
-6.305796168898027305e-03 -5.769116930589009984e-01 -8.167821830521884152e-01
-7.930538371699605987e-03 -5.742875762997791123e-01 -8.186152243110115245e-01
-9.547630387453185513e-03 -5.713641899457927442e-01 -8.206410935399691686e-01
-1.115654982577598577e-02 -5.681394360184750525e-01 -8.228566775821248847e-01
-1.275674848332015651e-02 -5.646110270826018018e-01 -8.252585368657240350e-01
-1.434765003160226420e-02 -5.607764925873023332e-01 -8.278429014643652328e-01
-1.592864775121113560e-02 -5.566331858250236353e-01 -8.306056668624270944e-01
-1.749910231856522530e-02 -5.521782915185577956e-01 -8.335423894431243097e-01
-1.905833965190854157e-02 -5.474088340469202008e-01 -8.366482817181605247e-01
-2.060564882378525600e-02 -5.423216863213675687e-01 -8.399182073195737841e-01
-2.214028004781523271e-02 -5.369135793232721054e-01 -8.433466757760305077e-01
-2.366144274820316737e-02 -5.311811123159123627e-01 -8.469278370975182879e-01
-2.516830372104987557e-02 -5.251207637424974983e-01 -8.506554761941201859e-01
-2.665998539719236296e-02 -5.187289028229015164e-01 -8.545230071563176821e-01
-2.813556421697570656e-02 -5.120018018616431243e-01 -8.585234674260711074e-01
-2.959406912805054649e-02 -5.049356492795973317e-01 -8.626495118897617997e-01
-3.103448021799055587e-02 -4.975265633817617106e-01 -8.668934069259502939e-01
-3.245572749422939024e-02 -4.897706068731135232e-01 -8.712470244428046628e-01
-3.385668982452102321e-02 -4.816638021341834719e-01 -8.757018359419873610e-01
-3.523619405182473047e-02 -4.732021472674213802e-01 -8.802489066477459101e-01
-3.659301429819977053e-02 -4.643816329247428265e-01 -8.848788897419389565e-01
-3.792587147295779781e-02 -4.551982599258092566e-01 -8.895820207477337371e-01
-3.923343300095528258e-02 -4.456480576756038370e-01 -8.943481121067342610e-01
-4.051431278750555059e-02 -4.357271033887163969e-01 -8.991665479963358854e-01
-4.176707143694090296e-02 -4.254315421264345809e-01 -9.040262794361421106e-01
-4.299021674235071339e-02 -4.147576076512511367e-01 -9.089158197343266687e-01
-4.418220446445032812e-02 -4.037016441017329260e-01 -9.138232403268610193e-01
-4.534143941788754129e-02 -3.922601284888504458e-01 -9.187361670645530776e-01
-4.646627688355682573e-02 -3.804296940128331084e-01 -9.236417770048511722e-01
-4.755502436565393898e-02 -3.682071541973912510e-01 -9.285267957673422057e-01
-4.860594371225267912e-02 -3.555895278357270595e-01 -9.333774955138132157e-01
-4.961725361810797458e-02 -3.425740647401398498e-01 -9.381796936156345801e-01
-5.058713252817169381e-02 -3.291582722842148478e-01 -9.429187520730563099e-01
-5.151372195993538655e-02 -3.153399427235670238e-01 -9.475795777527686869e-01
-5.239513026217328812e-02 -3.011171812778917767e-01 -9.521466235117581611e-01
-5.322943682693498380e-02 -2.864884349536513386e-01 -9.566038902770722663e-01
-5.401469677071504827e-02 -2.714525220831039420e-01 -9.609349301525835774e-01
-5.474894609959247288e-02 -2.560086625515595737e-01 -9.651228506251937622e-01
-5.543020737177099116e-02 -2.401565086807287974e-01 -9.691503199441349192e-01
-5.605649586934839668e-02 -2.238961767318206342e-01 -9.729995737480878759e-01
-5.662582628928471834e-02 -2.072282789876498110e-01 -9.766524230157309638e-01
-5.713621996141279163e-02 -1.901539563684365997e-01 -9.800902634160434390e-01
-5.758571259892775185e-02 -1.726749115312341820e-01 -9.832940861351943118e-01
-5.798054868510915671e-02 -1.554875743768194818e-01 -9.861348129866830403e-01
-5.832120654876818411e-02 -1.386003195297737800e-01 -9.886296513296138899e-01
-5.860827252864528325e-02 -1.220208605111861855e-01 -9.907956293737085751e-01
-5.884243267618267936e-02 -1.057562761594704193e-01 -9.926495743030240293e-01
-5.902446467088276472e-02 -8.981303712106616932e-02 -9.942080919643675463e-01
-5.915522997288635149e-02 -7.419703234178920415e-02 -9.954875480649076902e-01
-5.923566623402704706e-02 -5.891359549375695809e-02 -9.965040508223464988e-01
-5.926677998542100728e-02 -4.396753127689354002e-02 -9.972734350101463141e-01
-5.924963961663936435e-02 -2.936314153800285293e-02 -9.978112473396668625e-01
-5.918536865868687102e-02 -1.510425115428102281e-02 -9.981327331206628628e-01
-5.907513938037538270e-02 -1.194233631912641411e-03 -9.982528241413934911e-01
-5.892016670523430449e-02 1.236396362594748347e-02 -9.981861277095972484e-01
-5.872170245384025072e-02 2.556779442397057525e-02 -9.979469167957706333e-01
-5.848102991437102716e-02 3.841508929098436109e-02 -9.975491212205434000e-01
-5.819945874229106447e-02 5.090403144331909213e-02 -9.970063198284576655e-01
-5.787832018835060294e-02 6.303313322751138981e-02 -9.963317335911152650e-01
-5.751896265252373630e-02 7.480121307170860268e-02 -9.955382195834493464e-01
-5.712274756011354732e-02 8.620737297225829210e-02 -9.946382657777875780e-01
-5.669104555500932563e-02 9.725097653925256214e-02 -9.936439866013982991e-01
-5.622523300398295232e-02 1.079316276222271331e-01 -9.925671192043314939e-01
-5.572668880495134508e-02 1.182491495347893357e-01 -9.914190203855788308e-01
-5.519679149130089085e-02 1.282035648946691087e-01 -9.902106641268693110e-01
-5.463691662365980500e-02 1.377950760935503505e-01 -9.889526396847773126e-01
-5.404843445990675094e-02 1.470240464090469823e-01 -9.876551501932471222e-01
-5.343270789371058066e-02 1.558909817693354127e-01 -9.863280117301157501e-01
-5.279109065149813901e-02 1.643965131792418100e-01 -9.849806528027436059e-01
-5.212492573743667673e-02 1.725413798150062794e-01 -9.836221142094281333e-01
-5.143554411578641489e-02 1.803264127935018113e-01 -9.822610492348767819e-01
-5.072426361981923620e-02 1.877525196203733981e-01 -9.809057241396450522e-01
-4.999238807640397908e-02 1.948206693203753670e-01 -9.795640189050951463e-01
-4.924120663531991737e-02 2.015318782521205165e-01 -9.782434281971020829e-01
-4.847199329237059096e-02 2.078871966085091838e-01 -9.769510625134153470e-01
-4.768600659542385212e-02 2.138876956032735310e-01 -9.756936494812777916e-01
-4.688448952259408054e-02 2.195344553433498658e-01 -9.744775352736018137e-01
-4.606866952190306203e-02 2.248285533861728303e-01 -9.733086861137049128e-01
-4.523975870190154180e-02 2.297710539804667662e-01 -9.721926898403091544e-01
-4.439895416289817154e-02 2.343629979886842629e-01 -9.711347575062090343e-01
-4.354743845862196067e-02 2.386053934889066086e-01 -9.701397249857111049e-01
-4.268638017833332327e-02 2.424992070537693167e-01 -9.692120545676394805e-01
-4.181693463959344076e-02 2.460453557038021766e-01 -9.683558365123863254e-01
-4.094024468209759432e-02 2.492446995324737180e-01 -9.675747905531678628e-01
-4.005744155317212535e-02 2.520980350001968406e-01 -9.668722673233141052e-01
-3.916964587572296930e-02 2.546060888945822498e-01 -9.662512496930851791e-01
-3.827796868960375160e-02 2.567695129543117183e-01 -9.657143540011604577e-01
-3.738351255754020219e-02 2.585888791541408049e-01 -9.652638311675940663e-01
-3.648737272690284056e-02 2.600646756487223765e-01 -9.649015676766669047e-01
-3.559063833875947269e-02 2.611973033731643246e-01 -9.646290864196991333e-01
-3.469439367576121480e-02 2.619870732984914685e-01 -9.644475473895087747e-01
-3.379971944051891192e-02 2.624342043404657154e-01 -9.643577482198220086e-01
-3.290769405620971866e-02 2.625388219205270213e-01 -9.643601245645536668e-01
-3.201534572474371010e-02 2.626404080878141367e-01 -9.643625007595786336e-01
-3.112268474620686481e-02 2.627389618479238909e-01 -9.643648768049052356e-01
-3.022972142374015514e-02 2.628344822414461768e-01 -9.643672527005417994e-01
-2.933646606342067351e-02 2.629269683439730554e-01 -9.643696284464965407e-01
-2.844292897414273449e-02 2.630164192661080258e-01 -9.643720040427777862e-01
-2.754912046749894219e-02 2.631028341534743520e-01 -9.643743794893937515e-01
-2.665505085766124369e-02 2.631862121867232784e-01 -9.643767547863527634e-01
-2.576073046126194435e-02 2.632665525815418572e-01 -9.643791299336631484e-01
-2.486616959727470932e-02 2.633438545886602200e-01 -9.643815049313331222e-01
-2.397137858689553369e-02 2.634181174938585723e-01 -9.643838797793709006e-01
-2.307636775342370924e-02 2.634893406179736886e-01 -9.643862544777849211e-01
-2.218114742214275306e-02 2.635575233169050735e-01 -9.643886290265832884e-01
-2.128572792020132567e-02 2.636226649816206802e-01 -9.643910034257744401e-01
-2.039011957649414231e-02 2.636847650381622388e-01 -9.643933776753665921e-01
-1.949433272154285635e-02 2.637438229476501972e-01 -9.643957517753679598e-01
-1.859837768737692548e-02 2.637998382062882174e-01 -9.643981257257868700e-01
-1.770226480741448477e-02 2.638528103453672835e-01 -9.644004995266316493e-01
-1.680600441634319889e-02 2.639027389312694760e-01 -9.644028731779105135e-01
-1.590960685000109356e-02 2.639496235654711365e-01 -9.644052466796317891e-01
-1.501308244525739397e-02 2.639934638845459758e-01 -9.644076200318036918e-01
-1.411644153989335612e-02 2.640342595601673503e-01 -9.644099932344345483e-01
-1.321969447248308276e-02 2.640720102991104268e-01 -9.644123662875325742e-01
-1.232285158227434257e-02 2.641067158432540141e-01 -9.644147391911060962e-01
-1.142592320906938783e-02 2.641383759695815625e-01 -9.644171119451633301e-01
-1.052891969310576319e-02 2.641669904901823296e-01 -9.644194845497126023e-01
-9.631851374937121582e-03 2.641925592522516575e-01 -9.644218570047621286e-01
-8.734728595314043484e-03 2.642150821380911396e-01 -9.644242293103202357e-01
-7.837561695064850995e-03 2.642345590651081766e-01 -9.644266014663952502e-01
-6.940361014976429745e-03 2.642509899858153655e-01 -9.644289734729953878e-01
-6.043136895675060329e-03 2.642643748878292786e-01 -9.644313453301288641e-01
-5.145899677507252343e-03 2.642747137938688540e-01 -9.644337170378040058e-01
-4.248659700420587097e-03 2.642820067617536184e-01 -9.644360885960291396e-01
-3.351427303844572471e-03 2.642862538844011899e-01 -9.644384600048124812e-01
-2.454212826571505572e-03 2.642874552898244467e-01 -9.644408312641622461e-01
-1.557026606637352747e-03 2.642856111411285847e-01 -9.644432023740867610e-01
-6.598789812026373963e-04 2.642807216365073431e-01 -9.644455733345943527e-01
2.372197135666519402e-04 2.642727870092390630e-01 -9.644479441456932367e-01
1.134259142618139395e-03 2.642618075276824130e-01 -9.644503148073916288e-01
2.031228972132120402e-03 2.642477834952714488e-01 -9.644526853196978555e-01
2.928118869640602105e-03 2.642307152505105616e-01 -9.644550556826202437e-01
3.824918504146322413e-03 2.642106031669687605e-01 -9.644574258961670088e-01
4.721617546241746281e-03 2.641874476532737881e-01 -9.644597959603463666e-01
5.618205668228039990e-03 2.641612491531056817e-01 -9.644621658751666438e-01
6.514672544234018960e-03 2.641320081451898893e-01 -9.644645356406361669e-01
7.411007850335070424e-03 2.640997251432901649e-01 -9.644669052567631518e-01
8.307201264672050070e-03 2.640644006962009072e-01 -9.644692747235558139e-01
9.203242467570142693e-03 2.640260353877391664e-01 -9.644716440410224800e-01
1.009912114165770376e-02 2.639846298367361510e-01 -9.644740132091713658e-01
1.099482697198505936e-02 2.639401846970284571e-01 -9.644763822280107979e-01
1.189034964614327922e-02 2.638927006574489087e-01 -9.644787510975489919e-01
1.278567885438290988e-02 2.638421784418168436e-01 -9.644811198177942746e-01
1.368080428973267662e-02 2.637886188089281214e-01 -9.644834883887548616e-01
1.457571564811815067e-02 2.637320225525446316e-01 -9.644858568104390795e-01
1.547040262848036786e-02 2.636723905013834690e-01 -9.644882250828551440e-01
1.636485493289441609e-02 2.636097235191057764e-01 -9.644905932060112708e-01
1.725906226668797935e-02 2.635440225043050311e-01 -9.644929611799157865e-01
1.815301433855983498e-02 2.634752883904949994e-01 -9.644953290045769068e-01
1.904670086069831791e-02 2.634035221460973020e-01 -9.644976966800029583e-01
1.994011154889972770e-02 2.633287247744285908e-01 -9.645000642062021567e-01
2.083323612268669217e-02 2.632508973136872266e-01 -9.645024315831828288e-01
2.172606430542648598e-02 2.631700408369397337e-01 -9.645047988109531900e-01
2.261858582444929711e-02 2.630861564521066454e-01 -9.645071658895215672e-01
2.351079041116644133e-02 2.629992453019481813e-01 -9.645095328188961759e-01
2.440266780118853160e-02 2.629093085640491489e-01 -9.645118995990852317e-01
2.529420773444358839e-02 2.628163474508040109e-01 -9.645142662300970615e-01
2.618539995529509112e-02 2.627203632094009533e-01 -9.645166327119398808e-01
2.707623421265997754e-02 2.626213571218059539e-01 -9.645189990446220163e-01
2.796670026012658752e-02 2.625193305047463510e-01 -9.645213652281516836e-01
2.885678785607255145e-02 2.624142847096939124e-01 -9.645237312625370985e-01
2.974648676378260220e-02 2.623062211228475715e-01 -9.645260971477865874e-01
3.063578675156634554e-02 2.621951411651158859e-01 -9.645284628839083663e-01
3.152467759287595067e-02 2.620810462920988293e-01 -9.645308284709107616e-01
3.241314906642379229e-02 2.619639379940694734e-01 -9.645331939088019890e-01
3.330119095630001275e-02 2.618438177959550583e-01 -9.645355591975902643e-01
3.418879305209002184e-02 2.617206872573176746e-01 -9.645379243372839140e-01
3.507594514899192717e-02 2.615945479723348344e-01 -9.645402893278912648e-01
3.596263704793390553e-02 2.614654015697791545e-01 -9.645426541694204214e-01
3.684885855569149105e-02 2.613332497129980392e-01 -9.645450188618797105e-01
3.773459948500478001e-02 2.611980940998929190e-01 -9.645473834052774587e-01
3.861984965469559411e-02 2.610599364628978236e-01 -9.645497477996217706e-01
3.950459888978454653e-02 2.609187785689578987e-01 -9.645521120449209729e-01
4.038883702160803169e-02 2.607746222195072572e-01 -9.645544761411833923e-01
4.127255388793513863e-02 2.606274692504466084e-01 -9.645568400884172444e-01
4.215573933308448124e-02 2.604773215321204427e-01 -9.645592038866307449e-01
4.303838320804097284e-02 2.603241809692937725e-01 -9.645615675358322205e-01
4.392047537057248985e-02 2.601680495011284844e-01 -9.645639310360298868e-01
4.480200568534645211e-02 2.600089291011594139e-01 -9.645662943872319595e-01
4.568296402404633388e-02 2.598468217772697542e-01 -9.645686575894466541e-01
4.656334026548809846e-02 2.596817295716664642e-01 -9.645710206426824085e-01
4.744312429573651485e-02 2.595136545608549561e-01 -9.645733835469473272e-01
4.832230600822139815e-02 2.593425988556135597e-01 -9.645757463022497369e-01
4.920087530385378050e-02 2.591685646009673216e-01 -9.645781089085978532e-01
5.007882209114196403e-02 2.589915539761619701e-01 -9.645804713659998919e-01
5.095613628630747682e-02 2.588115691946368258e-01 -9.645828336744641796e-01
5.183280781340097315e-02 2.586286125039978234e-01 -9.645851958339989318e-01
5.270882660441800205e-02 2.584426861859898672e-01 -9.645875578446123644e-01
5.358418259941468559e-02 2.582537925564688530e-01 -9.645899197063128039e-01
5.445886574662332086e-02 2.580619339653734134e-01 -9.645922814191084660e-01
5.533286600256785703e-02 2.578671127966961074e-01 -9.645946429830075664e-01
5.620617333217927530e-02 2.576693314684542768e-01 -9.645970043980184316e-01
5.707877770891087860e-02 2.574685924326605702e-01 -9.645993656641492775e-01
5.795066911485348415e-02 2.572648981752930220e-01 -9.646017267814084306e-01
5.882183754085047733e-02 2.570582512162646882e-01 -9.646040877498039956e-01
5.969227298661279602e-02 2.568486541093930597e-01 -9.646064485693442991e-01
6.056196546083379012e-02 2.566361094423688649e-01 -9.646088092400375569e-01
6.143090498130398397e-02 2.564206198367247613e-01 -9.646111697618920955e-01
6.229908157502570681e-02 2.562021879478033060e-01 -9.646135301349161306e-01
6.316648527832763316e-02 2.559808164647247031e-01 -9.646158903591178779e-01
6.403310613697921205e-02 2.557565081103543858e-01 -9.646182504345056641e-01
6.489893420630496457e-02 2.555292656412697094e-01 -9.646206103610875937e-01
6.576395955129867021e-02 2.552990918477267557e-01 -9.646229701388719935e-01
6.662817224673744931e-02 2.550659895536263599e-01 -9.646253297678671901e-01
6.749156237729571350e-02 2.548299616164801384e-01 -9.646276892480812881e-01
6.835412003765904687e-02 2.545910109273756827e-01 -9.646300485795226143e-01
6.921583533263783727e-02 2.543491404109417542e-01 -9.646324077621993842e-01
7.007669837728097706e-02 2.541043530253128679e-01 -9.646347667961199246e-01
7.093669929698924459e-02 2.538566517620937102e-01 -9.646371256812924511e-01
7.179582822762869965e-02 2.536060396463227784e-01 -9.646394844177251793e-01
7.265407531564392618e-02 2.533525197364361325e-01 -9.646418430054263249e-01
7.351143071817106689e-02 2.530960951242303136e-01 -9.646442014444042146e-01
7.436788460315085780e-02 2.528367689348252068e-01 -9.646465597346669529e-01
7.522342714944142694e-02 2.525745443266264045e-01 -9.646489178762228667e-01
7.607804854693099583e-02 2.523094244912870709e-01 -9.646512758690802825e-01
7.693173899665051163e-02 2.520414126536696386e-01 -9.646536337132473049e-01
7.778448871088601557e-02 2.517705120718070066e-01 -9.646559914087322607e-01
7.863628791329099754e-02 2.514967260368632940e-01 -9.646583489555433655e-01
7.948712683899857023e-02 2.512200578730943712e-01 -9.646607063536889459e-01
8.033699573473347677e-02 2.509405109378078924e-01 -9.646630636031771067e-01
8.118588485892400120e-02 2.506580886213229387e-01 -9.646654207040161744e-01
8.203378448181372629e-02 2.503727943469294948e-01 -9.646677776562143647e-01
8.288068488557316649e-02 2.500846315708471490e-01 -9.646701344597798933e-01
8.372657636441119267e-02 2.497936037821838484e-01 -9.646724911147210868e-01
8.457144922468640136e-02 2.494997145028939600e-01 -9.646748476210461609e-01
8.541529378501830361e-02 2.492029672877360824e-01 -9.646772039787633313e-01
8.625810037639833339e-02 2.489033657242305242e-01 -9.646795601878808135e-01
8.709985934230074500e-02 2.486009134326162828e-01 -9.646819162484068233e-01
8.794056103879338560e-02 2.482956140658078015e-01 -9.646842721603496873e-01
8.878019583464823172e-02 2.479874713093511984e-01 -9.646866279237176212e-01
8.961875411145189818e-02 2.476764888813801635e-01 -9.646889835385188405e-01
9.045622626371586927e-02 2.473626705325716046e-01 -9.646913390047615611e-01
9.129260269898666069e-02 2.470460200461007672e-01 -9.646936943224541094e-01
9.212787383795578711e-02 2.467265412375960199e-01 -9.646960494916047013e-01
9.296203011456957710e-02 2.464042379550933082e-01 -9.646984045122214413e-01
9.379506197613887708e-02 2.460791140789902187e-01 -9.647007593843127671e-01
9.462695988344850540e-02 2.457511735219996274e-01 -9.647031141078867833e-01
9.545771431086662318e-02 2.454204202291030978e-01 -9.647054686829517056e-01
9.628731574645393865e-02 2.450868581775037802e-01 -9.647078231095158607e-01
9.711575469207267552e-02 2.447504913765789214e-01 -9.647101773875874642e-01
9.794302166349549976e-02 2.444113238678321809e-01 -9.647125315171747317e-01
9.876910719051415488e-02 2.440693597248454472e-01 -9.647148854982858790e-01
9.959400181704801402e-02 2.437246030532302377e-01 -9.647172393309292326e-01
1.004176961012524238e-01 2.433770579905789044e-01 -9.647195930151128973e-01
1.012401806156269235e-01 2.430267287064152848e-01 -9.647219465508451997e-01
1.020614459471232277e-01 2.426736194021451298e-01 -9.647242999381343553e-01
1.028814826972531127e-01 2.423177343110061166e-01 -9.647266531769885800e-01
1.037002814821960384e-01 2.419590776980174163e-01 -9.647290062674160893e-01
1.045178329329067013e-01 2.415976538599290679e-01 -9.647313592094252099e-01
1.053341276952223515e-01 2.412334671251708251e-01 -9.647337120030240465e-01
1.061491564299699153e-01 2.408665218538007247e-01 -9.647360646482209257e-01
1.069629098130730066e-01 2.404968224374532670e-01 -9.647384171450240631e-01
1.077753785356586891e-01 2.401243732992872359e-01 -9.647407694934416744e-01
1.085865533041640851e-01 2.397491788939332402e-01 -9.647431216934819753e-01
1.093964248404428602e-01 2.393712437074407007e-01 -9.647454737451532925e-01
1.102049838818714156e-01 2.389905722572246705e-01 -9.647478256484637305e-01
1.110122211814549842e-01 2.386071690920121557e-01 -9.647501774034216160e-01
1.118181275079334902e-01 2.382210387917882422e-01 -9.647525290100351647e-01
1.126226936458872840e-01 2.378321859677416938e-01 -9.647548804683125923e-01
1.134259103958426274e-01 2.374406152622102195e-01 -9.647572317782621143e-01
1.142277685743769838e-01 2.370463313486255164e-01 -9.647595829398919465e-01
1.150282590142242128e-01 2.366493389314578422e-01 -9.647619339532103044e-01
1.158273725643794438e-01 2.362496427461601989e-01 -9.647642848182255149e-01
1.166251000902038676e-01 2.358472475591122941e-01 -9.647666355349456824e-01
1.174214324735292775e-01 2.354421581675640307e-01 -9.647689861033791336e-01
1.182163606127624167e-01 2.350343793995787189e-01 -9.647713365235340843e-01
1.190098754229891725e-01 2.346239161139758167e-01 -9.647736867954187501e-01
1.198019678360784934e-01 2.342107732002735310e-01 -9.647760369190413465e-01
1.205926288007862085e-01 2.337949555786308364e-01 -9.647783868944100893e-01
1.213818492828585699e-01 2.333764681997892998e-01 -9.647807367215331942e-01
1.221696202651356145e-01 2.329553160450144600e-01 -9.647830864004188767e-01
1.229559327476543451e-01 2.325315041260369586e-01 -9.647854359310754635e-01
1.237407777477517040e-01 2.321050374849931985e-01 -9.647877853135110593e-01
1.245241463001673099e-01 2.316759211943657248e-01 -9.647901345477339907e-01
1.253060294571460287e-01 2.312441603569233284e-01 -9.647924836337524734e-01
1.260864182885403084e-01 2.308097601056606218e-01 -9.647948325715747231e-01
1.268653038819123613e-01 2.303727256037374216e-01 -9.647971813612088443e-01
1.276426773426360128e-01 2.299330620444177686e-01 -9.647995300026631638e-01
1.284185297939985093e-01 2.294907746510085056e-01 -9.648018784959458971e-01
1.291928523773019644e-01 2.290458686767976315e-01 -9.648042268410653710e-01
1.299656362519647224e-01 2.285983494049922404e-01 -9.648065750380296901e-01
1.307368725956223887e-01 2.281482221486560991e-01 -9.648089230868470700e-01
1.315065526042287491e-01 2.276954922506470025e-01 -9.648112709875257265e-01
1.322746674921563559e-01 2.272401650835536302e-01 -9.648136187400739860e-01
1.330412084922970306e-01 2.267822460496321524e-01 -9.648159663444999534e-01
1.338061668561620343e-01 2.263217405807425309e-01 -9.648183138008119553e-01
1.345695338539821539e-01 2.258586541382843760e-01 -9.648206611090180962e-01
1.353313007748073726e-01 2.253929922131325259e-01 -9.648230082691267029e-01
1.360914589266065400e-01 2.249247603255723482e-01 -9.648253552811459910e-01
1.368499996363665705e-01 2.244539640252345425e-01 -9.648277021450841762e-01
1.376069142501916975e-01 2.239806088910298032e-01 -9.648300488609493630e-01
1.383621941334023109e-01 2.235047005310829837e-01 -9.648323954287498783e-01
1.391118330332076214e-01 2.226867442820187060e-01 -9.649137324263209470e-01
1.398547313598750841e-01 2.215266477136532131e-01 -9.650733638758692834e-01
1.405897871598750237e-01 2.200242393239747185e-01 -9.653102325418109197e-01
1.413158950226740818e-01 2.181792704990146159e-01 -9.656229196389943814e-01
1.420319450176232012e-01 2.159914181202859107e-01 -9.660096444066050836e-01
1.427368216693242209e-01 2.134602878204805987e-01 -9.664682635539633138e-01
1.434294029799329517e-01 2.105854178883501404e-01 -9.669962705860264407e-01
1.441085595069451497e-01 2.073662838238989614e-01 -9.675907950180036021e-01
1.447731535051163254e-01 2.038023035451941578e-01 -9.682486014900960614e-01
1.454220381412819896e-01 1.998928432482296180e-01 -9.689660887949800294e-01
1.460540567909723031e-01 1.956372239213752251e-01 -9.697392888322611260e-01
1.466680424258499649e-01 1.910347285159850750e-01 -9.705638655057430286e-01
1.472628171011414189e-01 1.860846097747289596e-01 -9.714351135809705662e-01
1.478371915523746249e-01 1.807860987191416413e-01 -9.723479575221321003e-01
1.483899649108800234e-01 1.751384137977519129e-01 -9.732969503290291868e-01
1.489199245476501010e-01 1.691407706959503487e-01 -9.742762723964517591e-01
1.494258460552848611e-01 1.627923928084783756e-01 -9.752797304199257722e-01
1.499064933778688491e-01 1.560925223750652402e-01 -9.763007563734331651e-01
1.503606190987291369e-01 1.490404322792993341e-01 -9.773324065863303600e-01
1.507869648961047138e-01 1.416354385102920332e-01 -9.783673609483214406e-01
1.511842621768137440e-01 1.338769132860700706e-01 -9.793979222729610745e-01
1.515512328980281320e-01 1.257642988369125359e-01 -9.804160158517780665e-01
1.518865905872521793e-01 1.172971218460274190e-01 -9.814131892327123685e-01
1.521890415705444144e-01 1.084750085440343986e-01 -9.823806122581475453e-01
1.524572864189157606e-01 9.929770045268308809e-02 -9.833090773993939937e-01
1.526900216226744489e-01 8.976507077208502328e-02 -9.841890004260265279e-01
1.528859415032624569e-01 7.987714140446935951e-02 -9.850104214500045030e-01
1.530437403718331313e-01 6.963410060608474228e-02 -9.857630063859952330e-01
1.531621149434471141e-01 5.903632125735901875e-02 -9.864360488707785146e-01
1.532397670153067548e-01 4.808437973979340363e-02 -9.870184726860216085e-01
1.532754064169005448e-01 3.677907540630472732e-02 -9.874988347300824865e-01
1.532677542392807402e-01 2.512145062983858410e-02 -9.878653285858068900e-01
1.532155463499420001e-01 1.311281141305498457e-02 -9.881057887325330746e-01
1.531175371988994782e-01 7.547485397363801196e-04 -9.882076954516962886e-01
1.529725039205722115e-01 -1.195084075371472855e-02 -9.881581804765239285e-01
1.527792507349574613e-01 -2.500173061073481667e-02 -9.879440334373256194e-01
1.525366136503237824e-01 -3.839534391760482390e-02 -9.875517091548008386e-01
1.522434654682507937e-01 -5.212872922626436006e-02 -9.869673358345978365e-01
1.518987210902942586e-01 -6.619853726899634083e-02 -9.861767242170578207e-01
1.515013431238514674e-01 -8.060099709996827733e-02 -9.851653777366503606e-01
1.510503477829380214e-01 -9.533189190166253824e-02 -9.839185037460461691e-01
1.505448110775600701e-01 -1.103865344973930379e-01 -9.824210258600625245e-01
1.499838752831714750e-01 -1.257597426143847175e-01 -9.806575974748550362e-01
1.493667556793414342e-01 -1.414458139452819396e-01 -9.786126165176919356e-01
1.486927475442240409e-01 -1.574385010594459566e-01 -9.762702414824335762e-01
1.479612333887171394e-01 -1.737309862189947429e-01 -9.736144088054301537e-01
1.471716904113251900e-01 -1.903158561582255215e-01 -9.706288516359383722e-01
1.463236981517044566e-01 -2.071850768888330308e-01 -9.672971200543224457e-01
1.454169463176718802e-01 -2.243299685971884838e-01 -9.636026027902436786e-01
1.444512427571108537e-01 -2.417411807038686022e-01 -9.595285504917344666e-01
1.434344692123246667e-01 -2.587361145337172541e-01 -9.552393287906487673e-01
1.423687260993710679e-01 -2.753139920174378363e-01 -9.507540958726600211e-01
1.412561136682970175e-01 -2.914745874360861189e-01 -9.460915782420054043e-01
1.400987245867853503e-01 -3.072181931642150032e-01 -9.412700613256778093e-01
1.388986370868465214e-01 -3.225455859846747542e-01 -9.363073815617621865e-01
1.376579086647806704e-01 -3.374579940230748587e-01 -9.312209198904753960e-01
1.363785703224241752e-01 -3.519570643448627911e-01 -9.260275965672737364e-01
1.350626213357745964e-01 -3.660448312531302539e-01 -9.207438672184043993e-01
1.337120245354464498e-01 -3.797236853206304996e-01 -9.153857200604655908e-01
1.323287020820287652e-01 -3.929963431850785338e-01 -9.099686742068996415e-01
1.309145317182811019e-01 -4.058658181326213477e-01 -9.045077789858467776e-01
1.294713434791978923e-01 -4.183353914904037185e-01 -8.990176141954218103e-01
1.280009168402784225e-01 -4.304085848454217711e-01 -8.935122912242235982e-01
1.265049782838421621e-01 -4.420891331033503513e-01 -8.880054549667351083e-01
1.249851992629134045e-01 -4.533809583977495561e-01 -8.825102864652014656e-01
1.234431945420457755e-01 -4.642881448570009284e-01 -8.770395062115766693e-01
1.218805208944545304e-01 -4.748149142334903705e-01 -8.716053780451868960e-01
1.202986761349544576e-01 -4.849656023969390328e-01 -8.662197135838655138e-01
1.186990984684509753e-01 -4.947446366913840210e-01 -8.608938771284535552e-01
1.170831661340878821e-01 -5.041565141531190175e-01 -8.556387909827246618e-01
1.154521973256024819e-01 -5.132057805849187249e-01 -8.504649411329736619e-01
1.138074503689672778e-01 -5.218970104800826348e-01 -8.453823832336929689e-01
1.121501241389929876e-01 -5.302347877882399585e-01 -8.404007488479484644e-01
1.104813586972211159e-01 -5.382236875134452925e-01 -8.355292518932426749e-01
1.088022361341341587e-01 -5.458682581338678563e-01 -8.307766952458151000e-01
1.071137815994486070e-01 -5.531730048313172610e-01 -8.261514774584728382e-01
1.054169645050210824e-01 -5.601423735179563712e-01 -8.216615995491627356e-01
1.037126998856834625e-01 -5.667807356468198554e-01 -8.173146718195833937e-01
1.020018499041201593e-01 -5.730923737921695960e-01 -8.131179206651911739e-01
1.002852254867040022e-01 -5.790814679852818170e-01 -8.090781953399751592e-01
9.856358807800924549e-02 -5.847520827909544749e-01 -8.052019746413540124e-01
9.683765150251601173e-02 -5.901081551098497080e-01 -8.014953734824924458e-01
9.510808392280406531e-02 -5.951534826917314058e-01 -7.979641493212303871e-01
9.337550988430157184e-02 -5.998917133447223549e-01 -7.946137084166773334e-01
9.164051243740116426e-02 -6.043263348258716139e-01 -7.914491118863344887e-01
8.990363532847826800e-02 -6.084606653985944469e-01 -7.884750815383805289e-01
8.816538525204183074e-02 -6.122978450429125141e-01 -7.856960054554813500e-01
8.642623415691212674e-02 -6.158408273048708859e-01 -7.831159433081696930e-01
8.468662159995198058e-02 -6.190923717720463459e-01 -7.807386313774851150e-01
8.294695714147426457e-02 -6.220550371626646369e-01 -7.785674872681671577e-01
8.120762277700799281e-02 -6.247311750165267519e-01 -7.766056142952608710e-01
7.946897540062584919e-02 -6.271229239766799024e-01 -7.748558055285238444e-01
7.773134929551657468e-02 -6.292322046515708145e-01 -7.733205474805167068e-01
7.599505864792469034e-02 -6.310607150482651084e-01 -7.720020234257261027e-01
7.426040008097684053e-02 -6.326099265682130213e-01 -7.709021163394987886e-01
7.252765520526750775e-02 -6.338810805579795371e-01 -7.700224114469779169e-01
7.079709318338638091e-02 -6.348751854083265478e-01 -7.693641983736121404e-01
6.906897330583459949e-02 -6.355930141960388635e-01 -7.689284728901751853e-01
6.734354757599730901e-02 -6.360351028639135151e-01 -7.687159382465771351e-01
6.562106330201429583e-02 -6.362017489353802846e-01 -7.687270060900822655e-01
6.390176569351956049e-02 -6.360930107612852158e-01 -7.689617969648681051e-01
6.218590046130383769e-02 -6.357087072974448860e-01 -7.694201403911736792e-01
6.047371641799070829e-02 -6.350484184126595766e-01 -7.701015745235956222e-01
5.876546807780828885e-02 -6.341114857279562811e-01 -7.710053453893980224e-01
5.706141825348293867e-02 -6.328970139889114055e-01 -7.721304057090132567e-01
5.536184064818019251e-02 -6.314038729739736011e-01 -7.734754133022302414e-01
5.366702244027099500e-02 -6.296306999427646600e-01 -7.750387290848910204e-01
5.197726685850804357e-02 -6.275759026293773468e-01 -7.768184146622580943e-01
5.029289574495882098e-02 -6.252376627867033410e-01 -7.788122295265705874e-01
4.861425210275803488e-02 -6.226139402888165586e-01 -7.810176278676820294e-01
4.694170262541400712e-02 -6.197024777993904721e-01 -7.834317550070695191e-01
4.527564020403126305e-02 -6.165008060150477531e-01 -7.860514434669274575e-01
4.361648640839571600e-02 -6.130062494934143125e-01 -7.888732086875088756e-01
4.196469393741081300e-02 -6.092159330764762570e-01 -7.918932444073574217e-01
4.032074903387337234e-02 -6.051267889206075612e-01 -7.951074177225887496e-01
3.868517385803801889e-02 -6.007355641453510087e-01 -7.985112638429261445e-01
3.705852881384075898e-02 -5.960388291136761163e-01 -8.020999805637828439e-01
3.544141482103661811e-02 -5.910329863570140674e-01 -8.058684224753068781e-01
3.383447552585596568e-02 -5.857142801588640646e-01 -8.098110949309683670e-01
3.223839944210080133e-02 -5.800788068111751850e-01 -8.139221477999735166e-01
3.065392201388927873e-02 -5.741225255580303388e-01 -8.181953690295387105e-01
2.908182759051632441e-02 -5.678412702413785373e-01 -8.226241780448434460e-01
2.752295130313451091e-02 -5.612307616636835750e-01 -8.272016190163149485e-01
2.597818083217562357e-02 -5.542866206823617858e-01 -8.319203540257680274e-01
2.444845805363442259e-02 -5.470043820507740628e-01 -8.367726561648364259e-01
2.293478055152645828e-02 -5.393795090203007403e-01 -8.417504026010855789e-01
2.143820298301694904e-02 -5.314074087176618999e-01 -8.468450676491857676e-01
1.995983828190370929e-02 -5.230834483111398425e-01 -8.520477158865491507e-01
1.850085868533025632e-02 -5.144029719787087673e-01 -8.573489953548915077e-01
1.706249656781289731e-02 -5.053613186902727872e-01 -8.627391308912644163e-01
1.564604506589553981e-02 -4.959538408152474598e-01 -8.682079176342151206e-01
1.425285847600671688e-02 -4.861759235655902511e-01 -8.737447147528581981e-01
1.288435240739401431e-02 -4.760230052830797809e-01 -8.793384394487901989e-01
1.154200367136176339e-02 -4.654905985781593869e-01 -8.849775612829282601e-01
1.022734988744901201e-02 -4.545743123259910479e-01 -8.906500968815088681e-01
8.941988786667760120e-03 -4.432698745235023607e-01 -8.963436050776307784e-01
7.687577191488399048e-03 -4.315731560091520813e-01 -9.020451825468589480e-01
6.465829651922773771e-03 -4.194801950448769912e-01 -9.077414599975183185e-01
5.278516716828843269e-03 -4.069872227572178813e-01 -9.134185989783836224e-01
4.127462819458454363e-03 -3.940906894319436971e-01 -9.190622893685073125e-01
3.014543756305933415e-03 -3.807872916536043650e-01 -9.246577476159072440e-01
1.941683738505122110e-03 -3.670740002783369760e-01 -9.301897157937524252e-01
9.108519953817024745e-04 -3.529480892249290958e-01 -9.356424615445194659e-01
-7.594108968788683411e-05 -3.384071650656036434e-01 -9.409997789843372873e-01
-1.016648330213804855e-03 -3.234491973942354992e-01 -9.462449906413753498e-01
-1.909190592465744496e-03 -3.080725499457394601e-01 -9.513609505036471070e-01
-2.751462173223216678e-03 -2.922760124361869494e-01 -9.563300482529800695e-01
-3.541336714897241628e-03 -2.760588330888189557e-01 -9.611342147631325439e-01
-4.276673671803840789e-03 -2.594207518065281826e-01 -9.657549289410954918e-01
-4.955325339374799104e-03 -2.423620339465936968e-01 -9.701732259914876977e-01
