0.000000000000000000e+00 0.000000000000000000e+00 1.000000000000000000e+00
-4.138959745702773576e-06 3.519516818871470942e-04 9.999999380564393858e-01
-1.365540686991662262e-05 1.055825736954736204e-03 9.999994425226160777e-01
-2.978770783717234389e-05 2.111587670236710155e-03 9.999977701526154839e-01
-5.377403235700951812e-05 3.519196493498696812e-03 9.999938061630149200e-01
-8.685229479194945157e-05 5.278602765020621798e-03 9.999860643076622368e-01
-1.302600633685532057e-04 7.389745976752023528e-03 9.999726869703567944e-01
-1.852344280097791983e-04 9.852551289561740228e-03 9.999514452818665244e-01
-2.530118176201138461e-04 1.266692561746434950e-02 9.999197392693188746e-01
-3.348277576729364333e-04 1.583275306189166343e-02 9.998745980476028139e-01
-4.319165589738661794e-04 1.934988969729348890e-02 9.998126800640162459e-01
-5.455109285062755822e-04 2.321815770960286573e-02 9.997302734089841270e-01
-6.768414933078706472e-04 2.743733888939164922e-02 9.996232962072594264e-01
-8.271362283826415914e-04 3.200716748187754784e-02 9.994872971055978050e-01
-9.976197797232516130e-04 3.692732239632801061e-02 9.993174558744696290e-01
-1.189512673608010508e-03 4.219741877784450451e-02 9.991085841429350189e-01
-1.404030403447173361e-03 4.781699894500680836e-02 9.988551262873602843e-01
-1.642382385588877190e-03 5.378552269741562059e-02 9.985511604961917476e-01
-1.905770775659292645e-03 6.010235699779703511e-02 9.981904000345299677e-01
-2.195389137208456683e-03 6.676676503402848017e-02 9.977661947337529424e-01
-2.512420954666941871e-03 7.377789466721608458e-02 9.972715327329264579e-01
-2.858037982893375101e-03 8.113476627280240272e-02 9.966990425002045795e-01
-3.233398425913404546e-03 8.883625998261383827e-02 9.960409951638644621e-01
-3.639644937821769934e-03 9.688110233677292571e-02 9.952893071840297479e-01
-4.077902439245537081e-03 1.052678523555044543e-01 9.944355433975174963e-01
-4.549275743253295042e-03 1.139948870420593174e-01 9.934709204695824081e-01
-5.054846985147314412e-03 1.230603863292685229e-01 9.923863107876357281e-01
-5.595672851198431504e-03 1.324623174836244976e-01 9.911722468332690994e-01
-6.172781602081932502e-03 1.421984189822692868e-01 9.898189260701181214e-01
-6.787169887552149845e-03 1.522661838798517187e-01 9.883162163862466709e-01
-7.439799349758811735e-03 1.626628426838991892e-01 9.866536621308197308e-01
-8.131593013564478861e-03 1.733853457591361114e-01 9.848204907858472135e-01
-8.863431463274297137e-03 1.844303452830694245e-01 9.828056203147242931e-01
-9.636148806341402265e-03 1.957941767771554098e-01 9.805976672301522923e-01
-1.045052842586776699e-02 2.074728402399572402e-01 9.781849554247976641e-01
-1.130729852508494809e-02 2.194619809109034370e-01 9.755555258087176274e-01
-1.220712746847538860e-02 2.317568696955587815e-01 9.726971467981542219e-01
-1.315061892578547713e-02 2.443523832857240341e-01 9.695973257007529655e-01
-1.413830682688864589e-02 2.572429840101842502e-01 9.662433210426012442e-01
-1.517065013728178570e-02 2.704226994545278484e-01 9.626221558826844049e-01
-1.624802746594183889e-02 2.838851018911573987e-01 9.587206321604253567e-01
-1.737073151933115484e-02 2.976232875634048369e-01 9.545253461218912161e-01
-1.853896341751887569e-02 3.116298558705455912e-01 9.500227048700076171e-01
-1.975282689067839326e-02 3.258968885034764229e-01 9.451989440837108569e-01
-2.101232237662436705e-02 3.404159285838744275e-01 9.400401469503802954e-01
-2.231734104256139634e-02 3.551779598627863299e-01 9.345322643551102759e-01
-2.366765875682359105e-02 3.701733860378053076e-01 9.286611363694028398e-01
-2.506293003908170725e-02 3.853920102512687351e-01 9.224125150806682383e-01
-2.650268202027202327e-02 4.008230148352538436e-01 9.157720888025046024e-01
-2.798630844634672141e-02 4.164549413725497362e-01 9.087255077040777840e-01
-2.951306376284549074e-02 4.322756711462404922e-01 9.012584108950246753e-01
-3.108205732022598783e-02 4.482724060540388966e-01 8.933564550001472648e-01
-3.269224774284880397e-02 4.644316500670556680e-01 8.850053442557400674e-01
-3.434243750746994450e-02 4.807391913162715191e-01 8.761908621566852906e-01
-3.603126778002758296e-02 4.971800848935883921e-01 8.668989046804460585e-01
-3.775721356239503113e-02 5.137386364579676901e-01 8.571155151107818781e-01
-3.951857920357996351e-02 5.303983867408078590e-01 8.468269204803789973e-01
-4.131349433255122883e-02 5.471420970483645840e-01 8.360195696476323546e-01
-4.313991027243557069e-02 5.639517358626636723e-01 8.246801730185113755e-01
-4.499559699821193554e-02 5.808084666459940593e-01 8.127957439197832645e-01
-4.687814070220267665e-02 5.976926369576831544e-01 8.003536416248441254e-01
-4.878494203357809644e-02 6.145837689954396499e-01 7.873416160279992360e-01
-5.071321507971069537e-02 6.314605516770923632e-01 7.737478539572397729e-01
-5.265998715849248141e-02 6.483008343820394481e-01 7.595610271093617971e-01
-5.462209949161586642e-02 6.650816224751417982e-01 7.447703415846600450e-01
-5.659620882926610225e-02 6.817790747391336836e-01 7.293655889913891466e-01
-5.857879009663029962e-02 6.983685028448615162e-01 7.133371990827126474e-01
-6.056614013204224961e-02 7.148243729917862499e-01 6.966762938809393235e-01
-6.255438258539988694e-02 7.311203098541713130e-01 6.793747432354744209e-01
-6.453947404365946439e-02 7.472291029712077037e-01 6.614252217520785182e-01
-6.651721144767298866e-02 7.631227157219734325e-01 6.428212670217239300e-01
-6.848324086133895927e-02 7.787722970285567703e-01 6.235573390675589467e-01
-7.043306764992851576e-02 7.941481959328640094e-01 6.036288809182345227e-01
-7.236206811947784590e-02 8.092199791945441367e-01 5.830323802051085025e-01
-7.426550266325418481e-02 8.239564520590542118e-01 5.617654316696215622e-01
-7.613853045446132561e-02 8.383256823461204821e-01 5.398268004554388488e-01
-7.797622571650880685e-02 8.522950280096686093e-01 5.172164860477729276e-01
-7.977359559329040561e-02 8.658311683206475484e-01 4.939357867096573207e-01
-8.152559963197096582e-02 8.789001388239974233e-01 4.699873642518372918e-01
-8.322717087974233763e-02 8.914673702202438044e-01 4.453753089593952552e-01
-8.487323858386337794e-02 9.034977313207684935e-01 4.201052044842576993e-01
-8.645875247103999850e-02 9.149555762236291079e-01 3.941841924983581213e-01
-8.797870856783342186e-02 9.258047958537940492e-01 3.676210368874872070e-01
-8.942817650832517173e-02 9.360088740077319169e-01 3.404261872507834963e-01
-9.080232825874666458e-02 9.455309480373456088e-01 3.126118414554442948e-01
-9.209646817124411688e-02 9.543338743021717585e-01 2.841920069806219140e-01
-9.330606426045874591e-02 9.623802985114596753e-01 2.551825607686649677e-01
-9.442678057723633001e-02 9.696327310690888712e-01 2.256013072859396340e-01
-9.545451053363859795e-02 9.760536275241615822e-01 1.954680344794940405e-01
-9.638541101263049804e-02 9.816054742183917270e-01 1.648045672998937894e-01
-9.721593707450294775e-02 9.862508792079799358e-01 1.336348184447541942e-01
-9.794287705042431513e-02 9.899526685223932754e-01 1.019848359619304479e-01
-9.856338779168230535e-02 9.926739878052308619e-01 6.988284733611639654e-02
-9.907502982139429482e-02 9.943784093630334553e-01 3.735929966787451123e-02
-9.947580211396386818e-02 9.950300446263744547e-01 4.446895540014199344e-03
-9.976417620660779639e-02 9.945936620037393316e-01 -2.881937584709604039e-02
-9.993912932715726116e-02 9.930348100824719637e-01 -6.240221270209115462e-02
-1.000001762033613517e-01 9.903199461023525219e-01 -9.626198027313701000e-02
-9.994739920142475809e-02 9.864165695961165659e-01 -1.303566965344960527e-01
-9.978147642585137589e-02 9.812933610573773002e-01 -1.646420243896928037e-01
-9.950370739921807206e-02 9.749203254599676516e-01 -1.990712708586279689e-01
-9.911017075970915413e-02 9.674336934425811219e-01 -2.329146248782362205e-01
-9.860553583095570118e-02 9.588778936424741106e-01 -2.661393112684657392e-01
-9.799486866043688460e-02 9.492977497237120588e-01 -2.987152284019018444e-01
-9.728358420961376318e-02 9.387383521131839048e-01 -3.306148969542554439e-01
-9.647739908524703700e-02 9.272449362386716576e-01 -3.618134038961317578e-01
-9.558228512479208239e-02 9.148627672392497523e-01 -3.922883421981366858e-01
-9.460442411727978951e-02 9.016370310973108593e-01 -4.220197467047540618e-01
-9.355016390981367447e-02 8.876127321227849087e-01 -4.509900266152996329e-01
-9.242597611902314547e-02 8.728345967034695230e-01 -4.791838949927473834e-01
-9.123841563675653965e-02 8.573469832206618291e-01 -5.065882957034316680e-01
-8.999408209019063576e-02 8.411937980163162187e-01 -5.331923281726542729e-01
-8.869958338855804536e-02 8.244184172865985927e-01 -5.589871703231534816e-01
-8.736150146200533095e-02 8.070636147668276417e-01 -5.839660000452959743e-01
-8.598636027281666983e-02 7.891714950642505499e-01 -6.081239155298072685e-01
-8.458059615547090793e-02 7.707834324877761434e-01 -6.314578547759193139e-01
-8.315053051981736998e-02 7.519400152175649277e-01 -6.539665145700412907e-01
-8.170234493111043494e-02 7.326809946521564143e-01 -6.756502692125018195e-01
-8.024205856176484797e-02 7.130452397664959197e-01 -6.965110892526120701e-01
-7.877550799249619096e-02 6.930706963107311491e-01 -7.165524604752971927e-01
-7.730832932498743482e-02 6.727943506769011872e-01 -7.357793033658740489e-01
-7.584594255435465893e-02 6.522521982585698375e-01 -7.541978932632482646e-01
-7.439353813743750099e-02 6.314792161270051940e-01 -7.718157813958903546e-01
-7.295606568226903343e-02 6.105093398466189258e-01 -7.886417169794501802e-01
-7.153822467492866599e-02 5.893754442520107162e-01 -8.046855705398082703e-01
-7.014445715228827261e-02 5.681093280090684372e-01 -8.199582586107568849e-01
-6.877894222285364789e-02 5.467417017831217585e-01 -8.344716699413669003e-01
-6.744559233290532696e-02 5.253021798380974605e-01 -8.482385933344476214e-01
-6.614805117137387280e-02 5.038192748919569919e-01 -8.612726472243539266e-01
-6.488969310426104253e-02 4.823203960553744674e-01 -8.735882110897462693e-01
-6.367362402785416153e-02 4.608318496826256938e-01 -8.852003587847775412e-01
-6.250268352939013228e-02 4.393788429659720718e-01 -8.961247938605639840e-01
-6.137944824412082390e-02 4.179854901074252505e-01 -9.063777869377067642e-01
-6.030623629882724684e-02 3.966748209046470075e-01 -9.159761151800642764e-01
-5.928511273364139855e-02 3.754687915908564988e-01 -9.249370039099316099e-01
-5.831789579647968236e-02 3.543882977719670646e-01 -9.332780703952696655e-01
-5.740616400739068786e-02 3.334531893077385400e-01 -9.410172698306265016e-01
-5.655126389359586142e-02 3.126822869874942290e-01 -9.481728435249189291e-01
-5.575431829988187343e-02 2.920934008548948801e-01 -9.547632693012726435e-01
-5.501623518321811790e-02 2.717033500403703838e-01 -9.608072141066613669e-01
-5.433771680495724787e-02 2.515279839640661153e-01 -9.663234888221173824e-01
-5.371926923866953557e-02 2.315822047765483949e-01 -9.713310052578145726e-01
-5.316121211650656764e-02 2.118799909090146039e-01 -9.758487353113223239e-01
-5.266368854193428928e-02 1.924344216093530069e-01 -9.798956722618020754e-01
-5.222667510167144922e-02 1.732577023450764253e-01 -9.834907941678368015e-01
-5.184999191467398044e-02 1.543611909588981090e-01 -9.866530293319522027e-01
-5.153331266097960217e-02 1.357554244675079347e-01 -9.894012237906788521e-01
-5.127617453813472503e-02 1.174501463989292144e-01 -9.917541107852118065e-01
-5.107798809773737847e-02 9.945433456867261435e-02 -9.937302821643290152e-01
-5.093804691931761580e-02 8.177622919973855098e-02 -9.953481616682179345e-01
-5.085553708331869843e-02 6.442336129633893793e-02 -9.966259800392154311e-01
-5.082954640931747897e-02 4.740258118599682824e-02 -9.975817519031737746e-01
-5.085907342981584728e-02 3.072008714942542698e-02 -9.982332543632083111e-01
-5.094303607393284306e-02 1.438145406227220313e-02 -9.985980072459427204e-01
-5.108028003911961601e-02 -1.608338022573436998e-03 -9.986932549390320490e-01
-5.126958683259901645e-02 -1.724487541888115524e-02 -9.985359497576922205e-01
-5.150968146759368066e-02 -3.252428253952669573e-02 -9.981427367771853465e-01
-5.179923980254791394e-02 -4.744319387549258971e-02 -9.975299400676790329e-01
-5.213689551446926834e-02 -6.199872627521464674e-02 -9.967135502676088832e-01
-5.252124670021643404e-02 -7.618845157397406698e-02 -9.957092134316034571e-01
-5.295086210204374283e-02 -9.001036961907309120e-02 -9.945322210891659465e-01
-5.342428695598364780e-02 -1.034628817327080536e-01 -9.931975014506343458e-01
-5.394004846371214246e-02 -1.165447646507725005e-01 -9.917196116974442699e-01
-5.449666089040521022e-02 -1.292551449722907642e-01 -9.901127312943843739e-01
-5.509263029276404572e-02 -1.415934741508020900e-01 -9.883906562623459013e-01
-5.572645888287140054e-02 -1.535595040557913848e-01 -9.865667943510161297e-01
-5.639664903484969266e-02 -1.651532631291965925e-01 -9.846541610520359589e-01
-5.710170694243257850e-02 -1.763750331591170672e-01 -9.826653763943220543e-01
-5.784014593654519115e-02 -1.872253266901023061e-01 -9.806126624645312706e-01
-5.861048947282387900e-02 -1.977048650868169499e-01 -9.785078415970138721e-01
-5.941127379970398414e-02 -2.078145572654553352e-01 -9.763623351790431393e-01
-6.024105031827380746e-02 -2.175554791050161585e-01 -9.741871630186229591e-01
-6.109838764554434420e-02 -2.269288535484433877e-01 -9.719929432237413014e-01
-6.198187339312746097e-02 -2.359360314016914206e-01 -9.697898925435598505e-01
-6.289011567355917709e-02 -2.445784728369774230e-01 -9.675878271236902917e-01
-6.382174434665956186e-02 -2.528577296048401535e-01 -9.653961636294023929e-01
-6.477541201839463747e-02 -2.607754279581269707e-01 -9.632239206923350894e-01
-6.574979480470836968e-02 -2.683332522896769157e-01 -9.610797206380250479e-01
-6.674359287273171071e-02 -2.755329294842525090e-01 -9.589717914533294474e-01
-6.775553077165989702e-02 -2.823762139841932695e-01 -9.569079689545914036e-01
-6.878435756542504442e-02 -2.888648735673121637e-01 -9.548956991191747123e-01
-6.982884677908751669e-02 -2.950006758347315516e-01 -9.529420405447752707e-01
-7.088779617063192817e-02 -3.007853754056492024e-01 -9.510536670026956685e-01
-7.196002733958926922e-02 -3.062207018154331495e-01 -9.492368700530438019e-01
-7.304438518362141308e-02 -3.113083481129627073e-01 -9.474975616915853882e-01
-7.413973721390403060e-02 -3.160499601527539393e-01 -9.458412769997355252e-01
-7.524497273983311862e-02 -3.204471265771278721e-01 -9.442731767709251489e-01
-7.635900193326547458e-02 -3.245013694834910645e-01 -9.427980500883093029e-01
-7.748075478218710566e-02 -3.282141357716980012e-01 -9.414203168305078639e-01
-7.860917994339154669e-02 -3.315867891664423528e-01 -9.401440300837730080e-01
-7.974324350344499934e-02 -3.346206029096814305e-01 -9.389728784406707884e-01
-8.088192765692119035e-02 -3.373167531182200141e-01 -9.379101881670406371e-01
-8.202422931060900091e-02 -3.396763128017695754e-01 -9.369589252206571572e-01
-8.316915862213236643e-02 -3.417002465370436726e-01 -9.361216971066668169e-01
-8.431573748117815459e-02 -3.433894057937487143e-01 -9.354007545565046211e-01
-8.546299794130511607e-02 -3.447445249086741326e-01 -9.347979930186172126e-01
-8.660998061010787008e-02 -3.457662177044711904e-01 -9.343149539509248980e-01
-8.775573300533576204e-02 -3.464549747501300403e-01 -9.339528259065557059e-01
-8.889930788441879894e-02 -3.468111612606154526e-01 -9.337124454059680945e-01
-9.003976155473246423e-02 -3.468350156335947010e-01 -9.335942975901627694e-01
-9.117615217184178722e-02 -3.465266486216841413e-01 -9.335985166512527078e-01
-9.231149366891744368e-02 -3.462145572878672639e-01 -9.336027354725552341e-01
-9.344577383604170395e-02 -3.458987451802970070e-01 -9.336069540540804512e-01
-9.457898047523211060e-02 -3.455792158871716091e-01 -9.336111723958383513e-01
-9.571110140057283167e-02 -3.452559730366948632e-01 -9.336153904978392593e-01
-9.684212443834598616e-02 -3.449290202970355934e-01 -9.336196083600931672e-01
-9.797203742716273367e-02 -3.445983613762869102e-01 -9.336238259826101782e-01
-9.910082821809429454e-02 -3.442640000224249652e-01 -9.336280433654005062e-01
-1.002284846748027758e-01 -3.439259400232672625e-01 -9.336322605084742543e-01
-1.013549946736719137e-01 -3.435841852064305257e-01 -9.336364774118414145e-01
-1.024803461039376640e-01 -3.432387394392882318e-01 -9.336406940755122008e-01
-1.036045268678186249e-01 -3.428896066289275901e-01 -9.336449104994968273e-01
-1.047275248806463360e-01 -3.425367907221062991e-01 -9.336491266838052860e-01
-1.058493280709954104e-01 -3.421802957052085259e-01 -9.336533426284476800e-01
-1.069699243808135830e-01 -3.418201256042007752e-01 -9.336575583334342232e-01
-1.080893017655515098e-01 -3.414562844845872580e-01 -9.336617737987750187e-01
-1.092074481942925390e-01 -3.410887764513647613e-01 -9.336659890244801696e-01
-1.103243516498822047e-01 -3.407176056489770177e-01 -9.336702040105597789e-01
-1.114400001290577064e-01 -3.403427762612689089e-01 -9.336744187570239495e-01
-1.125543816425771115e-01 -3.399642925114401137e-01 -9.336786332638827846e-01
-1.136674842153484605e-01 -3.395821586619981458e-01 -9.336828475311464981e-01
-1.147792958865587326e-01 -3.391963790147113356e-01 -9.336870615588250821e-01
-1.158898047098026185e-01 -3.388069579105609797e-01 -9.336912753469287507e-01
-1.169989987532111669e-01 -3.384138997296934348e-01 -9.336954888954676068e-01
-1.181068660995802377e-01 -3.380172088913716011e-01 -9.336997022044517536e-01
-1.192133948464988297e-01 -3.376168898539259611e-01 -9.337039152738912939e-01
-1.203185731064771863e-01 -3.372129471147053414e-01 -9.337081281037964420e-01
-1.214223890070748185e-01 -3.368053852100270085e-01 -9.337123406941771897e-01
-1.225248306910283191e-01 -3.363942087151267080e-01 -9.337165530450437512e-01
-1.236258863163789828e-01 -3.359794222441078726e-01 -9.337207651564062294e-01
-1.247255440566003432e-01 -3.355610304498907737e-01 -9.337249770282746164e-01
-1.258237921007254179e-01 -3.351390380241609512e-01 -9.337291886606592373e-01
-1.269206186534738989e-01 -3.347134496973175333e-01 -9.337334000535700840e-01
-1.280160119353791204e-01 -3.342842702384207776e-01 -9.337376112070172596e-01
-1.291099601829148180e-01 -3.338515044551396138e-01 -9.337418221210109781e-01
-1.302024516486217920e-01 -3.334151571936983527e-01 -9.337460327955612316e-01
-1.312934746012343334e-01 -3.329752333388232843e-01 -9.337502432306782341e-01
-1.323830173258065124e-01 -3.325317378136887214e-01 -9.337544534263720886e-01
-1.334710681238382157e-01 -3.320846755798627092e-01 -9.337586633826528981e-01
-1.345576153134011299e-01 -3.316340516372521807e-01 -9.337628730995308768e-01
-1.356426472292643903e-01 -3.311798710240478338e-01 -9.337670825770160166e-01
-1.367261522230202031e-01 -3.307221388166685649e-01 -9.337712918151185315e-01
-1.378081186632091337e-01 -3.302608601297055135e-01 -9.337755008138484136e-01
-1.388885349354453125e-01 -3.297960401158655519e-01 -9.337797095732158770e-01
-1.399673894425414455e-01 -3.293276839659145527e-01 -9.337839180932310246e-01
-1.410446706046335485e-01 -3.288557969086201571e-01 -9.337881263739040705e-01
-1.421203668593056246e-01 -3.283803842106941540e-01 -9.337923344152450067e-01
-1.431944666617140094e-01 -3.279014511767343598e-01 -9.337965422172639363e-01
-1.442669584847116881e-01 -3.274190031491662767e-01 -9.338007497799710732e-01
-1.453378308189722246e-01 -3.269330455081841946e-01 -9.338049571033765206e-01
-1.464070721731136893e-01 -3.264435836716918504e-01 -9.338091641874903814e-01
-1.474746710738222277e-01 -3.259506230952429195e-01 -9.338133710323227588e-01
-1.485406160659755170e-01 -3.254541692719807311e-01 -9.338175776378837556e-01
-1.496048957127660284e-01 -3.249542277325779827e-01 -9.338217840041834750e-01
-1.506674985958240953e-01 -3.244508040451756781e-01 -9.338259901312321309e-01
-1.517284133153406489e-01 -3.239439038153220651e-01 -9.338301960190398265e-01
-1.527876284901899806e-01 -3.234335326859106852e-01 -9.338344016676165538e-01
-1.538451327580520889e-01 -3.229196963371184226e-01 -9.338386070769725267e-01
-1.549009147755349147e-01 -3.224024004863430548e-01 -9.338428122471178483e-01
-1.559549632182963830e-01 -3.218816508881401917e-01 -9.338470171780627327e-01
-1.570072667811662492e-01 -3.213574533341601591e-01 -9.338512218698171719e-01
-1.580578141782676138e-01 -3.208298136530841616e-01 -9.338554263223913798e-01
-1.591065941431383524e-01 -3.202987377105602218e-01 -9.338596305357953486e-01
-1.601535954288523245e-01 -3.197642314091387328e-01 -9.338638345100392923e-01
-1.611988068081402770e-01 -3.192263006882074539e-01 -9.338680382451333140e-01
-1.622422170735106361e-01 -3.186849515239264519e-01 -9.338722417410875165e-01
-1.632838150373700226e-01 -3.181401899291621538e-01 -9.338764449979121141e-01
-1.643235895321435713e-01 -3.175920219534213440e-01 -9.338806480156170986e-01
-1.653615294103950306e-01 -3.170404536827848285e-01 -9.338848507942126842e-01
-1.663976235449466379e-01 -3.164854912398403775e-01 -9.338890533337088629e-01
-1.674318608289987464e-01 -3.159271407836155565e-01 -9.338932556341158486e-01
-1.684642301762492855e-01 -3.153654085095101145e-01 -9.338974576954437445e-01
-1.694947205210129704e-01 -3.148003006492278155e-01 -9.339016595177027646e-01
-1.705233208183402627e-01 -3.142318234707080493e-01 -9.339058611009029010e-01
-1.715500200441361089e-01 -3.136599832780570529e-01 -9.339100624450543675e-01
-1.725748071952785401e-01 -3.130847864114786883e-01 -9.339142635501671563e-01
-1.735976712897369101e-01 -3.125062392472047201e-01 -9.339184644162514815e-01
-1.746186013666899683e-01 -3.119243481974249832e-01 -9.339226650433174459e-01
-1.756375864866437098e-01 -3.113391197102168828e-01 -9.339268654313751528e-01
-1.766546157315489474e-01 -3.107505602694747293e-01 -9.339310655804347050e-01
-1.776696782049187184e-01 -3.101586763948384062e-01 -9.339352654905063167e-01
-1.786827630319454130e-01 -3.095634746416220384e-01 -9.339394651615999798e-01
-1.796938593596176525e-01 -3.089649616007419386e-01 -9.339436645937259085e-01
-1.807029563568369468e-01 -3.083631438986443318e-01 -9.339478637868942057e-01
-1.817100432145341282e-01 -3.077580281972327469e-01 -9.339520627411149745e-01
-1.827151091457854815e-01 -3.071496211937947418e-01 -9.339562614563983178e-01
-1.837181433859287893e-01 -3.065379296209286841e-01 -9.339604599327543388e-01
-1.847191351926788794e-01 -3.059229602464697551e-01 -9.339646581701932515e-01
-1.857180738462432257e-01 -3.053047198734158418e-01 -9.339688561687250479e-01
-1.867149486494369959e-01 -3.046832153398528753e-01 -9.339730539283599420e-01
-1.877097489277981257e-01 -3.040584535188798898e-01 -9.339772514491080369e-01
-1.887024640297019773e-01 -3.034304413185336946e-01 -9.339814487309794355e-01
-1.896930833264758032e-01 -3.027991856817131011e-01 -9.339856457739842410e-01
-1.906815962125129882e-01 -3.021646935861029282e-01 -9.339898425781326674e-01
-1.916679921053869029e-01 -3.015269720440973966e-01 -9.339940391434347067e-01
-1.926522604459647570e-01 -3.008860281027233019e-01 -9.339982354699005729e-01
-1.936343906985208974e-01 -3.002418688435629646e-01 -9.340024315575402580e-01
-1.946143723508501344e-01 -2.995945013826765146e-01 -9.340066274063639762e-01
-1.955921949143805683e-01 -2.989439328705238430e-01 -9.340108230163818304e-01
-1.965678479242863597e-01 -2.982901704918863861e-01 -9.340150183876040346e-01
-1.975413209396000846e-01 -2.976332214657884112e-01 -9.340192135200405810e-01
-1.985087362445659420e-01 -2.966445123741056622e-01 -9.341286389658410849e-01
-1.994691132236719733e-01 -2.953238856698089942e-01 -9.343424825222856889e-01
-2.004214677087792773e-01 -2.936710763255432899e-01 -9.346595815774403349e-01
-2.013648105560699730e-01 -2.916857140168818141e-01 -9.350784226638104712e-01
-2.022981462539155673e-01 -2.893673259372646633e-01 -9.355971408279343260e-01
-2.032204715692381980e-01 -2.867153402459064471e-01 -9.362135188225541027e-01
-2.041307742400441660e-01 -2.837290901503274343e-01 -9.369249861295643189e-01
-2.050280317219367598e-01 -2.804078186255003491e-01 -9.377286178234999214e-01
-2.059112099965646481e-01 -2.767506837719103108e-01 -9.386211332868988899e-01
-2.067792624501284537e-01 -2.727567648150893698e-01 -9.395988947904498900e-01
-2.076311288302527258e-01 -2.684250687494057486e-01 -9.406579059524217135e-01
-2.084657342897279497e-01 -2.637545376290570398e-01 -9.417938100934644119e-01
-2.092819885258375423e-01 -2.587440565093285239e-01 -9.430018885044713084e-01
-2.100787850242035459e-01 -2.533924620412284501e-01 -9.442770586468050009e-01
-2.108550004163095015e-01 -2.476985517225972211e-01 -9.456138723058048479e-01
-2.116094939600861313e-01 -2.416610938086992122e-01 -9.470065137201230110e-01
-2.123411071531713934e-01 -2.352788378851414230e-01 -9.484487977110691581e-01
-2.130486634886769037e-01 -2.285505261057165227e-01 -9.499341678377848375e-01
-2.137309683635034985e-01 -2.214749050974334221e-01 -9.514556946057145526e-01
-2.143868091494449957e-01 -2.140507385345719049e-01 -9.530060737574906904e-01
-2.150149554374960192e-01 -2.062768203830742664e-01 -9.545776246770013573e-01
-2.156141594659314875e-01 -1.981519888159613274e-01 -9.561622889390609670e-01
-2.161831567428463829e-01 -1.896751407997277761e-01 -9.577516290387527720e-01
-2.167206668739295183e-01 -1.808452473508287417e-01 -9.593368273361533305e-01
-2.172253946062855656e-01 -1.716613694604110507e-01 -9.609086852537830348e-01
-2.176960310991118142e-01 -1.621226746843646704e-01 -9.624576227657447580e-01
-2.181312554319704000e-01 -1.522284543945693625e-01 -9.639736782191148379e-01
-2.185297363612674904e-01 -1.419781416858837964e-01 -9.654465085297281313e-01
-2.188901343353496232e-01 -1.313713299319670680e-01 -9.668653897960503008e-01
-2.192111037783463778e-01 -1.204077919814329489e-01 -9.682192183763480564e-01
-2.194912956525203740e-01 -1.090874999841111165e-01 -9.694965124758438968e-01
-2.197293603084209679e-01 -9.741064583532774157e-02 -9.706854142919735251e-01
-2.199239506315698867e-01 -8.537766222411517780e-02 -9.717736927672412373e-01
-2.200737254937253917e-01 -7.298924426911866659e-02 -9.727487470004838599e-01
-2.201773535159700090e-01 -6.024637172368427218e-02 -9.735976103685994865e-01
-2.202335171499350819e-01 -4.715033172918736692e-02 -9.743069554119668796e-01
-2.202409170824060902e-01 -3.370274209309478269e-02 -9.748630995378602115e-01
-2.201982769673384577e-01 -1.990557506554724992e-02 -9.752520115971496928e-01
-2.201043484879449952e-01 -5.761181585403160610e-03 -9.754593193904548265e-01
-2.199579167499877697e-01 8.727684036297676112e-03 -9.754703181606771967e-01
-2.197578060057109595e-01 2.355783903060839832e-02 -9.752699801294721915e-01
-2.195028857059818095e-01 3.872564672109345824e-02 -9.748429651357104486e-01
-2.191920768761586036e-01 5.422699075217173731e-02 -9.741736324343226450e-01
-2.188243588089728020e-01 7.005724904066250314e-02 -9.732460537140972257e-01
-2.183987760652946197e-01 8.621126749942722989e-02 -9.720440273930057717e-01
-2.179144457710446015e-01 1.026833335857262886e-01 -9.705510942494420812e-01
-2.173705651957174856e-01 1.194671497307411290e-01 -9.687505544473760111e-01
-2.167664195950002037e-01 1.365558067106414641e-01 -9.666254860128205006e-01
-2.161013902967950095e-01 1.539417570235970256e-01 -9.641587648181797476e-01
-2.153749630066066623e-01 1.716167883412347550e-01 -9.613330861299757002e-01
-2.145945486545328684e-01 1.888972786664273040e-01 -9.582624885794480685e-01
-2.137620094731520481e-01 2.057809631989228338e-01 -9.549659667803559460e-01
-2.128792292706150335e-01 2.222661622149784966e-01 -9.514621306687697233e-01
-2.119481054634243800e-01 2.383517479070315082e-01 -9.477691934627968662e-01
-2.109705416258013111e-01 2.540371116582729183e-01 -9.439049611497358772e-01
-2.099484405527995423e-01 2.693221318061949088e-01 -9.398868234235189245e-01
-2.088836978317324122e-01 2.842071419442071534e-01 -9.357317459956747685e-01
-2.077781959141706269e-01 2.986928998056208040e-01 -9.314562642036339213e-01
-2.066337986787326608e-01 3.127805567696892997e-01 -9.270764778409914530e-01
-2.054523464731135007e-01 3.264716280249809199e-01 -9.226080471353180767e-01
-2.042356516222697538e-01 3.397679634211417943e-01 -9.180661898002520083e-01
-2.029854943883845908e-01 3.526717190360966203e-01 -9.134656790898965095e-01
-2.017036193671609967e-01 3.651853294819291107e-01 -9.088208427849694404e-01
-2.003917323041222442e-01 3.773114809690876759e-01 -9.041455630416960210e-01
-1.990514973139193011e-01 3.890530851451745042e-01 -8.994532770360789131e-01
-1.976845344851430875e-01 4.004132537213986320e-01 -8.947569783379147879e-01
-1.962924178527979124e-01 4.113952738968043588e-01 -8.900692189507376506e-01
-1.948766737204011001e-01 4.220025845876222981e-01 -8.854021119557425878e-01
-1.934387793136151112e-01 4.322387534665325104e-01 -8.807673346996732766e-01
-1.919801617473817779e-01 4.421074548142693850e-01 -8.761761324686233587e-01
-1.905021972886997150e-01 4.516124481838374449e-01 -8.716393225917064003e-01
-1.890062108974529531e-01 4.607575578756361034e-01 -8.671672989205704285e-01
-1.874934760280510815e-01 4.695466532200114895e-01 -8.627700366327751835e-01
-1.859652146750652157e-01 4.779836296621512437e-01 -8.584570973090948076e-01
-1.844225976465319605e-01 4.860723906428167096e-01 -8.542376342368551700e-01
-1.828667450491369972e-01 4.938168302671529508e-01 -8.501203978934559480e-01
-1.812987269700734594e-01 5.012208167527288927e-01 -8.461137415662551842e-01
-1.797195643409879307e-01 5.082881766470294105e-01 -8.422256270670066547e-01
-1.781302299700711078e-01 5.150226798038415321e-01 -8.384636305010306767e-01
-1.765316497290137232e-01 5.214280251073438732e-01 -8.348349480532659683e-01
-1.749247038822235589e-01 5.275078269322110991e-01 -8.313464017552891772e-01
-1.733102285463807568e-01 5.332656023276813873e-01 -8.280044451992956134e-01
-1.716890172690893890e-01 5.387047589132940573e-01 -8.248151691669135532e-01
-1.700618227160593521e-01 5.438285834738845193e-01 -8.217843071425635637e-01
-1.684293584569179214e-01 5.486402312414101479e-01 -8.189172406828846285e-01
-1.667923008404013363e-01 5.531427158512783882e-01 -8.162190046155176626e-01
-1.651512909503091708e-01 5.573388999610381367e-01 -8.136942920422746139e-01
-1.635069366342148944e-01 5.612314865195815461e-01 -8.113474591234204336e-01
-1.618598145975111147e-01 5.648230106753735491e-01 -8.091825296214587571e-01
-1.602104725559254927e-01 5.681158323126752618e-01 -8.072031991844443866e-01
-1.585594314401701788e-01 5.711121292052504517e-01 -8.054128393504385031e-01
-1.569071876468816906e-01 5.738138907776358932e-01 -8.038145012562902814e-01
-1.552542153304684314e-01 5.762229124647075817e-01 -8.024109190354605792e-01
-1.536009687309055349e-01 5.783407906609825400e-01 -8.012045128911091663e-01
-1.519478845329036432e-01 5.801689182518559029e-01 -8.001973918321464430e-01
-1.502953842522239680e-01 5.817084807197751006e-01 -7.993913560614042124e-01
-1.486438766452194971e-01 5.829604528191958401e-01 -7.987878990065149232e-01
-1.469937601379476266e-01 5.839255958150436632e-01 -7.983882089855017794e-01
-1.453454252714236894e-01 5.846044552803082439e-01 -7.981931705004788880e-01
-1.436992571597665302e-01 5.849973594493301787e-01 -7.982033651542481678e-01
-1.420556379581262296e-01 5.851044181242884834e-01 -7.984190721859487638e-01
-1.404149493373795243e-01 5.849255221333586885e-01 -7.988402686232852767e-01
-1.387775749626305732e-01 5.844603433399853110e-01 -7.994666290502197015e-01
-1.371439029725629033e-01 5.837083352036865902e-01 -8.002975249903728772e-01
-1.355143284566529271e-01 5.826687338937841520e-01 -8.013320239077433849e-01
-1.338892559271759874e-01 5.813405599584196004e-01 -8.025688878277184024e-01
-1.322691017828127036e-01 5.797226205521768261e-01 -8.040065715827242609e-01
-1.306542967604968075e-01 5.778135122265698476e-01 -8.056432206882495617e-01
-1.290452883719360455e-01 5.756116242885779277e-01 -8.074766688563739248e-01
-1.274425433209850633e-01 5.731151427333015524e-01 -8.095044351553483120e-01
-1.258465498977543728e-01 5.703220547576771660e-01 -8.117237208252084946e-01
-1.242578203450039331e-01 5.672301538630125650e-01 -8.141314057608588506e-01
-1.226768931919929168e-01 5.638370455548903371e-01 -8.167240446755460459e-01
-1.211043355505410091e-01 5.601401536497208067e-01 -8.194978629591456176e-01
-1.195407453676028131e-01 5.561367271979096305e-01 -8.224487522472245793e-01
-1.179867536281652279e-01 5.518238480342286811e-01 -8.255722657184062507e-01
-1.164430265017520755e-01 5.471984389665373039e-01 -8.288636131391643458e-01
-1.149102674252606288e-01 5.422572726144900823e-01 -8.323176556768038248e-01
-1.133892191142648331e-01 5.369969809102776992e-01 -8.359289005030544617e-01
-1.118806654943016454e-01 5.314140652737769921e-01 -8.396914952124048259e-01
-1.103854335430131395e-01 5.255049074747242255e-01 -8.435992220810423214e-01
-1.089043950333513783e-01 5.192657811946717050e-01 -8.476454921940403953e-01
-1.074384681673687392e-01 5.126928643015254972e-01 -8.518233394702434680e-01
-1.059886190894179514e-01 5.057822518493997332e-01 -8.561254146161454415e-01
-1.045558632668778937e-01 4.985299698163370152e-01 -8.605439790419376900e-01
-1.031412667258082977e-01 4.909319895921421262e-01 -8.650708987748134682e-01
-1.017459471282244760e-01 4.829842432281433173e-01 -8.696976384065574495e-01
-1.003710746769781864e-01 4.746826394601276200e-01 -8.744152551144209751e-01
-9.901787283353927216e-02 4.660230805149873645e-01 -8.792143927962745575e-01
-9.768761883330244478e-02 4.570014797107572191e-01 -8.840852763630492328e-01
-9.638164398240163522e-02 4.476137798587087047e-01 -8.890177062335075098e-01
-9.510133371941005553e-02 4.378559724749961357e-01 -8.940010530784299192e-01
-9.384812742474588076e-02 4.277241178080077866e-01 -8.990242528633564101e-01
-9.262351796010162563e-02 4.172143656860636263e-01 -9.040758022410697592e-01
-9.142905091977944487e-02 4.063229771884098729e-01 -9.091437543470575200e-01
-9.026632357545696927e-02 3.950463471405872840e-01 -9.142157150532174148e-01
-8.913698349563876910e-02 3.833810274331885815e-01 -9.192788397370834641e-01
-8.804272682088147561e-02 3.713237511607662689e-01 -9.243198306258288977e-01
-8.698529617582642648e-02 3.588714575752044444e-01 -9.293249347762408963e-01
-8.596647819914779443e-02 3.460213178452197225e-01 -9.342799427537530343e-01
-8.498810067273890323e-02 3.327707616108089850e-01 -9.391701880754489418e-01
-8.405202923182918118e-02 3.191175043184112936e-01 -9.439805474837060784e-01
-8.316016363826410351e-02 3.050595753192977821e-01 -9.486954421188211750e-01
-8.231443359990421593e-02 2.905953467102482812e-01 -9.532988396605309722e-01
-8.151679412002210690e-02 2.757235628919142423e-01 -9.577742575098034949e-01
-8.076922036171323149e-02 2.604433708164119454e-01 -9.621047670836125887e-01
-8.007370201370128671e-02 2.447543508916361354e-01 -9.662729992966039294e-01
-7.943223714552681558e-02 2.286565485055379043e-01 -9.702611513045993341e-01
-7.884682554197200433e-02 2.121505061291803218e-01 -9.740509945857565022e-01
-7.831946150870870704e-02 1.952372959527721719e-01 -9.776238844358797753e-01
-7.784398262378604272e-02 1.786090914864998103e-01 -9.808359220625398889e-01
-7.741999881440345121e-02 1.622742897450969723e-01 -9.837038161312737783e-01
-7.704701236359708105e-02 1.462406459946865023e-01 -9.862441029198730780e-01
-7.672442579653145078e-02 1.305152993058000532e-01 -9.884731247394260567e-01
-7.645154957586587641e-02 1.151047981668087139e-01 -9.904070098726165394e-01
-7.622760958197105641e-02 1.000151260909712403e-01 -9.920616539754301133e-01
-7.605175435699325359e-02 8.525172715431360293e-02 -9.934527028873531007e-01
-7.592306209481752832e-02 7.081953140547397885e-02 -9.945955367943235537e-01
-7.584054736186225665e-02 5.672298009247476319e-02 -9.955052556881062165e-01
-7.580316753634271099e-02 4.296605065510957638e-02 -9.961966660653862604e-01
-7.580982895616977801e-02 2.955228143525149079e-02 -9.966842688097108383e-01
-7.585939276800175712e-02 1.648479606089274865e-02 -9.969822481994260466e-01
-7.595068047214434404e-02 3.766327463110862028e-03 -9.971044619849557256e-01
-7.608247915999886979e-02 -8.600758511584136179e-03 -9.970644324791319013e-01
-7.625354644259584036e-02 -2.061443992793480368e-02 -9.968753386047989329e-01
-7.646261507042469152e-02 -3.227301605906768983e-02 -9.965500088445707894e-01
-7.670839724628684964e-02 -4.357508518261984237e-02 -9.961009150384001476e-01
-7.698958863426368093e-02 -5.451952290168075865e-02 -9.955401669755203908e-01
-7.730487206911129672e-02 -6.510546101377977235e-02 -9.948795077283261179e-01
-7.765292097147655226e-02 -7.533226694869729623e-02 -9.941303096768624448e-01
-7.803240247528099582e-02 -8.519952379356598993e-02 -9.933035711737804307e-01
-7.844198027444995724e-02 -9.470701092155414669e-02 -9.924099138008858345e-01
-7.888031719687926824e-02 -1.038546852383880059e-01 -9.914595801697427824e-01
-7.934607751414132770e-02 -1.126426630590704886e-01 -9.904624322201925901e-01
-7.983792899594240045e-02 -1.210712026253892570e-01 -9.894279499720981530e-01
-8.035454471876234128e-02 -1.291406872731755973e-01 -9.883652306871211213e-01
-8.089460463844418137e-02 -1.368516092567731990e-01 -9.872829883988772925e-01
-8.145679693676141642e-02 -1.442045542368010913e-01 -9.861895537713852855e-01
-8.203981915218325205e-02 -1.512001864360435766e-01 -9.850928742473235022e-01
-8.264237910518902608e-02 -1.578392344671683822e-01 -9.840005144492324218e-01
-8.326319562856010492e-02 -1.641224778349588131e-01 -9.829196567984398447e-01
-8.390099911310659742e-02 -1.700507341148423390e-01 -9.818571023181422719e-01
-8.455453187927451653e-02 -1.756248468087015235e-01 -9.808192715887420476e-01
-8.522254838503130758e-02 -1.808456738782610040e-01 -9.798122058252131117e-01
-8.590381528035102854e-02 -1.857140769557484028e-01 -9.788415680479447545e-01
-8.659711131851897947e-02 -1.902309112310265338e-01 -9.779126443201963115e-01
-8.730122713435529980e-02 -1.943970160139807113e-01 -9.770303450269713919e-01
-8.801496489932204847e-02 -1.982132059706152860e-01 -9.761992061718017810e-01
-8.873713786333321807e-02 -2.016802630310618460e-01 -9.754233906696033740e-01
-8.946656979293578227e-02 -2.047989289675223590e-01 -9.747066896154380489e-01
-9.020209431537649925e-02 -2.075698986400593971e-01 -9.740525235106795021e-01
-9.094255417791656526e-02 -2.099938139080954613e-01 -9.734639434297391869e-01
-9.168680043160756798e-02 -2.120712582054910256e-01 -9.729436321121617270e-01
-9.243369154860098247e-02 -2.138027517771292074e-01 -9.724939049665438651e-01
-9.318209248193075334e-02 -2.151887475750382528e-01 -9.721167109743704682e-01
-9.393087367658811693e-02 -2.162296278122279314e-01 -9.718136334834940326e-01
-9.467891004060020876e-02 -2.169257011725939654e-01 -9.715858908826100482e-01
-9.542507988473176994e-02 -2.172772006754529750e-01 -9.714343371497037305e-01
-9.616826383935291045e-02 -2.172842821935014879e-01 -9.713594622690573388e-01
-9.690734375695721214e-02 -2.169470236232424465e-01 -9.713613925130234472e-01
-9.764524327519254199e-02 -2.166072508197469104e-01 -9.713633226326247039e-01
-9.838195383974178421e-02 -2.162649679067909780e-01 -9.713652526278683252e-01
-9.911746691066984638e-02 -2.159201790372609342e-01 -9.713671824987615278e-01
-9.985177396252270521e-02 -2.155728883931031514e-01 -9.713691122453116389e-01
-1.005848664844263551e-01 -2.152231001852737136e-01 -9.713710418675258751e-01
-1.013167359801855211e-01 -2.148708186536875953e-01 -9.713729713654114528e-01
-1.020473739683822323e-01 -2.145160480671676473e-01 -9.713749007389755885e-01
-1.027767719824741743e-01 -2.141587927233931377e-01 -9.713768299882256096e-01
-1.035049215708929160e-01 -2.137990569488479597e-01 -9.713787591131687327e-01
-1.042318142971419004e-01 -2.134368450987686183e-01 -9.713806881138121740e-01
-1.049574417398943388e-01 -2.130721615570917160e-01 -9.713826169901632612e-01
-1.056817954930907993e-01 -2.127050107364012177e-01 -9.713845457422292107e-01
-1.064048671660367401e-01 -2.123353970778754374e-01 -9.713864743700172388e-01
-1.071266483834997507e-01 -2.119633250512334977e-01 -9.713884028735345622e-01
-1.078471307858066969e-01 -2.115887991546816227e-01 -9.713903312527883971e-01
-1.085663060289406151e-01 -2.112118239148590704e-01 -9.713922595077860711e-01
-1.092841657846374687e-01 -2.108324038867837036e-01 -9.713941876385348007e-01
-1.100007017404826398e-01 -2.104505436537972285e-01 -9.713961156450419132e-01
-1.107159056000073249e-01 -2.100662478275101275e-01 -9.713980435273145142e-01
-1.114297690827846937e-01 -2.096795210477463145e-01 -9.713999712853599311e-01
-1.121422839245258124e-01 -2.092903679824872909e-01 -9.714018989191853803e-01
-1.128534418771754838e-01 -2.088987933278161624e-01 -9.714038264287980784e-01
-1.135632347090077821e-01 -2.085048018078612952e-01 -9.714057538142053527e-01
-1.142716542047214484e-01 -2.081083981747395562e-01 -9.714076810754143088e-01
-1.149786921655350652e-01 -2.077095872084992467e-01 -9.714096082124322740e-01
-1.156843404092820771e-01 -2.073083737170628160e-01 -9.714115352252664648e-01
-1.163885907705055761e-01 -2.069047625361691845e-01 -9.714134621139242087e-01
-1.170914351005528514e-01 -2.064987585293157069e-01 -9.714153888784126112e-01
-1.177928652676698273e-01 -2.060903665876998303e-01 -9.714173155187389996e-01
-1.184928731570952382e-01 -2.056795916301605298e-01 -9.714192420349105905e-01
-1.191914506711545946e-01 -2.052664386031192723e-01 -9.714211684269346003e-01
-1.198885897293539837e-01 -2.048509124805207582e-01 -9.714230946948183565e-01
-1.205842822684736471e-01 -2.044330182637733306e-01 -9.714250208385689644e-01
-1.212785202426613362e-01 -2.040127609816890508e-01 -9.714269468581937517e-01
-1.219712956235254608e-01 -2.035901456904234408e-01 -9.714288727536999346e-01
-1.226626004002280834e-01 -2.031651774734149762e-01 -9.714307985250947297e-01
-1.233524265795776093e-01 -2.027378614413241353e-01 -9.714327241723853534e-01
-1.240407661861213512e-01 -2.023082027319722809e-01 -9.714346496955791332e-01
-1.247276112622378585e-01 -2.018762065102801539e-01 -9.714365750946832856e-01
-1.254129538682289824e-01 -2.014418779682060345e-01 -9.714385003697050269e-01
-1.260967860824118159e-01 -2.010052223246836245e-01 -9.714404255206515737e-01
-1.267791000012103153e-01 -2.005662448255595975e-01 -9.714423505475301424e-01
-1.274598877392468244e-01 -2.001249507435308717e-01 -9.714442754503479494e-01
-1.281391414294332509e-01 -1.996813453780815206e-01 -9.714462002291123222e-01
-1.288168532230621610e-01 -1.992354340554194359e-01 -9.714481248838304772e-01
-1.294930152898975673e-01 -1.987872221284125718e-01 -9.714500494145096310e-01
-1.301676198182654398e-01 -1.983367149765250803e-01 -9.714519738211569999e-01
-1.308406590151441895e-01 -1.978839180057528624e-01 -9.714538981037798004e-01
-1.315121251062547070e-01 -1.974288366485590640e-01 -9.714558222623852490e-01
-1.321820103361503462e-01 -1.969714763638091559e-01 -9.714577462969806732e-01
-1.328503069683066029e-01 -1.965118426367056526e-01 -9.714596702075732892e-01
-1.335170072852105427e-01 -1.960499409787226643e-01 -9.714615939941703138e-01
-1.341821035884501190e-01 -1.955857769275400615e-01 -9.714635176567789632e-01
-1.348455881988031291e-01 -1.951193560469772492e-01 -9.714654411954064539e-01
-1.355074534563259769e-01 -1.946506839269268596e-01 -9.714673646100600024e-01
-1.361676917204423243e-01 -1.941797661832879718e-01 -9.714692879007468251e-01
-1.368262953700312978e-01 -1.937066084578990266e-01 -9.714712110674742496e-01
-1.374832568035156688e-01 -1.932312164184705749e-01 -9.714731341102494921e-01
-1.381385684389496993e-01 -1.927535957585175819e-01 -9.714750570290796583e-01
-1.387922227141067111e-01 -1.922737521972915364e-01 -9.714769798239720755e-01
-1.394442120865665435e-01 -1.917916914797122008e-01 -9.714789024949339602e-01
-1.400945290338026783e-01 -1.913074193762990538e-01 -9.714808250419725288e-01
-1.407431660532691420e-01 -1.908209416831024852e-01 -9.714827474650951089e-01
-1.413901156624872424e-01 -1.903322642216347671e-01 -9.714846697643088058e-01
-1.420353703991319161e-01 -1.898413928388004712e-01 -9.714865919396209470e-01
-1.426789228211180482e-01 -1.893483334068269131e-01 -9.714885139910386380e-01
-1.433207655066863484e-01 -1.888530918231940692e-01 -9.714904359185692062e-01
-1.439608910544890874e-01 -1.883556740105643001e-01 -9.714923577222198681e-01
-1.445992920836755846e-01 -1.878560859167117958e-01 -9.714942794019978400e-01
-1.452359612339774175e-01 -1.873543335144516875e-01 -9.714962009579102276e-01
-1.458708911657934371e-01 -1.868504228015688551e-01 -9.714981223899644691e-01
-1.465040745602745331e-01 -1.863443598007465396e-01 -9.715000436981676701e-01
-1.471355041194080115e-01 -1.858361505594945395e-01 -9.715019648825270471e-01
-1.477651725661019988e-01 -1.853258011500772406e-01 -9.715038859430498164e-01
-1.483930726442693193e-01 -1.848133176694412849e-01 -9.715058068797433055e-01
-1.490191971189113174e-01 -1.842987062391429343e-01 -9.715077276926146199e-01
-1.496435387762012903e-01 -1.837819730052752398e-01 -9.715096483816710871e-01
-1.502660904235678108e-01 -1.832631241383948784e-01 -9.715115689469198124e-01
-1.508868448897776327e-01 -1.827421658334486554e-01 -9.715134893883681233e-01
-1.515057950250185137e-01 -1.822191043096998697e-01 -9.715154097060232363e-01
-1.521229337009816496e-01 -1.816939458106542060e-01 -9.715173298998923679e-01
-1.527382538109439136e-01 -1.811666966039854887e-01 -9.715192499699826234e-01
-1.533517482698498191e-01 -1.806373629814611026e-01 -9.715211699163013304e-01
-1.539634100143932871e-01 -1.801059512588672196e-01 -9.715230897388557052e-01
-1.545732320030990259e-01 -1.795724677759335253e-01 -9.715250094376529644e-01
-1.551812072164037715e-01 -1.790369188962579738e-01 -9.715269290127003243e-01
-1.557873286567372784e-01 -1.784993110072310152e-01 -9.715288484640051125e-01
-1.563915893486028663e-01 -1.779596505199596557e-01 -9.715307677915744344e-01
-1.569939823386579669e-01 -1.774179438691912969e-01 -9.715326869954155065e-01
-1.575945006957941708e-01 -1.768741975132371858e-01 -9.715346060755355451e-01
-1.581931375112171911e-01 -1.763284179338956426e-01 -9.715365250319417667e-01
-1.587898858985264394e-01 -1.757806116363750670e-01 -9.715384438646414988e-01
-1.593847389937944337e-01 -1.752307851492165558e-01 -9.715403625736418469e-01
-1.599776899556457910e-01 -1.746789450242163810e-01 -9.715422811589500274e-01
-1.605687319653361922e-01 -1.741250978363481361e-01 -9.715441996205733677e-01
-1.611578582268308191e-01 -1.735692501836846313e-01 -9.715461179585189733e-01
-1.617450619668826528e-01 -1.730114086873194845e-01 -9.715480361727941716e-01
-1.623303364351105504e-01 -1.724515799912884895e-01 -9.715499542634060681e-01
-1.629136749040769605e-01 -1.718897707624907067e-01 -9.715518722303618793e-01
-1.634950706693653333e-01 -1.713259876906093049e-01 -9.715537900736689325e-01
-1.640745170496574201e-01 -1.707602374880320684e-01 -9.715557077933343333e-01
-1.646520073868101008e-01 -1.701925268897717669e-01 -9.715576253893654091e-01
-1.652275350459321279e-01 -1.696228626533861916e-01 -9.715595428617692653e-01
-1.658010934154604266e-01 -1.690512515588978582e-01 -9.715614602105532294e-01
-1.663726759072362282e-01 -1.684777004087136265e-01 -9.715633774357244068e-01
-1.669422759565808434e-01 -1.679022160275439324e-01 -9.715652945372900140e-01
-1.675098870223712955e-01 -1.673248052623217408e-01 -9.715672115152573785e-01
-1.680755025871154829e-01 -1.667454749821213889e-01 -9.715691283696336056e-01
-1.686391161570272024e-01 -1.661642320780770399e-01 -9.715710451004260229e-01
-1.692007212621008672e-01 -1.655810834633008877e-01 -9.715729617076417357e-01
-1.697603114561858917e-01 -1.649960360728011943e-01 -9.715748781912879606e-01
-1.703178803170608546e-01 -1.644090968634000505e-01 -9.715767945513720250e-01
-1.708734214465073564e-01 -1.638202728136508024e-01 -9.715787107879010343e-01
-1.714269284703835716e-01 -1.632295709237553127e-01 -9.715806269008822049e-01
-1.719783950386975235e-01 -1.626369982154809435e-01 -9.715825428903227534e-01
-1.725278148256800814e-01 -1.620425617320772893e-01 -9.715844587562298962e-01
-1.730751815298577079e-01 -1.614462685381927165e-01 -9.715863744986108497e-01
-1.736204888741248731e-01 -1.608481257197905412e-01 -9.715882901174729414e-01
-1.741637306058161083e-01 -1.602481403840650964e-01 -9.715902056128232767e-01
-1.747049004967779762e-01 -1.596463196593574108e-01 -9.715921209846690720e-01
-1.752439923434405411e-01 -1.590426706950707481e-01 -9.715940362330174329e-01
-1.757809999668886458e-01 -1.584372006615859529e-01 -9.715959513578756868e-01
-1.763159172129329377e-01 -1.578299167501763800e-01 -9.715978663592510500e-01
-1.768487379521804514e-01 -1.572208261729227119e-01 -9.715997812371507392e-01
-1.773794560801050524e-01 -1.566099361626275277e-01 -9.716016959915818596e-01
-1.779080655171175473e-01 -1.559972539727296215e-01 -9.716036106225517388e-01
-1.784345602086354621e-01 -1.553827868772180432e-01 -9.716055251300675932e-01
-1.789589341251524857e-01 -1.547665421705459732e-01 -9.716074395141365283e-01
-1.794811812623077762e-01 -1.541485271675442636e-01 -9.716093537747657605e-01
-1.800012956409547948e-01 -1.535287492033348689e-01 -9.716112679119626172e-01
-1.805192713072299171e-01 -1.529072156332439980e-01 -9.716131819257342039e-01
-1.810351023326207676e-01 -1.522839338327149350e-01 -9.716150958160877371e-01
-1.815487828140342208e-01 -1.516589111972207471e-01 -9.716170095830304332e-01
-1.820603068738641250e-01 -1.510321551421767994e-01 -9.716189232265695086e-01
-1.825696686600586371e-01 -1.504036731028528528e-01 -9.716208367467121798e-01
-1.830768623461874467e-01 -1.497734725342851070e-01 -9.716227501434656633e-01
-1.835818821315084448e-01 -1.491415609111879648e-01 -9.716246634168370644e-01
-1.840847222410343376e-01 -1.485079457278655757e-01 -9.716265765668337107e-01
-1.845853769255987598e-01 -1.478726344981231011e-01 -9.716284895934627075e-01
-1.850838404619222222e-01 -1.472356347551777855e-01 -9.716304024967313824e-01
-1.855801071526776425e-01 -1.465969540515699165e-01 -9.716323152766468407e-01
-1.860741713265556263e-01 -1.459565999590733409e-01 -9.716342279332162990e-01
-1.865660273383294987e-01 -1.453145800686059808e-01 -9.716361404664469736e-01
-1.870556695689198634e-01 -1.446709019901399884e-01 -9.716380528763460811e-01
-1.875430924254590237e-01 -1.440255733526117354e-01 -9.716399651629208378e-01
-1.880282903413549866e-01 -1.433786018038315235e-01 -9.716418773261783493e-01
-1.885112577763552455e-01 -1.427299950103932402e-01 -9.716437893661259428e-01
-1.889919892166101456e-01 -1.420797606575835981e-01 -9.716457012827707240e-01
-1.894704791747360006e-01 -1.414279064492913185e-01 -9.716476130761199093e-01
-1.899467221898779035e-01 -1.407744401079159546e-01 -9.716495247461807150e-01
-1.904207128277721761e-01 -1.401193693742766588e-01 -9.716514362929603577e-01
-1.908924456808085701e-01 -1.394627020075206170e-01 -9.716533477164660537e-01
-1.913619153680921336e-01 -1.388044457850313718e-01 -9.716552590167050196e-01
-1.918291165355046624e-01 -1.381446085023368131e-01 -9.716571701936843608e-01
-1.922940438557660392e-01 -1.374831979730170850e-01 -9.716590812474114047e-01
-1.927566920284950192e-01 -1.368202220286122150e-01 -9.716609921778932568e-01
-1.932170557802699029e-01 -1.361556885185295496e-01 -9.716629029851371335e-01
-1.936751298646887387e-01 -1.354896053099510500e-01 -9.716648136691502513e-01
-1.941309090624293299e-01 -1.348219802877402007e-01 -9.716667242299398266e-01
-1.945843881813088538e-01 -1.341528213543489723e-01 -9.716686346675129649e-01
-1.950355620563431203e-01 -1.334821364297243962e-01 -9.716705449818768825e-01
-1.954844255498055794e-01 -1.328099334512149732e-01 -9.716724551730389070e-01
-1.959309735512859973e-01 -1.321362203734769425e-01 -9.716743652410061438e-01
-1.963752009777488261e-01 -1.314610051683803016e-01 -9.716762751857858094e-01
-1.968171027735911849e-01 -1.307842958249146315e-01 -9.716781850073850091e-01
-1.972566739107005362e-01 -1.301061003490947554e-01 -9.716800947058110705e-01
-1.976939093885121401e-01 -1.294264267638661758e-01 -9.716820042810710989e-01
-1.981288042340659805e-01 -1.287452831090103167e-01 -9.716839137331723109e-01
-1.985613535020635811e-01 -1.280626774410496271e-01 -9.716858230621219228e-01
-1.989915522749243770e-01 -1.273786178331524355e-01 -9.716877322679271511e-01
-1.994193956628417808e-01 -1.266931123750375532e-01 -9.716896413505951013e-01
-1.998448788038388879e-01 -1.260061691728788513e-01 -9.716915503101331009e-01
-2.002679968638239327e-01 -1.253177963492095870e-01 -9.716934591465482551e-01
-2.006887450366453274e-01 -1.246280020428263829e-01 -9.716953678598477806e-01
-2.011071185441464515e-01 -1.239367944086933182e-01 -9.716972764500387827e-01
-2.015231126362200809e-01 -1.232441816178455607e-01 -9.716991849171285889e-01
-2.019367225908624552e-01 -1.225501718572929860e-01 -9.717010932611243046e-01
-2.023479437142270132e-01 -1.218547733299235186e-01 -9.717030014820331463e-01
-2.027567713406778493e-01 -1.211579942544063898e-01 -9.717049095798623304e-01
-2.031632008328428385e-01 -1.204598428650950764e-01 -9.717068175546190734e-01
-2.035672275816663712e-01 -1.197603274119302258e-01 -9.717087254063104806e-01
-2.039688470064617287e-01 -1.190594561603422474e-01 -9.717106331349437687e-01
-2.043680545549632910e-01 -1.183572373911538494e-01 -9.717125407405261539e-01
-2.047648457033781899e-01 -1.176536794004823111e-01 -9.717144482230648528e-01
-2.051592159564377682e-01 -1.169487904996416583e-01 -9.717163555825669707e-01
-2.055511608474487051e-01 -1.162425790150445892e-01 -9.717182628190398352e-01
-2.059406759383436980e-01 -1.155350532881042891e-01 -9.717201699324904407e-01
-2.063277568197319223e-01 -1.148262216751360504e-01 -9.717220769229261146e-01
-2.067123991109491021e-01 -1.141160925472587129e-01 -9.717239837903540733e-01
-2.070945984601072209e-01 -1.134046742902959648e-01 -9.717258905347814224e-01
-2.074743505441439262e-01 -1.126919753046774497e-01 -9.717277971562153782e-01
-2.078516510688716290e-01 -1.119780040053396930e-01 -9.717297036546631572e-01
-2.082264957690261320e-01 -1.112627688216269312e-01 -9.717316100301318649e-01
-2.085988804083151182e-01 -1.105462781971917052e-01 -9.717335162826287176e-01
-2.089688007794660851e-01 -1.098285405898953154e-01 -9.717354224121609318e-01
-2.093362527042740839e-01 -1.091095644717081370e-01 -9.717373284187357241e-01
-2.097012320336490709e-01 -1.083893583286097556e-01 -9.717392343023601997e-01
-2.100637346476628975e-01 -1.076679306604889225e-01 -9.717411400630415752e-01
-2.104237564555960227e-01 -1.069452899810433982e-01 -9.717430457007870670e-01
-2.107812933959837542e-01 -1.062214448176796028e-01 -9.717449512156037805e-01
-2.111363414366622671e-01 -1.054964037114121400e-01 -9.717468566074990433e-01
-2.114888965748142335e-01 -1.047701752167631284e-01 -9.717487618764799606e-01
-2.118389548370141484e-01 -1.040427679016614343e-01 -9.717506670225536380e-01
-2.121865122792731539e-01 -1.033141903473416695e-01 -9.717525720457274030e-01
-2.125315649870837542e-01 -1.025844511482431470e-01 -9.717544769460083609e-01
-2.128741090754639742e-01 -1.018535589119085871e-01 -9.717563817234036172e-01
-2.132141406890012969e-01 -1.011215222588827400e-01 -9.717582863779204994e-01
-2.135516560018962395e-01 -1.003883498226108284e-01 -9.717601909095661128e-01
-2.138866512180054857e-01 -9.965405024933685074e-02 -9.717620953183476740e-01
-2.142191225708847679e-01 -9.891863219800174634e-02 -9.717639996042723993e-01
-2.145490663238313889e-01 -9.818210434014143506e-02 -9.717659037673473943e-01
-2.148764787699263545e-01 -9.744447535978466302e-02 -9.717678078075798753e-01
-2.152013562320761464e-01 -9.670575395335073710e-02 -9.717697117249769478e-01
-2.155236950630542436e-01 -9.596594882954716244e-02 -9.717716155195458283e-01
-2.158434916455421460e-01 -9.522506870926703004e-02 -9.717735191912937331e-01
-2.161607423921701465e-01 -9.448312232548640444e-02 -9.717754227402278788e-01
-2.164754437455577718e-01 -9.374011842316144760e-02 -9.717773261663553708e-01
-2.167875921783537496e-01 -9.299606575912551520e-02 -9.717792294696834254e-01
-2.170971841932757551e-01 -9.225097310198604461e-02 -9.717811326502192593e-01
-2.174042163231496849e-01 -9.150484923202131804e-02 -9.717830357079699777e-01
-2.177086851309486815e-01 -9.075770294107714242e-02 -9.717849386429427971e-01
-2.180105872098317688e-01 -9.000954303246334887e-02 -9.717868414551449341e-01
-2.183099191831820995e-01 -8.926037832085019497e-02 -9.717887441445834940e-01
-2.186066777046448417e-01 -8.851021763216462834e-02 -9.717906467112656932e-01
-2.189008594581647593e-01 -8.775906980348639752e-02 -9.717925491551986372e-01
-2.191924611580234883e-01 -8.700694368294407954e-02 -9.717944514763895425e-01
-2.194814795488762293e-01 -8.625384812961096881e-02 -9.717963536748456255e-01
-2.197679114057883576e-01 -8.549979201340082713e-02 -9.717982557505741026e-01
-2.200517535342715325e-01 -8.474478421496353664e-02 -9.718001577035820793e-01
-2.203330027703194471e-01 -8.398883362558060006e-02 -9.718020595338767720e-01
-2.206116559804432165e-01 -8.323194914706055769e-02 -9.718039612414652861e-01
-2.208877100617064881e-01 -8.247413969163426561e-02 -9.718058628263548382e-01
-2.211611619417601093e-01 -8.171541418185006289e-02 -9.718077642885525336e-01
-2.214320085788764603e-01 -8.095578155046881386e-02 -9.718096656280656997e-01
-2.217002469619834548e-01 -8.019525074035886714e-02 -9.718115668449013311e-01
-2.219658741106981248e-01 -7.943383070439083427e-02 -9.718134679390667552e-01
-2.222288870753598988e-01 -7.867153040533235442e-02 -9.718153689105690773e-01
-2.224892829370634373e-01 -7.790835881574265098e-02 -9.718172697594155141e-01
-2.227470588076912728e-01 -7.714432491786703261e-02 -9.718191704856131707e-01
-2.230022118299458955e-01 -7.637943770353128325e-02 -9.718210710891692639e-01
-2.232547391773815892e-01 -7.561370617403594119e-02 -9.718229715700908988e-01
-2.235046380544358502e-01 -7.484713934005045310e-02 -9.718248719283852921e-01
-2.237519056964605291e-01 -7.407974622150725885e-02 -9.718267721640596601e-01
-2.239965393697524731e-01 -7.331153584749573737e-02 -9.718286722771211084e-01
-2.242385363715839464e-01 -7.254251725615606938e-02 -9.718305722675768532e-01
-2.244778940302326053e-01 -7.177269949457298903e-02 -9.718324721354340001e-01
-2.247146097050110869e-01 -7.100209161866948004e-02 -9.718343718806997655e-01
-2.249486807862963178e-01 -7.023070269310027758e-02 -9.718362715033813659e-01
-2.251801046955583807e-01 -6.945854179114538396e-02 -9.718381710034859067e-01
-2.254088788853890746e-01 -6.868561799460343176e-02 -9.718400703810206043e-01
-2.256350008395300866e-01 -6.791194039368490809e-02 -9.718419696359925641e-01
-2.258584680729007199e-01 -6.713751808690540668e-02 -9.718438687684090027e-01
-2.260792781316254274e-01 -6.636236018097867173e-02 -9.718457677782770254e-01
-2.262974285930608453e-01 -6.558647579070960021e-02 -9.718476666656038487e-01
-2.265129170658224389e-01 -6.480987403888716081e-02 -9.718495654303966891e-01
-2.267257411898108699e-01 -6.403256405617721581e-02 -9.718514640726626519e-01
-2.269358986362380315e-01 -6.325455498101525964e-02 -9.718533625924089536e-01
-2.271433871076525557e-01 -6.247585595949903259e-02 -9.718552609896426997e-01
-2.273482043379650985e-01 -6.169647614528113444e-02 -9.718571592643711066e-01
-2.275503480924731536e-01 -6.091642469946147165e-02 -9.718590574166012797e-01
-2.277498161678855604e-01 -6.013571079047965590e-02 -9.718609554463404354e-01
-2.279466063923467067e-01 -5.935434359400734716e-02 -9.718628533535956793e-01
-2.281407166254601493e-01 -5.857233229284046494e-02 -9.718647511383742277e-01
-2.283321447583121222e-01 -5.778968607679136477e-02 -9.718666488006832971e-01
-2.285208887134944633e-01 -5.700641414258091066e-02 -9.718685463405299929e-01
-2.287069464451273459e-01 -5.622252569373049208e-02 -9.718704437579214206e-01
-2.288903159388814834e-01 -5.543802994045395754e-02 -9.718723410528647966e-01
-2.290709952120000836e-01 -5.465293609954946508e-02 -9.718742382253673373e-01
-2.292489823133203319e-01 -5.386725339429129095e-02 -9.718761352754361482e-01
-2.294242753232946241e-01 -5.308099105432152742e-02 -9.718780322030783347e-01
-2.295968723540113277e-01 -5.229415831554173888e-02 -9.718799290083012243e-01
-2.297667715492151819e-01 -5.150676442000454158e-02 -9.718818256911118114e-01
-2.299339710843273654e-01 -5.071881861580512796e-02 -9.718837222515173124e-01
-2.300984691664652027e-01 -4.993033015697271454e-02 -9.718856186895249438e-01
-2.302602640344614537e-01 -4.914130830336190664e-02 -9.718875150051418110e-01
-2.304193539588832440e-01 -4.835176232054404222e-02 -9.718894111983751305e-01
-2.305757372420506324e-01 -4.756170147969844553e-02 -9.718913072692320076e-01
-2.307294122180547913e-01 -4.677113505750362527e-02 -9.718932032177195479e-01
-2.308803772527758258e-01 -4.598007233602841026e-02 -9.718950990438449677e-01
-2.310286307439002595e-01 -4.518852260262305742e-02 -9.718969947476154836e-01
-2.311741711209380490e-01 -4.439649514981024864e-02 -9.718988903290382009e-01
-2.313169968452392922e-01 -4.360399927517607382e-02 -9.719007857881203361e-01
-2.314571064100106046e-01 -4.281104428126095846e-02 -9.719026811248689945e-01
-2.315944983403310231e-01 -4.201763947545051475e-02 -9.719045763392912818e-01
-2.317291711931676046e-01 -4.122379416986635819e-02 -9.719064714313944142e-01
-2.318611235573905804e-01 -4.042951768125687545e-02 -9.719083664011856083e-01
-2.319903540537882891e-01 -3.963481933088794373e-02 -9.719102612486719694e-01
-2.321168613350814980e-01 -3.883970844443358772e-02 -9.719121559738606031e-01
-2.322406440859375865e-01 -3.804419435186660869e-02 -9.719140505767587257e-01
-2.323617010229842572e-01 -3.724828638734914432e-02 -9.719159450573734427e-01
-2.324800308948227756e-01 -3.645199388912322841e-02 -9.719178394157119705e-01
-2.325956324820409871e-01 -3.565532619940126047e-02 -9.719197336517814145e-01
-2.327085045972259181e-01 -3.485829266425646139e-02 -9.719216277655889913e-01
-2.328186460849759332e-01 -3.406090263351328057e-02 -9.719235217571418062e-01
-2.329260558219126143e-01 -3.326316546063776830e-02 -9.719254156264469646e-01
-2.330307327166921683e-01 -3.246509050262790658e-02 -9.719273093735116831e-01
-2.331326757100165570e-01 -3.166668711990391211e-02 -9.719292029983431780e-01
-2.332318837746441276e-01 -3.086796467619849077e-02 -9.719310965009485548e-01
-2.333283559154000208e-01 -3.006893253844707473e-02 -9.719329898813349189e-01
-2.334220911691861078e-01 -2.926960007667801442e-02 -9.719348831395094868e-01
-2.335130886049905097e-01 -2.846997666390274975e-02 -9.719367762754793638e-01
-2.336013473238968408e-01 -2.767007167600593967e-02 -9.719386692892516555e-01
-2.336868664590930622e-01 -2.686989449163557780e-02 -9.719405621808335782e-01
-2.337696451758798921e-01 -2.606945449209307000e-02 -9.719424549502323485e-01
-2.338496826716788546e-01 -2.526876106122329102e-02 -9.719443475974549607e-01
-2.339269781760400235e-01 -2.446782358530461693e-02 -9.719462401225087422e-01
-2.340015309506493502e-01 -2.366665145293892977e-02 -9.719481325254006876e-01
-2.340733402893355186e-01 -2.286525405494161181e-02 -9.719500248061380132e-01
-2.341424055180766350e-01 -2.206364078423150854e-02 -9.719519169647279355e-01
-2.342087259950063061e-01 -2.126182103572086743e-02 -9.719538090011775600e-01
-2.342723011104195230e-01 -2.045980420620527665e-02 -9.719557009154939919e-01
-2.343331302867781019e-01 -1.965759969425357259e-02 -9.719575927076844479e-01
-2.343912129787156517e-01 -1.885521690009774390e-02 -9.719594843777560333e-01
-2.344465486730423764e-01 -1.805266522552280428e-02 -9.719613759257158536e-01
-2.344991368887492655e-01 -1.724995407375666534e-02 -9.719632673515711252e-01
-2.345489771770121468e-01 -1.644709284936000243e-02 -9.719651586553289535e-01
-2.345960691211951554e-01 -1.564409095811608932e-02 -9.719670498369965550e-01
-2.346404123368538708e-01 -1.484095780692065540e-02 -9.719689408965809241e-01
-2.346820064717382304e-01 -1.403770280367169949e-02 -9.719708318340893882e-01
-2.347208512057948893e-01 -1.323433535715932800e-02 -9.719727226495290529e-01
-2.347569462511692184e-01 -1.243086487695556873e-02 -9.719746133429070234e-01
-2.347902913522070534e-01 -1.162730077330418992e-02 -9.719765039142304053e-01
-2.348208862854559154e-01 -1.082365245701051408e-02 -9.719783943635064150e-01
-2.348487308596659828e-01 -1.001992933933123359e-02 -9.719802846907421578e-01
-2.348738249157905911e-01 -9.216140831864217536e-03 -9.719821748959447394e-01
-2.348961683269863987e-01 -8.412296346438332545e-03 -9.719840649791213760e-01
-2.349157609986131379e-01 -7.608405295003255707e-03 -9.719859549402791732e-01
-2.349326028682330869e-01 -6.804477089519299707e-03 -9.719878447794253473e-01
-2.349466939056100712e-01 -6.000521141847235326e-03 -9.719897344965670039e-01
-2.349580341127080474e-01 -5.196546863638127831e-03 -9.719916240917112482e-01
-2.349666235236894940e-01 -4.392563666223175955e-03 -9.719935135648652968e-01
-2.349724622049132183e-01 -3.588580960503562605e-03 -9.719954029160362552e-01
-2.349755502549318864e-01 -2.784608156840315089e-03 -9.719972921452312287e-01
-2.349758878044892196e-01 -1.980654664944177506e-03 -9.719991812524573227e-01
-2.349734750165166919e-01 -1.176729893765496131e-03 -9.720010702377217537e-01
-2.349683120861299768e-01 -3.728432513841189056e-04 -9.720029591010317382e-01
-2.349603992406249509e-01 4.309958551006898980e-04 -9.720048478423942706e-01
-2.349497367394732805e-01 1.234778019680317016e-03 -9.720067364618165673e-01
-2.349363248743177590e-01 2.038493837546850613e-03 -9.720086249593057337e-01
-2.349201639689671162e-01 2.842133905203110544e-03 -9.720105133348689863e-01
-2.349012543793905783e-01 3.645688820572656925e-03 -9.720124015885134305e-01
-2.348795964937119840e-01 4.449149183109779408e-03 -9.720142897202461718e-01
-2.348551907322035115e-01 5.252505593909460868e-03 -9.720161777300743156e-01
-2.348280375472791281e-01 6.055748655817316806e-03 -9.720180656180050782e-01
-2.347981374234875129e-01 6.858868973539510028e-03 -9.720199533840455652e-01
-2.347654908775047289e-01 7.661857153752634972e-03 -9.720218410282028820e-01
-2.347300984581264793e-01 8.464703805213578611e-03 -9.720237285504842450e-01
-2.346919607462599200e-01 9.267399538869347531e-03 -9.720256159508967597e-01
-2.346510783549152768e-01 1.006993496796686552e-02 -9.720275032294475315e-01
-2.346074519291968530e-01 1.087230070816273819e-02 -9.720293903861436657e-01
-2.345610821462938700e-01 1.167448737763298640e-02 -9.720312774209923790e-01
-2.345119697154707528e-01 1.247648559718274146e-02 -9.720331643340007766e-01
-2.344601153780571934e-01 1.327828599035590570e-02 -9.720350511251760750e-01
-2.344055199074377982e-01 1.407987918354477487e-02 -9.720369377945252687e-01
-2.343481841090412354e-01 1.488125580609962230e-02 -9.720388243420555741e-01
-2.342881088203291884e-01 1.568240649043824500e-02 -9.720407107677740965e-01
-2.342252949107848925e-01 1.648332187215546807e-02 -9.720425970716880526e-01
-2.341597432819011448e-01 1.728399259013259706e-02 -9.720444832538044366e-01
-2.340914548671681195e-01 1.808440928664684436e-02 -9.720463693141304651e-01
-2.340204306320607941e-01 1.888456260748069826e-02 -9.720482552526732434e-01
-2.339466715740259051e-01 1.968444320203124182e-02 -9.720501410694399880e-01
-2.338701787224685136e-01 2.048404172341943691e-02 -9.720520267644376933e-01
-2.337909531387384054e-01 2.128334882859934940e-02 -9.720539123376735757e-01
-2.337089959161158248e-01 2.208235517846732568e-02 -9.720557977891547408e-01
-2.336243081797971244e-01 2.288105143797113106e-02 -9.720576831188884048e-01
-2.335368910868797776e-01 2.367942827621900490e-02 -9.720595683268815623e-01
-2.334467458263472239e-01 2.447747636658869491e-02 -9.720614534131414297e-01
-2.333538736190532703e-01 2.527518638683641863e-02 -9.720633383776751124e-01
-2.332582757177060206e-01 2.607254901920576240e-02 -9.720652232204898269e-01
-2.331599534068516111e-01 2.686955495053654566e-02 -9.720671079415925675e-01
-2.330589080028574456e-01 2.766619487237360203e-02 -9.720689925409905507e-01
-2.329551408538951263e-01 2.846245948107550827e-02 -9.720708770186908820e-01
-2.328486533399229397e-01 2.925833947792326473e-02 -9.720727613747006668e-01
-2.327394468726680932e-01 3.005382556922888554e-02 -9.720746456090271215e-01
-2.326275228956083962e-01 3.084890846644395418e-02 -9.720765297216773515e-01
-2.325128828839537753e-01 3.164357888626808529e-02 -9.720784137126583513e-01
-2.323955283446272890e-01 3.243782755075735186e-02 -9.720802975819773373e-01
-2.322754608162458101e-01 3.323164518743260826e-02 -9.720821813296415259e-01
-2.321526818691003191e-01 3.402502252938777172e-02 -9.720840649556579116e-01
-2.320271931051358372e-01 3.481795031539802743e-02 -9.720859484600337108e-01
-2.318989961579310255e-01 3.561041929002794343e-02 -9.720878318427760290e-01
-2.317680926926773410e-01 3.640242020373954390e-02 -9.720897151038919715e-01
-2.316344844061579145e-01 3.719394381300027835e-02 -9.720915982433886438e-01
-2.314981730267260118e-01 3.798498088039093529e-02 -9.720934812612731513e-01
-2.313591603142830522e-01 3.877552217471346568e-02 -9.720953641575527104e-01
-2.312174480602564308e-01 3.956555847109874402e-02 -9.720972469322344267e-01
-2.310730380875767875e-01 4.035508055111423215e-02 -9.720991295853254055e-01
-2.309259322506550249e-01 4.114407920287157377e-02 -9.721010121168327522e-01
-2.307761324353589938e-01 4.193254522113409877e-02 -9.721028945267635724e-01
-2.306236405589896232e-01 4.272046940742425802e-02 -9.721047768151250823e-01
-2.304684585702569399e-01 4.350784257013096124e-02 -9.721066589819243875e-01
-2.303105884492554767e-01 4.429465552461683137e-02 -9.721085410271684824e-01
-2.301500322074394866e-01 4.508089909332536893e-02 -9.721104229508645833e-01
-2.299867918875977135e-01 4.586656410588804689e-02 -9.721123047530197958e-01
-2.298208695638278010e-01 4.665164139923129449e-02 -9.721141864336413363e-01
-2.296522673415103966e-01 4.743612181768339792e-02 -9.721160679927361992e-01
-2.294809873572827841e-01 4.821999621308130368e-02 -9.721179494303116009e-01
-2.293070317790122381e-01 4.900325544487734580e-02 -9.721198307463746469e-01
-2.291304028057689901e-01 4.978589038024586882e-02 -9.721217119409323315e-01
-2.289511026677988337e-01 5.056789189418973290e-02 -9.721235930139918713e-01
-2.287691336264953412e-01 5.134925086964676338e-02 -9.721254739655604826e-01
-2.285844979743717198e-01 5.212995819759608240e-02 -9.721273547956451599e-01
-2.283971980350323616e-01 5.291000477716431560e-02 -9.721292355042530087e-01
-2.282072361631439783e-01 5.368938151573175721e-02 -9.721311160913912452e-01
-2.280146147444063465e-01 5.446807932903836857e-02 -9.721329965570669751e-01
-2.278193361955227758e-01 5.524608914128972120e-02 -9.721348769012871927e-01
-2.276214029641701608e-01 5.602340188526281489e-02 -9.721367571240591143e-01
-2.274208175289686162e-01 5.680000850241179178e-02 -9.721386372253898456e-01
-2.272175823994509458e-01 5.757589994297355324e-02 -9.721405172052866028e-01
-2.270117001160314729e-01 5.835106716607323801e-02 -9.721423970637563805e-01
-2.268031732499747599e-01 5.912550113982964484e-02 -9.721442768008062840e-01
-2.265920044033638003e-01 5.989919284146048850e-02 -9.721461564164435298e-01
-2.263781962090679889e-01 6.067213325738758656e-02 -9.721480359106751123e-01
-2.261617513307105920e-01 6.144431338334190723e-02 -9.721499152835082480e-01
-2.259426724626359406e-01 6.221572422446851325e-02 -9.721517945349500422e-01
-2.257209623298762902e-01 6.298635679543138077e-02 -9.721536736650076005e-01
-2.254966236881182640e-01 6.375620212051813507e-02 -9.721555526736880282e-01
-2.252696593236689637e-01 6.452525123374459881e-02 -9.721574315609984307e-01
-2.250400720534216636e-01 6.529349517895932653e-02 -9.721593103269459135e-01
-2.248078647248213102e-01 6.606092500994789618e-02 -9.721611889715375820e-01
-2.245730402158294947e-01 6.682753179053718684e-02 -9.721630674947805417e-01
-2.243356014348891203e-01 6.759330659469946212e-02 -9.721649458966820090e-01
-2.240955513208887639e-01 6.835824050665635643e-02 -9.721668241772489782e-01
-2.238528928431266496e-01 6.912232462098275021e-02 -9.721687023364886659e-01
-2.236076290012742329e-01 6.988555004271049254e-02 -9.721705803744080665e-01
-2.233597628253395084e-01 7.064790788743199879e-02 -9.721724582910143964e-01
-2.231092973756299003e-01 7.140938928140375119e-02 -9.721743360863147609e-01
-2.228562357427147644e-01 7.216998536164963285e-02 -9.721762137603161547e-01
-2.226005810473877244e-01 7.292968727606413681e-02 -9.721780913130257940e-01
-2.223423364406283687e-01 7.368848618351545032e-02 -9.721799687444507843e-01
-2.220815051035638921e-01 7.444637325394842797e-02 -9.721818460545982310e-01
-2.218180902474301275e-01 7.520333966848737062e-02 -9.721837232434752396e-01
-2.215520951135324379e-01 7.595937661953874875e-02 -9.721856003110889155e-01
-2.212835229732061093e-01 7.671447531089368999e-02 -9.721874772574463641e-01
-2.210123771277764659e-01 7.746862695783043873e-02 -9.721893540825546909e-01
-2.207386609085186246e-01 7.822182278721659388e-02 -9.721912307864210012e-01
-2.204623776766168886e-01 7.897405403761122156e-02 -9.721931073690525116e-01
-2.201835308231238075e-01 7.972531195936684301e-02 -9.721949838304562164e-01
-2.199021237689189057e-01 8.047558781473129752e-02 -9.721968601706392210e-01
-2.196181599646669369e-01 8.122487287794939725e-02 -9.721987363896086309e-01
-2.193316428907760574e-01 8.197315843536451263e-02 -9.722006124873716626e-01
-2.190425760573553593e-01 8.272043578551994958e-02 -9.722024884639353104e-01
-2.187509630041722108e-01 8.346669623926020187e-02 -9.722043643193066798e-01
-2.184568073006093181e-01 8.421193111983209245e-02 -9.722062400534929871e-01
-2.181601125456212598e-01 8.495613176298566493e-02 -9.722081156665012269e-01
-2.178608823676907724e-01 8.569928951707506126e-02 -9.722099911583385046e-01
-2.175591204247847577e-01 8.644139574315910790e-02 -9.722118665290120365e-01
-2.172548304043098177e-01 8.718244181510184654e-02 -9.722137417785288172e-01
-2.169480160230675692e-01 8.792241911967288437e-02 -9.722156169068959519e-01
-2.166386810272094843e-01 8.866131905664753621e-02 -9.722174919141206573e-01
-2.163268291921915110e-01 8.939913303890689722e-02 -9.722193668002099276e-01
-2.160124643227283314e-01 9.013585249253770748e-02 -9.722212415651708683e-01
-2.156955902527471491e-01 9.087146885693203613e-02 -9.722231162090106960e-01
-2.153762108453413648e-01 9.160597358488685449e-02 -9.722249907317364048e-01
-2.150543299927236973e-01 9.233935814270341491e-02 -9.722268651333551004e-01
-2.147299516161790822e-01 9.307161401028649084e-02 -9.722287394138739991e-01
-2.144030796660172100e-01 9.380273268124340869e-02 -9.722306135733000954e-01
-2.140737181215247309e-01 9.453270566298296873e-02 -9.722324876116404946e-01
-2.137418709909171266e-01 9.526152447681418556e-02 -9.722343615289023022e-01
-2.134075423112901659e-01 9.598918065804479260e-02 -9.722362353250926237e-01
-2.130707361485711659e-01 9.671566575607969118e-02 -9.722381090002186754e-01
-2.127314565974698091e-01 9.744097133451916359e-02 -9.722399825542874519e-01
-2.123897077814286549e-01 9.816508897125689193e-02 -9.722418559873060584e-01
-2.120454938525733468e-01 9.888801025857787974e-02 -9.722437292992816005e-01
-2.116988189916624574e-01 9.960972680325612394e-02 -9.722456024902211835e-01
-2.113496874080370014e-01 1.003302302266521617e-01 -9.722474755601319130e-01
-2.109981033395695871e-01 1.010495121648104233e-01 -9.722493485090207832e-01
-2.106440710526133187e-01 1.017675642685564319e-01 -9.722512213368950107e-01
-2.102875948419502816e-01 1.024843782035937678e-01 -9.722530940437617009e-01
-2.099286790307397788e-01 1.031999456506009077e-01 -9.722549666296279591e-01
-2.095673279704661218e-01 1.039142583053278696e-01 -9.722568390945007799e-01
-2.092035460408862291e-01 1.046273078786926630e-01 -9.722587114383873796e-01
-2.088373376499768064e-01 1.053390860968775877e-01 -9.722605836612947527e-01
-2.084687072338811953e-01 1.060495847014252951e-01 -9.722624557632301157e-01
-2.080976592568559713e-01 1.067587954493347396e-01 -9.722643277442004628e-01
-2.077241982112171259e-01 1.074667101131568658e-01 -9.722661996042128996e-01
-2.073483286172859708e-01 1.081733204810901711e-01 -9.722680713432745314e-01
-2.069700550233347369e-01 1.088786183570760319e-01 -9.722699429613924638e-01
-2.065893820055317576e-01 1.095825955608938779e-01 -9.722718144585738020e-01
-2.062063141678864286e-01 1.102852439282561714e-01 -9.722736858348256517e-01
-2.058208561421938643e-01 1.109865553109031650e-01 -9.722755570901551181e-01
-2.054330125879790525e-01 1.116865215766975061e-01 -9.722774282245693067e-01
-2.050427881924409002e-01 1.123851346097186066e-01 -9.722792992380752120e-01
-2.046501876703958056e-01 1.130823863103568722e-01 -9.722811701306800503e-01
-2.042552157642210098e-01 1.137782685954076833e-01 -9.722830409023908160e-01
-2.038578772437976139e-01 1.144727733981652090e-01 -9.722849115532146147e-01
-2.034581769064531531e-01 1.151658926685159984e-01 -9.722867820831586627e-01
-2.030561195769040594e-01 1.158576183730324199e-01 -9.722886524922299545e-01
-2.026517101071975968e-01 1.165479424950658371e-01 -9.722905227804355954e-01
-2.022449533766536578e-01 1.172368570348396449e-01 -9.722923929477825800e-01
-2.018358542918061438e-01 1.179243540095420567e-01 -9.722942629942781245e-01
-2.014244177863440122e-01 1.186104254534186969e-01 -9.722961329199293345e-01
-2.010106488210521014e-01 1.192950634178650410e-01 -9.722980027247432044e-01
-2.005945523837515676e-01 1.199782599715185638e-01 -9.722998724087268396e-01
-2.001761334892399602e-01 1.206600072003507496e-01 -9.723017419718874566e-01
-1.997553971792311867e-01 1.213402972077588515e-01 -9.723036114142320496e-01
-1.993323485222948943e-01 1.220191221146574856e-01 -9.723054807357677243e-01
-1.989069926137957411e-01 1.226964740595699599e-01 -9.723073499365014749e-01
-1.984793345758323058e-01 1.233723451987194519e-01 -9.723092190164405180e-01
-1.980493795571756366e-01 1.240467277061199358e-01 -9.723110879755918479e-01
