4.504072187429038794e-08 -4.399538973864960189e-06 9.999999999903209646e-01
3.432521168151836886e-06 -2.903596602064795087e-04 9.999999578397418265e-01
1.362311331075433055e-05 -1.016220149589835715e-03 9.999994835553756012e-01
3.270649704343220505e-05 -2.181921597271878951e-03 9.999976190713794066e-01
6.277190550050079252e-05 -3.787391503924361202e-03 9.999928258369072953e-01
1.059079892666160000e-04 -5.832540900785491110e-03 9.999829849803135717e-01
1.642026048174719682e-04 -8.317259696124547352e-03 9.999653975156597152e-01
2.397425030035978219e-04 -1.124141075027008420e-02 9.999367846058446752e-01
3.346128934389923045e-04 -1.460482268186451792e-02 9.998932879005850705e-01
4.508968607239428579e-04 -1.840728140859995698e-02 9.998304699713671528e-01
5.906746085230399172e-04 -2.264852042636762708e-02 9.997433148693732896e-01
7.560225076422674891e-04 -2.732820983153092312e-02 9.996262288362441906e-01
9.490119244114180027e-04 -3.244594409192393808e-02 9.994730412013875798e-01
1.171707805889345404e-03 -3.800122857319703645e-02 9.992770055033513010e-01
1.426166998680241564e-03 -4.399346482829222249e-02 9.990308008765761416e-01
1.714436278490733901e-03 -5.042193465914625305e-02 9.987265337485909944e-01
2.038550067982782248e-03 -5.728578296120124397e-02 9.983557398964268970e-01
2.400527820999641057e-03 -6.458399936296252419e-02 9.979093869146962170e-01
2.802371051876065191e-03 -7.231539867469251315e-02 9.973778771513870378e-01
3.246059989304854974e-03 -8.047860016237845526e-02 9.967510511709777310e-01
3.733549835135891500e-03 -8.907200566536949138e-02 9.960181918079488161e-01
4.266766609547922515e-03 -9.809377657855473942e-02 9.951680288771616034e-01
4.847602565274891466e-03 -1.075418097226549380e-01 9.941887446108732540e-01
5.477911155005604944e-03 -1.174137121291350394e-01 9.930679798953510051e-01
6.159501537726196421e-03 -1.277067747694164979e-01 9.917928413831182954e-01
6.894132611657605506e-03 -1.384179452614841821e-01 9.903499095598081725e-01
7.683506563573738561e-03 -1.495437995906448436e-01 9.887252478473882444e-01
8.529261926688125328e-03 -1.610805128851054702e-01 9.869044128281402317e-01
9.432966141985771324e-03 -1.730238292912016640e-01 9.848724656762276597e-01
1.039610762086965595e-02 -1.853690309975191131e-01 9.826139848859138937e-01
1.142008731030388045e-02 -1.981109064618128968e-01 9.801130803875145459e-01
1.250620976528330451e-02 -2.112437178995384413e-01 9.773534091439419758e-01
1.365567373745542497e-02 -2.247611680979598459e-01 9.743181923222081764e-01
1.486956229307622585e-02 -2.386563666251928784e-01 9.709902341354790245e-01
1.614883247820662893e-02 -2.529217955091624392e-01 9.673519424521827004e-01
1.749430455415668106e-02 -2.675492744673026446e-01 9.633853512692546195e-01
1.890665083166396046e-02 -2.825299257738937420e-01 9.590721451468219305e-01
2.038638413815094946e-02 -2.978541388582024996e-01 9.543936857014559960e-01
2.193384595863858214e-02 -3.135115347330648117e-01 9.493310402545471760e-01
2.354919429749204735e-02 -3.294909303602055473e-01 9.438650127313251703e-01
2.523239131512523131e-02 -3.457803030654264531e-01 9.379761769045639186e-01
2.698319080107409659e-02 -3.623667551237862994e-01 9.316449120750083246e-01
2.880112555244049646e-02 -3.792364786420479028e-01 9.248514412780527438e-01
3.068549473457509238e-02 -3.963747208729537230e-01 9.175758721031092024e-01
3.263535130897265296e-02 -4.137657501033013552e-01 9.097982402084493492e-01
3.464948962164818291e-02 -4.313928222653192757e-01 9.014985556100026942e-01
3.672643325369415179e-02 -4.492381484284704851e-01 8.926568518176627443e-01
3.886442324422469813e-02 -4.672828633365276874e-01 8.832532378870222578e-01
4.106140680442030289e-02 -4.855069951625610725e-01 8.732679534481165851e-01
4.331502664981545098e-02 -5.038894366623419829e-01 8.626814267656587321e-01
4.562261108623189010e-02 -5.224079179145862950e-01 8.514743358773773085e-01
4.798116499275028451e-02 -5.410389808444269200e-01 8.396276728483655916e-01
5.038736185272479212e-02 -5.597579557345111478e-01 8.271228111698063490e-01
5.283753699095691120e-02 -5.785389399361502427e-01 8.139415763199986387e-01
5.532768218162700119e-02 -5.973547790009967606e-01 8.000663194942519985e-01
5.785344179729560304e-02 -6.161770504617852806e-01 7.854799944978998472e-01
6.041011067408066926e-02 -6.349760504987246312e-01 7.701662377833670137e-01
6.299263387183441643e-02 -6.537207837361640461e-01 7.541094515978857826e-01
6.559560851061706221e-02 -6.723789564221577253e-01 7.372948901930432841e-01
6.821328786581995485e-02 -6.909169732514984785e-01 7.197087490308302637e-01
7.083958790374636494e-02 -7.092999381006597215e-01 7.013382569032058367e-01
7.346809643712834403e-02 -7.274916589508348963e-01 6.821717708633702193e-01
7.609208507575195013e-02 -7.454546572828762985e-01 6.621988738468933544e-01
7.870452414088838222e-02 -7.631501822353340403e-01 6.414104748395779154e-01
8.129810070339342498e-02 -7.805382298239456063e-01 6.197989114263774413e-01
8.386523989395028300e-02 -7.975775675277356758e-01 5.973580545318445401e-01
8.639812961980822270e-02 -8.142257645532782195e-01 5.740834151374065719e-01
8.888874880533166600e-02 -8.304392280945264160e-01 5.499722527342533196e-01
9.132889925355885952e-02 -8.461732459108255444e-01 5.250236852427426770e-01
9.371024120262123891e-02 -8.613820355501126125e-01 4.992388001000030440e-01
9.602433262416650017e-02 -8.760188005477242967e-01 4.726207661868123133e-01
9.826267228075043214e-02 -8.900357939334646584e-01 4.451749462329082641e-01
1.004167465254359598e-01 -9.033843893804068825e-01 4.169090093066298297e-01
1.024780797895197132e-01 -9.160151603280499710e-01 3.878330429602788731e-01
1.044382886633898888e-01 -9.278779674096389041e-01 3.579596645668606802e-01
1.062891394310473553e-01 -9.389220545083523106e-01 3.273041313470116398e-01
1.080226088708866883e-01 -9.490961537593193276e-01 2.958844485470528141e-01
1.096309480840891026e-01 -9.583485998036476161e-01 2.637214751903450560e-01
1.111067490576412298e-01 -9.666274535864181061e-01 2.308390267846393840e-01
1.124430136118537288e-01 -9.738806359724819783e-01 1.972639743281041080e-01
1.136332243226807481e-01 -9.800560714313998334e-01 1.630263389163932874e-01
1.146714169475899353e-01 -9.851018420155290833e-01 1.281593812127847509e-01
1.155522538207489902e-01 -9.889663518225602079e-01 9.269968500335706851e-02
1.162710976195226315e-01 -9.915985020952485796e-01 5.668723401975959281e-02
1.168240848404567683e-01 -9.929478770661734899e-01 2.016548117375673368e-02
1.172061518718704176e-01 -9.929692227558236661e-01 -1.657831786048803713e-02
1.174149602300232909e-01 -9.916516627297259356e-01 -5.329828251972023451e-02
1.174513972027035613e-01 -9.889970106402017347e-01 -8.994488445641384000e-02
1.173172794142529063e-01 -9.850087954676357560e-01 -1.264686870424287235e-01
1.170132794538023685e-01 -9.797318679304841682e-01 -1.625833921189702436e-01
1.165426725483507397e-01 -9.732384890751915041e-01 -1.980521367163866064e-01
1.159117297209747294e-01 -9.655833479255935270e-01 -2.328374306719045994e-01
1.151273505462113572e-01 -9.568214348313840434e-01 -2.669052921982280613e-01
1.141969831152235409e-01 -9.470078683091563976e-01 -3.002251595185338462e-01
1.131285453127450352e-01 -9.361977328232427009e-01 -3.327697962436537149e-01
1.119303479775851928e-01 -9.244459273094758345e-01 -3.645151912918586645e-01
1.106110204492753712e-01 -9.118070242142546356e-01 -3.954404541125204342e-01
1.091794389358219930e-01 -8.983351387955509360e-01 -4.255277059356281089e-01
1.076446580720864660e-01 -8.840838084112568884e-01 -4.547619677299243324e-01
1.060158459755359828e-01 -8.691058815030162643e-01 -4.831310455134897874e-01
1.043022230464067113e-01 -8.534534159699697087e-01 -5.106254136221273221e-01
1.025130047030164832e-01 -8.371775866162314284e-01 -5.372380965030149058e-01
1.006573481903022815e-01 -8.203286013480042271e-01 -5.629645495639350461e-01
9.874430355081442734e-02 -8.029556257906858008e-01 -5.878025395720517521e-01
9.678276880248774805e-02 -7.851067159927804795e-01 -6.117520250607727528e-01
9.478144932658225108e-02 -7.668287588816385947e-01 -6.348150371687795168e-01
9.274882143224939812e-02 -7.481674201357327858e-01 -6.569955613018789720e-01
9.069310003119183949e-02 -7.291670991391350221e-01 -6.782994199759803111e-01
8.862221032676562138e-02 -7.098708906858810508e-01 -6.987341571682558206e-01
8.654376339651438654e-02 -6.903205531048457466e-01 -7.183089244734386369e-01
8.446503552538016379e-02 -6.705564824794618684e-01 -7.370343693332540580e-01
8.239295112854630454e-02 -6.506176926409688033e-01 -7.549225255791954803e-01
8.033406908784995748e-02 -6.305418006188038271e-01 -7.719867065022464336e-01
7.829457231375930304e-02 -6.103650172371433147e-01 -7.882414006377156390e-01
7.628026033583702736e-02 -5.901221425524117992e-01 -8.037021704291014146e-01
7.429654471819557848e-02 -5.698465658327481753e-01 -8.183855539118231048e-01
7.234844709246811278e-02 -5.495702697869032649e-01 -8.323089695357483997e-01
7.044059959906126545e-02 -5.293238387568198755e-01 -8.454906242246983394e-01
6.857724752769719934e-02 -5.091364705951509917e-01 -8.579494247515054850e-01
6.676225395028462239e-02 -4.890359919562394242e-01 -8.697048924887429422e-01
6.499910614277151777e-02 -4.690488767365223466e-01 -8.807770815778808160e-01
6.329092359762483744e-02 -4.492002674079736968e-01 -8.911865005433857734e-01
6.164046743476303547e-02 -4.295139989960091165e-01 -9.009540373631064192e-01
6.005015102595207682e-02 -4.100126254612412868e-01 -9.101008879921730355e-01
5.852205165569221434e-02 -3.907174482525792025e-01 -9.186484883245622513e-01
5.705792305030864958e-02 -3.716485468073818521e-01 -9.266184495644084196e-01
5.565920861616475285e-02 -3.528248107826976732e-01 -9.340324969680539047e-01
5.432705523750264165e-02 -3.342639738100235958e-01 -9.409124119076944792e-01
5.306232749425501827e-02 -3.159826485744801627e-01 -9.472799771982679529e-01
5.186562217014995674e-02 -2.979963630278008035e-01 -9.531569256209119212e-01
5.073728293144261908e-02 -2.803195975530571871e-01 -9.585648915688643745e-01
4.967741506656232764e-02 -2.629658229075585996e-01 -9.635253657350474343e-01
4.868590018677909637e-02 -2.459475387788554734e-01 -9.680596527547402630e-01
4.776241079759933200e-02 -2.292763127972174964e-01 -9.721888317116771372e-01
4.690642465993631605e-02 -2.129628198563260355e-01 -9.759337194115518255e-01
4.611723886911450743e-02 -1.970168816021906077e-01 -9.793148363232528908e-01
4.539398358841768150e-02 -1.814475059584539085e-01 -9.823523750851488323e-01
4.473563538214312546e-02 -1.662629265642603105e-01 -9.850661714713612183e-01
4.414103010095394436e-02 -1.514706420087139072e-01 -9.874756777111509676e-01
4.360887527970801203e-02 -1.370774547536180166e-01 -9.895999380533080370e-01
4.313776201487377893e-02 -1.230895096436577379e-01 -9.914575664666814836e-01
4.272617629511280685e-02 -1.095123319104310405e-01 -9.930667263677401824e-01
4.237250976461538060e-02 -9.635086458375026475e-02 -9.944451122662392173e-01
4.207506990432152011e-02 -8.360950523039752114e-02 -9.956099332206745922e-01
4.183208962125289920e-02 -7.129214194702095109e-02 -9.965778979962012230e-01
4.164173624083152003e-02 -5.940218854008683103e-02 -9.973652018190222179e-01
4.150211990128303829e-02 -4.794261883174918970e-02 -9.979875146229310046e-01
4.141130135303161541e-02 -3.691600003615648495e-02 -9.984599706856457368e-01
4.136729916940836554e-02 -2.632452515607518889e-02 -9.987971595548005288e-01
4.136809637803545714e-02 -1.617004435477361821e-02 -9.990131181659349657e-01
4.141164652493538323e-02 -6.454095262869377278e-03 -9.991213240575108623e-01
4.149587918577044010e-02 2.822067815697272899e-03 -9.991346895908709280e-01
4.161870494066473997e-02 1.165744583024397665e-02 -9.990655570861101120e-01
4.177801983082239656e-02 2.005126807030150130e-02 -9.989256947880513771e-01
4.197170931665460125e-02 2.800296643719920112e-02 -9.987262935798567609e-01
4.219765175838727234e-02 3.551215092126025485e-02 -9.984779643652765824e-01
4.245372144116252994e-02 4.257858630259230698e-02 -9.981907360441047983e-01
4.273779116749389789e-02 4.920217009073974551e-02 -9.978740540090659250e-01
4.304773444060770032e-02 5.538291171600904367e-02 -9.975367790960845138e-01
4.338142726272162936e-02 6.112091298308035964e-02 -9.971871869236822450e-01
4.373674957269704788e-02 6.641634979556335083e-02 -9.968329675610910767e-01
4.411158634777087584e-02 7.126945515843327583e-02 -9.964812254685514459e-01
4.450382839424523590e-02 7.568050346378192572e-02 -9.961384796571847167e-01
4.491137285210400343e-02 7.964979606402193546e-02 -9.958106640197736947e-01
4.533212343855012871e-02 8.317764813558253811e-02 -9.955031277877476326e-01
4.576399045543078775e-02 8.626437683520980781e-02 -9.952206360736454149e-01
4.620489058545222683e-02 8.891029075022724437e-02 -9.949673704623180903e-01
4.665274650199297685e-02 9.111568064350102081e-02 -9.947469296181292719e-01
4.710548631721537399e-02 9.288081149337759634e-02 -9.945623298794065148e-01
4.756104289305851385e-02 9.420591582850293411e-02 -9.944160058153935777e-01
4.801735303958043488e-02 9.509118835717372820e-02 -9.943098107249550566e-01
4.847235662500914977e-02 9.553678189069945981e-02 -9.942450170602767923e-01
4.892399562176748262e-02 9.554280456015090683e-02 -9.942223167627979308e-01
4.937021311265982898e-02 9.510931832581936973e-02 -9.942418215026017636e-01
4.980895228135272246e-02 9.423633877869695696e-02 -9.943030628164751805e-01
5.023815541124802830e-02 9.292383623329221465e-02 -9.944049921438278261e-01
5.065576291683828586e-02 9.117173811110383663e-02 -9.945459807636428673e-01
5.105971243164748874e-02 8.897993261406830778e-02 -9.947238196396005483e-01
5.144793797689638931e-02 8.634827368726215313e-02 -9.949357191844899750e-01
5.181836923508615494e-02 8.327658727005583794e-02 -9.951783089589888442e-01
5.216893095276391168e-02 7.976467883477196541e-02 -9.954476373238497766e-01
5.249754249681317514e-02 7.581234221167568177e-02 -9.957391710684972974e-01
5.280211758869550465e-02 7.141936969880634256e-02 -9.960477950429779126e-01
5.308056424114841049e-02 6.658556345473137794e-02 -9.963678118241577897e-01
5.333078492191124786e-02 6.131074817174725355e-02 -9.966929414509951846e-01
5.355067696909386610e-02 5.559478502635897129e-02 -9.970163212676249609e-01
5.373813328281294710e-02 4.943758690301817971e-02 -9.973305059169143005e-01
5.389104331768408696e-02 4.283913488608102199e-02 -9.976274675310149442e-01
5.400729440066207726e-02 3.579949601374486645e-02 -9.978985961693127571e-01
5.409039974665361128e-02 2.880186450133198975e-02 -9.981205745081589420e-01
5.414576653652424659e-02 2.224200929109281660e-02 -9.982852943867650541e-01
5.417545683695989406e-02 1.612053554094613345e-02 -9.984012961782364748e-01
5.418154142634772769e-02 1.043792141309346153e-02 -9.984765447246327641e-01
5.416609768468182845e-02 5.194535565420619304e-03 -9.985184278028500504e-01
5.413120780404412358e-02 3.906534014310731446e-04 -9.985337549284940550e-01
5.407895729644259658e-02 -3.973527929951851771e-03 -9.985287564479663480e-01
5.401143377545154084e-02 -7.897875791921119340e-03 -9.985090828728090395e-01
5.393072598784269533e-02 -1.138230958058783493e-02 -9.984798044142098039e-01
5.383892307120698856e-02 -1.442678951385873744e-02 -9.984454106794514727e-01
5.373811401343317473e-02 -1.703130669223054672e-02 -9.984098104959892028e-01
5.363038728982053027e-02 -1.919587443450787925e-02 -9.983763318327617542e-01
5.351501694517959290e-02 -2.116209012280893462e-02 -9.983427812645281341e-01
5.339033043177345700e-02 -2.312757579240033376e-02 -9.983058588700935987e-01
5.325633281476577913e-02 -2.509228071036215951e-02 -9.982655661014647741e-01
5.311302949334033990e-02 -2.705615418614525092e-02 -9.982219044975410016e-01
5.296042620028578590e-02 -2.901914557420788229e-02 -9.981748756840304049e-01
5.279852900155591888e-02 -3.098120427664775162e-02 -9.981244813733622934e-01
5.262734429580551848e-02 -3.294227974582906310e-02 -9.980707233645927934e-01
5.244687881390182327e-02 -3.490232148700439518e-02 -9.980136035433088137e-01
5.225713961841169791e-02 -3.686127906093122214e-02 -9.979531238815262384e-01
5.205813410306446565e-02 -3.881910208648260696e-02 -9.978892864375833449e-01
5.185268329704417062e-02 -4.053429437567974275e-02 -9.978317845280159082e-01
5.164455098396916050e-02 -4.180934775463442804e-02 -9.977899672746759485e-01
5.143300796811393211e-02 -4.288576211256006632e-02 -9.977552090063872559e-01
5.121638170088271130e-02 -4.396107313631798102e-02 -9.977195529276630115e-01
5.099467826070048365e-02 -4.503525590358006814e-02 -9.976830000129248699e-01
5.076790385666628269e-02 -4.610828552891484133e-02 -9.976455512573528805e-01
5.053887807785586994e-02 -4.693874254697584514e-02 -9.976184522405062705e-01
5.031136186043238395e-02 -4.732915638060807006e-02 -9.976115064613336747e-01
5.008180978212029011e-02 -4.776236349270695375e-02 -9.976024102629971191e-01
4.984479340701535033e-02 -4.863333176862431190e-02 -9.975722007009306669e-01
4.960387009434438083e-02 -4.945920479406976794e-02 -9.975436046272887491e-01
4.936447976692884265e-02 -4.984501054598784731e-02 -9.975362765639221863e-01
4.912870311881274710e-02 -4.979079659090927812e-02 -9.975506238305446027e-01
4.889862048820080298e-02 -4.929659213285544211e-02 -9.975864729026954203e-01
4.867631234946458857e-02 -4.836240835409955779e-02 -9.976430694763789297e-01
4.846385978754373658e-02 -4.698824004113996700e-02 -9.977190784947091995e-01
4.825771702741638025e-02 -4.565694832536051212e-02 -9.977908777980081245e-01
4.805245455034055924e-02 -4.476365926661095285e-02 -9.978412581271395299e-01
4.784881463856741762e-02 -4.406695584780401242e-02 -9.978820543230519924e-01
4.764848144731923668e-02 -4.336929974129108412e-02 -9.979222044106030864e-01
4.745145970052417478e-02 -4.267070706061510538e-02 -9.979617075475589738e-01
4.725775403965225968e-02 -4.197119394499140149e-02 -9.980005629066363015e-01
4.706736902355587032e-02 -4.127077655884969776e-02 -9.980387696755239624e-01
4.688030912831311903e-02 -4.056947109137484797e-02 -9.980763270569056322e-01
4.669657874707403705e-02 -3.986729375604659148e-02 -9.981132342684824188e-01
4.651618218990970222e-02 -3.916426079017800571e-02 -9.981494905429934006e-01
4.633912368366430862e-02 -3.846038845445303583e-02 -9.981850951282362772e-01
4.616540737181000498e-02 -3.775569303246288644e-02 -9.982200472870883523e-01
4.599503731430479303e-02 -3.705019083024134463e-02 -9.982543462975267401e-01
4.582801748745324311e-02 -3.634389817579913168e-02 -9.982879914526473497e-01
4.566435178377025589e-02 -3.563683141865715137e-02 -9.983209820606849805e-01
4.550404401184757197e-02 -3.492900692937889878e-02 -9.983533174450314185e-01
4.534428248605463369e-02 -3.446201983433312688e-02 -9.983768152530222428e-01
4.518131056976325971e-02 -3.443352318116476435e-02 -9.983851870177838927e-01
4.501586630685473767e-02 -3.460190457529185165e-02 -9.983868388457504128e-01
4.484963273093420244e-02 -3.476949157023893205e-02 -9.983884979805468518e-01
4.467979809810897901e-02 -3.517786045870304606e-02 -9.983818076144344023e-01
4.450260610177853710e-02 -3.602461783660870082e-02 -9.983595269039511333e-01
4.432161164386096142e-02 -3.682653720759805627e-02 -9.983383198588506868e-01
4.414225900880645176e-02 -3.718833181305439967e-02 -9.983328547867020841e-01
4.396663304790197208e-02 -3.711004562474484736e-02 -9.983435178795749820e-01
4.379681828337710081e-02 -3.659171159737510670e-02 -9.983701144118007909e-01
4.363489926087383425e-02 -3.563335205930977939e-02 -9.984118688134249187e-01
4.348296088330359799e-02 -3.423498038656920539e-02 -9.984674247218869869e-01
4.334027271479798382e-02 -3.263821868574198759e-02 -9.985270990023422666e-01
4.320515951925949644e-02 -3.104078176199007860e-02 -9.985838893445679876e-01
4.307762534671362442e-02 -2.944271014778296336e-02 -9.986377947051907622e-01
4.295767398943989984e-02 -2.784404440459863767e-02 -9.986888141140947139e-01
4.284530898172501240e-02 -2.624482512096266290e-02 -9.987369466744662194e-01
4.274053359963345122e-02 -2.464509291048479558e-02 -9.987821915628338765e-01
4.264335086079586168e-02 -2.304488840989340689e-02 -9.988245480291040312e-01
4.255376352421504776e-02 -2.144425227706790033e-02 -9.988640153965944180e-01
4.246895738201710013e-02 -2.008492761198590187e-02 -9.988958821327230675e-01
4.238517066618911755e-02 -1.916470098226149069e-02 -9.989175198903379460e-01
4.230313712474747384e-02 -1.844186836407311902e-02 -9.989346035054808004e-01
4.222453766890778282e-02 -1.771867697294495642e-02 -9.989510182711567321e-01
4.214937396950828308e-02 -1.699514360274212779e-02 -9.989667638955292972e-01
4.207764761076412952e-02 -1.627128505591180635e-02 -9.989818401023008443e-01
4.200936009021607326e-02 -1.554711814299540411e-02 -9.989962466307188427e-01
4.194451281868228493e-02 -1.482265968214042939e-02 -9.990099832355814335e-01
4.188310712021323101e-02 -1.409792649861196442e-02 -9.990230496872442023e-01
4.182514423204972825e-02 -1.337293542430386707e-02 -9.990354457716259517e-01
4.177062530458409972e-02 -1.264770329724965690e-02 -9.990471712902122547e-01
4.171955140132443951e-02 -1.192224696113313061e-02 -9.990582260600610054e-01
4.166910638571760805e-02 -1.143832581858564464e-02 -9.990659889494235557e-01
4.161552608237113066e-02 -1.139371649350334401e-02 -9.990687319766139440e-01
4.155672557270456702e-02 -1.178838091212302923e-02 -9.990666007004496141e-01
4.149062026650419260e-02 -1.262226474893292892e-02 -9.990591608420965608e-01
4.141512608072318163e-02 -1.389529643731866361e-02 -9.990453984022160672e-01
4.132815964892914973e-02 -1.560738490757797303e-02 -9.990237198166943555e-01
4.122763858555620470e-02 -1.775841605367373816e-02 -9.989919521577385053e-01
4.111148182908417464e-02 -2.034824793055864042e-02 -9.989473433910214251e-01
4.098324407810854247e-02 -2.289330233893136640e-02 -9.988975274836043861e-01
4.084837524213394411e-02 -2.499803682796501031e-02 -9.988525959293650391e-01
4.070333176605051007e-02 -2.714585967225917329e-02 -9.988024534840722612e-01
4.054267695945882460e-02 -2.973214180347515806e-02 -9.987353458693369879e-01
4.036996887176295956e-02 -3.227338763956356937e-02 -9.986634538539820305e-01
4.019065826261921520e-02 -3.437415749294121803e-02 -9.986005849613112106e-01
4.000683502008864356e-02 -3.603452164377567851e-02 -9.985494311257629985e-01
3.982058753707468784e-02 -3.725454970215408973e-02 -9.985121027482326550e-01
3.963118631705609546e-02 -3.827590988751548851e-02 -9.984810082286947885e-01
3.943695658627371231e-02 -3.929627979363147644e-02 -9.984490617200247886e-01
3.923790379332606215e-02 -4.031563576444154029e-02 -9.984162640997087390e-01
3.903403351039762270e-02 -4.133395417677297040e-02 -9.983826162649399594e-01
3.882535143303351283e-02 -4.235121144105463004e-02 -9.983481191325905835e-01
3.861186337990949596e-02 -4.336738400202898303e-02 -9.983127736391818052e-01
3.839357529259713325e-02 -4.438244833946222712e-02 -9.982765807408542358e-01
3.817049323532440558e-02 -4.539638096885265095e-02 -9.982395414133361511e-01
3.794262339473158246e-02 -4.640915844213702734e-02 -9.982016566519126277e-01
3.770997207962247660e-02 -4.742075734839512613e-02 -9.981629274713941236e-01
3.747536213012947481e-02 -4.818963594932134525e-02 -9.981349388836623371e-01
3.724255845129628706e-02 -4.851822386610234877e-02 -9.981277342068423097e-01
3.700801129879274787e-02 -4.888960567139054303e-02 -9.981183364496460930e-01
3.676628643765976479e-02 -4.969895308177809529e-02 -9.980872979074343343e-01
3.652094563429917479e-02 -5.046316482440731804e-02 -9.980579590013226587e-01
3.627743470789437236e-02 -5.078706856789308444e-02 -9.980504102485500129e-01
3.603783630326349435e-02 -5.067071243371018552e-02 -9.980650045242763779e-01
3.580423274021720531e-02 -5.011412548438948927e-02 -9.981015135470058253e-01
3.557870651683706087e-02 -4.911731819758006351e-02 -9.981591279428702057e-01
3.536334079249707496e-02 -4.768028422610968986e-02 -9.982364572705786365e-01
3.516021982633547177e-02 -4.580300344321323186e-02 -9.983315300126252012e-01
3.497142934687932914e-02 -4.348544627187741346e-02 -9.984417935423056667e-01
3.479905682851354431e-02 -4.072757929699057783e-02 -9.985641140800413096e-01
3.464519165047207777e-02 -3.752937215867265669e-02 -9.986947766564528983e-01
3.451192511401705854e-02 -3.389080572477657510e-02 -9.988294851035658395e-01
3.440135029346723383e-02 -2.981188154008393432e-02 -9.989633620994466945e-01
3.430992519613033920e-02 -2.577612780264769768e-02 -9.990787858164849045e-01
3.423221325772724671e-02 -2.217932275843070150e-02 -9.991677703055974469e-01
3.416613543557532606e-02 -1.902166954724420281e-02 -9.992351331278528370e-01
3.410960990827979072e-02 -1.630331765447970427e-02 -9.992851126407148454e-01
3.406055286917127056e-02 -1.402437218249331756e-02 -9.993213675905950888e-01
3.401687915539186591e-02 -1.218490185429253921e-02 -9.993469768300360379e-01
3.397650273669544640e-02 -1.078494574684860617e-02 -9.993644391347056288e-01
3.393733708810008770e-02 -9.824518752037233668e-03 -9.993756730992923165e-01
3.389729547057677983e-02 -9.303615763808783037e-03 -9.993820170953168214e-01
3.385429114398694900e-02 -9.222214590720789404e-03 -9.993842292778013503e-01
3.380623753649440039e-02 -9.580277593446278120e-03 -9.993824876316687034e-01
3.375104839467949619e-02 -1.037775204731619834e-02 -9.993763900526709820e-01
3.368945675545709229e-02 -1.137275449340749596e-02 -9.993676405401361595e-01
3.362314469186283850e-02 -1.236739721458465259e-02 -9.993580597699558421e-01
3.355211432811804062e-02 -1.336165699799274527e-02 -9.993476480916864135e-01
3.347636791022423619e-02 -1.435551064420505056e-02 -9.993364058742618683e-01
3.339590780586881164e-02 -1.534893496793025836e-02 -9.993243335059823762e-01
3.331073650432589406e-02 -1.634190679871896923e-02 -9.993114313945002936e-01
3.322367539697718142e-02 -1.709260396816414743e-02 -9.993017713797507362e-01
3.313849397553320780e-02 -1.740321087151389459e-02 -9.992992387010003474e-01
3.305728108801694876e-02 -1.727376661677845066e-02 -9.993041744904004320e-01
3.298212528218979339e-02 -1.670431071143022028e-02 -9.993163390115912259e-01
3.291511493993629078e-02 -1.569488355974140922e-02 -9.993349117480787580e-01
3.285833839091440584e-02 -1.424552823998538262e-02 -9.993584914950967013e-01
3.280824608815328253e-02 -1.283993077871476048e-02 -9.993791848774018494e-01
3.275939132914761076e-02 -1.187381987126927448e-02 -9.993927329540733817e-01
3.270968766372083641e-02 -1.134719350490091642e-02 -9.994004790535711003e-01
3.265704859607283794e-02 -1.126003136313195353e-02 -9.994031863420780315e-01
3.259938777714556368e-02 -1.161229647509797944e-02 -9.994010378657472993e-01
3.253461917744778636e-02 -1.240393559036592937e-02 -9.993936366301579000e-01
3.246347627304275313e-02 -1.339305973449071360e-02 -9.993831840986826531e-01
3.238764154370903786e-02 -1.438177749955980335e-02 -9.993719053241355565e-01
3.230711735655599631e-02 -1.537006582313656632e-02 -9.993598006947775891e-01
3.222190619957879254e-02 -1.635790165760784426e-02 -9.993468706181196648e-01
3.213201068155488449e-02 -1.734526197088494953e-02 -9.993331155209081995e-01
3.203743353193577725e-02 -1.833212374710391918e-02 -9.993185358491109005e-01
3.193817760073419665e-02 -1.931846398732479930e-02 -9.993031320679013341e-01
3.183424585840659293e-02 -2.030425971023009507e-02 -9.992869046616437156e-01
3.172564139573098158e-02 -2.128948795282226483e-02 -9.992698541338764784e-01
3.161236742368025293e-02 -2.227412577112023589e-02 -9.992519810072958419e-01
3.149442727329069408e-02 -2.325815024085492108e-02 -9.992332858237378268e-01
3.137182439552608365e-02 -2.424153845816368752e-02 -9.992137691441608238e-01
3.124174347451378481e-02 -2.546604056234577987e-02 -9.991873869513927531e-01
3.110042230177840344e-02 -2.712938469766231972e-02 -9.991480171719201442e-01
3.094578065530252317e-02 -2.923143411966495214e-02 -9.990935301156462778e-01
3.077574014221262297e-02 -3.177201778424503659e-02 -9.990212173445662813e-01
3.059386199536590425e-02 -3.426750030535187508e-02 -9.989443197851588518e-01
3.040560073171743455e-02 -3.632233556267979585e-02 -9.988774636477779634e-01
3.020741044055829175e-02 -3.841996576738668928e-02 -9.988049952743084381e-01
2.999385452961841891e-02 -4.095575170188342495e-02 -9.987106663558731334e-01
2.976849805682316510e-02 -4.344618949236730976e-02 -9.986121695343177507e-01
2.953679574655662665e-02 -4.549587476544883491e-02 -9.985277678043585903e-01
2.930083736332516828e-02 -4.710490822969957275e-02 -9.984601086425445304e-01
2.906271068602163388e-02 -4.827338299040771774e-02 -9.984112576199472011e-01
2.882450183899747456e-02 -4.900137995290340664e-02 -9.983826985963086820e-01
2.858829569867969017e-02 -4.928896451327959699e-02 -9.983753338931488086e-01
2.835617635135768283e-02 -4.913618453648948420e-02 -9.983894844357735776e-01
2.813022757779515964e-02 -4.854306962156977601e-02 -9.984248898580904141e-01
2.791253334034420747e-02 -4.750963165353294659e-02 -9.984807085681089989e-01
2.770517824825181538e-02 -4.603586664127372330e-02 -9.985555177759635193e-01
2.751024797685308609e-02 -4.412175784063025741e-02 -9.986473134902570381e-01
2.732982961634149513e-02 -4.176728016151229350e-02 -9.987535104924810669e-01
2.716037426150862133e-02 -3.945579386500784602e-02 -9.988521183841277962e-01
2.699644348498246235e-02 -3.758288805773749713e-02 -9.989287855319840537e-01
2.683877946562111816e-02 -3.590694403960301151e-02 -9.989946803094277294e-01
2.668906877505131114e-02 -3.423024278726578828e-02 -9.990575479353772659e-01
2.654731603852160046e-02 -3.255282710336746682e-02 -9.991173872267125056e-01
2.641352560608301037e-02 -3.087473982427484803e-02 -9.991741970776886195e-01
2.628770155229740585e-02 -2.919602381796017679e-02 -9.992279764599878433e-01
2.616984767596522085e-02 -2.751672198187858284e-02 -9.992787244227668841e-01
2.605996749987242109e-02 -2.583687724084279477e-02 -9.993264400927009961e-01
2.595806427055684373e-02 -2.415653254489544613e-02 -9.993711226740228382e-01
2.586414095809385152e-02 -2.247573086717908827e-02 -9.994127714485590008e-01
2.577820025590142963e-02 -2.079451520180415972e-02 -9.994513857757626463e-01
2.570024458056465247e-02 -1.911292856171509583e-02 -9.994869650927408200e-01
2.563027607167956204e-02 -1.743101397655476628e-02 -9.995195089142793199e-01
2.556829659171653071e-02 -1.574881449052749696e-02 -9.995490168328635683e-01
2.551430772590304596e-02 -1.406637316026078909e-02 -9.995754885186948213e-01
2.546831078212600380e-02 -1.238373305266605821e-02 -9.995989237197028254e-01
2.543030679085344498e-02 -1.070093724279849029e-02 -9.996193222615554763e-01
2.539747628003674249e-02 -9.259908374273588538e-03 -9.996345443688446908e-01
2.536605035844603784e-02 -8.258566833716882161e-03 -9.996441164549851877e-01
2.533394089167332816e-02 -7.696906694705756349e-03 -9.996494130775208653e-01
2.529905976649406141e-02 -7.574905624861417650e-03 -9.996512283690284217e-01
