0.000000000000000000e+00 0.000000000000000000e+00 1.000000000000000000e+00
-1.231325428403774660e-04 6.902322263258842366e-05 9.999999900816671783e-01
-6.070879702587213180e-04 2.038376551729501605e-04 9.999997951925759798e-01
-1.676927088373529346e-03 4.005223087615016617e-04 9.999985144875783716e-01
-3.542774199917667760e-03 6.545383900008554766e-04 9.999935118247834653e-01
-6.397758734028978142e-03 9.608048170670735032e-04 9.999790757726134682e-01
-1.041620593337424031e-02 1.313776632224379192e-03 9.999448923186839977e-01
-1.575206764629200062e-02 1.707525025866989425e-03 9.998744791696013712e-01
-2.253757795194251401e-02 2.135817991041311439e-03 9.997437279322606285e-01
-3.088211664723828492e-02 2.592201019287105907e-03 9.995196903775713793e-01
-4.087126728794701624e-02 3.070077659851653835e-03 9.991597283666902030e-01
-5.256606535315420242e-02 3.562790120324729488e-03 9.986111248415566743e-01
-6.600244515610304008e-02 4.063700317721266782e-03 9.978112264581489033e-01
-8.119090954078915512e-02 4.566271839796839926e-03 9.966881578334781944e-01
-9.811646178812186148e-02 5.064153114593156202e-03 9.951621138877395634e-01
-1.167388518088993826e-01 5.551261708511120475e-03 9.931472014801892012e-01
-1.369931959555985013e-01 6.021869108362990462e-03 9.905537658916310217e-01
-1.587910293776395032e-01 6.470684651298573217e-03 9.872911035747412578e-01
-1.820218402894612786e-01 6.892936535617027842e-03 9.832704323003579328e-01
-2.065551164314253507e-01 7.284447180337297496e-03 9.784079660046821614e-01
-2.322429063037529939e-01 7.641699711384431458e-03 9.726279269371939096e-01
-2.589228637122988896e-01 7.961892134905536322e-03 9.658653243793965393e-01
-2.864217072159804256e-01 8.242975882754981568e-03 9.580683386639871069e-01
-3.145589904058802566e-01 8.483675908581360739e-03 9.492001716439206760e-01
-3.431510489540459119e-01 8.683490351962563567e-03 9.392402588307193767e-01
-3.720149699393284770e-01 8.842668899289116841e-03 9.281847813518170343e-01
-4.009724208691120562e-01 8.962170239114117601e-03 9.160464636755051293e-01
-4.298531812792008022e-01 9.043600297651260139e-03 9.028536910412913175e-01
-4.584982382574285809e-01 9.089134105206980729e-03 8.886490240134143903e-01
-4.867623365039997485e-01 9.101425063493248646e-03 8.734872225011928171e-01
-5.145159101704367410e-01 9.083505970318197717e-03 8.574329151253047288e-01
-5.416463636036135121e-01 9.038686372253438780e-03 8.405580606496229068e-01
-5.680587071371978602e-01 8.970450666167563425e-03 8.229393466189465212e-01
-5.936755886528883863e-01 8.882360907592300528e-03 8.046556579866260828e-01
-6.184367891788559168e-01 8.777967587885997930e-03 7.857857279930636762e-01
-6.422982698669351675e-01 8.660730807588773797e-03 7.664060579563582998e-01
-6.652308680051640666e-01 8.533953394383928664e-03 7.465891650542627600e-01
-6.872187419551214482e-01 8.400726672672810535e-03 7.264021903271724590e-01
-7.082576604137458265e-01 8.263888850178964171e-03 7.059058751029340106e-01
-7.283532219164617905e-01 8.125995384668795521e-03 6.851538941924856241e-01
-7.475190778360788491e-01 7.989300248255729736e-03 6.641925191759648905e-01
-7.657752179651561297e-01 7.855746716786040501e-03 6.430605749332196641e-01
-7.831463634908299998e-01 7.726966162846103832e-03 6.217896468622251538e-01
-7.996604988220928911e-01 7.604283299968918504e-03 6.004044942808739460e-01
-8.153475619945971253e-01 7.488726385951884404e-03 5.789236264944727095e-01
-8.302383036210491118e-01 7.381041018135975872e-03 5.573600010902678425e-01
-8.443633166800644796e-01 7.281706318899138636e-03 5.357218084166882610e-01
-8.577522337558605159e-01 7.190952495353144375e-03 5.140133112611721122e-01
-8.704330844431634739e-01 7.108778947742021639e-03 4.922357139367705692e-01
-8.824318032349958152e-01 7.034972285238191153e-03 4.703880399424893999e-01
-8.937718770088606268e-01 6.969123778607760542e-03 4.484680018185177586e-01
-9.044509409931159594e-01 6.880413219701429946e-03 4.265224961524041181e-01
-9.144505287711400809e-01 6.772273360463747921e-03 4.046413846498057576e-01
-9.237636717058380631e-01 6.647904332425290039e-03 3.829056889392585816e-01
-9.323931813093364607e-01 6.510251685681893094e-03 3.613874009573940782e-01
-9.403499923132796479e-01 6.361994531935588615e-03 3.401495225517108256e-01
-9.476516093894949977e-01 6.205542229630730752e-03 3.192462976038610845e-01
-9.543206867747537903e-01 6.043038027579925031e-03 2.987235980964018101e-01
-9.603837580863131551e-01 5.876368148351386600e-03 2.786194263342215982e-01
-9.658701236836564341e-01 5.707174918066570436e-03 2.589644982431748010e-01
-9.708108951056994007e-01 5.536872711770796790e-03 2.397828766151109126e-01
-9.752381902887107268e-01 5.366665663732901603e-03 2.210926277660602568e-01
-9.791844692345251788e-01 5.197566274809235082e-03 2.029064798614772791e-01
-9.826819972788756186e-01 5.030414223525330603e-03 1.852324658014699033e-01
-9.857624218150120576e-01 4.865894846705286561e-03 1.680745378241731702e-01
-9.884564479772464107e-01 4.704556895341148806e-03 1.514331447448848400e-01
-9.907935991292892153e-01 4.546829290367302746e-03 1.353057659435612792e-01
-9.928020488166239277e-01 4.393036701242775989e-03 1.196873988385581400e-01
-9.945085119538440432e-01 4.243413849053192903e-03 1.045709986710249562e-01
-9.959381842884791336e-01 4.098118497213284854e-03 8.994787102501507203e-02
-9.971147205086683396e-01 3.957243139097034283e-03 7.580801868711033176e-02
-9.980602426690657891e-01 3.820825425435251613e-03 6.214044527333489193e-02
-9.987953718477995402e-01 3.688857397391895679e-03 4.893341858539179690e-02
-9.993392770864347741e-01 3.561293605952949373e-03 3.617469696247493927e-02
-9.997097366884594161e-01 3.438058206474210472e-03 2.385172202166607747e-02
-9.999232078540519764e-01 3.319051120505309670e-03 1.195178117406220375e-02
-9.999949014113778123e-01 3.204153356640028222e-03 4.621432024881199502e-04
-9.999388590737205984e-01 3.093231579195999427e-03 -1.062982997997845812e-02
-9.997680312166209449e-01 2.986142008841169340e-03 -2.133659247964083544e-02
-9.994943536405301865e-01 2.882733733514043079e-03 -3.167034180039637881e-02
-9.991288221734555552e-01 2.782851501627100783e-03 -4.164296201188326385e-02
-9.986815642856060604e-01 2.686338062966709458e-03 -5.126598050930290112e-02
-9.981619071444652880e-01 2.593036116174044295e-03 -6.055053639945312538e-02
-9.975784417434453433e-01 2.502789915394126007e-03 -6.950735876800315238e-02
-9.969390828987482189e-01 2.415446582735279648e-03 -7.814675328833821377e-02
-9.962511250346832714e-01 2.330857167662299390e-03 -8.647859582085314079e-02
-9.955212937738646684e-01 2.248877489391011477e-03 -9.451233182282814393e-02
-9.947557934209235730e-01 2.169368793771428872e-03 -1.022569805431328693e-01
-9.939603504812291046e-01 2.092198252034742009e-03 -1.097211431136186355e-01
-9.931402533935027588e-01 2.017239325117083960e-03 -1.169130137711305029e-01
-9.923003886803374307e-01 1.944372014033470767e-03 -1.238403935517431304e-01
-9.914452737361355572e-01 1.873483013927137444e-03 -1.305107058933326347e-01
-9.905790864800220197e-01 1.804465786929046337e-03 -1.369310136651986642e-01
-9.897056921036055943e-01 1.737220566795549988e-03 -1.431080372153815949e-01
-9.888286671414663331e-01 1.671654306415723372e-03 -1.490481730887583678e-01
-9.879513210870503048e-01 1.607680577661907027e-03 -1.547575131230504442e-01
-9.870767157691451299e-01 1.545219431667684690e-03 -1.602418636765564064e-01
-9.862076826949796038e-01 1.484197226429307412e-03 -1.655067647816547693e-01
-9.853468385557798692e-01 1.424546427614252009e-03 -1.705575090527451654e-01
-9.844965990797355238e-01 1.366205387601356937e-03 -1.753991602070513744e-01
-9.836591914060942576e-01 1.309118107050255986e-03 -1.800365710822594556e-01
-9.828325374508906087e-01 1.265842225067291939e-03 -1.844963049772976038e-01
-9.820097903383675497e-01 1.236494891910744787e-03 -1.888267151439704805e-01
-9.811831226150402596e-01 1.221161170287916702e-03 -1.930763430819835424e-01
-9.803437880990100162e-01 1.219906946744137933e-03 -1.972938279828007069e-01
-9.794821533515001288e-01 1.232791400094083523e-03 -2.015278568528249825e-01
-9.785876974218444824e-01 1.259878983454428220e-03 -2.058271526239796589e-01
-9.776489787169385659e-01 1.301250885573456903e-03 -2.102404974414321948e-01
-9.766535678789303176e-01 1.357015944353028979e-03 -2.148167881631466158e-01
-9.755879454332087031e-01 1.427320990014363609e-03 -2.196051208994788395e-01
-9.744373627066598154e-01 1.512360596501233527e-03 -2.246549011456968614e-01
-9.731856641292796484e-01 1.612386216595701818e-03 -2.300159756947397216e-01
-9.718150685377819897e-01 1.727714667896976426e-03 -2.357387820352759567e-01
-9.703059065174731712e-01 1.858735922208502086e-03 -2.418745103085455095e-01
-9.686363101718221680e-01 2.005920128751761001e-03 -2.484752720766657819e-01
-9.667818510272047083e-01 2.169823770532700122e-03 -2.555942690968751596e-01
-9.647151211016705696e-01 2.351094811441946809e-03 -2.632859539432945706e-01
-9.624052515430006061e-01 2.550476637316554870e-03 -2.716061726033211499e-01
-9.598173627436006328e-01 2.768810524992616241e-03 -2.806122770233707708e-01
-9.569119395652646576e-01 3.007036286843223043e-03 -2.903631929037780446e-01
-9.536441253889670344e-01 3.266190631760357548e-03 -3.009194247554812796e-01
-9.499629293249752804e-01 3.547402654337360184e-03 -3.123429762426687128e-01
-9.458103423201803528e-01 3.851885709785981063e-03 -3.246971590678914832e-01
-9.411203604044764415e-01 4.180924751348107787e-03 -3.380462580590958832e-01
-9.358179173438644360e-01 4.535857999734131327e-03 -3.524550136951496992e-01
-9.298177350442899947e-01 4.918051583365371307e-03 -3.679878761536058973e-01
-9.230231088298560538e-01 5.328865541408623133e-03 -3.847079773252370938e-01
-9.153246569772668373e-01 5.769609333224020621e-03 -4.026757595821328639e-01
-9.065990804993067087e-01 6.241484772514471063e-03 -4.219471932033866945e-01
-8.967080010439366644e-01 6.745514140946117822e-03 -4.425715095011700795e-01
-8.854969727328937390e-01 7.282451191952809232e-03 -4.645883756986561863e-01
-8.727947983180155411e-01 7.852672912259798729e-03 -4.880244430944912781e-01
-8.584133210460156427e-01 8.456050375584250878e-03 -5.128892154936167680e-01
-8.421479097962415450e-01 9.091797938242567392e-03 -5.391702146969901133e-01
-8.237789032533973099e-01 9.758301552545912277e-03 -5.668274691922775554e-01
-8.030743232859681724e-01 1.045292928240201813e-02 -5.957874265148033199e-01
-7.797941989585546185e-01 1.117183034528483783e-02 -6.259364937532810869e-01
-7.536968471282634585e-01 1.190973324779151001e-02 -6.571145465946580666e-01
-7.245474155233453395e-01 1.265975874366463000e-02 -6.891089123587735843e-01
-6.921288887328110873e-01 1.341326907877306643e-02 -7.216495155951307972e-01
-6.562555661075329949e-01 1.415978058275846156e-02 -7.544060531503078426e-01
-6.167887289819607988e-01 1.488697095781870566e-02 -7.869882020033094339e-01
-5.736538238454833571e-01 1.558081399739385392e-02 -8.189499064590302080e-01
-5.268580247330351130e-01 1.622587107257454642e-02 -8.497986819423862803e-01
-4.765065633555861657e-01 1.680575882444259803e-02 -8.790105556364726791e-01
-4.228158273929424893e-01 1.730379515357538187e-02 -9.060507095495102803e-01
-3.661210503587368770e-01 1.770380141450174014e-02 -9.303991187296606347e-01
-3.068765741158235860e-01 1.799101049609863959e-02 -9.515795751874550623e-01
-2.456472382437717705e-01 1.815300328159294083e-02 -9.691896184556896277e-01
-1.830904315529895687e-01 1.818057644825991567e-02 -9.829282672914203545e-01
-1.199296050200357178e-01 1.806843913660558312e-02 -9.926182694583948196e-01
-5.704359790593928337e-02 1.774691330249975746e-02 -9.982142300492519160e-01
4.575771538867796917e-03 1.722224477446859803e-02 -9.998414757818271381e-01
6.399234382990159897e-02 1.650642050179918288e-02 -9.978140950346615634e-01
1.203689085639882139e-01 1.561634240196993831e-02 -9.926065818863106793e-01
1.729987852438224505e-01 1.457265591910663315e-02 -9.848143714815688066e-01
2.213233275212750095e-01 1.339840350408736530e-02 -9.751085461587540859e-01
2.649353407567323071e-01 1.211767688421528689e-02 -9.641901089230685562e-01
3.035703835429854891e-01 1.075441448967914479e-02 -9.527483643683437586e-01
3.370891863720652526e-01 9.331443635277244034e-03 -9.414264930418033694e-01
3.654548802401006991e-01 7.869814858976821245e-03 -9.307957910610115126e-01
3.887085119479750106e-01 6.388429539107449810e-03 -9.213386314804383748e-01
4.069456710116123865e-01 4.903928097949730031e-03 -9.134391951606928295e-01
4.202962178094257206e-01 3.430786436368336769e-03 -9.073804707775717793e-01
4.289082818123984286e-01 1.981560917301703612e-03 -9.033458789774879705e-01
4.329370102469421999e-01 5.672237015175651213e-04 -9.014240217496013452e-01
4.325380347095467148e-01 -8.024631950647100487e-04 -9.016153725399431718e-01
4.278652767971338755e-01 -2.118578130526757673e-03 -9.038401012757301123e-01
4.190724965380795974e-01 -3.372708637513643741e-03 -9.079465954176313414e-01
4.063178546302630423e-01 -4.556685173335394204e-03 -9.137205445984258878e-01
3.897706728079631811e-01 -5.662399214725385294e-03 -9.208946742640317096e-01
3.696195114774113999e-01 -6.681718633381784206e-03 -9.291593290486485079e-01
3.460806320612767051e-01 -7.606506749915612105e-03 -9.381741152427202080e-01
3.194058809790789044e-01 -8.428744313753367204e-03 -9.475807180962418919e-01
2.898890424620806372e-01 -9.140745664967473913e-03 -9.570168281147414246e-01
2.578697834601098027e-01 -9.735451736643868301e-03 -9.661308671489264865e-01
2.237344775686432863e-01 -1.020677411596503624e-02 -9.745969389165169972e-01
1.879134555138428087e-01 -1.054995731026187912e-02 -9.821291889280053811e-01
1.508745763568071219e-01 -1.076192208624702877e-02 -9.884945984105415473e-01
1.131134116771196352e-01 -1.084155254162979740e-02 -9.935232012723226314e-01
7.514072972525073779e-02 -1.078989414580846032e-02 -9.971148285504917164e-01
3.746829318565287475e-02 -1.061023918837107095e-02 -9.992417482803590545e-01
5.941835793892916162e-04 -1.030808875187683334e-02 -9.999469455094999182e-01
-3.501110044159815721e-02 -9.890994520664546374e-03 -9.993382164025025327e-01
-6.891666039803708010e-02 -9.368297115273456835e-03 -9.975786589646059577e-01
-1.007404998495891740e-01 -8.750788048085352336e-03 -9.948744632441980373e-01
-1.301556473792667978e-01 -8.050328357083582145e-03 -9.914610896563219589e-01
-1.568930263516535306e-01 -7.279457986776296553e-03 -9.875889593773934383e-01
-1.807413452364504125e-01 -6.451026515376466659e-03 -9.835096801131902877e-01
-2.015445438974539094e-01 -5.577869068443045558e-03 -9.794636311127636885e-01
-2.191974839828066124e-01 -4.672542750519429605e-03 -9.756694808600867574e-01
-2.336406157029499997e-01 -3.747130172325038346e-03 -9.723159556915645929e-01
-2.448543061271509502e-01 -2.813108843240093131e-03 -9.695559535513149640e-01
-2.528534021002395993e-01 -1.881279084142300790e-03 -9.675029254813078960e-01
-2.576824521751659991e-01 -9.617390004830503152e-04 -9.662293349803429132e-01
-2.594118512569739132e-01 -6.389289946146566729e-05 -9.657669472336304350e-01
-2.581350174786558593e-01 8.035209190446433985e-04 -9.661086843025872284e-01
-2.539665751579211483e-01 1.632396172760071157e-03 -9.672117934709341114e-01
-2.470414070565934150e-01 2.415229696964655334e-03 -9.690020991424426189e-01
-2.375143564043415700e-01 3.145106361631382335e-03 -9.713791316079163352e-01
-2.255603050152738542e-01 3.815703560789542557e-03 -9.742219401091061215e-01
-2.113743281750165293e-01 4.421317866216210868e-03 -9.773953987206317473e-01
-1.951716292548069942e-01 4.956913285653163741e-03 -9.807568016940930722e-01
-1.771869861326882678e-01 5.418187626798575372e-03 -9.841625238349844818e-01
-1.576734953038049780e-01 5.801650953141260572e-03 -9.874744978031398945e-01
-1.369004741167337835e-01 6.104708237956730198e-03 -9.905662420892155096e-01
-1.151504707140937334e-01 6.325737266824465847e-03 -9.933281690022085497e-01
-9.271542656958126072e-02 6.464152737126561098e-03 -9.956719178946547011e-01
-6.989212796749992573e-02 6.520448391684808588e-03 -9.975334986010629956e-01
-4.697715995053178967e-02 6.496210820774680518e-03 -9.988750932135143090e-01
-2.426162999185314806e-02 6.394101066859624732e-03 -9.996854461866999664e-01
-2.025952620405769428e-03 6.217803062230713683e-03 -9.999788651051410016e-01
1.946502178829756860e-02 5.971940856836564608e-03 -9.997929468685442522e-01
3.996628854909711065e-02 5.661969189362329839e-03 -9.991852259191716934e-01
5.925619602937777508e-02 5.294043918148649136e-03 -9.982290034776555299e-01
7.713906938668546598e-02 4.874879967074179782e-03 -9.970086537627774748e-01
9.344691993097895000e-02 4.411604693649691031e-03 -9.956147129539995033e-01
1.080402819223420241e-01 3.911614018812904249e-03 -9.941390411463914001e-01
1.208082773166495455e-01 3.382437438441109230e-03 -9.926703116917175995e-01
1.316680490148618710e-01 2.831616394866507021e-03 -9.912900328194842459e-01
1.405637228906994329e-01 2.266598669633573728e-03 -9.900692503908332665e-01
1.474650593818103705e-01 1.694649692885338193e-03 -9.890660244007810631e-01
1.523659399119832170e-01 1.122780129934624130e-03 -9.883237202239761876e-01
1.552828062590198288e-01 5.576879221493224667e-04 -9.878701115533751187e-01
1.562531369976865314e-01 5.712187308978496948e-06 -9.877172566847952639e-01
1.553340089147258463e-01 -5.272039687710885917e-04 -9.878620830016404675e-01
1.526007567677215293e-01 -1.035544646337866912e-03 -9.882875950373632978e-01
1.481457150526247213e-01 -1.514248915389738992e-03 -9.889646077617465503e-01
1.420770027584855599e-01 -1.958737117882256365e-03 -9.898538972252030055e-01
1.345172977394293312e-01 -2.364936929138532814e-03 -9.909086542525824548e-01
1.256025418157864781e-01 -2.729309587742680121e-03 -9.920771229021296822e-01
1.154805207668091888e-01 -3.048875914925345057e-03 -9.933053038655709210e-01
1.043092740526948975e-01 -3.321241057068836586e-03 -9.945396043173391210e-01
9.225530586211723449e-02 -3.544616363025139896e-03 -9.957293206257387119e-01
7.949158989865255653e-02 -3.717836498280119827e-03 -9.968288495302338736e-01
6.619538284846636367e-02 -3.840369825689023825e-03 -9.977995373370963650e-01
5.254588325308082869e-02 -3.912320248192712423e-03 -9.986110954044806753e-01
3.872179122020083519e-02 -3.934419088328817982e-03 -9.992425331086708384e-01
2.489883810699346917e-02 -3.908006125674048752e-03 -9.996825854378398324e-01
1.124736268099733351e-02 -3.834999562637675993e-03 -9.999296396814488785e-01
-2.069989255180787469e-03 -3.717855368035713395e-03 -9.999911924053139778e-01
-1.490037094472110475e-02 -3.559517083355732796e-03 -9.998828920156253020e-01
-2.710258742397705922e-02 -3.363357704477722230e-03 -9.996272419383717134e-01
-3.854865174688379414e-02 -3.133115624491903187e-03 -9.992520534482887129e-01
-4.912501948988083622e-02 -2.872826815329580091e-03 -9.987887447527120655e-01
-5.873349449788534821e-02 -2.586755434302552299e-03 -9.982705840015252408e-01
-6.729181536278269760e-02 -2.279324884411806917e-03 -9.977309689847305707e-01
-7.473394562925715634e-02 -1.955051068875572097e-03 -9.972018263907288516e-01
-8.101010030672112228e-02 -1.618479205303762630e-03 -9.967121999157116941e-01
-8.608654658452785657e-02 -1.274125151330945255e-03 -9.962870806216441721e-01
-8.994521786077527836e-02 -9.264217867291831823e-04 -9.959465160547195106e-01
-9.258317787393799403e-02 -5.796706351463028596e-04 -9.957050178879752744e-01
-9.401196672614527128e-02 -2.379986194011067470e-04 -9.955712721166205537e-01
-9.425685390981533573e-02 9.468035618183525499e-05 -9.955481417190257254e-01
-9.335601611960597790e-02 4.146994099522952905e-04 -9.956329395641974056e-01
-9.135965058950390461e-02 7.186687063122855663e-04 -9.958179393718417094e-01
-8.832902871848134774e-02 1.003501875813923080e-03 -9.960910847600277229e-01
-8.433549040286547616e-02 1.266439099375495959e-03 -9.964368508242851252e-01
-7.945937710701786449e-02 1.505066981442613810e-03 -9.968372092304216281e-01
-7.378890136346086259e-02 1.717335185177737682e-03 -9.972726464181366213e-01
-6.741895196288812120e-02 1.901569663669019786e-03 -9.977231851507966098e-01
-6.044983724619473753e-02 2.056482213189256714e-03 -9.981693622428484680e-01
-5.298597317211563990e-02 2.181176011365678312e-03 -9.985931197482622590e-01
-4.513452764288473223e-02 2.275146792589030457e-03 -9.989785730366902428e-01
-3.700403733558387670e-02 2.338279356713355867e-03 -9.993126267710404909e-01
-2.870301745075322028e-02 2.370839200651294644e-03 -9.995854184906588502e-01
-2.033858788409210333e-02 2.373459196174842502e-03 -9.997905788713841169e-01
-1.201514101795132100e-02 2.347121397468040008e-03 -9.999253072856327806e-01
-3.833076446307122701e-03 2.293134232876044027e-03 -9.999902705008640869e-01
4.112373508111501555e-03 2.213105500604087630e-03 -9.999893407253391819e-01
1.173220648976299949e-02 2.108911733024737903e-03 -9.999291962864833572e-01
1.894458400208888851e-02 1.982664606910634463e-03 -9.998188136577194074e-01
2.567562418458004675e-02 1.836675149534434167e-03 -9.996688831089250993e-01
3.186004617594186128e-02 1.673416519950169127e-03 -9.994911818580972662e-01
3.744166366639056776e-02 1.495486132174923648e-03 -9.992979382995363924e-01
4.237372967514508454e-02 1.305567837624310940e-03 -9.991012188505684621e-01
4.661913827982319680e-02 1.106394806150958181e-03 -9.989123654629035176e-01
5.015049180516467642e-02 9.007136482543246035e-04 -9.987415072167880048e-01
5.295004379201748157e-02 6.912502158154493030e-04 -9.985971640154899243e-01
5.500952895854795133e-02 4.806774147424232313e-04 -9.984859545823456806e-01
5.632989146251069640e-02 2.715852682930076792e-04 -9.984124150652978757e-01
5.692092226328288734e-02 6.645339046942473345e-05 -9.983789288657137773e-01
5.680081548359817989e-02 -1.323740318503893677e-04 -9.983857630701551411e-01
5.599565260609045553e-02 -3.227106905893914772e-04 -9.984312022638961448e-01
5.453882231191159446e-02 -5.025480075655083465e-04 -9.985117666811478276e-01
5.247038294262422464e-02 -6.700723587302220320e-04 -9.986224986911762524e-01
4.983637405632549561e-02 -8.236796428935622919e-04 -9.987572995834796963e-01
4.668808341173564386e-02 -9.619871584634384198e-04 -9.989092975149717057e-01
4.308127595034215440e-02 -1.083842743573698933e-03 -9.990712273015904810e-01
3.907539190624745307e-02 -1.188331131036613570e-03 -9.992358034297516012e-01
3.473272196501243914e-02 -1.274777473406892622e-03 -9.993960691545804575e-01
3.011756829802967814e-02 -1.342748007375056023e-03 -9.995457067392915507e-01
2.529540118697051060e-02 -1.392047851569390296e-03 -9.996792966451863993e-01
2.033202169561653880e-02 -1.422715967059045867e-03 -9.997925166542585007e-01
1.529274133248935408e-02 -1.435017353562360399e-03 -9.998822753296220389e-01
1.024158979338790111e-02 -1.429432603724217548e-03 -9.999467777173488559e-01
5.240561629561984493e-03 -1.406644989352876613e-03 -9.999855245915700852e-01
3.489120443525423054e-04 -1.367525303494942146e-03 -9.999992496779073203e-01
-4.377488994654028104e-03 -1.313114727150106612e-03 -9.999898020135382648e-01
-8.886736470921870190e-03 -1.244606026290180634e-03 -9.999599827991291212e-01
-1.313139756631526850e-02 -1.163323411455830306e-03 -9.999133476870303294e-01
-1.706894184179785778e-02 -1.070701407327290895e-03 -9.998539863885598233e-01
-2.066209148455296768e-02 -9.682630830758081914e-04 -9.997862917668122185e-01
-2.387909042802196027e-02 -8.575979867130851348e-04 -9.997147302426582227e-01
-2.669389268778256732e-02 -7.403401095580542822e-04 -9.996436244443496211e-01
-2.908627159756118838e-02 -6.181461823796350220e-04 -9.995769576641369003e-01
-3.104185274154514299e-02 -4.926745750929504945e-04 -9.995182079543112330e-01
-3.255207425088951084e-02 -3.655650394644360465e-04 -9.994702177150660560e-01
-3.361407877476165623e-02 -2.384195013036794983e-04 -9.994351025142944600e-01
-3.423054187756396222e-02 -1.127840768945481795e-04 -9.994142007470909750e-01
-3.440944189402784376e-02 9.867540745547154343e-06 -9.994080636928183159e-01
-3.416377643835880745e-02 1.281492060349673353e-04 -9.994164836492466231e-01
-3.351123085815515407e-02 2.407758579959989127e-04 -9.994385561897147774e-01
-3.247380398890890862e-02 3.465753920371916178e-04 -9.994727712565415478e-01
-3.107739663198645641e-02 4.444988043757609709e-04 -9.995171268103590911e-01
-2.935136826805199647e-02 5.336285617731396924e-04 -9.995692581214785655e-01
-2.732806763649813647e-02 6.131851631064681426e-04 -9.996265755197851766e-01
-2.504234295525098117e-02 6.825318732748193208e-04 -9.996864035021657546e-01
-2.253103770986837270e-02 7.411776248055168765e-04 -9.997461145048487374e-01
-1.983247808429626502e-02 7.887780987995515096e-04 -9.998032513433541268e-01
-1.698595821203564143e-02 8.251350147520455664e-04 -9.998556332555009751e-01
-1.403122946923208471e-02 8.501936782050891579e-04 -9.999014415954424750e-01
-1.100799998644313125e-02 8.640388557434984388e-04 -9.999392824559950599e-01
-7.955450405129963626e-03 8.668890678951147967e-04 -9.999682247772867516e-01
-4.911771637281949973e-03 8.590894112458889601e-04 -9.999878137675396461e-01
-1.913729999574982112e-03 8.411030406479013321e-04 -9.999980606561854612e-01
1.003735406698372853e-03 8.135014599203778266e-04 -9.999994108669617576e-01
3.807878797922804870e-03 7.769537841511681923e-04 -9.999926935949821072e-01
6.468473698553342532e-03 7.322151479955857660e-04 -9.999790564640611557e-01
8.958095957289144776e-03 6.801144418493151661e-04 -9.999598894082181166e-01
1.125236168574245306e-02 6.215415612846352834e-04 -9.999367421564029357e-01
1.333011877619562878e-02 5.574343547583782621e-04 -9.999112397065118563e-01
1.517359139175967347e-02 4.887654506066356095e-04 -9.998849999693065760e-01
1.676847751580544041e-02 4.165291371809011966e-04 -9.998595573700823635e-01
1.810400028299239544e-02 3.417284602103827875e-04 -9.998362956484421193e-01
1.917291438214727139e-02 2.653626897066507849e-04 -9.998163924321009643e-01
1.997146931761538402e-02 1.884152955684947461e-04 -9.998007774198239828e-01
2.049933174124708019e-02 1.118425570549912504e-04 -9.997901052324899007e-01
2.075946942636338471e-02 3.656291694385264068e-05 -9.997847432194528761e-01
2.075799975484702437e-02 -3.655282316009463755e-05 -9.997847737761396125e-01
2.050400583710311128e-02 -1.066903840143132784e-04 -9.997900100697747483e-01
2.000932359016418388e-02 -1.730998978205604819e-04 -9.998000235091167864e-01
1.928830326873695947e-02 -2.351027499451192426e-04 -9.998141808505137673e-01
1.835754908273002847e-02 -2.920973310204314486e-04 -9.998316885190297043e-01
1.723564064573344240e-02 -3.435636699004252967e-04 -9.998516415455896977e-01
1.594284008267066871e-02 -3.890669304993482321e-04 -9.998730744781419988e-01
1.450078867992280959e-02 -4.282597680105817333e-04 -9.998950117097200607e-01
1.293219698451007586e-02 -4.608835524197013849e-04 -9.999165148665393188e-01
1.126053224630237104e-02 -4.867684795828037527e-04 -9.999367251978825699e-01
9.509707044379403854e-03 -5.058326023635237572e-04 -9.999548992859939034e-01
7.703772841735808882e-03 -5.180798262770318872e-04 -9.999704368256238096e-01
5.866622068855222027e-03 -5.235969255924656073e-04 -9.999828996851840568e-01
4.021702145255467639e-03 -5.225496466763720387e-04 -9.999920219306224212e-01
2.191744609914769975e-03 -5.151779752810479963e-04 -9.999977109462374614e-01
3.985122495895236996e-04 -5.017906532583117077e-04 -1.000000040203041118e+00
-1.337433206534830322e-03 -4.827590375989711680e-04 -9.999992345873449651e-01
-2.996940609937911830e-03 -4.585104005884526809e-04 -9.999956494961701470e-01
-4.562454294184615546e-03 -4.295207741094875242e-04 -9.999897451222525824e-01
-6.018172907043501524e-03 -3.963074436531803134e-04 -9.999820574846517429e-01
-7.350181123878452537e-03 -3.594211984219375855e-04 -9.999731678104928356e-01
-8.546553588968686457e-03 -3.194384430820660595e-04 -9.999636718425249926e-01
-9.597430817620745958e-03 -2.769532743617358342e-04 -9.999541505429918598e-01
-1.049506716164749082e-02 -2.325696219426460543e-04 -9.999451434968913421e-01
-1.123385128870658077e-02 -1.868935481391198017e-04 -9.999371260994817101e-01
-1.181029994821765003e-02 -1.405257948877666795e-04 -9.999304913578921372e-01
-1.222302609056286592e-02 -9.405465977620783378e-05 -9.999255368596758897e-01
-1.247268267065822396e-02 -4.804927540255271226e-05 -9.999224571768789982e-01
-1.256188370135843946e-02 -3.053358442306637870e-06 -9.999213416967317469e-01
-1.249510432680841013e-02 4.042051345258113450e-05 -9.999221776121286487e-01
-1.227856186146834665e-02 8.189604726979829484e-05 -9.999248575775411263e-01
-1.192007988796213100e-02 1.209377617131874498e-04 -9.999291913475926163e-01
-1.142893762692278464e-02 1.571548633345662784e-04 -9.999349205724559209e-01
-1.081570688523890433e-02 1.902044479564938629e-04 -9.999417358301754266e-01
-1.009207895588716021e-02 2.197940122016855068e-04 -9.999492949320876178e-01
-9.270683882960045405e-03 2.456832684147119646e-04 -9.999572415423887417e-01
-8.364904519467582927e-03 2.676852645695356413e-04 -9.999652232030480370e-01
-7.388687792833212829e-03 2.856668188442613976e-04 -9.999729079452620573e-01
-6.356355553609073679e-03 2.995482863459570494e-04 -9.999799987915378718e-01
-5.282417316910700995e-03 3.093026829088831573e-04 -9.999862456002345246e-01
-4.181387113875657119e-03 3.149541978874589084e-04 -9.999914538682865839e-01
-3.067606553009873636e-03 3.165761343353795166e-04 -9.999954902789884859e-01
-1.955076050062172326e-03 3.142883208192094927e-04 -9.999982849514812422e-01
-8.572960220872768988e-04 3.082540442779040904e-04 -9.999998305089369266e-01
2.128803408125315520e-04 2.986765577377347922e-04 -1.000000178226350123e+00
1.243381310895966090e-03 2.857952202671241852e-04 -9.999994316405371730e-01
2.223036661225703380e-03 2.698813292667963100e-04 -9.999977381000915155e-01
3.141682523166475227e-03 2.512337070152257279e-04 -9.999952787988876102e-01
3.990250304419911895e-03 2.301741043252980839e-04 -9.999922578721052169e-01
4.760839136146125840e-03 2.070424842325594870e-04 -9.999888911390416579e-01
5.446771542849764697e-03 1.821922478636146629e-04 -9.999853950539945302e-01
6.042632248624111788e-03 1.559854630758409971e-04 -9.999819763782689108e-01
6.544290245136282283e-03 1.287881541797520420e-04 -9.999788230169293080e-01
6.948904447890743262e-03 1.009657081251744441e-04 -9.999760963780542911e-01
7.254913455742148867e-03 7.287844902952213136e-05 -9.999739255151919304e-01
7.462010102670620093e-03 4.487742893082062806e-05 -9.999724032108611160e-01
7.571101649194052034e-03 1.730047823935250816e-05 -9.999715840555997159e-01
7.584256602518540426e-03 -9.531445382946727459e-06 -9.999714844781864009e-01
7.504639278944909286e-03 -3.531757599348455800e-05 -9.999720845926640678e-01
7.336433328706084764e-03 -5.978029766933861408e-05 -9.999733316503414127e-01
7.084755532030151577e-03 -8.266771894566356824e-05 -9.999751448228777484e-01
6.755561245665439585e-03 -1.037558455993303557e-04 -9.999774209977626560e-01
6.355542931333534214e-03 -1.228503393949392406e-04 -9.999800412409453054e-01
5.892023231656788942e-03 -1.397878557775186683e-04 -9.999828775730613684e-01
5.372844075199950317e-03 -1.544369587680288194e-04 -9.999857997148127176e-01
4.806253290642367726e-03 -1.666986164429871866e-04 -9.999886814819546332e-01
4.200790191159272692e-03 -1.765062853079235475e-04 -9.999914065487818249e-01
3.565171554391601862e-03 -1.838255965568699388e-04 -9.999938733482329756e-01
2.908179371651546229e-03 -1.886536615991736641e-04 -9.999959989336744126e-01
2.238551673163439136e-03 -1.910180182853516058e-04 -9.999977216888430442e-01
1.564877655293295863e-03 -1.909752429335128993e-04 -9.999990028350921323e-01
8.954982421884411740e-04 -1.886092565094587301e-04 -9.999998267459176970e-01
2.384131095280109377e-04 -1.840293561148058257e-04 -1.000000200134970818e+00
-3.988049161673489071e-04 -1.773680052627716231e-04 -1.000000150233002927e+00
-1.009087291218190279e-03 -1.687784182523594391e-04 -9.999997221095807687e-01
-1.585938357888287860e-03 -1.584319752782767051e-04 -9.999989753256032232e-01
-2.123494585167582868e-03 -1.465155057338853007e-04 -9.999979801219179842e-01
-2.616574049376771752e-03 -1.332284774838283744e-04 -9.999968133574870244e-01
-3.060715890787010004e-03 -1.187801297154553209e-04 -9.999955544079552894e-01
-3.452209614886841017e-03 -1.033865863446250502e-04 -9.999942812230009359e-01
-3.788114236080802021e-03 -8.726798587898126577e-05 -9.999930667197454159e-01
-4.066267385938784548e-03 -7.064566216265199259e-05 -9.999919756613881994e-01
-4.285284626258521919e-03 -5.373940857695424676e-05 -9.999910621369137997e-01
-4.444549317949252759e-03 -3.676485609157731669e-05 -9.999903677211509079e-01
-4.544193499056263519e-03 -1.993099309142580587e-05 -9.999899203566069428e-01
-4.585070318254266808e-03 -3.437852188550504857e-06 -9.999897339612539016e-01
-4.568718653133183212e-03 1.252561369047112087e-05 -9.999898087315320927e-01
-4.497320615024583308e-03 2.778344673074391064e-05 -9.999901320787794035e-01
-4.373652703553669759e-03 4.217437515526015554e-05 -9.999906801112922183e-01
-4.201031424264677246e-03 5.555326691140366588e-05 -9.999914195541873552e-01
-3.983254221395154254e-03 6.779233668818582617e-05 -9.999923099856975472e-01
-3.724536605122489522e-03 7.878210014201819157e-05 -9.999933062617081259e-01
-3.429446368443663223e-03 8.843207247587218315e-05 -9.999943610000928684e-01
-3.102835793457060440e-03 9.667121170738775531e-05 -9.999954270022993752e-01
-2.749772740483895708e-03 1.034481100415792453e-04 -9.999964595009676049e-01
-2.375471496596115017e-03 1.087309397008789295e-04 -9.999974181382333960e-01
-1.985224233215135848e-03 1.125071623291634698e-04 -9.999982685987018893e-01
-1.584333886124256272e-03 1.147830136494055282e-04 -9.999989838427216782e-01
-1.178049226210310056e-03 1.155827773917628392e-04 -9.999995449083558530e-01
-7.715028363239630725e-04 1.149478645984803031e-04 -9.999999412731703785e-01
-3.696526497134277429e-04 1.129357162356225573e-04 -1.000000170788562626e+00
2.277236049495154910e-05 1.096185485848103023e-04 -1.000000239218877818e+00
4.013218223054941525e-04 1.050819621402162863e-04 -1.000000159434218716e+00
7.618684928674679391e-04 9.942343569061893173e-05 -9.999999503190449834e-01
1.100647307880466084e-03 9.275072792102094998e-05 -9.999996354679877575e-01
1.414288666451073888e-03 8.518020922505067677e-05 -9.999992417455916272e-01
1.699845745869871250e-03 7.683514648389319027e-05 -9.999987977879623013e-01
1.954815720880632469e-03 6.784396334941436720e-05 -9.999983325217586261e-01
2.177154840815705844e-03 5.833849808145081536e-05 -9.999978737699997122e-01
2.365287394537136240e-03 4.845228024802026163e-05 -9.999974470052853670e-01
2.518108666585792445e-03 3.831884662119850918e-05 -9.999970742998668394e-01
2.634982057512210395e-03 2.807011541157748173e-05 -9.999967735092465393e-01
2.715730606338622073e-03 1.783483660332689015e-05 -9.999965577123481886e-01
2.760623212865249976e-03 7.737134604064275993e-06 -9.999964349174904621e-01
2.770355911558888655e-03 -2.104842265896568338e-06 -9.999964080300896008e-01
2.746028596612240264e-03 -1.158015272608575821e-05 -9.999964750658110191e-01
2.689117639092733145e-03 -2.058616310722470306e-05 -9.999966295822909634e-01
2.601444871652744840e-03 -2.902950867840478009e-05 -9.999968612939558188e-01
2.485143443879466590e-03 -3.682690886561294693e-05 -9.999971568281487144e-01
2.342621071937055731e-03 -4.390583150896570669e-05 -9.999975005768799718e-01
2.176521219693627711e-03 -5.020500330683594310e-05 -9.999978755970674316e-01
1.989682755108215968e-03 -5.567476556144185224e-05 -9.999982645130296444e-01
1.785098625432068702e-03 -6.027727625015342789e-05 -9.999986503780362579e-01
1.565874087982135334e-03 -6.398656127884349177e-05 -9.999990174566122381e-01
1.335185020169630090e-03 -6.678841950867607285e-05 -9.999993518956821204e-01
1.096236813475861323e-03 -6.868018776809306589e-05 -9.999996422601148405e-01
8.522243315840054290e-04 -6.967037355160403942e-05 -9.999998799163609675e-01
6.062933833764087887e-04 -6.977816445249119767e-05 -1.000000059256231033e+00
3.615041275171326091e-04 -6.903282456604666680e-05 -1.000000177761030784e+00
1.207967874237031458e-04 -6.747298912405015625e-05 -1.000000235913867108e+00
-1.130399858128174994e-04 -6.514586947278997700e-05 -1.000000236974653234e+00
-3.373978089541869712e-04 -6.210638118132044011e-05 -1.000000186637895139e+00
-5.498740730110430672e-04 -5.841620856150470022e-05 -1.000000092597572943e+00
-7.482940603955834337e-04 -5.414281919673069127e-05 -9.999999640461989525e-01
-9.307295209806563333e-04 -4.935844221430135480e-05 -9.999998111364355458e-01
-1.095513603653637709e-03 -4.413902400185119157e-05 -9.999996444335055301e-01
-1.241252087964544483e-03 -3.856317486722108230e-05 -9.999994743851451373e-01
-1.366830907475881634e-03 -3.271111978238871196e-05 -9.999993108331903802e-01
-1.471420001885404786e-03 -2.666366584533457957e-05 -9.999991625872609591e-01
-1.554473578410756583e-03 -2.050119845062595015e-05 -9.999990370766499437e-01
-1.615726903839731412e-03 -1.430271739278219413e-05 -9.999989400916997617e-01
-1.655189786652876572e-03 -8.144923249939432905e-06 -9.999988756209079455e-01
-1.673136943358468579e-03 -2.101363423572086788e-06 -9.999988457850150780e-01
-1.670095474338905740e-03 3.758353841734761315e-06 -9.999988508646158181e-01
-1.646829701841928803e-03 9.369270250632491883e-06 -9.999988894136079276e-01
-1.604323646064470532e-03 1.467170701841809240e-05 -9.999989584472247506e-01
-1.543761434430936151e-03 1.961180835603590597e-05 -9.999990536906038230e-01
-1.466505954075370249e-03 2.414199524799535653e-05 -9.999991698719149502e-01
-1.374076068165618449e-03 2.822132710926489630e-05 -9.999993010430323626e-01
-1.268122723076515763e-03 3.181577011113183312e-05 -9.999994409105815718e-01
-1.150404275597471980e-03 3.489837214304571241e-05 -9.999995831608655683e-01
-1.022761367464346130e-03 3.744934551429028797e-05 -9.999997217635894220e-01
-8.870916686977792318e-04 3.945605958357798344e-05 -9.999998512413418306e-01
-7.453248017133924045e-04 4.091294652498885068e-05 -9.999999668943125863e-01
-5.993977451847893028e-04 4.182132438487892804e-05 -1.000000064972577318e+00
-4.512310004635805257e-04 4.218914244748182807e-05 -1.000000142791303448e+00
-3.027057842970284820e-04 4.203065469924239275e-05 -1.000000198787269978e+00
-1.556424899640307445e-04 4.136602785712738842e-05 -1.000000232518004184e+00
-1.178063512514415374e-05 4.022089099932490302e-05 -1.000000244607483602e+00
1.272395109812124404e-04 3.862583430435494186e-05 -1.000000236644636331e+00
2.598934554893695022e-04 3.661586476456891396e-05 -1.000000211042693099e+00
3.847870277012860221e-04 3.422982699161348206e-05 -1.000000170868770910e+00
5.006688343244597916e-04 3.150979737533536888e-05 -1.000000119653842612e+00
6.064405449719649900e-04 2.850045989577777955e-05 -1.000000061193495604e+00
7.011649579145422815e-04 2.524847182357298193e-05 -9.999999993496098138e-01
7.840718248410920299e-04 2.180182738153099427e-05 -9.999999378623548596e-01
8.545614414086758794e-04 1.820922718497784237e-05 -9.999998801807716831e-01
9.122060373301229749e-04 1.451946093677394272e-05 -9.999998293187541964e-01
9.567490253648141011e-04 1.078081043214230907e-05 -9.999997877415722769e-01
9.881021925814076692e-04 7.040479436366002217e-06 -9.999997572862699968e-01
1.006340939414630169e-03 3.344056443570257265e-06 -9.999997391174288985e-01
1.011697692137168963e-03 -2.649842838589081968e-07 -9.999997337179988843e-01
1.004553632239821520e-03 -3.745738648863692386e-06 -9.999997409132471704e-01
9.854289017190952238e-04 -7.060281568188230235e-06 -9.999997599244271340e-01
9.549714563056638152e-04 -1.017402539130261248e-05 -9.999997894475848303e-01
9.139447491572805660e-04 -1.305602527493621028e-05 -9.999998277520317780e-01
8.632144354469165407e-04 -1.567922963447043562e-05 -9.999998727924493958e-01
8.037342935945413240e-04 -1.802067452687237980e-05 -9.999999223283487781e-01
7.365315616440522425e-04 -2.006162154181393727e-05 -9.999999740446887664e-01
6.626918875304228275e-04 -2.178763947974935919e-05 -1.000000025667819203e+00
5.833440897996845786e-04 -2.318863077017664599e-05 -1.000000075071538763e+00
4.996449208458676999e-04 -2.425880422284593181e-05 -1.000000120368882195e+00
4.127640180488450052e-04 -2.499659630272989001e-05 -1.000000159986230930e+00
3.238692194914058031e-04 -2.540454367029232446e-05 -1.000000192717415803e+00
2.341124103784374740e-04 -2.548911022690864112e-05 -1.000000217756595644e+00
1.446160540679793138e-04 -2.526047234694229289e-05 -1.000000234709788050e+00
5.646054795900562863e-05 -2.473226635953596262e-05 -1.000000243585956961e+00
-2.932747041932430218e-05 -2.392130266205577427e-05 -1.000000244769475355e+00
-1.117857576832566319e-04 -2.284725110160587097e-05 -1.000000238976544997e+00
-1.900259464941909363e-04 -2.153230245022973383e-05 -1.000000227198744485e+00
-2.632417995862324531e-04 -2.000081092328326722e-05 -1.000000210637275844e+00
-3.307161779914247635e-04 -1.827892274975415310e-05 -1.000000190631680663e+00
-3.918266831952738581e-04 -1.639419579952757807e-05 -1.000000168586801408e+00
-4.460499504956950208e-04 -1.437521520799509666e-05 -1.000000145901592807e+00
-4.929645880472332273e-04 -1.225120981587226716e-05 -1.000000123903052707e+00
-5.322527727511474531e-04 -1.005167406513958773e-05 -1.000000103788075911e+00
-5.637005301159467860e-04 -7.805999764700270814e-06 -1.000000086575465463e+00
-5.871967402926772097e-04 -5.543121866180007035e-06 -1.000000073069698292e+00
-6.027309265318681530e-04 -3.291182076200976487e-06 -1.000000063837373609e+00
-6.103898951797409080e-04 -1.077213781693464550e-06 -1.000000059196604285e+00
-6.103533079142208157e-04 1.073148615138250391e-06 -1.000000059218976167e+00
-6.028882771203580111e-04 3.135933260030945360e-06 -1.000000063743124779e+00
-5.883430840439934049e-04 5.089065039079227258e-06 -1.000000072398492978e+00
-5.671401265863098423e-04 6.912568567496735386e-06 -1.000000084637442166e+00
-5.397682092750300713e-04 8.588738585170492619e-06 -1.000000099773616036e+00
-5.067742920552170162e-04 1.010227681430791828e-05 -1.000000117024302471e+00
-4.687548170882042714e-04 1.144039477540915416e-05 -1.000000135554501179e+00
-4.263467337542147504e-04 1.259288248958707479e-05 -1.000000154520476858e+00
-3.802183415636888292e-04 1.355214341296913418e-05 -1.000000173110758395e+00
-3.310600687519731815e-04 1.431319634795584366e-05 -1.000000190582801540e+00
-2.795753010350660213e-04 1.487364545227136089e-05 -1.000000206293860439e+00
-2.264713704279112526e-04 1.523361981623689227e-05 -1.000000219724992645e+00
-1.724508082711783850e-04 1.539568439819545220e-05 -1.000000230497518405e+00
-1.182029597883778207e-04 1.536472439466516715e-05 -1.000000238381663520e+00
-6.439604972255675848e-05 1.514780537324311111e-05 -1.000000243297507030e+00
-1.166978000815019838e-05 1.475401171067831163e-05 -1.000000245308711122e+00
3.937146884811660040e-05 1.419426605455106575e-05 -1.000000244609825950e+00
8.816477083619712364e-05 1.348113266382031497e-05 -1.000000241508210541e+00
1.341940703655930143e-04 1.262860758082134970e-05 -1.000000236401800580e+00
1.769948399644629539e-04 1.165189864529522428e-05 -1.000000229754066439e+00
2.161579493312295371e-04 1.056719838036488895e-05 -1.000000222067546130e+00
2.513327259699958682e-04 9.391452762145804180e-06 -1.000000213857313636e+00
2.822291981674534189e-04 8.142128830415473170e-06 -1.000000205625653837e+00
3.086195213429153384e-04 6.836984009377720630e-06 -1.000000197839067351e+00
3.303385987082944290e-04 5.493839887304408586e-06 -1.000000190908546305e+00
3.472839166034542044e-04 4.130363054289766056e-06 -1.000000185173836931e+00
3.594146237261523899e-04 2.763855421348334558e-06 -1.000000180892170576e+00
3.667498916669399722e-04 1.411056244687707550e-06 -1.000000178231694070e+00
3.693666016111754147e-04 8.795785943105841918e-08 -1.000000177269594559e+00
3.673964087177270660e-04 -1.190363109276324992e-06 -1.000000177994687434e+00
3.610222414739759742e-04 -2.409897539508938548e-06 -1.000000180314041476e+00
3.504742982186783004e-04 -3.557837351375903607e-06 -1.000000184063049469e+00
3.360256069897105515e-04 -4.622689798452408197e-06 -1.000000189018228847e+00
3.179872178765678513e-04 -5.594371787563788945e-06 -1.000000194911956575e+00
2.967030991335936358e-04 -6.464283770854975029e-06 -1.000000201448304482e+00
2.725448094468247784e-04 -7.225363018532809761e-06 -1.000000208319143491e+00
2.459060189637298920e-04 -7.872116338293369181e-06 -1.000000215219731148e+00
2.171969510202422513e-04 -8.400632555342458935e-06 -1.000000221863073468e+00
1.868388149724111867e-04 -8.808575302405111525e-06 -1.000000227992461577e+00
1.552582982088025374e-04 -9.095156889762808617e-06 -1.000000233391706406e+00
1.228821823406796309e-04 -9.261094228983853297e-06 -1.000000237892742394e+00
9.013214480336139648e-05 -9.308547968733258050e-06 -1.000000241380416544e+00
5.741980272349563898e-05 -9.241046165269686588e-06 -1.000000243794425536e+00
2.514205098790419708e-05 -9.063393952668934522e-06 -1.000000245128502163e+00
-6.323258931247930227e-06 -8.781570797476504067e-06 -1.000000245427079104e+00
-3.662125860142507799e-05 -8.402617018717721859e-06 -1.000000244779759573e+00
-6.542358596951353925e-05 -7.934511326622553773e-06 -1.000000243314008719e+00
-9.243146395226568097e-05 -7.386041181996397339e-06 -1.000000241186534522e+00
-1.173783122135857004e-04 -6.766667803122659833e-06 -1.000000238573860667e+00
-1.400318765120029134e-04 -6.086387648932501066e-06 -1.000000235662593440e+00
-1.601958664155116760e-04 -5.355592186700064523e-06 -1.000000232639870923e+00
-1.777110984845331845e-04 -4.584927710740996988e-06 -1.000000229684434583e+00
-1.924561481441503506e-04 -3.785156916755357066e-06 -1.000000226958709160e+00
-2.043475193358231391e-04 -2.967023856011310709e-06 -1.000000224602198173e+00
-2.133393465937749459e-04 -2.141123796137845775e-06 -1.000000222726422194e+00
-2.194226493754177377e-04 -1.317779402658055595e-06 -1.000000221411535772e+00
-2.226241632383077062e-04 -5.069245294477850331e-07 -1.000000220704668763e+00
-2.230047767548135539e-04 2.820032309577945501e-07 -1.000000220619955860e+00
-2.206576068537163381e-04 1.040160232801758149e-06 -1.000000221140136203e+00
-2.157057485464689863e-04 1.759383847542182826e-06 -1.000000222219541213e+00
-2.082997377133990005e-04 2.432268227236339168e-06 -1.000000223788233500e+00
-1.986147677777582875e-04 3.052228230438205606e-06 -1.000000225757018857e+00
-1.868477026765878366e-04 3.613551142648863258e-06 -1.000000228023037119e+00
-1.732139295474321332e-04 4.111435984681904104e-06 -1.000000230475621033e+00
-1.579440949964999014e-04 4.542020360553900300e-06 -1.000000233002129146e+00
-1.412807687110093188e-04 4.902394949863685674e-06 -1.000000235493474277e+00
-1.234750775464632890e-04 5.190605896386746044e-06 -1.000000237849105300e+00
-1.047833520844936836e-04 5.405645483224375104e-06 -1.000000239981241767e+00
-8.546382604993904087e-05 5.547431613906529216e-06 -1.000000241818210345e+00
-6.577342693288118719e-05 5.616776737112500324e-06 -1.000000243306785386e+00
-4.596469372243479855e-05 5.615346959078959597e-06 -1.000000244413488559e+00
-2.628285486756503899e-05 5.545612181426116794e-06 -1.000000245124858855e+00
-6.963096482299344016e-06 5.410788182351049889e-06 -1.000000245446747149e+00
1.177195254327278401e-05 5.214771625401807351e-06 -1.000000245402738575e+00
2.971449542905803541e-05 4.962069032033456741e-06 -1.000000245031834822e+00
4.667358301282228987e-05 4.657720791719553672e-06 -1.000000244385558901e+00
6.247685433339325795e-05 4.307221306591661855e-06 -1.000000243524659105e+00
7.697199062809828845e-05 3.916436376621137015e-06 -1.000000242515597160e+00
9.002787497600484143e-05 3.491518926621975646e-06 -1.000000241427002168e+00
1.015354536708737047e-04 3.038824158376184052e-06 -1.000000240326262224e+00
1.114082991742473887e-04 2.564825180641639591e-06 -1.000000239276407576e+00
1.195828781369029365e-04 2.076030127504038628e-06 -1.000000238333412339e+00
1.260185314461758970e-04 1.578901722401658295e-06 -1.000000237544017123e+00
1.306971765210198733e-04 1.079780182206621534e-06 -1.000000236944139642e+00
1.336227451034700418e-04 5.848102840954603268e-07 -1.000000236557909261e+00
1.348203725558181590e-04 9.987333875896962394e-08 -1.000000236397329267e+00
1.343353571429024851e-04 -3.694752719884662158e-07 -1.000000236462540215e+00
1.322319099384703723e-04 -8.180624256774922254e-07 -1.000000236742631277e+00
1.285917178280603416e-04 -1.241146984516158834e-06 -1.000000237216922327e+00
1.235123435772562917e-04 -1.634462539172431911e-06 -1.000000237856625063e+00
1.171054880869553853e-04 -1.994252892621310011e-06 -1.000000238626777005e+00
1.094951407643390763e-04 -2.317300103690906016e-06 -1.000000239488338272e+00
1.008156444016990779e-04 -2.600945006760689740e-06 -1.000000240400339413e+00
9.120970108141195976e-05 -2.843100218546005575e-06 -1.000000241321975070e+00
8.082634542432908865e-05 -3.042255733976942297e-06 -1.000000242214546864e+00
6.981891098443505136e-05 -3.197477299856107011e-06 -1.000000243043173143e+00
5.834301478194858754e-05 -3.308397836356124564e-06 -1.000000243778200071e+00
4.655458388022668101e-05 -3.375202251686869295e-06 -1.000000244396266558e+00
3.460794657168318029e-05 -3.398606063719858603e-06 -1.000000244880997258e+00
2.265400916953754572e-05 -3.379828303405635703e-06 -1.000000245223313655e+00
1.083853763256876971e-05 -3.320559227972875393e-06 -1.000000245421376777e+00
-6.994386923222568496e-07 -3.222923416781921433e-06 -1.000000245480187733e+00
-1.182908601041102764e-05 -3.089438859060633635e-06 -1.000000245410888944e+00
-2.242907470120556699e-05 -2.922972670429739597e-06 -1.000000245229820006e+00
-3.238872690147479212e-05 -2.726694094092041612e-06 -1.000000244957389928e+00
-4.160899466026632046e-05 -2.504025452885811044e-06 -1.000000244616831457e+00
-5.000326263004966796e-05 -2.258591720261249839e-06 -1.000000244232905677e+00
-5.749797160317223431e-05 -1.994169371900792716e-06 -1.000000243830621471e+00
-6.403306151153191302e-05 -1.714635165530495084e-06 -1.000000243434030711e+00
-6.956223475290707764e-05 -1.423915474904823518e-06 -1.000000243065150451e+00
-7.405304286459649273e-05 -1.125936775509531383e-06 -1.000000242743055656e+00
-7.748680161070932611e-05 -8.245778448012836425e-07 -1.000000242483173762e+00
-7.985834146257248477e-05 -5.236241994289433721e-07 -1.000000242296801511e+00
-8.117560221359395505e-05 -2.267252465471252946e-07 -1.000000242190851374e+00
-8.145908206433240121e-05 6.264542323847938863e-08 -1.000000242167823794e+00
-8.074115292686937439e-05 3.412262268121669671e-07 -1.000000242225992375e+00
-7.906525491893153402e-05 6.059999446713816161e-07 -1.000000242359777580e+00
-7.648498403935327942e-05 8.542219812518961849e-07 -1.000000242560278307e+00
-7.306308783191199250e-05 1.083444327375713156e-06 -1.000000242815926255e+00
-6.887038445151148856e-05 1.291535082061975320e-06 -1.000000243113222664e+00
-6.398462094497052053e-05 1.476693449942996950e-06 -1.000000243437516589e+00
-5.848928675067539829e-05 1.637460188504379526e-06 -1.000000243773784714e+00
-5.247239841188824656e-05 1.772723535649866037e-06 -1.000000244107376979e+00
-4.602527129466310639e-05 1.881720702051733857e-06 -1.000000244424692042e+00
-3.924129371232591701e-05 1.964035063809759674e-06 -1.000000244713757480e+00
-3.221471829547300104e-05 2.019589238584942990e-06 -1.000000244964692753e+00
-2.503948472231866141e-05 2.048634272136775049e-06 -1.000000245170040047e+00
-1.780808705337303432e-05 2.051735201676648336e-06 -1.000000245324957682e+00
-1.061049791254164998e-05 2.029753297322637731e-06 -1.000000245427274947e+00
-3.533160640544556482e-06 1.983825312937634858e-06 -1.000000245477416616e+00
3.341940666396595285e-06 1.915340102557490507e-06 -1.000000245478207095e+00
9.938124611242389700e-06 1.825912978340755240e-06 -1.000000245434575108e+00
1.618476217460730127e-05 1.717358200436878474e-06 -1.000000245353176886e+00
2.201792674086373278e-05 1.591659998381504161e-06 -1.000000245241962959e+00
2.738094001239505337e-05 1.450942527655688154e-06 -1.000000245109713193e+00
3.222481077438011672e-05 1.297439164021049657e-06 -1.000000244965562501e+00
3.650856488206307858e-05 1.133461532352636583e-06 -1.000000244818542994e+00
4.019946622300671975e-05 9.613686561759243296e-07 -1.000000244677162087e+00
4.327312974254537872e-05 7.835365992621609173e-07 -1.000000244549033690e+00
4.571352889683906587e-05 6.023289517782998507e-07 -1.000000244440577557e+00
4.751290110111136626e-05 4.200684909923854460e-07 -1.000000244356796131e+00
4.867155585871410782e-05 2.390103208023638345e-07 -1.000000244301133545e+00
4.919759127894138018e-05 6.131676581131032560e-08 -1.000000244275419004e+00
4.910652560888926474e-05 -1.109657352400862817e-07 -1.000000244279890982e+00
4.842085120959394750e-05 -2.759275246939466459e-07 -1.000000244313295372e+00
4.716951909327784473e-05 -4.318142321228815040e-07 -1.000000244373048242e+00
4.538736270253380332e-05 -5.770427489195549553e-07 -1.000000244455450771e+00
4.311447005106419428e-05 -7.102145645963183853e-07 -1.000000244555943052e+00
4.039551365816270481e-05 -8.301263938769550488e-07 -1.000000244669381200e+00
3.727904789605020376e-05 -9.357780590986719590e-07 -1.000000244790323345e+00
3.381678343253130098e-05 -1.026377627082552762e-06 -1.000000244913311187e+00
3.006284839473521314e-05 -1.101343833080666992e-06 -1.000000245033131785e+00
2.607304570779418737e-05 -1.160305856301969146e-06 -1.000000245145050926e+00
2.190411578127946711e-05 -1.203100541522707761e-06 -1.000000245245007191e+00
1.761301333326090282e-05 -1.229767189100570287e-06 -1.000000245329760951e+00
1.325620666517520724e-05 -1.240540061072534792e-06 -1.000000245396993392e+00
8.889007139329799581e-06 -1.235838773700672036e-06 -1.000000245445355374e+00
4.564935974601614005e-06 -1.216256766654545115e-06 -1.000000245474467198e+00
3.351347750542135173e-07 -1.182548055841173435e-06 -1.000000245484870653e+00
-3.752174548439407495e-06 -1.135612490613014442e-06 -1.000000245477941752e+00
-7.652175600866618660e-06 -1.076479746641581711e-06 -1.000000245455768599e+00
-1.132388503628316359e-05 -1.006292293120230927e-06 -1.000000245421004186e+00
-1.473051861712989242e-05 -9.262875771747606483e-07 -1.000000245376702512e+00
-1.783979347388609663e-05 -8.377796694730069068e-07 -1.000000245326145398e+00
-2.062416509650170720e-05 -7.421406131285269799e-07 -1.000000245272671728e+00
-2.306099843443708253e-05 -6.407817132161081924e-07 -1.000000245219514916e+00
-2.513267330581682096e-05 -5.351349967161976633e-07 -1.000000245169656132e+00
-2.682662510889887556e-05 -4.266350626671010155e-07 -1.000000245125699960e+00
-2.813532258219622595e-05 -3.167015299380666598e-07 -1.000000245089776474e+00
-2.905618506536888378e-05 -2.067222755743452298e-07 -1.000000245063472404e+00
-2.959144236447834922e-05 -9.803764035566624789e-08 -1.000000245047793168e+00
-2.974794091631669462e-05 8.074239685127751189e-09 -1.000000245043154656e+00
-2.953690047218376642e-05 1.104108362435546848e-07 -1.000000245049404546e+00
-2.897362597755840857e-05 2.078572469253694381e-07 -1.000000245065867821e+00
-2.807717970745256849e-05 2.993967303200193615e-07 -1.000000245091416273e+00
-2.687001902570477048e-05 3.841196811170519946e-07 -1.000000245124552434e+00
-2.537760536890128955e-05 4.612309900688651015e-07 -1.000000245163507495e+00
-2.362799021181488375e-05 5.300557551768177338e-07 -1.000000245206343896e+00
-2.165138385196239534e-05 5.900433317130632727e-07 -1.000000245251060127e+00
-1.947971285773707746e-05 6.407697293407535819e-07 -1.000000245295690648e+00
-1.714617196004527495e-05 6.819383844293965679e-07 -1.000000245338397598e+00
-1.468477603472876394e-05 7.133793544669726374e-07 -1.000000245377550057e+00
-1.212991762625907000e-05 7.350469990526926232e-07 -1.000000245411788224e+00
-9.515935206866671237e-06 7.470162281423434668e-07 -1.000000245440070268e+00
-6.876697054599194769e-06 7.494774128632791391e-07 -1.000000245461700521e+00
-4.245205274453341242e-06 7.427300671934671020e-07 -1.000000245476339034e+00
-1.653224084756499758e-06 7.271754200084160000e-07 -1.000000245483994687e+00
8.690639472441725453e-07 7.033080063660943455e-07 -1.000000245485000550e+00
3.293370504504608269e-06 6.717064143729679157e-07 -1.000000245479976790e+00
5.593580228751075090e-06 6.330233295286608362e-07 -1.000000245469780946e+00
7.745993320203752451e-06 5.879750220813629636e-07 -1.000000245455452186e+00
9.729530326583025354e-06 5.373304246632395668e-07 -1.000000245438148916e+00
1.152589793876106840e-05 4.818999473593582941e-07 -1.000000245419085720e+00
1.311971512606085589e-05 4.225241754606410857e-07 -1.000000245399472298e+00
1.449859945009555198e-05 3.600625915461826054e-07 -1.000000245380455510e+00
1.565321388636300114e-05 2.953824583358109348e-07 -1.000000245363069862e+00
1.657727495213360194e-05 2.293479920687791489e-07 -1.000000245348195760e+00
1.726752338250995509e-05 1.628099481316430383e-07 -1.000000245336528204e+00
1.772365900939688754e-05 9.659573142219200905e-08 -1.000000245328556359e+00
1.794824187653145327e-05 3.150013365088242098e-08 -1.000000245324554893e+00
1.794656196427153158e-05 -3.172321139186159177e-08 -1.000000245324585091e+00
1.772648019769545606e-05 -9.236957546809776925e-08 -1.000000245328506843e+00
1.729824366848363066e-05 -1.497900197353037522e-07 -1.000000245335999294e+00
1.667427821339682585e-05 -2.033973609362070279e-07 -1.000000245346588823e+00
1.586896165889462398e-05 -2.526711791088102633e-07 -1.000000245359681461e+00
1.489838116210220343e-05 -2.971618390720356483e-07 -1.000000245374600416e+00
1.378007815306196750e-05 -3.364935109089389769e-07 -1.000000245390623599e+00
1.253278441268035496e-05 -3.703661873665437002e-07 -1.000000245407021593e+00
1.117615280620901548e-05 -3.985567083737953877e-07 -1.000000245423092959e+00
9.730486135186974526e-06 -4.209188146117953002e-07 -1.000000245438195767e+00
8.216467473676441444e-06 -4.373822631295672084e-07 -1.000000245451774683e+00
6.654895219923836954e-06 -4.479510482728669797e-07 -1.000000245463381399e+00
5.066425925212232807e-06 -4.527007805850895909e-07 -1.000000245472688842e+00
3.471327760904606647e-06 -4.517752847644270435e-07 -1.000000245479498506e+00
1.889247256041077450e-06 -4.453824851510174478e-07 -1.000000245483741779e+00
3.389916850965241337e-07 -4.337896535178300260e-07 -1.000000245485473949e+00
-1.161670787459722945e-06 -4.173180991105206672e-07 -1.000000245484863548e+00
-2.596191388310119423e-06 -3.963373849006215461e-07 -1.000000245482176586e+00
-3.949399925903097509e-06 -3.712591568742026535e-07 -1.000000245477757455e+00
-5.207641683569071066e-06 -3.425306748800222803e-07 -1.000000245472006721e+00
-6.358891121419190348e-06 -3.106281341265006420e-07 -1.000000245465359150e+00
-7.392841806579304471e-06 -2.760498658781123598e-07 -1.000000245458259940e+00
-8.300972300793214712e-06 -2.393095043038133450e-07 -1.000000245451143410e+00
-9.076588036485225218e-06 -2.009292038290527215e-07 -1.000000245444412794e+00
-9.714839503582544766e-06 -1.614329878051935624e-07 -1.000000245438423141e+00
-1.021271734659430594e-05 -1.213403049112961633e-07 -1.000000245433467994e+00
-1.056902523173719278e-05 -8.115986452659417926e-08 -1.000000245429769619e+00
-1.078433158470511134e-05 -4.138381644758044418e-08 -1.000000245427473233e+00
-1.086090151874594916e-05 -2.482333866635465732e-09 -1.000000245426645451e+00
-1.080261046811900727e-05 3.510134842128819088e-08 -1.000000245427276280e+00
-1.061484121220310621e-05 7.095539595956449627e-08 -1.000000245429285117e+00
-1.030436611930969091e-05 1.047032997249487591e-07 -1.000000245432529633e+00
-9.879216555792422425e-06 1.360072352001831481e-07 -1.000000245436816426e+00
-9.348541494860336770e-06 1.645708341486595548e-07 -1.000000245441913904e+00
-8.722457420475146565e-06 1.901413557019524814e-07 -1.000000245447566272e+00
-8.011891655067252099e-06 2.125112511470466933e-07 -1.000000245453507297e+00
-7.228421246090557455e-06 2.315191243749699415e-07 -1.000000245459473192e+00
-6.384109526514684784e-06 2.470500972410617782e-07 -1.000000245465216153e+00
-5.491342419375369510e-06 2.590355960104668204e-07 -1.000000245470514137e+00
-4.562666487885343018e-06 2.674525815490101966e-07 -1.000000245475180405e+00
-3.610630642003440838e-06 2.723222519055735702e-07 -1.000000245479069738e+00
-2.647633301633719831e-06 2.737082513619192737e-07 -1.000000245482082661e+00
-1.685776687824178990e-06 2.717144248527851445e-07 -1.000000245484167216e+00
-7.367297686504558294e-07 2.664821608451306055e-07 -1.000000245485318073e+00
1.883987717847636989e-07 2.581873692819025137e-07 -1.000000245485573869e+00
1.079176342234332007e-06 2.470371440230069865e-07 -1.000000245485012096e+00
1.925950010221555861e-06 2.332661613437830330e-07 -1.000000245483743111e+00
2.719936988543643025e-06 2.171328674775243367e-07 -1.000000245481902361e+00
3.453301394117578139e-06 1.989155089204274997e-07 -1.000000245479642613e+00
4.119216820489557000e-06 1.789080592699151801e-07 -1.000000245477125072e+00
4.711914453910853026e-06 1.574160957634861027e-07 -1.000000245474511607e+00
5.226716648217810827e-06 1.347526774551777797e-07 -1.000000245471956761e+00
5.660056053698063526e-06 1.112342751470650436e-07 -1.000000245469600868e+00
6.009480567675369162e-06 8.717680082654057606e-08 -1.000000245467564497e+00
6.273644537857491734e-06 6.289178149419577931e-08 -1.000000245465944015e+00
6.452286801897439790e-06 3.868271895412867543e-08 -1.000000245464808479e+00
6.546196286640879926e-06 1.484167343427065189e-08 -1.000000245464198745e+00
6.557166016896253237e-06 -8.353895132507689729e-09 -1.000000245464127024e+00
6.487936495204187560e-06 -3.064399864451237136e-08 -1.000000245464578219e+00
6.342129510150413910e-06 -5.178868018138435526e-08 -1.000000245465512805e+00
6.124173510631815851e-06 -7.157024083171312097e-08 -1.000000245466870163e+00
5.839221746737647787e-06 -8.979511841395661720e-08 -1.000000245468573246e+00
5.493064424353152271e-06 -1.062954072839779936e-07 -1.000000245470533011e+00
5.092036150247737408e-06 -1.209300131659678532e-07 -1.000000245472653759e+00
4.642919957495467181e-06 -1.335854415964145591e-07 -1.000000245474838234e+00
4.152849198006647755e-06 -1.441762230796146600e-07 -1.000000245476992067e+00
3.629208570323002758e-06 -1.526449823680872618e-07 -1.000000245479028216e+00
3.079535517411067944e-06 -1.589621633563670897e-07 -1.000000245480870964e+00
2.511423181898404566e-06 -1.631254248707037357e-07 -1.000000245482458361e+00
1.932426046091350972e-06 -1.651587261137450258e-07 -1.000000245483744443e+00
1.349969312367070466e-06 -1.651111236510110720e-07 -1.000000245484700345e+00
7.712629974233103846e-07 -1.630553045788897298e-07 -1.000000245485314521e+00
2.032216227551725386e-07 -1.590858828714776511e-07 -1.000000245485591854e+00
-3.476097149695372531e-07 -1.533174878508564428e-07 -1.000000245485552997e+00
-8.751222147819454548e-07 -1.458826752528451803e-07 -1.000000245485231698e+00
-1.373702614124869205e-06 -1.369296924638619403e-07 -1.000000245484672368e+00
-1.838284346588050092e-06 -1.266201301855133180e-07 -1.000000245483927630e+00
-2.264390272093818795e-06 -1.151264930482651116e-07 -1.000000245483054995e+00
-2.648166751418929468e-06 -1.026297215552323802e-07 -1.000000245482113748e+00
-2.986408950206679819e-06 -8.931669720750600340e-08 -1.000000245481162064e+00
-3.276577368364815565e-06 -7.537776176344267530e-08 -1.000000245480254568e+00
-3.516805697698653697e-06 -6.100428033972955418e-08 -1.000000245479439664e+00
-3.705900212624642633e-06 -4.638627649891958934e-08 -1.000000245478757543e+00
-3.843330994777459882e-06 -3.171016561658375093e-08 -1.000000245478239291e+00
-3.929215381304399291e-06 -1.715661071377528956e-08 -1.000000245477905780e+00
-3.964294107793201681e-06 -2.898522611669635819e-09 -1.000000245477767447e+00
-3.949900689387048671e-06 1.090077624894854933e-08 -1.000000245477824290e+00
-3.887924647115435998e-06 2.408920764320420407e-08 -1.000000245478066985e+00
-3.780769240355822542e-06 3.652739914581664734e-08 -1.000000245478477545e+00
-3.631304410314724384e-06 4.808994040260161208e-08 -1.000000245479030880e+00
-3.442815673286382992e-06 5.866642591193194713e-08 -1.000000245479697014e+00
-3.218949726150228460e-06 6.816227902045152259e-08 -1.000000245480442196e+00
-2.963657540168777482e-06 7.649935468408124119e-08 -1.000000245481230676e+00
-2.681135722829893479e-06 8.361632132326534539e-08 -1.000000245482027594e+00
-2.375766921540350639e-06 8.946882477905107763e-08 -1.000000245482799199e+00
-2.052060027826992742e-06 9.402943992485489876e-08 -1.000000245483515515e+00
-1.714590916841132453e-06 9.728741788110800423e-08 -1.000000245484150785e+00
-1.367944424983503150e-06 9.924823899267416736e-08 -1.000000245484684802e+00
-1.016658229041588822e-06 9.993298374128411652e-08 -1.000000245485103578e+00
-6.651692440965022821e-07 9.937753555967940109e-08 -1.000000245485399120e+00
-3.177631054068379135e-07 9.763163107641202853e-08 -1.000000245485570094e+00
2.147275764934582201e-08 9.475777463933328996e-08 -1.000000245485620720e+00
3.486920088247692809e-07 9.083003503409551925e-08 -1.000000245485560546e+00
6.603278713401902862e-07 8.593274312717007247e-08 -1.000000245485403783e+00
9.531268582591398271e-07 8.015910971989563948e-08 -1.000000245485167971e+00
1.224177520417681950e-06 7.360978320300898437e-08 -1.000000245484873318e+00
1.470934034618227933e-06 6.639136665509208477e-08 -1.000000245484541361e+00
1.691234523748410340e-06 5.861491384136548405e-08 -1.000000245484193639e+00
1.883314068367467702e-06 5.039442315189374683e-08 -1.000000245483850803e+00
2.045812435324275412e-06 4.184534788360893826e-08 -1.000000245483531947e+00
2.177776612393875405e-06 3.308314043385684420e-08 -1.000000245483253503e+00
2.278658298061117256e-06 2.422184695161480226e-08 -1.000000245483029016e+00
2.348306551822441223e-06 1.537276780495977182e-08 -1.000000245482868033e+00
2.386955862170382747e-06 6.643197889990139059e-09 -1.000000245482776551e+00
2.395209936293763306e-06 -1.864740651492647120e-09 -1.000000245482756789e+00
2.374021557069898650e-06 -1.005516229859379146e-08 -1.000000245482807193e+00
2.324668888822314157e-06 -1.783936923555086651e-08 -1.000000245482923100e+00
2.248728643327107601e-06 -2.513668198435323011e-08 -1.000000245483096517e+00
2.148046541511946045e-06 -3.187514364852177813e-08 -1.000000245483317673e+00
2.024705524121660182e-06 -3.799209357506032294e-08 -1.000000245483574801e+00
1.880992176318913267e-06 -4.343460797643323287e-08 -1.000000245483855243e+00
1.719361836817720791e-06 -4.815980675907402861e-08 -1.000000245484145900e+00
1.542402861853343286e-06 -5.213502745968212885e-08 -1.000000245484434336e+00
1.352800508283085750e-06 -5.533786877700590774e-08 -1.000000245484708561e+00
1.153300888660018954e-06 -5.775610768799559834e-08 -1.000000245484958361e+00
9.466754345536043341e-07 -5.938749553781972178e-08 -1.000000245485175299e+00
7.356862830866152681e-07 -6.023943977970958270e-08 -1.000000245485352712e+00
5.230529760400546107e-07 -6.032857920122307120e-08 -1.000000245485486605e+00
3.114208314082864661e-07 -5.968026149853430017e-08 -1.000000245485574979e+00
1.033313144575167879e-07 -5.832793294198135305e-08 -1.000000245485618278e+00
-9.880530033188936616e-08 -5.631245060857737621e-08 -1.000000245485618944e+00
-2.927347230421919103e-07 -5.368132823676293535e-08 -1.000000245485581196e+00
-4.763806841688833095e-07 -5.048792718359285780e-08 -1.000000245485510808e+00
-6.478640398748008771e-07 -4.679060423499583603e-08 -1.000000245485414663e+00
-8.055188156344013322e-07 -4.265182813778030004e-08 -1.000000245485300310e+00
-9.479050990631322560e-07 -3.813727669153002770e-08 -1.000000245485175743e+00
-1.073818734172242221e-06 -3.331492606495745500e-08 -1.000000245485048733e+00
-1.182297809879979656e-06 -2.825414369173126162e-08 -1.000000245484926609e+00
-1.272625974881457943e-06 -2.302479566374764707e-08 -1.000000245484815808e+00
-1.344332648499180701e-06 -1.769637898500972059e-08 -1.000000245484722106e+00
-1.397190232508310904e-06 -1.233718838755083622e-08 -1.000000245484649719e+00
-1.431208461799060434e-06 -7.013526653945598213e-09 -1.000000245484601757e+00
-1.446626061789754286e-06 -1.788966551407874237e-09 -1.000000245484579553e+00
-1.443899907469971399e-06 3.276328426637930018e-09 -1.000000245484583550e+00
-1.423691902612371657e-06 8.126218280830629828e-09 -1.000000245484612416e+00
-1.386853817870949435e-06 1.270913046491241298e-08 -1.000000245484664152e+00
-1.334410343057475867e-06 1.697852939672390311e-08 -1.000000245484735428e+00
-1.267540621779964676e-06 2.089330838566613086e-08 -1.000000245484822248e+00
-1.187558545807790060e-06 2.441810189420213730e-08 -1.000000245484920391e+00
-1.095892092014432244e-06 2.752351709288986854e-08 -1.000000245485024974e+00
-9.940619866019692690e-07 3.018628468691819109e-08 -1.000000245485131334e+00
-8.836599796347197875e-07 3.238932997557371951e-08 -1.000000245485234807e+00
-7.663270078455799707e-07 3.412176604374004448e-08 -1.000000245485331618e+00
-6.437315154066216051e-07 3.537881186659484693e-08 -1.000000245485417993e+00
-5.175481910872748086e-07 3.616163892631470857e-08 -1.000000245485491268e+00
-3.894373661999067099e-07 3.647715068510062732e-08 -1.000000245485549444e+00
-2.610253012200081290e-07 3.633769992562512182e-08 -1.000000245485591188e+00
-1.338855702537669290e-07 3.576074955268460522e-08 -1.000000245485616279e+00
-9.521731913649813258e-09 3.476848294424048530e-08 -1.000000245485625161e+00
1.106485470306021604e-07 3.338737034318984970e-08 -1.000000245485619166e+00
2.253077723074935683e-07 3.164769809137590554e-08 -1.000000245485600070e+00
3.332511885642182459e-07 2.958306772397622480e-08 -1.000000245485570094e+00
4.333975379852045768e-07 2.722987206609761571e-08 -1.000000245485531680e+00
5.247979427902510216e-07 2.462675550587490066e-08 -1.000000245485487937e+00
6.066428684987740926e-07 2.181406556238304882e-08 -1.000000245485441752e+00
6.782671497031306050e-07 1.883330272597440380e-08 -1.000000245485395789e+00
7.391530843113260217e-07 1.572657532789342138e-08 -1.000000245485352712e+00
7.889316255250362604e-07 1.253606590066192983e-08 -1.000000245485314743e+00
8.273817229606505463e-07 9.303515126948829087e-09 -1.000000245485283656e+00
8.544278850697853101e-07 6.069729049238344908e-09 -1.000000245485261008e+00
8.701360541671304674e-07 2.874114732904295953e-09 -1.000000245485247463e+00
8.747079027497907476e-07 -2.457509509947105330e-10 -1.000000245485243466e+00
8.684736752434679052e-07 -3.254515321741807331e-09 -1.000000245485248795e+00
8.518837127155241414e-07 -6.119403157563046710e-09 -1.000000245485263006e+00
8.254988093609097219e-07 -8.810526347822100292e-09 -1.000000245485285211e+00
7.899795586311073300e-07 -1.130114767087070289e-08 -1.000000245485313854e+00
7.460748537045988364e-07 -1.356789707627894629e-08 -1.000000245485347605e+00
6.946097115842526829e-07 -1.559093948450519587e-08 -1.000000245485384687e+00
6.364725924743005061e-07 -1.735409374143387675e-08 -1.000000245485423322e+00
5.726023862853131007e-07 -1.884490297235569326e-08 -1.000000245485461958e+00
5.039752362126694529e-07 -2.005465716309511181e-08 -1.000000245485498818e+00
4.315913654283212056e-07 -2.097836934883806809e-08 -1.000000245485532568e+00
3.564620671341310925e-07 -2.161470730809839895e-08 -1.000000245485562100e+00
2.795970106835613014e-07 -2.196588313513873871e-08 -1.000000245485586525e+00
2.019920073394383938e-07 -2.203750349465886576e-08 -1.000000245485605177e+00
1.246173686655404103e-07 -2.183838374401370629e-08 -1.000000245485617834e+00
4.840697872708494665e-08 -2.138032943768093166e-08 -1.000000245485624495e+00
-2.575181161283113706e-08 -2.067788900395538177e-08 -1.000000245485625383e+00
-9.702737377337769087e-08 -1.974808160343186855e-08 -1.000000245485620942e+00
-1.646519938187149537e-07 -1.861010434200569831e-08 -1.000000245485612060e+00
-2.279290029175616581e-07 -1.728502311783991480e-08 -1.000000245485599626e+00
-2.862387958990390999e-07 -1.579545143267713660e-08 -1.000000245485584749e+00
-3.390437031718385101e-07 -1.416522149432492483e-08 -1.000000245485568318e+00
-3.858916964351165711e-07 -1.241905188104812276e-08 -1.000000245485551442e+00
-4.264189234837504029e-07 -1.058221593246302845e-08 -1.000000245485535011e+00
-4.603510818265684923e-07 -8.680214878372836450e-09 -1.000000245485519912e+00
-4.875036546343099511e-07 -6.738459520305002425e-09 -1.000000245485507033e+00
-5.077810455678037620e-07 -4.781964044211405320e-09 -1.000000245485497041e+00
-5.211746611740297691e-07 -2.835055271120733106e-09 -1.000000245485490158e+00
-5.277600006616477254e-07 -9.211003500221479280e-10 -1.000000245485486605e+00
-5.276928228779673865e-07 9.377444313389740037e-10 -1.000000245485486605e+00
-5.212044691229041567e-07 2.720761391854655783e-09 -1.000000245485489936e+00
-5.085964279864157630e-07 4.408873798712944467e-09 -1.000000245485496375e+00
-4.902342346360771380e-07 5.984821222547488889e-09 -1.000000245485505479e+00
-4.665408018802859135e-07 7.433306706652011569e-09 -1.000000245485516803e+00
-4.379892838769465109e-07 8.741114935498249741e-09 -1.000000245485529682e+00
-4.050955755511492875e-07 9.897200969049024452e-09 -1.000000245485543449e+00
-3.684105516484387556e-07 1.089274948267703130e-08 -1.000000245485557659e+00
-3.285121489183603523e-07 1.172120481361523933e-08 -1.000000245485571648e+00
-2.859973932462129558e-07 1.237827245980359909e-08 -1.000000245485584749e+00
-2.414744706928670942e-07 1.286189300212071268e-08 -1.000000245485596517e+00
-1.955549374388589034e-07 1.317218972302721074e-08 -1.000000245485606509e+00
-1.488461586462986315e-07 1.331139147072311179e-08 -1.000000245485614503e+00
-1.019440603464036087e-07 1.328373256557344187e-08 -1.000000245485620276e+00
-5.542627173555371667e-08 1.309533176275519602e-08 -1.000000245485623829e+00
-9.845727828920884707e-09 1.275405247023568553e-08 -1.000000245485625383e+00
3.427520560700054886e-08 1.226934657316383086e-08 -1.000000245485624939e+00
7.645003142493999814e-08 1.165208433384210733e-08 -1.000000245485622719e+00
1.162328002113444563e-07 1.091437292038433334e-08 -1.000000245485618944e+00
1.532221336800162082e-07 1.006936616711494668e-08 -1.000000245485614059e+00
1.870645660909843635e-07 9.131068186298422580e-09 -1.000000245485608286e+00
2.174571866520009635e-07 8.114133434859904223e-09 -1.000000245485602068e+00
2.441495749596194175e-07 7.033665792688538649e-09 -1.000000245485595851e+00
2.669450304177497828e-07 5.905019132555635297e-09 -1.000000245485590078e+00
2.857011051333623288e-07 4.743601757584331952e-09 -1.000000245485584971e+00
3.003294579384671684e-07 3.564686952797351415e-09 -1.000000245485580752e+00
3.107950548397193029e-07 2.383231744997111555e-09 -1.000000245485577643e+00
3.171147482760641610e-07 1.213705792743721698e-09 -1.000000245485575645e+00
3.193552740044425071e-07 6.993213829148429955e-11 -1.000000245485574979e+00
3.176307101774805082e-07 -1.035058651061405204e-09 -1.000000245485575423e+00
3.120994481794923744e-07 -2.089159640671510494e-09 -1.000000245485577199e+00
3.029607290128196899e-07 -3.081302898158124574e-09 -1.000000245485580086e+00
2.904508024509980947e-07 -4.001558217638553532e-09 -1.000000245485583861e+00
2.748387687845596839e-07 -4.841214573636256570e-09 -1.000000245485588302e+00
2.564221647759290088e-07 -5.592843911591743383e-09 -1.000000245485593187e+00
2.355223564184268418e-07 -6.250347110539988652e-09 -1.000000245485598294e+00
2.124798012770845149e-07 -6.808982176230980062e-09 -1.000000245485603401e+00
1.876492426011497575e-07 -7.265374937256033241e-09 -1.000000245485608286e+00
1.613948960736860069e-07 -7.617512720285212507e-09 -1.000000245485612949e+00
1.340856880441821453e-07 -7.864721671215177025e-09 -1.000000245485616945e+00
1.060906014242629234e-07 -8.007628564995994898e-09 -1.000000245485620276e+00
7.777418216927135924e-08 -8.048108106518127029e-09 -1.000000245485622941e+00
4.949225547982905299e-08 -7.989216866820749264e-09 -1.000000245485624717e+00
2.158789660200031920e-08 -7.835115121917219686e-09 -1.000000245485625605e+00
-5.612303549631885644e-09 -7.590977964878195292e-09 -1.000000245485625827e+00
-3.180164270434906361e-08 -7.262897144891940241e-09 -1.000000245485625383e+00
-5.669635148051833301e-08 -6.857775149525699161e-09 -1.000000245485624273e+00
-8.003825298371281011e-08 -6.383213088293721856e-09 -1.000000245485622719e+00
-1.015970187117736099e-07 -5.847393957101448156e-09 -1.000000245485620720e+00
-1.211720072949167224e-07 -5.258962864627688123e-09 -1.000000245485618500e+00
-1.385936781438861486e-07 -4.626905783901320348e-09 -1.000000245485616279e+00
-1.537245775284048109e-07 -3.960428356111440770e-09 -1.000000245485614059e+00
-1.664598998987583647e-07 -3.268836220139020698e-09 -1.000000245485612060e+00
-1.767276323363601263e-07 -2.561418271666369797e-09 -1.000000245485610284e+00
-1.844882948203758262e-07 -1.847334171412978792e-09 -1.000000245485608952e+00
-1.897342934779069747e-07 -1.135507324597408627e-09 -1.000000245485608064e+00
-1.924889081014190212e-07 -4.345244447764119588e-10 -1.000000245485607620e+00
-1.928049389315717836e-07 2.474573035108961030e-10 -1.000000245485607620e+00
-1.907630409850681744e-07 9.027947155803406694e-10 -1.000000245485608064e+00
-1.864697770306447916e-07 1.524433776093912489e-09 -1.000000245485608952e+00
-1.800554226633821774e-07 2.105975109603440653e-09 -1.000000245485610062e+00
-1.716715587860542662e-07 2.641729194290628899e-09 -1.000000245485611616e+00
