0.000000000000000000e+00 0.000000000000000000e+00 1.000000000000000000e+00
1.319930819319727774e-05 -7.025210074877952194e-05 9.999999974452570273e-01
6.451276888653920344e-05 -2.104168049751049916e-04 9.999999757817000789e-01
1.787183326782639165e-04 -4.200685082707955728e-04 9.999998958019229445e-01
3.804265791688115489e-04 -6.986963238888106893e-04 9.999996835514256555e-01
6.940505229173050353e-04 -1.045704996355256711e-03 9.999992124010327332e-01
1.143775707697435896e-03 -1.460415894219752996e-03 9.999982794867177116e-01
1.753530576733958006e-03 -1.942068069919600844e-03 9.999965767566287855e-01
2.546957085309483303e-03 -2.489819372766270862e-03 9.999936569021792288e-01
3.547381497526346135e-03 -3.102747599543073925e-03 9.999888944855608308e-01
4.777785281775991100e-03 -3.779851666186959634e-03 9.999814426099339348e-01
6.260775990364562602e-03 -4.520052783561933317e-03 9.999701855108563686e-01
8.018557978582734752e-03 -5.322195620453037956e-03 9.999536874783152562e-01
1.007290278815251884e-02 -6.185049437643710957e-03 9.999301385481303983e-01
1.244511899033201238e-02 -7.107309178299750854e-03 9.998972974296703731e-01
1.515602125593430195e-02 -8.087596501872578933e-03 9.998524321639330470e-01
1.822589839405631615e-02 -9.124460751343469248e-03 9.997922590323046199e-01
2.167448007935827980e-02 -1.021637984683733229e-02 9.997128802619112964e-01
2.552090197021782830e-02 -1.136176110240551262e-02 9.996097210986025772e-01
2.978366890792006477e-02 -1.255894196706548900e-02 9.994774668433918929e-01
3.448061588112127929e-02 -1.380619069593231295e-02 9.993100004727176744e-01
3.962886644098370659e-02 -1.510170696241030716e-02 9.991003414871740818e-01
4.524478826141019316e-02 -1.644362242784920894e-02 9.988405866573044634e-01
5.134394555643011920e-02 -1.783000129070888909e-02 9.985218533584387934e-01
5.794104809363333219e-02 -1.925884084301015403e-02 9.981342262090272532e-01
6.504989657914346524e-02 -2.072807206755226256e-02 9.976667077479867141e-01
7.268332423636461592e-02 -2.223556031491398174e-02 9.971071739055532568e-01
8.085313445787239983e-02 -2.377910610447589099e-02 9.964423350381990119e-01
8.957003447742049873e-02 -2.535644609844720995e-02 9.956577033103140018e-01
9.884356508695801846e-02 -2.696525430198107309e-02 9.947375672124142421e-01
1.086820265114250422e-01 -2.860314354574064466e-02 9.936649740063026037e-01
1.190924006512717875e-01 -3.026766730955225693e-02 9.924217208804535506e-01
1.300802700081899188e-01 -3.195632194686682387e-02 9.909883555823930656e-01
1.416497337221934993e-01 -3.366654936946626708e-02 9.893441872674548776e-01
1.538033212663364457e-01 -3.539574025002428098e-02 9.874673082634589649e-01
1.665419044670438387e-01 -3.714123779660225000e-02 9.853346273971252955e-01
1.798646086409470823e-01 -3.890034214779371224e-02 9.829219154590893570e-01
1.937687237605785762e-01 -4.067031542991680904e-02 9.802038632991627587e-01
2.082496166783098512e-01 -4.244838750832233276e-02 9.771541529412246518e-01
2.233006455472352214e-01 -4.423176245351081309e-02 9.737455419875139517e-01
2.389130776758230101e-01 -4.601762572936420048e-02 9.699499614452766760e-01
2.550760121364593624e-01 -4.780315209548768179e-02 9.657386269554606439e-01
2.717763085128493961e-01 -4.958551419858430592e-02 9.610821632348292010e-01
2.889985232140709903e-01 -5.136189180918288716e-02 9.559507413615943028e-01
3.067248548005994113e-01 -5.312948164021739916e-02 9.503142283432548520e-01
3.249350997569332433e-01 -5.488550766329989422e-02 9.441423482073272311e-01
3.436066201042210499e-01 -5.662723181749816648e-02 9.374048536552933575e-01
3.627143241729110512e-01 -5.835196498454902486e-02 9.300717071222175392e-01
3.822306617492051140e-01 -6.005707808428959599e-02 9.221132698944305428e-01
4.021256346703032114e-01 -6.174001312529486113e-02 9.135004977611321797e-01
4.223668237735160869e-01 -6.339829402891446197e-02 9.042051415185424768e-01
4.429194329059514823e-01 -6.502953703075306513e-02 8.941999505130869830e-01
4.637463504785119262e-01 -6.663146045276074902e-02 8.834588773084444124e-01
4.848082288054475497e-01 -6.820189363207034006e-02 8.719572814949364536e-01
5.060635812148465140e-01 -6.973878479004290420e-02 8.596721306326479128e-01
5.274688966533194190e-01 -7.124020762706850807e-02 8.465821963346734647e-01
5.489787712475621140e-01 -7.270436643580768799e-02 8.326682435554841888e-01
5.705460560347336285e-01 -7.412959953790387857e-02 8.179132112515591357e-01
5.921220198410439561e-01 -7.551438086675647809e-02 8.023023827254647244e-01
6.136565260817772316e-01 -7.685731954157029588e-02 7.858235441470922122e-01
6.350982220837260162e-01 -7.815715730529297633e-02 7.684671299617362727e-01
6.563947393992847212e-01 -7.941276373077342521e-02 7.502263541374748490e-01
6.774929034954989548e-01 -8.062312913495171818e-02 7.310973264658767734e-01
6.983389511648621095e-01 -8.178735517944565880e-02 7.110791534012924631e-01
7.188787540193538605e-01 -8.290464317677323502e-02 6.901740231949331505e-01
7.390580464948736106e-01 -8.397428016383555460e-02 6.683872753403012901e-01
7.588226569074236760e-01 -8.499562284735312501e-02 6.457274545859624792e-01
7.781187402605934667e-01 -8.596807956888409541e-02 6.222063499802845676e-01
7.968930116994874524e-01 -8.689109047907958572e-02 5.978390195816126740e-01
8.150929797307298053e-01 -8.776410615123446390e-02 5.726438015886927690e-01
8.326671785714602203e-01 -8.858656490233779435e-02 5.466423127139523608e-01
8.495653992408720434e-01 -8.935786912516921476e-02 5.198594346324277859e-01
8.657389192534895583e-01 -9.007736096706983608e-02 4.923232892898434798e-01
8.811407310011660776e-01 -9.074429771946515566e-02 4.640652037451845624e-01
8.957257691077856743e-01 -9.135782730672549479e-02 4.351196650591422355e-01
9.094511371943521105e-01 -9.191696428325740742e-02 4.055242655257078610e-01
9.222726104864681362e-01 -9.236583063849997111e-02 3.753422633205523717e-01
9.341475340644956882e-01 -9.271193563516956504e-02 3.446344600549990367e-01
9.450393674380385134e-01 -9.296280731993925017e-02 3.134621826899877672e-01
9.549174994250302362e-01 -9.312593219932085997e-02 2.818867850772381334e-01
9.637570093066694099e-01 -9.320869926689902274e-02 2.499691880015103840e-01
9.715383831068760134e-01 -9.321834889283826808e-02 2.177694632271268416e-01
9.782471940312246206e-01 -9.316192693177215156e-02 1.853464653993729672e-01
9.838737560103076873e-01 -9.304624425813638744e-02 1.527575140831233524e-01
9.884127589642273115e-01 -9.287784180304907433e-02 1.200581267799140373e-01
9.918628938810161166e-01 -9.266296104713375725e-02 8.730180248195551496e-02
9.942264751265579292e-01 -9.240751982126073349e-02 5.453985421719653726e-02
9.955090666205012040e-01 -9.211709318304321659e-02 2.182128812309344634e-02
9.957191176624561324e-01 -9.179689907115273773e-02 -1.080727414121038232e-02
9.948676133119103149e-01 -9.145178839144633975e-02 -4.330163338085810110e-02
9.929677433451115087e-01 -9.108623915727469267e-02 -7.562001536308182725e-02
9.900345929583449500e-01 -9.070435428949560897e-02 -1.077230421650271774e-01
9.860848575795837512e-01 -9.030986267771443088e-02 -1.395736768007673212e-01
9.811365834039917910e-01 -8.990612311104392851e-02 -1.711371455342987902e-01
9.752089345928180997e-01 -8.949613070213494059e-02 -2.023808421698032323e-01
9.683219874751205491e-01 -8.908252545035875991e-02 -2.332742184211781256e-01
9.604965515691419320e-01 -8.866760261694184297e-02 -2.637886642176468510e-01
9.517540167937924567e-01 -8.825332461486404267e-02 -2.938973815170928261e-01
9.421162258671135215e-01 -8.784133414793991734e-02 -3.235752548874047951e-01
9.316053705828285514e-01 -8.743296836543527906e-02 -3.527987217901119021e-01
9.202439104121615809e-01 -8.702927382977258819e-02 -3.815456451692819662e-01
9.080545116895785140e-01 -8.663102212450353445e-02 -4.097951906193523786e-01
8.950600055014524825e-01 -8.623872595712252231e-02 -4.375277100837091093e-01
8.812833622995652760e-01 -8.585265563598606930e-02 -4.647246337252703974e-01
8.667476812009754505e-01 -8.547285582227032164e-02 -4.913683713135584830e-01
8.514761919068550844e-01 -8.509916247635794517e-02 -5.174422241911745823e-01
8.354922671708644444e-01 -8.473121993322933754e-02 -5.429303086168151271e-01
8.188194437686528993e-01 -8.436849805337273689e-02 -5.678174910319857549e-01
8.014814499610275478e-01 -8.401030940453792228e-02 -5.920893355640090006e-01
7.835022375017592910e-01 -8.365582643552181563e-02 -6.157320638582274297e-01
7.649060163150305236e-01 -8.330409860633186669e-02 -6.387325271268824434e-01
7.457172900558096673e-01 -8.295406943981178949e-02 -6.610781901105069469e-01
7.259608908679756611e-01 -8.260459345845744261e-02 -6.827571264694931585e-01
7.056620117691153604e-01 -8.225445296705256870e-02 -7.037580249587308545e-01
6.848462352170260337e-01 -8.190237463728899936e-02 -7.240702055870736897e-01
6.635395565505678439e-01 -8.154704584509234189e-02 -7.436836448264020349e-01
6.417684011460657034e-01 -8.118713070534847032e-02 -7.625890088129887445e-01
6.195596342892255581e-01 -8.082128574251098985e-02 -7.807776933777597073e-01
5.969405629305485350e-01 -8.044817512955200478e-02 -7.982418696530561020e-01
5.739389286682343716e-01 -8.006648542226434129e-02 -8.149745339329206306e-01
5.505828914849721922e-01 -7.967493971137569464e-02 -8.309695604130340474e-01
5.269195287630263902e-01 -7.915440316316042779e-02 -8.462212578385672757e-01
5.030150480276763814e-01 -7.850006238404536041e-02 -8.607053084267123344e-01
4.789392830313656813e-01 -7.770764790982249981e-02 -8.744019159344065262e-01
4.547652357028080239e-01 -7.677347016516432310e-02 -8.872961401030333706e-01
4.305685718484180691e-01 -7.569444885370708864e-02 -8.993781632025675821e-01
4.064270801562278601e-01 -7.446813509370854567e-02 -9.106434812394018641e-01
3.824201051983571742e-01 -7.309272579332125319e-02 -9.210930140392462606e-01
3.586279659346920390e-01 -7.156706996040844426e-02 -9.307331302772747783e-01
3.351313716453993563e-01 -6.989066685693656744e-02 -9.395755855287677427e-01
3.120108472391067145e-01 -6.806365612883381877e-02 -9.476373734733880561e-01
2.893342574386960631e-01 -6.615365381231373687e-02 -9.549394757845246495e-01
2.671570149869946786e-01 -6.416267459448739274e-02 -9.615145867526574408e-01
2.455320816800978800e-01 -6.209305534648757591e-02 -9.673977819366562647e-01
2.245097684904750479e-01 -5.994742744621626290e-02 -9.726261810645782102e-01
2.041375735966358129e-01 -5.772868760602380828e-02 -9.772385927297829733e-01
1.844474216755414286e-01 -5.550877775557765820e-02 -9.812736320025619019e-01
1.654566597246654447e-01 -5.329123278765196536e-02 -9.847761949401500070e-01
1.471792583987779901e-01 -5.107956174891334356e-02 -9.877900381127151519e-01
1.296259725493807691e-01 -4.887723280663230918e-02 -9.903575807689407595e-01
1.128045104261814202e-01 -4.668765986895119513e-02 -9.925197321081847823e-01
9.671970865487157509e-02 -4.451419088651025618e-02 -9.943157435831079249e-01
8.137371029392045929e-02 -4.236009782414499464e-02 -9.957830858099847582e-01
6.676614349924872571e-02 -4.022856825747400666e-02 -9.969573493628821614e-01
5.289429857927197692e-02 -3.812269852069601755e-02 -9.978721684744636944e-01
3.975330149420781833e-02 -3.604548830881625782e-02 -9.985591664604709372e-01
2.733628213384476854e-02 -3.399983661967369980e-02 -9.990479215254620682e-01
1.563453598929854735e-02 -3.198853890826171276e-02 -9.993659514914302600e-01
4.637678109872665766e-03 -3.001428531754732343e-02 -9.995387159147985923e-01
-5.666211499604131493e-03 -2.807965984585169758e-02 -9.995896340166576799e-01
-1.529045163712076071e-02 -2.618714031036859652e-02 -9.995401168412717530e-01
-2.424963318433666359e-02 -2.433909896906113687e-02 -9.994096120739626166e-01
-3.255950206894282078e-02 -2.253780366848328817e-02 -9.992156599866856004e-01
-4.023685188265201107e-02 -2.078541939252994200e-02 -9.989739590333505115e-01
-4.729942596770198709e-02 -1.908401009626366218e-02 -9.986984396829509114e-01
-5.376582864719359200e-02 -1.743554071936832470e-02 -9.984013451530220351e-01
-5.965544516020811205e-02 -1.584187928505043780e-02 -9.980933177854883764e-01
-6.498836977054847641e-02 -1.430479900200166445e-02 -9.977834898887358861e-01
-6.978534144690928809e-02 -1.282598029904713846e-02 -9.974795779514139538e-01
-7.406768646085933050e-02 -1.140701273407211842e-02 -9.971879792131770337e-01
-7.785726721562920283e-02 -1.004939673052195059e-02 -9.969138696539462385e-01
-8.117643660166000419e-02 -8.754545106021957568e-03 -9.966613025353444622e-01
-8.404799717247481150e-02 -7.523784368312295100e-03 -9.964333066951645002e-01
-8.649516444496919976e-02 -6.358355763615532348e-03 -9.962319838578272968e-01
-8.854153364999318987e-02 -5.259416071655583641e-03 -9.960586042808227125e-01
-9.021104929047231435e-02 -4.228038149752593074e-03 -9.959137001093544272e-01
-9.150179782402440010e-02 -3.125288666865950853e-03 -9.958000107177642501e-01
-9.238893947771209536e-02 -1.952770464355072129e-03 -9.957210846077406696e-01
-9.284818357553766000e-02 -7.121547452352179359e-04 -9.956800266345360306e-01
-9.285580121598156766e-02 5.948211517139301990e-04 -9.956793932744637532e-01
-9.238863786784815013e-02 1.966355613461482493e-03 -9.957210858981815349e-01
-9.145030250948452122e-02 3.260674227813968075e-03 -9.958043071235710419e-01
-9.006826205952342401e-02 4.476490162059333471e-03 -9.959255379643692230e-01
-8.827038463500737342e-02 5.612604243687086339e-03 -9.960807426562676703e-01
-8.608492206278191283e-02 6.667906386683256081e-03 -9.962654933786655453e-01
-8.354049138616435888e-02 7.641377340924760189e-03 -9.964750893973988166e-01
-8.066605479312605187e-02 8.532090696423067638e-03 -9.967046700146645621e-01
-7.749089750597511206e-02 9.339215070740631772e-03 -9.969493207372481791e-01
-7.404460328660174284e-02 1.006201640614772484e-02 -9.972041721011777327e-01
-7.035702732388041114e-02 1.069986030296661041e-02 -9.974644906214166218e-01
-6.645826637897517264e-02 1.125221431701017155e-02 -9.977257613702210648e-01
-6.237862616827849482e-02 1.171865015198877806e-02 -9.979837617281255291e-01
-5.814858606081495240e-02 1.209884568213672254e-02 -9.982346258976667608e-01
-5.379876125554652888e-02 1.239258674598112293e-02 -9.984748998220924765e-01
-4.935986268264554166e-02 1.259976865900361113e-02 -9.987015862093181484e-01
-4.486265494014194527e-02 1.272039740077033666e-02 -9.989121794248900787e-01
-4.033791263228898166e-02 1.275459044075274474e-02 -9.991046900860415247e-01
-3.581637551764036559e-02 1.270257717633847816e-02 -9.992776592612071518e-01
-3.132870290256314916e-02 1.256469896623511537e-02 -9.994301622545457287e-01
-2.690542772936717689e-02 1.234140875238730166e-02 -9.995618020319239072e-01
-2.257691080734729183e-02 1.203327027344471348e-02 -9.996726924221774890e-01
-1.836010499043537469e-02 1.171118962177539538e-02 -9.997628533951569141e-01
-1.425998654686391927e-02 1.137562037919402115e-02 -9.998336143917545549e-01
-1.028135621192151003e-02 1.102703225280101534e-02 -9.998863468783047992e-01
-6.428833530172165835e-03 1.066591025893293652e-02 -9.999224554103384177e-01
-2.706851639707128117e-03 1.029275389399743508e-02 -9.999433686585724734e-01
8.803475055076063344e-04 9.908076295344415627e-03 -9.999505304474785028e-01
4.328717481747041719e-03 9.512403395182836979e-03 -9.999453908558447734e-01
7.634411319069396573e-03 9.106273070386758720e-03 -9.999293974275319519e-01
1.079378501341288557e-02 8.690234290847842144e-03 -9.999039865391459170e-01
1.380340064028380900e-02 8.264846268827417963e-03 -9.998705749696318312e-01
1.664683461192111719e-02 7.760435861213525396e-03 -9.998313191501401187e-01
1.929616713153296803e-02 7.177925009733266207e-03 -9.997880493006736646e-01
2.172383481996216503e-02 6.518329729092138883e-03 -9.997427641916423191e-01
2.390266287314120330e-02 5.782757724396420801e-03 -9.996975695554236596e-01
2.580589549972528082e-02 4.972405917759888973e-03 -9.996546098894190102e-01
2.742041397733797903e-02 4.158784544615435654e-03 -9.996153427849078232e-01
2.874527832357322288e-02 3.342917915654252444e-03 -9.995811832898001681e-01
2.977990982808524992e-02 2.525828148839642795e-03 -9.995532928617769652e-01
3.052408831487953000e-02 1.708534130618817679e-03 -9.995325752825354737e-01
3.097794942885785316e-02 8.920505092114530861e-04 -9.995196741464874579e-01
3.115516851876875409e-02 1.476049845869372270e-04 -9.995145530728101191e-01
3.108147593274585355e-02 -5.241379968472190684e-04 -9.995167208496823497e-01
3.078281538684054727e-02 -1.122605148656615273e-03 -9.995254704950037317e-01
3.028531324042793918e-02 -1.647314753681190574e-03 -9.995399413224046459e-01
2.961524760370532264e-02 -2.097877068511363845e-03 -9.995591749229361112e-01
2.879901715858725411e-02 -2.473994694580808860e-03 -9.995821647669691501e-01
2.786310962267863831e-02 -2.775462888999752960e-03 -9.996078991753558629e-01
2.683406982980193756e-02 -3.002169790636774645e-03 -9.996353974544263110e-01
2.573846743898716705e-02 -3.154096539950910702e-03 -9.996637390359258690e-01
2.460286431625288012e-02 -3.231317274579220515e-03 -9.996920855104354242e-01
2.345378165939866061e-02 -3.233998986591081048e-03 -9.997196954909888245e-01
2.231766695502257827e-02 -3.162401231517715603e-03 -9.997459322922495062e-01
2.122086086884639525e-02 -3.016875683639096747e-03 -9.997702644594205212e-01
2.018956417510215859e-02 -2.797865536444412403e-03 -9.997922592296948352e-01
1.924980482828137635e-02 -2.505904751561531096e-03 -9.998115690571293124e-01
1.842740527119492502e-02 -2.141617163662759733e-03 -9.998279113789841910e-01
1.774795005740316053e-02 -1.705715452790695138e-03 -9.998410418474539263e-01
1.723675384415187389e-02 -1.198999999107495376e-03 -9.998507212950148437e-01
1.691882978461629536e-02 -6.223576381599633814e-04 -9.998566767440685288e-01
1.681885831625230809e-02 2.323966271252047959e-05 -9.998585568119690015e-01
1.693476524424730040e-02 5.962521001123587475e-04 -9.998564228833641820e-01
1.724065911638691592e-02 1.096222501130307168e-03 -9.998507719393481263e-01
1.771050194039828704e-02 1.522787533692803114e-03 -9.998420012301486581e-01
1.831814333088738200e-02 1.875677683847194657e-03 -9.998304534513741126e-01
1.903735450503645996e-02 2.154717148118606793e-03 -9.998164554172001006e-01
1.985505625631710236e-02 2.430062203128190677e-03 -9.997999198537820265e-01
2.076986768095441527e-02 2.701381731130088858e-03 -9.997806376100014658e-01
2.178029042247575306e-02 2.968350828966341559e-03 -9.997583788371846580e-01
2.288471088215048715e-02 3.230651197550830911e-03 -9.997328948873206445e-01
2.408140256612369134e-02 3.487971523424592164e-03 -9.997039203338738966e-01
2.535533779100799731e-02 3.669777775298209248e-03 -9.996717700361428260e-01
2.667967654195643398e-02 3.776118011749849106e-03 -9.996369060942954521e-01
2.802761661869899307e-02 3.807135031779532684e-03 -9.995999032931754957e-01
2.937242779988461297e-02 3.763065676047196422e-03 -9.995614578679083984e-01
3.068748557271990668e-02 3.644239964332003645e-03 -9.995223889312494503e-01
3.195949019363969468e-02 3.521297227730809960e-03 -9.994829661781633456e-01
3.318701335422562931e-02 3.394406169476321417e-03 -9.994433992861674332e-01
3.436868794831033497e-02 3.263739762610843274e-03 -9.994038970877703321e-01
3.550320949619634181e-02 3.129475013156129450e-03 -9.993646665366227033e-01
3.658933748022040466e-02 2.991792719818081071e-03 -9.993259116909175566e-01
3.762589659113591695e-02 2.850877230587440560e-03 -9.992878327189664844e-01
3.861177788494181418e-02 2.706916196591039204e-03 -9.992506249317203437e-01
3.954593984993154399e-02 2.560100323540814415e-03 -9.992144778468280419e-01
4.042740938387034272e-02 2.410623121119829203e-03 -9.991795742886273590e-01
4.125528268133285548e-02 2.258680650636032787e-03 -9.991460895282447963e-01
4.202872603134590046e-02 2.104471271265635508e-03 -9.991141904677450780e-01
4.274697652558288180e-02 1.948195385198813172e-03 -9.990840348720188002e-01
4.340934267744751135e-02 1.790055181991183656e-03 -9.990557706518280456e-01
4.401520495246470654e-02 1.630254382415170962e-03 -9.990295352011494545e-01
4.456401621046689882e-02 1.468997982096141705e-03 -9.990054547916580319e-01
4.504212938296120461e-02 1.236310493842294111e-03 -9.989843273621358266e-01
4.542428021300280033e-02 9.327401351115066630e-04 -9.989673533006188100e-01
4.568541590338779518e-02 5.589202536540160537e-04 -9.989557240337215704e-01
4.580072383965210631e-02 1.155679046329730368e-04 -9.989505936430426170e-01
4.574565952826889492e-02 -3.965176329364541010e-04 -9.989530447486675291e-01
4.550914565600427952e-02 -9.062773402616910393e-04 -9.989635151164507620e-01
4.509211966694354895e-02 -1.413088258063021317e-03 -9.989818377448766995e-01
4.449573506668858675e-02 -1.916333141971563077e-03 -9.990077404385752091e-01
4.372135957625275515e-02 -2.415401117009235380e-03 -9.990408484107123899e-01
4.277057315701150025e-02 -2.909688327869619593e-03 -9.990806874507102142e-01
4.165834163089505299e-02 -3.328409321183668258e-03 -9.991263746526402034e-01
4.041153796598258990e-02 -3.671308103418347967e-03 -9.991763795087786892e-01
3.905711231558385566e-02 -3.938222449498781849e-03 -9.992292232823709597e-01
3.762205986916404565e-02 -4.129084258322279245e-03 -9.992835131032546947e-01
3.613338812223070712e-02 -4.243919779420938024e-03 -9.993379687056197502e-01
3.461808364677793071e-02 -4.282849692051718914e-03 -9.993914417150228102e-01
3.310307846875697180e-02 -4.246089022507885079e-03 -9.994429274415908004e-01
3.161521617628734737e-02 -4.133946890215099874e-03 -9.994915691868015983e-01
3.018121789177247161e-02 -3.946826078075915158e-03 -9.995366551219415641e-01
2.882764824273109303e-02 -3.685222427433954701e-03 -9.995776078468771031e-01
2.755450415577823803e-02 -3.490171700925425585e-03 -9.996142137218188006e-01
2.633813997236170851e-02 -3.361684173439293943e-03 -9.996474427177668431e-01
2.515491792152972639e-02 -3.299686261697060748e-03 -9.996781234194918042e-01
2.398123856089413170e-02 -3.304021124160661221e-03 -9.997069530168259943e-01
2.279357078373313653e-02 -3.374449323685982816e-03 -9.997345020019104966e-01
2.159486668070149246e-02 -3.370180639437852024e-03 -9.997611274128139769e-01
2.041162957644197112e-02 -3.291484009452687234e-03 -9.997862470446806649e-01
1.927025246532607441e-02 -3.138720683575975997e-03 -9.998093888677958008e-01
1.819698485134940702e-02 -2.912343591924590469e-03 -9.998301837108410917e-01
1.721789976179566306e-02 -2.612896560168119324e-03 -9.998483509800301094e-01
1.634566552395058658e-02 -2.311255420075777455e-03 -9.998637335015491123e-01
1.558099545146686762e-02 -2.007805289758209273e-03 -9.998765971611245362e-01
1.492446478804634880e-02 -1.702932147666251939e-03 -9.998871779468399001e-01
1.437651060308882400e-02 -1.397022345363859840e-03 -9.998956808184608080e-01
1.393743184822994127e-02 -1.090462123406281446e-03 -9.999022787916711508e-01
1.359419276771128664e-02 -8.538825505360735785e-04 -9.999072342242051326e-01
1.332190639261579893e-02 -6.873292675925985569e-04 -9.999110273591619302e-01
1.309568531786109088e-02 -5.907599865777763424e-04 -9.999140774458308289e-01
1.289067313131703023e-02 -5.640449795848198177e-04 -9.999167568578128940e-01
1.268207553894712923e-02 -6.069676590731691189e-04 -9.999193991497729028e-01
1.245838839803598171e-02 -6.489787032320799148e-04 -9.999221847879588010e-01
1.221994494982625926e-02 -6.900289178442875265e-04 -9.999250997208145586e-01
1.196709566784357262e-02 -7.300704830240467395e-04 -9.999281293496765644e-01
1.170020776041204476e-02 -7.690570080145370246e-04 -9.999312586054475149e-01
1.141966465402964072e-02 -8.069435840244153788e-04 -9.999344720270688658e-01
1.112586545829596582e-02 -8.436868350440888476e-04 -9.999377538413878330e-01
1.081922441310651482e-02 -8.792449665847999925e-04 -9.999410880440109395e-01
1.050017031884788177e-02 -9.135778122862106771e-04 -9.999444584807346548e-01
1.016914595034821775e-02 -9.466468783408326726e-04 -9.999478489291435679e-01
9.826607455356104609e-03 -9.784153856863856639e-04 -9.999512431799669754e-01
9.473023738339123034e-03 -1.008848309919964598e-03 -9.999546251177920952e-01
9.108875830410523983e-03 -1.037912418890759745e-03 -9.999579788007343373e-01
8.734656246208677075e-03 -1.065576307931004850e-03 -9.999612885386760519e-01
8.350868328569214377e-03 -1.091810432687812795e-03 -9.999645389696937281e-01
7.958025581844035273e-03 -1.116587139521606122e-03 -9.999677151343051573e-01
7.556650994734535019e-03 -1.139880693439946757e-03 -9.999708025471818473e-01
7.147276353518534908e-03 -1.161667303538720325e-03 -9.999737872659872906e-01
6.730441546561377955e-03 -1.181925145925824061e-03 -9.999766559570183455e-01
6.306693861011474292e-03 -1.200634384105748629e-03 -9.999793959573445301e-01
5.876587272589244536e-03 -1.217777186806715461e-03 -9.999819953331607891e-01
5.453880588171471089e-03 -1.163086813616249051e-03 -9.999844552116574636e-01
5.064053220704168266e-03 -1.036888645947227263e-03 -9.999866441486195967e-01
4.732452518454116283e-03 -8.395962751765468756e-04 -9.999884535430190180e-01
4.484262475623005534e-03 -5.717107004529117234e-04 -9.999897863402982257e-01
4.344472730388694234e-03 -2.338194177891122442e-04 -9.999905395222808968e-01
4.311449762224224894e-03 3.290171531825287522e-05 -9.999907092409664466e-01
4.359874124365250431e-03 2.283744781048954828e-04 -9.999904737512798070e-01
4.464415250482201176e-03 3.526100356738614888e-04 -9.999899764066155772e-01
4.599763256311528194e-03 4.057085589971477909e-04 -9.999893428581110300e-01
4.740660547726377114e-03 3.878587433075356247e-04 -9.999886919132491281e-01
4.875132203841186021e-03 3.695885069170921368e-04 -9.999880522993739307e-01
5.003033323139585882e-03 3.509221748778877095e-04 -9.999874273021241988e-01
5.124227729887701789e-03 3.318844796000305431e-04 -9.999868201101222986e-01
5.238588112759879310e-03 3.125005284994885908e-04 -9.999862337997755812e-01
5.345996151894573736e-03 2.927957712953941890e-04 -9.999856713207456727e-01
5.446342634265214852e-03 2.727959669989341528e-04 -9.999851354821540639e-01
5.539527557265840063e-03 2.525271506361389281e-04 -9.999846289395870613e-01
5.625460220426346108e-03 2.320155997470454772e-04 -9.999841541829586067e-01
5.704059305187245306e-03 2.112878007038153968e-04 -9.999837135252864773e-01
5.775252942678926055e-03 1.903704148904429192e-04 -9.999833090924301615e-01
5.838978769465463445e-03 1.692902447866903755e-04 -9.999829428138354848e-01
5.895183971228097099e-03 1.480741999988376871e-04 -9.999826164143242879e-01
5.943825314378496129e-03 1.267492632797312976e-04 -9.999823314069631319e-01
5.984869165606893950e-03 1.053424565804646749e-04 -9.999820890870383394e-01
6.018291499385056142e-03 8.388080717581955460e-05 -9.999818905271598002e-01
6.057276720144958750e-03 1.326421354775565091e-04 -9.999816498594887859e-01
6.126733903401148686e-03 2.513138486987523054e-04 -9.999812039355048254e-01
6.251444721040260583e-03 4.394971049611386951e-04 -9.999803670739990658e-01
6.456032838648225088e-03 6.967075656844701551e-04 -9.999789210242395754e-01
6.764933537550333123e-03 1.022376239538077061e-03 -9.999765990655979930e-01
7.189164958884418540e-03 1.345600099631567284e-03 -9.999732564071157626e-01
7.727782370672066706e-03 1.665983904810874449e-03 -9.999687565838817349e-01
8.379700980445183717e-03 1.983137342928373032e-03 -9.999629273376985372e-01
9.143697688844461616e-03 2.296675495216621808e-03 -9.999555621887428192e-01
1.001841299267261856e-02 2.606219294174558308e-03 -9.999464222179784700e-01
1.098915542489381850e-02 2.841148070184545179e-03 -9.999355852404645528e-01
1.202938861622271025e-02 3.001437069537728902e-03 -9.999231437855689020e-01
1.311258571320150779e-02 3.087155231378153029e-03 -9.999092648152152485e-01
1.421226296293546035e-02 3.098464723843650376e-03 -9.998942041000558056e-01
1.530201307674622542e-02 3.035620331733544439e-03 -9.998783134456268318e-01
1.635553827683408276e-02 2.898968693585403551e-03 -9.998620408034863960e-01
1.734668292778930240e-02 2.688947390378740310e-03 -9.998459233510558208e-01
1.824946565955841080e-02 2.406083892349924255e-03 -9.998305736715543679e-01
1.903811090001918116e-02 2.050994374488435915e-03 -9.998166592116753959e-01
1.968707975327561518e-02 1.624382415083770910e-03 -9.998048752391929250e-01
2.019748813699810686e-02 1.267513792761457234e-03 -9.997952106105885139e-01
2.059416871769503485e-02 9.805821022970280781e-04 -9.997874408847529093e-01
2.090200510794856109e-02 7.636933838483384984e-04 -9.997812416882508879e-01
2.114590111602214148e-02 6.168662517708719314e-04 -9.997762142692298015e-01
2.135075001002305004e-02 5.400320967976325950e-04 -9.997719050441657984e-01
2.152821057101380123e-02 4.627994295828567663e-04 -9.997681382412800799e-01
2.167815981541264259e-02 3.852660577665208358e-04 -9.997649309878292589e-01
2.180050948925914278e-02 3.075298097170104175e-04 -9.997622974924391670e-01
2.189520604999077233e-02 2.296884130048280101e-04 -9.997602489953054672e-01
2.196223060572554536e-02 1.518393734721284073e-04 -9.997587937335271624e-01
2.200159881230700359e-02 7.407985503836498741e-05 -9.997579369216362810e-01
2.201336072841024449e-02 -3.493439619293214134e-06 -9.997576807473109728e-01
2.199760062904955113e-02 -8.078438737380462802e-05 -9.997580243821840851e-01
2.195443677786937386e-02 -1.576975618091460438e-04 -9.997589640075843498e-01
2.188402115864115580e-02 -2.341383491008565128e-04 -9.997604928549757020e-01
2.178653916642874638e-02 -3.100130624847222452e-04 -9.997626012607884194e-01
2.166220925892498386e-02 -3.852290551840352462e-04 -9.997652767352668279e-01
2.151128256850145734e-02 -4.596948316678690872e-04 -9.997685040448911487e-01
2.133404247555263297e-02 -5.333201571148934658e-04 -9.997722653078675581e-01
2.113080414375434826e-02 -6.060161649593967482e-04 -9.997765401021189158e-01
2.090191401789527614e-02 -6.776954623984109789e-04 -9.997813055851505482e-01
2.064774928497829440e-02 -7.482722337411338914e-04 -9.997865366251117436e-01
2.036871729932681827e-02 -8.176623414842326340e-04 -9.997922059423216545e-01
2.006525497246903350e-02 -8.857834249990868261e-04 -9.997982842604826725e-01
1.973782812861062108e-02 -9.525549967196036494e-04 -9.998047404667608218e-01
1.938693082654402433e-02 -1.017898535721910563e-03 -9.998115417798746352e-01
1.901308464887936645e-02 -1.081737578590011555e-03 -9.998186539253012262e-01
1.861683795951904474e-02 -1.143997807464389302e-03 -9.998260413166765170e-01
1.819876513033447454e-02 -1.204607135173547819e-03 -9.998336672424451566e-01
1.775946573803950310e-02 -1.263495787351631271e-03 -9.998414940567940112e-01
1.729956373229065217e-02 -1.320596381448522127e-03 -9.998494833738890142e-01
1.681970657607941011e-02 -1.375844002542225093e-03 -9.998575962644258297e-01
1.632056435951615217e-02 -1.429176275866888245e-03 -9.998657934534994629e-01
1.580282888813903247e-02 -1.480533435973494742e-03 -9.998740355187979434e-01
1.526721274691408142e-02 -1.529858392444087035e-03 -9.998822830881319845e-01
1.471444834112463872e-02 -1.577096792084363430e-03 -9.998904970353196253e-01
1.414528691537929143e-02 -1.622197077523604859e-03 -9.998986386734627363e-01
1.356049755199720784e-02 -1.665110542155163456e-03 -9.999066699446699236e-01
1.296086615005834740e-02 -1.705791381355152656e-03 -9.999145536053049010e-01
1.234719438643318637e-02 -1.744196739921539561e-03 -9.999222534058680445e-01
1.172029866013228096e-02 -1.780286755680535139e-03 -9.999297342646523701e-01
1.108100902134007658e-02 -1.814024599212008156e-03 -9.999369624343499297e-01
1.043016808651971161e-02 -1.845376509650608742e-03 -9.999439056608284693e-01
9.768629940996087502e-03 -1.874311826524370896e-03 -9.999505333333393864e-01
9.097259030443049024e-03 -1.900803017597755022e-03 -9.999568166254686474e-01
8.430127272446619885e-03 -1.854576410174072799e-03 -9.999627502010759450e-01
7.793029803573046574e-03 -1.735949473025196572e-03 -9.999681312191549543e-01
7.211632589719791167e-03 -1.545329091217598379e-03 -9.999728059302102068e-01
6.711440629280932858e-03 -1.283210780509168704e-03 -9.999766588375808007e-01
6.317766442079269726e-03 -9.501777809470637100e-04 -9.999795954287620248e-01
6.029301298203219861e-03 -6.874015286671018767e-04 -9.999815914751482016e-01
5.821051577163365541e-03 -4.949589111758963310e-04 -9.999829391835765025e-01
5.668012554771336559e-03 -3.728385097769502639e-04 -9.999838713244448840e-01
5.545199882282920122e-03 -3.209410032807473532e-04 -9.999845779005603896e-01
5.427680836220740053e-03 -3.390796638405313163e-04 -9.999852166855218716e-01
5.317003179769990394e-03 -2.864787739071733216e-04 -9.999858277450249799e-01
5.238258571521977290e-03 -1.634574513929865102e-04 -9.999862710120873688e-01
5.216408923740698152e-03 2.957833210805768231e-05 -9.999863981512058242e-01
5.276255604918396284e-03 2.921365258069369138e-04 -9.999860419369648312e-01
5.442408891617044227e-03 6.236398707763326013e-04 -9.999849996610938874e-01
5.712859941972479004e-03 8.829249270534524421e-04 -9.999832958432947061e-01
6.061918779098235052e-03 1.069926765747633395e-03 -9.999810581655719233e-01
6.463889432134052940e-03 1.184671109156059830e-03 -9.999784112576290962e-01
6.893102201883061393e-03 1.227273937832871554e-03 -9.999754933170322824e-01
7.323945738599278200e-03 1.197940983080786033e-03 -9.999724661459074015e-01
7.730898883761053858e-03 1.096967101104164878e-03 -9.999695186148128689e-01
8.088562222229809737e-03 9.247355286047018825e-04 -9.999668636098993924e-01
8.371689291788848158e-03 6.817170231348615179e-04 -9.999647285641586336e-01
8.555217403543362298e-03 3.684688949507667569e-04 -9.999633397172131843e-01
8.614298038772670238e-03 -1.436605967012092666e-05 -9.999629002904653063e-01
8.550723482281750651e-03 -3.255616634527315370e-04 -9.999633930468648790e-01
8.389989276286442116e-03 -5.649862029924177572e-04 -9.999646479593141679e-01
8.157620765377912933e-03 -7.325978550015268057e-04 -9.999664618490180512e-01
7.879141349822054233e-03 -8.284444665724820505e-04 -9.999686200631506816e-01
7.580040784602172857e-03 -8.526632341072502190e-04 -9.999709117003867664e-01
7.272544984201452685e-03 -8.757304159451204887e-04 -9.999731753830303216e-01
6.957068003222379241e-03 -8.976213229899944815e-04 -9.999754005878463969e-01
6.634032388841077169e-03 -9.183128232174768380e-04 -9.999775770566148303e-01
6.303868622987201555e-03 -9.377833650815526386e-04 -9.999796948453829604e-01
5.967014556507480375e-03 -9.560129988657817615e-04 -9.999817443718003185e-01
5.623914836047134991e-03 -9.729833959585806663e-04 -9.999837164603136985e-01
5.275020324391086098e-03 -9.886778660348268400e-04 -9.999856023850109965e-01
4.920787515013547685e-03 -1.003081372128712895e-03 -9.999873939099183096e-01
4.561677941590334441e-03 -1.016180543585492365e-03 -9.999890833265669965e-01
4.198157583232916060e-03 -1.027963686882486230e-03 -9.999906634886621681e-01
3.830696266206943829e-03 -1.038420794312466897e-03 -9.999921278437015060e-01
3.459767062900652879e-03 -1.047543550525288289e-03 -9.999934704614070746e-01
3.085845688810167579e-03 -1.055325336926388668e-03 -9.999946860588524444e-01
2.709409898309316552e-03 -1.061761233933556378e-03 -9.999957700221818735e-01
2.330938879971093235e-03 -1.066848021096100142e-03 -9.999967184248388374e-01
1.937713430838709739e-03 -1.140836074576036425e-03 -9.999974760275853747e-01
1.505299059551222333e-03 -1.283386163724024647e-03 -9.999980476470825552e-01
1.009397742014584310e-03 -1.494074601767047400e-03 -9.999983785802730729e-01
4.258778715223962043e-04 -1.772394052751921807e-03 -9.999983427773483369e-01
-2.691960408749754716e-04 -2.117754413503594550e-03 -9.999977254804562898e-01
-1.073135579399722228e-03 -2.388980021891788912e-03 -9.999965747321292175e-01
-1.959567250969219965e-03 -2.585997812319441782e-03 -9.999947405045856996e-01
-2.902108913507488869e-03 -2.708827782046988389e-03 -9.999921241407877526e-01
-3.874402945150915746e-03 -2.757582673912453361e-03 -9.999886964702338066e-01
-4.850149323203639846e-03 -2.732467520670947038e-03 -9.999845088805037197e-01
-5.803138529628552172e-03 -2.633779045841655279e-03 -9.999796973527836919e-01
-6.707284193276380133e-03 -2.461904920133543579e-03 -9.999744795179241752e-01
-7.536655379363208125e-03 -2.217322876700886236e-03 -9.999691448371713642e-01
-8.265508443758071491e-03 -1.900599692545787639e-03 -9.999640380582286436e-01
-8.868318383148166006e-03 -1.512390047230271952e-03 -9.999595361424268303e-01
-9.346205947605854686e-03 -1.193933573511183743e-03 -9.999556146512493804e-01
-9.724000116941394073e-03 -9.453772930654196546e-04 -9.999522780604489514e-01
-1.002656520591366576e-02 -7.667805276235053254e-04 -9.999494428980281180e-01
-1.027876980478238493e-02 -6.581151397333177139e-04 -9.999469596382226655e-01
-1.050545582548095998e-02 -6.192658536807031959e-04 -9.999446285777654486e-01
-1.070501204521062677e-02 -5.095343999204156489e-04 -9.999425740538379070e-01
-1.085231097712228282e-02 -3.293120636389475805e-04 -9.999410618699700048e-01
-1.092238058854739374e-02 -7.907660007822623141e-05 -9.999403500526616861e-01
-1.089043469270444160e-02 2.406087411423252025e-04 -9.999406726679720414e-01
-1.073190292518890095e-02 6.290962801367064707e-04 -9.999422177390958622e-01
-1.043565812547166648e-02 1.015406896138414507e-03 -9.999450356455820144e-01
-1.000256223316866797e-02 1.399066432638887848e-03 -9.999489985449974139e-01
-9.433644438703125620e-03 1.779605669155909144e-03 -9.999539227843174949e-01
-8.730099458160075696e-03 2.156560865201211531e-03 -9.999595706583555010e-01
-7.893285650804746784e-03 2.529474298246169820e-03 -9.999656524860554008e-01
-6.924722977803130473e-03 2.897894795611223422e-03 -9.999718289914761860e-01
-5.826090800219870317e-03 3.261378260153252346e-03 -9.999777139748441401e-01
-4.599225513985466356e-03 3.619488189566937800e-03 -9.999828772576657698e-01
-3.246118019229021247e-03 3.971796189052202372e-03 -9.999868478845848063e-01
-1.768911021170532089e-03 4.317882477031189173e-03 -9.999891175634381124e-01
-1.698961596630123045e-04 4.657336383526065708e-03 -9.999891443238225763e-01
1.548489035526853710e-03 4.989756840734395002e-03 -9.999863563734324723e-01
3.383664366507968708e-03 5.314752865263102331e-03 -9.999801561304691999e-01
5.332910368724130823e-03 5.631944031406430247e-03 -9.999699244095714423e-01
7.393371894370264624e-03 5.940960934778959437e-03 -9.999550247379647150e-01
9.562061879635949321e-03 6.241445645542974957e-03 -9.999348077778913435e-01
1.183586529713009927e-02 6.533052150401408471e-03 -9.999086158308631012e-01
1.421154329422856175e-02 6.815446782464425896e-03 -9.998757873988770584e-01
1.668573751738452321e-02 7.088308638040582803e-03 -9.998356617774627475e-01
1.925497462165699433e-02 7.351329979353372901e-03 -9.997875836552815310e-01
2.190247889084076874e-02 7.533981538428767208e-03 -9.997317285559776945e-01
2.459966628846992076e-02 7.636331096806696014e-03 -9.996682206672896642e-01
2.731800065064082794e-02 7.658548409432304298e-03 -9.995974599928402204e-01
3.002903186224147036e-02 7.600904496144498222e-03 -9.995201308832843967e-01
3.270443360655975878e-02 7.463770682485958152e-03 -9.994372019731802004e-01
3.531604045396977837e-02 7.247617393544351222e-03 -9.993499176252068628e-01
3.783588406335990084e-02 6.953012711051203762e-03 -9.992597810419052706e-01
4.023622828760443221e-02 6.580620710227707074e-03 -9.991685292615156699e-01
4.248960300117386735e-02 6.131199598731562964e-03 -9.990781003081279366e-01
4.456883650323380242e-02 5.605599685391584805e-03 -9.989905928167104321e-01
4.644708639244540804e-02 5.004761211094964357e-03 -9.989082185002154946e-01
4.809786885915879467e-02 4.329712078107704649e-03 -9.988332478685874039e-01
4.949508639567438972e-02 3.581565517168845171e-03 -9.987679496479586749e-01
5.061305398453270349e-02 2.761517733827433940e-03 -9.987145243826188734e-01
5.142652388710457212e-02 1.870845576628410488e-03 -9.986750327326284760e-01
5.193703705651823294e-02 1.051220917878774135e-03 -9.986498122690430357e-01
5.216998444145907327e-02 3.033954090199991087e-04 -9.986381772737989992e-01
5.215099415403780941e-02 -3.719680922521797183e-04 -9.986391459831338580e-01
5.190590281168556974e-02 -9.742959847888455448e-04 -9.986515090112224602e-01
5.146072675542763541e-02 -1.503104432045156277e-03 -9.986738920875285475e-01
5.084163295633738200e-02 -1.957999884499185897e-03 -9.987048127757870430e-01
5.007490947522898195e-02 -2.338679586273254094e-03 -9.987427308837646400e-01
4.918693539037479606e-02 -2.644932037323322830e-03 -9.987860923151546944e-01
4.820415015334115344e-02 -2.876637384796073508e-03 -9.988333661582988743e-01
4.715302237314838302e-02 -3.033767720007661713e-03 -9.988830748509499591e-01
4.606001806322257419e-02 -3.116387260875828295e-03 -9.989338173059423287e-01
4.495156841349284144e-02 -3.124652403434345724e-03 -9.989842849292841498e-01
4.385403717111048538e-02 -3.058811630166806579e-03 -9.990332705095986698e-01
4.279368772737966037e-02 -2.919205267203205546e-03 -9.990796700057439361e-01
4.179665001549221631e-02 -2.706265086813541831e-03 -9.991224773074861565e-01
4.086253382270707557e-02 -2.560897591703363303e-03 -9.991615002667159073e-01
3.996735130126410213e-02 -2.483047420159689104e-03 -9.991979052151841456e-01
3.908714607638789917e-02 -2.472574621881148960e-03 -9.992327505977395274e-01
3.819802368320449060e-02 -2.529255400199230744e-03 -9.992669925178074841e-01
3.727618147861285619e-02 -2.652782924704322892e-03 -9.993014847988717086e-01
3.631111944944669795e-02 -2.772563837656384384e-03 -9.993366920015247512e-01
3.530419079797098014e-02 -2.888461894157559346e-03 -9.993724427803701849e-01
3.425679639441314012e-02 -3.000346124989539641e-03 -9.994085642594310315e-01
3.317038291466599398e-02 -3.108090984617720674e-03 -9.994448829031259418e-01
3.204644092326575794e-02 -3.211576492447588624e-03 -9.994812253846581118e-01
3.088650290369985771e-02 -3.310688367131079442e-03 -9.995174194475184848e-01
2.969214123821604240e-02 -3.405318153724999370e-03 -9.995532947558639636e-01
2.846496613942281137e-02 -3.495363343508836422e-03 -9.995886837296086291e-01
2.720662353609024781e-02 -3.580727486275465336e-03 -9.996234223601662139e-01
2.591879291567928539e-02 -3.661320294915375567e-03 -9.996573510028996523e-01
2.460318512624510429e-02 -3.737057742123137908e-03 -9.996903151424728629e-01
2.326154014047585039e-02 -3.807862149063892272e-03 -9.997221661274549032e-01
2.189562478474019191e-02 -3.873662265847662399e-03 -9.997527618707031660e-01
2.050723043612539750e-02 -3.934393343670270632e-03 -9.997819675122409100e-01
1.909817069055069413e-02 -3.989997198491526502e-03 -9.998096560415541401e-01
1.767027900513767902e-02 -4.040422266134129602e-03 -9.998357088764519007e-01
1.622540631810970302e-02 -4.085623648700340005e-03 -9.998600163958719644e-01
1.476541864957439838e-02 -4.125563152217877685e-03 -9.998824784242593688e-01
1.329219468661740552e-02 -4.160209315441603176e-03 -9.999030046654049375e-01
1.180762335619975345e-02 -4.189537429753312919e-03 -9.999215150838991484e-01
1.031360138940597485e-02 -4.213529550118303921e-03 -9.999379402326327160e-01
8.812030880634126595e-03 -4.232174497074183035e-03 -9.999522215250580270e-01
7.304816845351973752e-03 -4.245467849744601237e-03 -9.999643114512145603e-01
5.793864780065390886e-03 -4.253411929888113036e-03 -9.999741737368120775e-01
4.281078228155133468e-03 -4.256015777010071881e-03 -9.999817834449595821e-01
2.781555070303452955e-03 -4.183044066645899214e-03 -9.999873867277886408e-01
1.322101751408291496e-03 -4.034858002248615030e-03 -9.999909902020055474e-01
-7.062117009247232020e-05 -3.811911882837088015e-03 -9.999927364000452679e-01
-1.370132408172500173e-03 -3.514752141142940978e-03 -9.999928888553413220e-01
-2.550162842896743203e-03 -3.144016225453503868e-03 -9.999918101325736552e-01
-3.611085744026613746e-03 -2.840934331605393139e-03 -9.999894487684171107e-01
-4.576980618173259567e-03 -2.605642567193885203e-03 -9.999861350879862831e-01
-5.471959665810353229e-03 -2.438191623771542808e-03 -9.999820605239287952e-01
-6.320137151847352378e-03 -2.338547099802673352e-03 -9.999772975188542246e-01
-7.145598995826466827e-03 -2.306589887185666893e-03 -9.999718138762152542e-01
-7.945975757564057579e-03 -2.201616816941664913e-03 -9.999660108424126559e-01
-8.695381168555400830e-03 -2.024021518449135599e-03 -9.999601502903548988e-01
-9.368086359820873912e-03 -1.774286870604642333e-03 -9.999545486407964701e-01
-9.938551336956407550e-03 -1.452983975413268958e-03 -9.999495599861446538e-01
-1.038145595545372606e-02 -1.060771017387452221e-03 -9.999455528266916193e-01
-1.067173035847605173e-02 -5.983920233195916998e-04 -9.999428806585753948e-01
-1.078458486396674521e-02 -6.667553990304065856e-05 -9.999418466933891469e-01
-1.069553931722930923e-02 5.334667509090743054e-04 -9.999426630279342199e-01
-1.038045195819705009e-02 1.201041457069347129e-03 -9.999454046190631162e-01
-9.815547888674657287e-03 1.934974919167359959e-03 -9.999499584528628304e-01
-9.003843314428638597e-03 2.593617085138764846e-03 -9.999561052819775364e-01
-7.972207345335869527e-03 3.176415185128256616e-03 -9.999631807459943289e-01
-6.747688128034578549e-03 3.682912476738261706e-03 -9.999704562771001282e-01
-5.357479354070431889e-03 4.112748665007631699e-03 -9.999771953868101804e-01
-3.828886388156876094e-03 4.465660240637626781e-03 -9.999827029003028889e-01
-2.189292010449982694e-03 4.741480708130569981e-03 -9.999863668885015100e-01
-4.661218120659074704e-04 4.940140678939756828e-03 -9.999876930988428336e-01
1.313190678330085131e-03 5.061667808781561417e-03 -9.999863317376358474e-01
3.121239027812996308e-03 5.106186562813234790e-03 -9.999820965097927505e-01
4.930678959965803868e-03 5.073917797307257380e-03 -9.999749758751764750e-01
6.714263295570331927e-03 4.965178151625350943e-03 -9.999651365344437437e-01
8.444876618857960135e-03 4.780379249580332494e-03 -9.999529192106136888e-01
1.009556951647557627e-02 4.520026714539790089e-03 -9.999388268451815387e-01
1.163959224597750468e-02 4.184719007742483676e-03 -9.999235053789368166e-01
1.305042770809153492e-02 3.775146104141419504e-03 -9.999077173372815652e-01
1.431502008394397452e-02 3.362333147749854787e-03 -9.998918859011642901e-01
1.543232141889898379e-02 2.946807339549930779e-03 -9.998765765590627019e-01
1.640147188415351856e-02 2.529097114999203852e-03 -9.998622924945389512e-01
1.722179971013931138e-02 2.109731498720691153e-03 -9.998494722750906893e-01
1.789282093563410517e-02 1.689239466606000731e-03 -9.998384879507192791e-01
1.841423897965470402e-02 1.268149315307085228e-03 -9.998296435680538163e-01
1.878594404233270218e-02 8.469880390251669031e-04 -9.998231741037415521e-01
1.900801234004921222e-02 4.262807134516824080e-04 -9.998192448187021020e-01
1.908070517914348119e-02 6.549886676074096869e-06 -9.998179510327560582e-01
1.900446787152861375e-02 -4.116850231509393493e-04 -9.998193183170787091e-01
1.877992849456176783e-02 -8.279083236223285088e-04 -9.998233030999081894e-01
1.840789649654225521e-02 -1.241608637570351496e-03 -9.998297936789560802e-01
1.788936114826461879e-02 -1.652279486460536987e-03 -9.998386116320315820e-01
1.722548984014995663e-02 -2.059419867864332315e-03 -9.998495136155093332e-01
1.641762622363196131e-02 -2.462534827151060049e-03 -9.998621935384414128e-01
1.548048402580737976e-02 -2.790893085189666972e-03 -9.998762794133790877e-01
1.444066281660417658e-02 -3.044350797262959131e-03 -9.998910979676322031e-01
1.332479725892576732e-02 -3.222857771685423874e-03 -9.999060313745671280e-01
1.215952404947729867e-02 -3.326457406556591456e-03 -9.999205414791006996e-01
1.097144870027877243e-02 -3.355286487707872644e-03 -9.999341868255658961e-01
9.773914591896935844e-03 -3.379822789533784046e-03 -9.999465265745612896e-01
8.568452240921951499e-03 -3.400050850769558049e-03 -9.999575140464447287e-01
7.356596774006423159e-03 -3.415960665369857738e-03 -9.999671096163863515e-01
6.139885969406676768e-03 -3.427547677248392755e-03 -9.999752808621784617e-01
4.919858300645571850e-03 -3.434812767943343659e-03 -9.999820026750082524e-01
3.711249776157847860e-03 -3.367511186469932492e-03 -9.999874474764501864e-01
2.540508675583868711e-03 -3.225993439423020890e-03 -9.999915736626142637e-01
1.433941644236749876e-03 -3.010701765011426778e-03 -9.999944440329768813e-01
4.176809430873412114e-04 -2.722169221756707159e-03 -9.999962119647454184e-01
-4.823478739738848485e-04 -2.361018634771995268e-03 -9.999971007628279951e-01
-1.253656963107715235e-03 -1.998213351880197709e-03 -9.999972220396612377e-01
-1.895743746253243742e-03 -1.634212638762752665e-03 -9.999968720460450378e-01
-2.408269276093374500e-03 -1.269475515669522651e-03 -9.999962986265524822e-01
-2.791057884018679873e-03 -9.044601981940804478e-04 -9.999957002622195112e-01
-3.044096660718420555e-03 -5.396235433683738755e-04 -9.999952254274029340e-01
-3.167534772763672991e-03 -1.754205011987440446e-04 -9.999949722613546976e-01
-3.161682618015511023e-03 1.876964282581367982e-04 -9.999949885534574756e-01
-3.027010822150131078e-03 5.492777321956675198e-04 -9.999952720394883476e-01
-2.764149078053119990e-03 9.088774166566209812e-04 -9.999957710047233661e-01
-2.373884829306927534e-03 1.266053532351830860e-03 -9.999963851881794596e-01
-1.870360996866239460e-03 1.550116835685174527e-03 -9.999970537464473175e-01
-1.279590597492717349e-03 1.760974460816405003e-03 -9.999976351141399711e-01
-6.276025712706353966e-04 1.898625286582869554e-03 -9.999980049760119893e-01
5.959078661828059401e-05 1.963159650898640887e-03 -9.999980755346377093e-01
7.560263171131838310e-04 1.954758942044595993e-03 -9.999978079783178320e-01
1.449021545615837223e-03 1.943946989942182263e-03 -9.999970650088348956e-01
2.137722980660136315e-03 1.930745946026649800e-03 -9.999958554814183387e-01
2.821285568686369028e-03 1.915180870546987629e-03 -9.999941905077498472e-01
3.498873724018459336e-03 1.897279690601974675e-03 -9.999920833844148094e-01
4.169662343006397785e-03 1.877073154697191408e-03 -9.999895495109648591e-01
4.832837801075521439e-03 1.854594783896136578e-03 -9.999866062980741210e-01
5.487598931454847062e-03 1.829880819643046885e-03 -9.999832730663213987e-01
6.133157984389077388e-03 1.802970168339314587e-03 -9.999795709361698481e-01
6.768741565673081287e-03 1.773904342759506951e-03 -9.999755227097576471e-01
7.393591553383449880e-03 1.742727400396927541e-03 -9.999711527451496940e-01
8.020164420240583417e-03 1.779735779306321685e-03 -9.999662584912523133e-01
8.672647931178502703e-03 1.884638225371676077e-03 -9.999606201925261839e-01
9.375109924868814740e-03 2.057059567747238950e-03 -9.999539411601547911e-01
1.015146838144743123e-02 2.296541403476596351e-03 -9.999458396400748850e-01
1.102546163993653808e-02 2.602542855395855500e-03 -9.999358352408947992e-01
1.199422412533923329e-02 2.833947168393661717e-03 -9.999240551005050825e-01
1.303122677595149742e-02 2.990734064323046990e-03 -9.999106216454624052e-01
1.410995173319337312e-02 3.072976929094077981e-03 -9.998957319228715113e-01
1.520392592360029702e-02 3.080842333478004628e-03 -9.998796716054850764e-01
1.628675440517873135e-02 3.014589405465328224e-03 -9.998628218527226830e-01
1.734534866787837415e-02 2.944810898915708325e-03 -9.998452258268354376e-01
1.837847426594000147e-02 2.871606808309269850e-03 -9.998269821309355709e-01
1.938493325647385260e-02 2.795081042223745375e-03 -9.998081918659967871e-01
2.036356555677684352e-02 2.715341276575319960e-03 -9.997889581086523147e-01
2.131325024638053636e-02 2.632498803792751151e-03 -9.997693853829843214e-01
2.223290681255460366e-02 2.546668378159468345e-03 -9.997495791289909839e-01
2.312149633809770094e-02 2.457968057560337618e-03 -9.997296451704105191e-01
2.397802263035347589e-02 2.366519041871162875e-03 -9.997096891845649314e-01
2.480153329049340077e-02 2.272445508229770008e-03 -9.996898161768525970e-01
2.559112072221000900e-02 2.175874443427761474e-03 -9.996701299624759507e-01
2.634592307906339151e-02 2.076935473661742446e-03 -9.996507326579323616e-01
2.706512514982029050e-02 1.975760691882056004e-03 -9.996317241847270108e-01
2.774795918121852889e-02 1.872484482975863510e-03 -9.996132017876862008e-01
2.839370563767952896e-02 1.767243347019806492e-03 -9.995952595701577126e-01
2.900169389757830535e-02 1.660175720835541492e-03 -9.995779880482812407e-01
2.955811502483251391e-02 1.481199913525581887e-03 -9.995619703173324044e-01
3.003750620338975150e-02 1.230798975607975011e-03 -9.995480188442201763e-01
3.041459366892114435e-02 9.095427069968882797e-04 -9.995369597187682142e-01
3.066432262534891928e-02 5.180863952331771997e-04 -9.995296091286226536e-01
3.076188649034470451e-02 5.716947108492631113e-05 -9.995267438613509858e-01
3.069594233322713722e-02 -4.021669132770021716e-04 -9.995286919407264659e-01
3.046715711286399064e-02 -8.593574827221294593e-04 -9.995354033119694392e-01
3.007639551066696240e-02 -1.313841601616774248e-03 -9.995467437251898124e-01
2.952471829927687599e-02 -1.765063895114259282e-03 -9.995624963977038924e-01
2.881338056512572354e-02 -2.212474864751407064e-03 -9.995823641453134289e-01
2.795701840643392139e-02 -2.585307845992197099e-03 -9.996057872822313728e-01
2.698216668491143153e-02 -2.883362492325744399e-03 -9.996317609857180431e-01
2.591541592066327893e-02 -3.106531535984534149e-03 -9.996593166445810752e-01
2.478337988585913726e-02 -3.254800900755369999e-03 -9.996875507031198760e-01
2.361266287490633095e-02 -3.328249687893099391e-03 -9.997156463644664148e-01
2.240344243338940680e-02 -3.467516332223414925e-03 -9.997430023665989651e-01
2.113239717335797796e-02 -3.672194554337842275e-03 -9.997699462704751072e-01
1.977636305980740375e-02 -3.941797815220129605e-03 -9.997966625223224657e-01
1.831236197827586926e-02 -4.275760211055679855e-03 -9.998231763570913921e-01
1.671763004765251456e-02 -4.673437407743882832e-03 -9.998493329246618266e-01
1.499603673078624827e-02 -4.993622707225799269e-03 -9.998750878724174118e-01
1.317515043074795472e-02 -5.236189658708463243e-03 -9.998994981853400743e-01
1.128257021233597043e-02 -5.401109188575901714e-03 -9.999217671285305364e-01
9.345890890098695197e-03 -5.488449598030169935e-03 -9.999412682734197810e-01
7.392667853298044538e-03 -5.498376377078697391e-03 -9.999575616351927820e-01
5.423985668816648856e-03 -5.571651055953127062e-03 -9.999697724626110951e-01
3.417388422438224962e-03 -5.707956202594556723e-03 -9.999778744815663867e-01
1.350547798380003720e-03 -5.906896028908371378e-03 -9.999816465158151146e-01
-7.987081736251840786e-04 -6.167997082394155450e-03 -9.999806631416453540e-01
-3.052366473827066058e-03 -6.490708973526537577e-03 -9.999742809447337288e-01
-5.405804683869767403e-03 -6.733905502057506778e-03 -9.999627196045471900e-01
-7.830733387210971064e-03 -6.897568378294572505e-03 -9.999455545075334184e-01
-1.029887484708445593e-02 -6.981780006819873589e-03 -9.999225953758184016e-01
-1.278200023628324813e-02 -6.986723127489123664e-03 -9.998939018658344891e-01
-1.525196679151359473e-02 -6.912680225275451978e-03 -9.998597907589155120e-01
-1.768075468081907464e-02 -6.760032705823581893e-03 -9.998208347902673987e-01
-2.004050337101908122e-02 -6.529259839846311350e-03 -9.997778532206185176e-01
-2.230354729006173153e-02 -6.220937485650100164e-03 -9.997318943114884560e-01
-2.444245059632978168e-02 -5.835736604975318327e-03 -9.996842099197636999e-01
-2.643004089274918200e-02 -5.374421592841882242e-03 -9.996362224795813933e-01
-2.825263035498494155e-02 -4.908073403930263146e-03 -9.995887696666070354e-01
-2.990856036471035984e-02 -4.437292526633464067e-03 -9.995427940769869846e-01
-3.139638732754564815e-02 -3.962682249265588562e-03 -9.994991609511381103e-01
-3.271488276114892929e-02 -3.484847916421182114e-03 -9.994586539736379782e-01
-3.386303317693933890e-02 -3.004396197221170708e-03 -9.994219715930338088e-01
-3.484003976918921552e-02 -2.521934365273730081e-03 -9.993897238746668465e-01
-3.564531792395681659e-02 -2.038069590035176092e-03 -9.993624298968274422e-01
-3.627849655893487096e-02 -1.553408239131860626e-03 -9.993405156977963610e-01
-3.673941730378776915e-02 -1.068555191100142550e-03 -9.993243127785932378e-01
-3.702813352896515420e-02 -5.841131579185970726e-04 -9.993140571635540370e-01
-3.714490922933743472e-02 -1.006820166452542355e-04 -9.993098890181997263e-01
-3.709021776732384507e-02 3.811418505669026519e-04 -9.993118528212460161e-01
-3.686474047850114150e-02 8.607662088206930557e-04 -9.993198980850419577e-01
-3.646936514101519616e-02 1.337603615932437141e-03 -9.993338806162149757e-01
-3.590518430849270332e-02 1.811072061712374085e-03 -9.993535643058514273e-01
-3.517349350458848917e-02 2.280595601738334352e-03 -9.993786234361530241e-01
-3.427578927582820845e-02 2.745604986228561938e-03 -9.994086454881868642e-01
-3.321376709803641747e-02 3.205538284536747426e-03 -9.994431344330936273e-01
-3.198931913039632091e-02 3.659841505692670947e-03 -9.994815144869396706e-01
-3.060453181008671031e-02 4.107969215296929967e-03 -9.995231343072983332e-01
-2.907487054748331828e-02 4.479164901827862276e-03 -9.995672052397818197e-01
-2.742769871199065776e-02 4.773234875586193290e-03 -9.996123980768135686e-01
-2.569043571669835796e-02 4.990081584835806897e-03 -9.996574960569392099e-01
-2.389052320516241515e-02 5.129703836257157486e-03 -9.997014243607214024e-01
-2.205539076201901844e-02 5.192196852113207736e-03 -9.997432718761887216e-01
-2.018603549049942034e-02 5.318223229407189820e-03 -9.997821009144912674e-01
-1.825994648720193764e-02 5.507402252099456545e-03 -9.998181093169602462e-01
-1.625476059525902961e-02 5.759275188413535973e-03 -9.998513001246832621e-01
-1.414829078222519174e-02 6.073306087877922491e-03 -9.998814678193369554e-01
-1.191855436430582643e-02 6.448882607592048254e-03 -9.999081802145846076e-01
-9.570194683560332219e-03 6.744823903090455333e-03 -9.999314614629761788e-01
-7.131545361544837022e-03 6.961040716532291769e-03 -9.999503457085393565e-01
-4.630957862133739181e-03 7.097544459001477353e-03 -9.999640933595025372e-01
-2.096764560593782425e-03 7.154447155264159579e-03 -9.999722128056413029e-01
4.427584220243283714e-04 7.131961161159397489e-03 -9.999744736807693046e-01
2.959428408959906363e-03 7.030398644670434426e-03 -9.999709116729691427e-01
5.425193162735869948e-03 6.850170828080600662e-03 -9.999618249437544071e-01
7.812167465949787504e-03 6.591786994974134853e-03 -9.999477622753679684e-01
1.009266907873074964e-02 6.255853272048599381e-03 -9.999295031222141805e-01
1.223925388291025214e-02 5.843071201617533461e-03 -9.999080297973671483e-01
1.422475005076507225e-02 5.354236126162341056e-03 -9.998844920776277512e-01
1.602229111190220379e-02 4.790235411213960778e-03 -9.998601645602289700e-01
1.760534783459024102e-02 4.152046537092236519e-03 -9.998363971506258885e-01
1.894775888658504007e-02 3.440735093502746665e-03 -9.998145591035859647e-01
2.002376029412415714e-02 2.657452713600804133e-03 -9.997959770788877876e-01
2.083440101684498613e-02 1.943909673667055258e-03 -9.997810549120779156e-01
2.140460236375174227e-02 1.300742245541150043e-03 -9.997700535016056378e-01
2.175949133198918847e-02 7.284971972370365327e-04 -9.997629732299039285e-01
2.192436918264177928e-02 2.276316172753582723e-04 -9.997596106238992864e-01
2.192468018899422152e-02 -2.014872573594339794e-04 -9.997596094158858193e-01
2.178598042743951774e-02 -5.585821872448025211e-04 -9.997625057300097984e-01
2.153390652185366294e-02 -8.434660293705562983e-04 -9.997677671631215457e-01
2.119414428904878300e-02 -1.056041769500612069e-03 -9.997748255727545441e-01
2.079239726518191875e-02 -1.196302471105660774e-03 -9.997831034294898389e-01
2.035435512016615239e-02 -1.264331126738500819e-03 -9.997920336358973037e-01
1.989246802997988312e-02 -1.330538239244970005e-03 -9.998012443539273653e-01
1.940739727817472962e-02 -1.394847655173106580e-03 -9.998106901606611530e-01
1.889983074926889633e-02 -1.457185854561767867e-03 -9.998203247765623525e-01
1.837048198348606096e-02 -1.517482033638090479e-03 -9.998301013021635431e-01
1.782008920240105848e-02 -1.575668183916844331e-03 -9.998399724561725099e-01
1.724941430672358514e-02 -1.631679167610178369e-03 -9.998498908138040431e-01
1.665924184748845613e-02 -1.685452789260311448e-03 -9.998598090441485065e-01
1.605037797195734903e-02 -1.736929863511956504e-03 -9.998696801454012295e-01
1.542364934557237909e-02 -1.786054278945677131e-03 -9.998794576767969788e-01
1.477990205133611346e-02 -1.832773057897971571e-03 -9.998890959861151950e-01
1.412000046802560846e-02 -1.877036412198646422e-03 -9.998985504316535433e-01
1.344482612867955486e-02 -1.918797794760991257e-03 -9.999077775976015214e-01
1.275527656082756957e-02 -1.958013946965386082e-03 -9.999167355017860581e-01
1.205226410995880598e-02 -1.994644941782264865e-03 -9.999253837948051116e-01
1.133671474775337085e-02 -2.028654222585804349e-03 -9.999336839496170137e-01
1.060956686662423154e-02 -2.060008637615319809e-03 -9.999415994407049313e-01
9.871770062139349419e-03 -2.088678470047094192e-03 -9.999490959119949895e-01
9.124283904913496959e-03 -2.114637463645254074e-03 -9.999561413327687776e-01
8.368076703576471723e-03 -2.137862843966312557e-03 -9.999627061408746798e-01
7.604124260439107212e-03 -2.158335335098111960e-03 -9.999687633726122016e-01
6.833408621490531798e-03 -2.176039171920116002e-03 -9.999742887787337331e-01
6.056916822369330482e-03 -2.190962107878282987e-03 -9.999792609260814702e-01
5.275639631957670592e-03 -2.203095418274107591e-03 -9.999836612844522632e-01
4.490570295250904606e-03 -2.212433899073819928e-03 -9.999874742983608789e-01
3.702703277155624736e-03 -2.218975861250150824e-03 -9.999906874434481008e-01
2.926232061531459580e-03 -2.152471568040301413e-03 -9.999934064133857436e-01
2.187064367477333134e-03 -2.013265473254111874e-03 -9.999955861643464727e-01
1.510968735866768681e-03 -1.801791715734522934e-03 -9.999972396735633540e-01
9.235426867183051201e-04 -1.518573246279220600e-03 -9.999984249172786388e-01
4.501812437135134732e-04 -1.164220832689723262e-03 -9.999992253788977381e-01
8.964730415875340423e-05 -8.799361054173350169e-04 -9.999996132533611748e-01
-1.829915323189358080e-04 -6.658231684618123826e-04 -9.999997660121247023e-01
-3.926882636408285474e-04 -5.218980276010593737e-04 -9.999997911243975190e-01
-5.643851445555885665e-04 -4.480889289230154636e-04 -9.999997447579844767e-01
-7.229825248627216958e-04 -4.442367852732134596e-04 -9.999996443900619481e-01
-8.933078761886850596e-04 -5.100956955882729764e-04 -9.999994753168606199e-01
-1.100085024881951963e-03 -6.453335592041238664e-04 -9.999991910941279372e-01
-1.367903611347152763e-03 -8.495327843043279283e-04 -9.999987079825580771e-01
-1.721188793752750391e-03 -1.122191086797439275e-03 -9.999978935139074432e-01
-2.184171206702062527e-03 -1.462722373169437692e-03 -9.999965493340705613e-01
-2.754458874605185577e-03 -1.729954165739264887e-03 -9.999947145157593864e-01
-3.405975798372621807e-03 -1.923815522024361832e-03 -9.999923535258512519e-01
-4.112638061343770399e-03 -2.044327498468548419e-03 -9.999894578356941510e-01
-4.848386577774272538e-03 -2.091602802904813513e-03 -9.999860635005158871e-01
-5.587219710799683041e-03 -2.065845319535689322e-03 -9.999822618969975707e-01
-6.329623126747315268e-03 -2.107850907254932727e-03 -9.999777505954067225e-01
-7.099633648590389021e-03 -2.217323628881865630e-03 -9.999723433825292718e-01
-7.921166604591904636e-03 -2.393884150112829921e-03 -9.999657660607306209e-01
-8.817986045662827566e-03 -2.637070432397670659e-03 -9.999576480240037757e-01
-9.813675114306518246e-03 -2.946338494899108408e-03 -9.999475084910455225e-01
-1.090521135946457415e-02 -3.180567391940854367e-03 -9.999354825332805730e-01
-1.206590746347525715e-02 -3.339734907012919217e-03 -9.999216313913980025e-01
-1.326908668554122733e-02 -3.423913082360893929e-03 -9.999061041099439606e-01
-1.448811670608277438e-02 -3.433267755972970250e-03 -9.998891518691678248e-01
-1.569644325537233182e-02 -3.368057943814334234e-03 -9.998711350630474781e-01
-1.689401431793681463e-02 -3.369119796363067784e-03 -9.998516140855655543e-01
-1.810434259572000701e-02 -3.436211973756726074e-03 -9.998302026371854723e-01
-1.935083754127425032e-02 -3.569011169572973256e-03 -9.998063893215159981e-01
-2.065677582830107578e-02 -3.767112679520933857e-03 -9.997795333783510152e-01
-2.204527187654557741e-02 -4.030031030815796854e-03 -9.997488553298726766e-01
-2.351286465845060791e-02 -4.216734394356993869e-03 -9.997146459104321314e-01
-2.503246166593807095e-02 -4.327267494359574203e-03 -9.996772776869049526e-01
-2.657700732063076124e-02 -4.361770797813691904e-03 -9.996372574804004429e-01
-2.811951762846568587e-02 -4.320479836202139115e-03 -9.995952356262797212e-01
-2.963311442312750732e-02 -4.203724352443221138e-03 -9.995520077177436624e-01
-3.109105906743992245e-02 -4.011927275326549955e-03 -9.995085089094922770e-01
-3.246678548618570775e-02 -3.745603528556793078e-03 -9.994658009085000128e-01
-3.373393241572993778e-02 -3.405358686193874114e-03 -9.994250518278805506e-01
-3.486637477492000869e-02 -2.991887490660755881e-03 -9.993875091267415689e-01
-3.583825408751067920e-02 -2.505972253472078370e-03 -9.993544659035158428e-01
-3.663718966216283901e-02 -2.018687006482490238e-03 -9.993265983187208379e-01
-3.726282329262416843e-02 -1.530642101563715798e-03 -9.993043320250162287e-01
-3.771501074187225133e-02 -1.042446336705128446e-03 -9.992879965950633991e-01
-3.799382074681993682e-02 -5.547062764969273212e-04 -9.992778246092544059e-01
-3.809953387964027521e-02 -6.802558178928920290e-05 -9.992739513082492531e-01
-3.803264127032955633e-02 4.169956522343361218e-04 -9.992764148069308572e-01
-3.779384319340216292e-02 8.997615503479700029e-04 -9.992851568638002613e-01
-3.738404751990485192e-02 1.379681104710409187e-03 -9.993000241973033493e-01
-3.680436803427545450e-02 1.856168816174448392e-03 -9.993207703381078444e-01
-3.605612261397476287e-02 2.328645330175484890e-03 -9.993470580039399698e-01
-3.514083126831347992e-02 2.796538067829344460e-03 -9.993784619812462466e-01
-3.406021403149891991e-02 3.259281852783015802e-03 -9.994144724956744996e-01
-3.281618870365892587e-02 3.716319534258748832e-03 -9.994544990511670113e-01
-3.141086843248066390e-02 4.167102606613232521e-03 -9.994978747153413501e-01
-2.984655912714582679e-02 4.611091825601141593e-03 -9.995438608267998015e-01
-2.813894452042304400e-02 4.977535985022101157e-03 -9.995916330814667017e-01
-2.631560515714361295e-02 5.266248563957407966e-03 -9.996398174102200107e-01
-2.440417575852181845e-02 5.477140064740972265e-03 -9.996871741455165550e-01
-2.243231091187908657e-02 5.610218241990220546e-03 -9.997326272020716775e-01
-2.042765026481008911e-02 5.665588156847414444e-03 -9.997752853674432005e-01
-1.841778336641757344e-02 5.643452041086910974e-03 -9.998144556467546407e-01
-1.643021431735117860e-02 5.544108961154919392e-03 -9.998496486598181798e-01
-1.449232640080803242e-02 5.367954277775567606e-03 -9.998805761431952543e-01
-1.263134686835871816e-02 5.115478902343873792e-03 -9.999071406637439763e-01
-1.087431204759735197e-02 4.787268356797351986e-03 -9.999294177034200315e-01
-9.248032923497491800e-03 4.384001648882082831e-03 -9.999476303269977384e-01
-7.779061322470606950e-03 3.906449979580931334e-03 -9.999621166944836492e-01
-6.493656798110435807e-03 3.355475303834361440e-03 -9.999732907278824356e-01
-5.417754281246430978e-03 2.732028769451423211e-03 -9.999815962872973252e-01
-4.576932515131077253e-03 2.037149062185428933e-03 -9.999874552538650097e-01
-3.969985222625635468e-03 1.412463470956684761e-03 -9.999911265186216536e-01
-3.571857880386463714e-03 8.585022689234047318e-04 -9.999932568560303547e-01
-3.357322989866508896e-03 3.757048709152339527e-04 -9.999942980748867116e-01
-3.301013023930464158e-03 -3.558017911109732706e-05 -9.999945554868542308e-01
-3.377453121660794165e-03 -3.750951764632488384e-04 -9.999942305196392045e-01
-3.574292742525103216e-03 -7.129248191790472748e-04 -9.999933625435365459e-01
-3.890854157750583010e-03 -1.048653034503711171e-03 -9.999918852400621061e-01
-4.326312230852458370e-03 -1.381867840890901996e-03 -9.999896911635537400e-01
-4.879695904915964944e-03 -1.712161837234505921e-03 -9.999866329328620518e-01
-5.549889841635563884e-03 -2.039132686079826121e-03 -9.999825246678119006e-01
-6.322437514214203531e-03 -2.292132933180549004e-03 -9.999773906921429756e-01
-7.171027516690537534e-03 -2.471112191777157224e-03 -9.999712390649845295e-01
-8.069348211343958452e-03 -2.576112935851028376e-03 -9.999641284825024901e-01
-8.991120889553668588e-03 -2.607270105198150612e-03 -9.999561844793427579e-01
-9.910132768008729845e-03 -2.564810572575542801e-03 -9.999476086302240274e-01
-1.080026973859880141e-02 -2.449052469352354464e-03 -9.999386807719524706e-01
-1.163554878581161793e-02 -2.260404370219585169e-03 -9.999297543140585054e-01
-1.239014998773523002e-02 -1.999364341601801969e-03 -9.999212447532992432e-01
-1.303844802562742142e-02 -1.666518862362479248e-03 -9.999136115531150892e-01
-1.355504314215091877e-02 -1.262541629097371255e-03 -9.999073335934550721e-01
-1.394118504931339195e-02 -9.286831617571042648e-04 -9.999023901793051561e-01
-1.422183519742093415e-02 -6.651079846540426145e-04 -9.998986478708650205e-01
-1.442199621753286615e-02 -4.718925563609944530e-04 -9.998958907413220132e-01
-1.456668086702270909e-02 -3.490254554029012480e-04 -9.998938438496968173e-01
-1.468088102657641621e-02 -2.964076472293604349e-04 -9.998921906153156458e-01
-1.476314387525554453e-02 -1.733638780671434092e-04 -9.998910083137246829e-01
-1.478850811680737509e-02 1.969975774776091594e-05 -9.998906483305253223e-01
-1.473217287108871329e-02 2.822914197590612210e-04 -9.998914402947098878e-01
-1.456952773341129229e-02 6.138345270429708487e-04 -9.998936748735186564e-01
-1.427618240388855465e-02 1.013668844791005283e-03 -9.998975807948256023e-01
-1.385438926264894767e-02 1.340561400724844462e-03 -9.999031292007141136e-01
-1.333010647308004344e-02 1.594365071342319787e-03 -9.999098835679999242e-01
-1.272932763606495973e-02 1.775024125732869475e-03 -9.999174078419310607e-01
-1.207804962716652400e-02 1.882574097516225703e-03 -9.999252900249511189e-01
-1.140224037045686409e-02 1.917141542285338840e-03 -9.999331590075437592e-01
-1.070141133791363205e-02 2.019439051369460811e-03 -9.999407035733393068e-01
-9.951551174502294012e-03 2.189097146293589747e-03 -9.999480903962697509e-01
-9.128794844221181648e-03 2.425663531823570203e-03 -9.999553941400664003e-01
-8.209452994219974473e-03 2.728603955559935016e-03 -9.999625836086226682e-01
-7.170041049307657177e-03 3.097303127855194349e-03 -9.999695026595000202e-01
-6.013705045993777629e-03 3.390565335378847855e-03 -9.999761739413141060e-01
-4.767283809513516747e-03 3.608293510363570680e-03 -9.999821309707223049e-01
-3.457634083868836149e-03 3.750485301231808611e-03 -9.999869937494327843e-01
-2.111596747469962534e-03 3.817232878411432398e-03 -9.999904894225494223e-01
-7.559629833965007296e-04 3.808722585558030078e-03 -9.999924655692482567e-01
5.957584372143468095e-04 3.795486031943803330e-03 -9.999926241729929499e-01
1.941890911884861610e-03 3.777556682629210592e-03 -9.999909840431057129e-01
3.280770886345660622e-03 3.754973777583876619e-03 -9.999875728008296161e-01
4.610749923247945900e-03 3.727782260867370905e-03 -9.999824266784387294e-01
5.930196742909208535e-03 3.696032702546132951e-03 -9.999755902767094584e-01
7.224300867619206853e-03 3.589531111581524374e-03 -9.999674663614972481e-01
8.466559141213535894e-03 3.408679721864452290e-03 -9.999583527894104762e-01
9.630629896079101471e-03 3.153972345296721016e-03 -9.999486549099732002e-01
1.069036544416421958e-02 2.825993281168347887e-03 -9.999388675683860139e-01
1.161984397537567729e-02 2.425416088414089535e-03 -9.999295503202895175e-01
1.240659804614518621e-02 2.023249130559533638e-03 -9.999209927816909982e-01
1.305016097763850823e-02 1.620000015184662034e-03 -9.999135352188239789e-01
1.355024621102845703e-02 1.216175728454991101e-03 -9.999074560970290237e-01
1.390674676502039186e-02 8.122820312794379154e-04 -9.999029710959009831e-01
1.411973452637321595e-02 4.088228620337772969e-04 -9.999002325111283618e-01
1.418945937733321998e-02 6.299745769757230003e-06 -9.998993290426395619e-01
1.411634816306899833e-02 -3.947887901940334994e-04 -9.999002859667595056e-01
1.390100350136225238e-02 -7.939477944153704343e-04 -9.999030656881984225e-01
1.354420243598587759e-02 -1.190686463321505555e-03 -9.999075686658541740e-01
1.304689493440091067e-02 -1.584518707156421565e-03 -9.999136347046075901e-01
1.242339934855378816e-02 -1.904717404279539965e-03 -9.999210170011618715e-01
1.169991780265471418e-02 -2.151145856933732448e-03 -9.999292442665819181e-01
1.090268434125096081e-02 -2.323759644306012517e-03 -9.999378684012787399e-01
1.005793237802811262e-02 -2.422606489966043757e-03 -9.999464875799058960e-01
9.191862071591845595e-03 -2.447826004658397968e-03 -9.999547624114025757e-01
8.304211342653447861e-03 -2.540147718091529793e-03 -9.999622976767330584e-01
7.371189297940614234e-03 -2.699216793296156571e-03 -9.999691939512694860e-01
6.369146177631479847e-03 -2.924596180427054600e-03 -9.999754445853228368e-01
5.274602638308635745e-03 -3.215767433178683913e-03 -9.999809230547719308e-01
4.064278806413126541e-03 -3.572131582207162780e-03 -9.999853651880639127e-01
2.741520761570269415e-03 -3.852507724546260903e-03 -9.999888256039489720e-01
1.333361897106187651e-03 -4.056817131633021212e-03 -9.999908866941689123e-01
-1.331532695165742099e-04 -4.185076576507444461e-03 -9.999912382109014120e-01
-1.631003329566161481e-03 -4.237398094851458144e-03 -9.999896966375948493e-01
-3.133224225798994511e-03 -4.213988581162058690e-03 -9.999862170557143326e-01
-4.612943383557329552e-03 -4.115149213694524119e-03 -9.999808975140386247e-01
-6.043413601127306869e-03 -3.941274706669639291e-03 -9.999739759585442034e-01
-7.398046570534376823e-03 -3.692852393095539566e-03 -9.999658198316252466e-01
-8.650445907835400267e-03 -3.370461146287353268e-03 -9.999569084989854417e-01
-9.774439587160108078e-03 -2.974770152657913065e-03 -9.999478087106080659e-01
-1.074411169479579618e-02 -2.506537552488015928e-03 -9.999391433483824088e-01
-1.153383344789729939e-02 -1.966608969060723491e-03 -9.999315537569319901e-01
-1.211829345621299667e-02 -1.355915949666285352e-03 -9.999256559957144797e-01
-1.247252724370944560e-02 -6.754743444688218659e-04 -9.999219913893885314e-01
-1.257194608921885677e-02 7.361734899847540651e-05 -9.999209717897161731e-01
-1.241875979030299809e-02 7.496863847155838846e-04 -9.999226077339419261e-01
-1.203903811502638269e-02 1.352151680543127281e-03 -9.999266184769609600e-01
-1.145903860351887328e-02 1.880525408753002010e-03 -9.999325793072729729e-01
-1.070517409138626967e-02 2.334413307418842579e-03 -9.999399776353028457e-01
-9.803980079019114502e-03 2.713514943745434869e-03 -9.999482626270613794e-01
-8.782081888375866535e-03 3.017623903536995316e-03 -9.999568881259111031e-01
-7.666161592038750819e-03 3.246627883517164571e-03 -9.999653486527059210e-01
-6.482924737045717145e-03 3.400508666338339109e-03 -9.999732083229485591e-01
-5.259066917529127937e-03 3.479341961751302673e-03 -9.999801225687359185e-01
-4.021240275022296314e-03 3.483297101438227825e-03 -9.999858526029126171e-01
-2.782821151947438565e-03 3.482887862896045465e-03 -9.999900672189689921e-01
-1.545360175486033220e-03 3.478130323930400149e-03 -9.999927617784607481e-01
-3.104012549801585946e-04 3.469045961812771382e-03 -9.999939392360946977e-01
9.205203526548842198e-04 3.455661607122343781e-03 -9.999936100708841646e-01
2.145879959407188953e-03 3.438009390740552444e-03 -9.999917921801727561e-01
3.350966438736585618e-03 3.345875257732499729e-03 -9.999887925761342666e-01
4.509368212734158991e-03 3.179641728812905403e-03 -9.999847821886521659e-01
5.594827546257535866e-03 2.939782694045631889e-03 -9.999800321559628724e-01
6.581273019286747010e-03 2.626862394337925368e-03 -9.999748974666594625e-01
7.442851477045910914e-03 2.241534266511575283e-03 -9.999697938469304104e-01
8.167157774689709493e-03 1.854789512498439871e-03 -9.999649325887218776e-01
8.753781520519188925e-03 1.467116084864547977e-03 -9.999606132218670229e-01
9.202485645353650559e-03 1.079001227845517632e-03 -9.999570786433770175e-01
9.513205868960096859e-03 6.909308934368119191e-04 -9.999545142872299230e-01
9.686050000217546335e-03 3.033891635505169796e-04 -9.999530476508967647e-01
9.721297074432581897e-03 -8.314232176270558872e-05 -9.999527481778900384e-01
9.619396330517924337e-03 -4.681849300474477085e-04 -9.999536274938419789e-01
9.380966030039917733e-03 -8.512635961631846802e-04 -9.999556399918795302e-01
9.006792119446015155e-03 -1.231907376018421228e-03 -9.999586837613503310e-01
8.497826736111786100e-03 -1.609649994336664978e-03 -9.999626018522903559e-01
7.868384920260075577e-03 -1.913780750223956868e-03 -9.999672170138805827e-01
7.144659556754084061e-03 -2.144183113811988072e-03 -9.999721823445812952e-01
6.352868111857788887e-03 -2.300832871819434838e-03 -9.999771779305310915e-01
5.519219955985344393e-03 -2.383797931384297811e-03 -9.999819322702514501e-01
4.669883672728363140e-03 -2.393237996972520047e-03 -9.999862367787746287e-01
3.817755479482354362e-03 -2.399655390589052091e-03 -9.999898377212723677e-01
2.963910161842252863e-03 -2.403052886595868042e-03 -9.999927248346106579e-01
2.109420832133405890e-03 -2.403437029314873033e-03 -9.999948914784442255e-01
1.255357585314277862e-03 -2.400818111590708338e-03 -9.999963346425231325e-01
4.027861633282760635e-04 -2.395210148640145812e-03 -9.999970549358251359e-01
