-6.250914655801353970e-01
-3.244652926791449232e+00
-2.193001195334994602e+00
-6.885324513660569856e+00
7.234570721528672532e-01
-4.474391939485378167e+00
3.035085405613383358e+00
-3.077417346669389708e+00
-9.466896140400045123e-01
-1.475432357627046276e+00
-1.529208093926942347e+00
-2.666397659655160179e+00
1.248374314864840517e+00
-6.356771596910712141e+00
-1.098924829871763542e+00
-1.784675410191137290e+00
-2.422362770391337961e+00
-6.543308000309536965e+00
-2.238991995170984239e+00
-9.782434674307477485e-01
-1.403027233141744823e+00
-3.097016790565708000e+00
-2.141302847276266075e+00
-5.915571301451314490e+00
-1.379556585401419122e+00
-3.922061311161937347e-01
-1.820972330199994493e+00
-1.890915910912135178e+00
-3.357089721301137697e+00
-8.349480646563600672e-01
-1.650562048635325851e+00
-2.235425388054049556e+00
-2.363783064226149033e+00
-3.986563357812595854e+00
-1.625887375982340233e+00
-5.553958538106419596e+00
3.119062596461001924e+00
-6.870920846750584232e+00
-7.478809394607349503e+00
-1.772953515450982565e+00
-4.971419214619183791e+00
-4.620315790448765725e+00
-1.847251464382092978e+00
-6.781924866643698202e-01
-5.332669353972405268e+00
-4.630032316617260335e+00
-1.708303219158588071e+00
-3.131975504248875719e+00
-2.101138656042578212e+00
-4.700949225259613229e+00
-6.979675645062608069e+00
-4.918302830908367618e-01
-1.620170122005526459e+00
-3.556920540727252611e+00
-6.015047834469310573e+00
-2.224384670474684356e+00
-5.471718200630929507e-01
-4.492269860120335245e+00
-5.357912532393653393e+00
-7.256228394420417338e+00
-3.854210010091629002e+00
-2.636462301226130567e+00
-7.108221838885562249e-01
-7.391442031949539970e-01
-2.172824631144723906e+00
-2.148471312379421683e+00
-2.634888412901075228e+00
-7.965707823753121808e+00
-5.151839162715392995e+00
-7.991863771471243716e-01
-2.090649690809613048e+00
-2.849652588582679780e+00
-4.823366436420124082e+00
-3.515150693256292591e+00
-1.424676487466202346e+00
-5.012156736338693186e+00
2.233804023266736216e+00
-7.110583568926825970e-01
-2.287362924191925995e+00
-2.273300943538048902e+00
-3.903639072327822479e+00
-1.587217561568982527e+00
-5.095470675345988631e+00
2.937271324563532460e+00
-1.145024743693896063e+00
-5.058073158614888598e+00
-4.790168875504589252e+00
-1.124015064184487711e+00
3.598002466432153601e-01
-2.466915743485042611e+00
-9.060041010473741663e-01
-3.010150392345702364e-01
-2.571177203370328623e+00
-7.181268781939468049e+00
-4.803516459533803129e-01
-2.954774909322658072e+00
-1.721732711154704498e+00
-5.810444929886381615e+00
-1.778796258441086575e-01
-2.108153154162920817e+00
2.904739556134660283e+00
-2.286023827203437442e+00
-4.157209157442573577e+00
-3.327750710374723031e+00
-1.064807172961281578e+00
-6.644450144672370273e-01
-2.307033905442740895e+00
-1.083017581684884156e+00
-2.469085596428459706e+00
-3.483632886637943127e+00
-4.306207836218042040e+00
-1.448140391755266210e+00
-5.692509347086348370e+00
-1.972415924771834028e+00
-2.526915373191414904e+00
-6.446293596972768825e+00
1.706385699847333903e+00
-2.187562594331682320e+00
-4.016422842847144459e+00
-2.397918863893995667e+00
-2.864238397749674814e+00
-2.672096070127375267e+00
-6.924206747606993062e+00
-1.717302221133777840e+00
-2.420792432626109658e+00
-3.549963854207397240e+00
-2.859485196731066381e+00
-2.008328102566872886e+00
-2.195061902826437539e+00
-1.293643407271011903e+00
-3.403758780904003078e+00
7.885274474516279497e-01
-1.351114258769315457e+00
-1.821378654721980350e+00
-4.085640973884091309e+00
1.413000206750960608e+00
-5.870818560862884006e+00
-1.868020055879024532e+00
7.721902039098191284e-02
-2.390662838136950796e+00
-3.986079915005792174e+00
-2.214189864132051877e+00
-1.039891617727314754e+00
-1.664976851259045709e+00
-1.071055832103328331e+00
-2.653825381076567513e+00
-5.008999758966007576e+00
-3.955355230976002723e+00
-1.345447654019815475e+00
-2.473166019370058866e+00
-4.275052272973813849e+00
-1.200020255244132361e+00
-1.778130390766774260e+00
-8.941110909709596655e+00
-1.905042774046049825e+00
-1.386066700960157050e+00
5.871399441748894610e-01
-1.696657271500955577e+00
-2.082742570270338600e+00
-3.959757717305065317e+00
-1.186554698527678475e+00
7.848171090149441698e-01
-3.486077789381161640e+00
-1.842965525167162166e+00
-2.255640378862522333e+00
-4.011242323598518844e+00
-3.772432169434257965e+00
-2.270245187064372061e+00
-9.542299521522686900e-01
-2.020585914555776963e+00
-3.307555646543474559e+00
9.131592495340075111e-01
-4.948334142235172095e+00
-2.099330918326908879e+00
-5.021128389736861486e+00
-6.171750841718781189e+00
-4.135580262277521513e+00
-1.651992993493955897e+00
-1.780372037055141909e+00
3.494804321535194269e+00
-2.414439134039489065e+00
-5.536493641962736412e+00
-4.922226761692128250e+00
-9.313896079050356658e-01
-4.114847087319958518e+00
-7.115168788178714010e-01
-2.435292367817046166e+00
-1.402814265737352795e+00
-1.965667438820926316e+00
-1.564965226060765602e+00
-2.940609199423871445e+00
1.863837667238560813e+00
-1.108719943282893833e-01
4.390686685180830828e+00
-7.464251357930220543e-01
7.228883649318260662e-01
-9.563320311156431330e-01
-2.381461105318587457e+00
1.595374621475833088e+00
-3.857994943539005739e+00
-1.315539781639684103e+00
-1.835662213788154418e+00
-6.404443432654856050e-01
-1.297878240404042538e+00
-1.085221786543716149e+00
-3.283082570711839843e+00
-1.440703793987315962e+00
-9.374893101597420175e-01
-7.424431133453499587e-01
-9.988216633851226822e-01
-1.703592250825344268e+00
-1.212218256726992349e+00
-1.068067817149862320e+00
-4.901876801033747455e+00
-5.454724471291961807e-01
-1.907633977076801157e+00
1.620137523474228347e+00
-3.524370001666225161e+00
-4.642314024791979188e-01
-2.720163291709251752e+00
-2.620836556413861818e+00
-2.473673091771760868e-01
-9.423348177747661314e-01
-5.447556484088613260e+00
-1.692734189773952957e+00
-9.000110123625725933e+00
-4.769065215828637960e+00
-2.928706791242548846e+00
-1.978583777411338618e+00
-1.444071925254236000e+00
-1.001888739034247466e+00
-4.159733085157883536e+00
-3.151395646103230419e+00
-3.054246090317022766e+00
-4.038963667794288170e+00
-1.558287745587255468e+00
5.198848452778032758e+00
-2.749806369531208716e+00
-1.361996679567939683e+00
-3.733893339475933271e+00
-4.218206804348269223e+00
-4.732254141044820450e+00
2.895369270761682934e-01
-3.155703832954084298e+00
-1.367359923699818181e+00
-1.431503754051027366e+00
-2.024121151093293491e+00
-4.245330342657243961e+00
-2.649291227378920865e+00
-2.647240601332978116e+00
-4.609326421800139073e+00
-1.496189041312137924e+00
-1.380777831471011519e+00
-1.211359325312820978e+00
-2.788999669900598999e+00
-2.255569780371229793e+00
-1.266692303422107369e+00
-4.025030233185342254e+00
-5.465400577503708668e+00
-2.454297076664566646e+00
-5.633499209208824077e+00
-7.952299836743027539e-01
-2.598981259063474880e+00
-2.780584253718680454e+00
-3.381316741345026244e+00
-3.050795244417825458e+00
-1.762590594036618663e+00
-9.179098573641405467e-01
9.116405142992439758e-01
-1.927901374864749107e+00
-1.853221636091589852e+00
-1.529423801864239874e+00
-1.464094707470644074e+00
-2.483191332916516725e+00
-3.010891907840206105e+00
-1.510347461842369288e-01
2.354127309079775410e-01
1.265044985929870691e+00
-1.981910106723282272e+00
-4.983139038156556011e-02
-1.372252342267351599e+00
1.203700644779727602e+00
-2.235613021402966805e+00
-2.371897907951269424e+00
-1.830855966142890257e+00
-6.353884481412091390e+00
-1.976153376556439190e+00
-9.585544553088949371e-01
-3.969074816928946703e+00
1.176708729940770137e+00
-1.013258219075373168e+00
-6.144449807019136678e-01
-2.691499024536305296e+00
8.289490497901369492e-01
8.270701208944240435e+00
2.964198182121824843e+00
-1.041091294976491000e+00
-5.337628870229041977e-01
-4.310557869684657817e+00
-3.462013816927522303e+00
-2.734176220161947946e+00
-3.330520217101746727e+00
-9.413352960128902325e-01
-7.480835013432107772e-01
4.359153445038603358e+00
-1.846354803789891141e+00
-1.121094375674627219e+00
6.957604875655544197e-01
1.234377314542510318e+00
5.056403311610189633e+00
-1.320061251548247494e+00
4.519552274203468833e-01
-1.768694621592642680e+00
-4.633654713116842627e-01
-1.011126651188904102e+00
-3.283988737810804803e+00
-1.288242169870080334e+00
-3.762935614917636951e+00
-2.978110670456134423e-01
-1.021030152741542629e+00
-3.870367537156706561e+00
-1.999168308891493773e+00
2.777854753207743332e+00
9.096619093795718314e+00
4.899724934943314736e+00
-3.273277335059326720e+00
1.223364815765468627e+00
-2.807077345971728199e+00
4.799867705406692941e-01
-4.418787966908259701e-01
-1.949613387356955219e+00
-3.297656896243501112e+00
-6.736565580713647083e-01
-1.872347738770559822e+00
-1.743786753730055983e+00
-3.366417093639749725e-01
-6.110847064738954559e-01
1.562345037650665125e+00
-3.449615222071927167e+00
-1.243631567893356715e+00
3.848054224250346822e-02
-2.928627779065267056e+00
-2.848029786075473968e+00
-2.178714075565489239e+00
-2.007212594990918308e+00
-1.100599524209562530e+00
1.749985509323132682e+00
-2.116449305686453286e+00
-5.350514627998046446e-01
-2.137263707443395333e+00
-2.566796055245832875e+00
-1.971906718903959632e+00
-1.035821103570461199e+00
8.145840806822807423e+00
4.234388651960565575e+00
-2.000428174280087124e+00
-2.990481792172707820e-01
-3.120941455158036337e+00
-8.984769702065211749e-01
-2.523448114430776545e+00
-8.821839412723797569e-01
-3.002977238343304656e+00
-2.565996297884618471e+00
3.733769775402746127e+00
6.832777535495594634e+00
1.123201025272471121e+01
-1.195472464041062111e+00
-3.443606898229167879e+00
-2.319032774090222571e+00
-3.971596898290049027e-01
-2.306094258019117660e-01
-3.799189761648233965e+00
-8.550521932597145991e-01
2.256248074134994952e-01
-3.657687509583252172e+00
1.143997774657236621e-01
-4.196607235303229544e+00
-1.390128545350622691e+00
-6.507740918665020358e-01
-3.107379656800143497e+00
8.601958683201191391e+00
-4.494823791337603791e-01
-1.096571324874981102e+00
5.849765665671587733e+00
-3.433946207333229417e+00
-2.589362485851939955e+00
1.542254276568729432e-01
-1.618190203338800925e+00
-3.873090510734523484e+00
2.676840038002746613e+00
9.631945065778309001e+00
-4.764907150039688899e-01
-1.357329548297699473e+00
-1.651441623539658732e+00
-2.518237816982576316e+00
1.379422162607696789e+00
-5.258033064632302578e-01
-2.058953407410760938e+00
-5.571455117497398080e-01
-1.397909039687719623e+00
-1.452072187863623132e+00
-1.117397831052985069e+00
-1.155614870047547704e+00
-2.614775598446767546e+00
4.688292843553763412e+00
-1.088812106115183642e+00
-2.297091423229716600e+00
-1.283660047837614782e+00
1.499194752020799104e+00
-2.278996149310842378e-01
-2.012937236009209041e+00
-2.357615345785615546e-01
2.299669505526827695e+00
-7.005788622177667513e+00
-3.346997036668599573e-02
2.562048147954294919e+00
-2.323008192985497988e+00
-8.763040221905116223e-02
3.979579516816176832e-01
-1.244503422079804356e+00
4.433880405130866009e+00
-1.755153957033626089e+00
-2.378693280047074143e+00
1.420708659989552203e+00
-3.108433364158855738e-01
3.344368946411996113e+00
-5.741439542031500309e+00
9.858849971069871820e-01
-7.919470100421035497e-01
4.520099460693184135e+00
6.121215718904243985e+00
-3.694407422392876672e+00
3.444190452419257364e-01
3.289209942717576940e+00
2.253640293939314532e+00
-3.247820164101489215e+00
-2.172714871016903082e-01
6.811477207800417766e+00
7.585196416214612825e+00
-3.297408662502138821e+00
-7.532788615094963003e-01
5.863069058422737179e+00
1.983386526038720676e+00
2.649960309876424169e+00
-4.693826379588922904e-01
-1.113035163323670584e+00
-1.259705984758858532e+00
5.310007687801494569e-01
-2.662437757549240835e-01
9.928158827672755038e-01
9.048331328073722091e-01
-3.747625913870386016e-01
9.007593146739861778e-01
3.038651180983167333e+00
-2.838772044688231855e+00
5.378929013979063534e+00
-1.063229938391240248e-01
-1.487662187503699385e-02
3.401628759989416273e-01
5.658370076724686948e-01
-2.224065497430853799e-01
2.098290123412823949e+00
-1.416546555611845504e+00
3.041186394036775820e+00
-8.692486098338528810e-01
-4.607454904002217244e-02
-1.495790063495203048e+00
-8.986685742437475199e-02
2.250146870170519620e+00
1.422310290495899743e+00
-3.287955652041934851e+00
1.071524765417784053e+01
1.782508128612994458e+00
3.171280800754044726e+00
4.941450946475593464e-01
5.992319848323355735e+00
7.888739817650559871e+00
3.146226191925611260e-01
3.695107585488633273e+00
7.622493100190325777e+00
-4.747544332961711966e+00
3.155700822582154785e+00
4.736509352762430680e+00
1.788787023109974061e+00
7.724649865847439401e+00
-1.884981071538203601e+00
6.115899656316924116e+00
-3.251903789873100137e-01
4.444029129893150021e+00
-7.163217297798170069e-01
2.648509628650613124e+00
2.801984891114939202e-03
-1.265811917495933914e+00
-2.102769876537851967e+00
1.718331025202541440e+00
2.502893417490086314e+00
6.575112111603205634e+00
-4.451284781220034570e-01
4.704953995620462237e+00
4.473793510163007525e+00
-8.759550289383336574e-01
-1.251594712350242666e+00
-3.038209110160456028e+00
-5.324882158503317919e-01
9.283367465223452797e+00
1.582125614717300177e+00
6.489639294769235178e+00
2.284141296728540826e+00
8.677291382458815150e+00
1.785003430378629075e+00
9.015422108986236083e+00
-2.211932623872870263e+00
3.529191750735852229e-01
-3.602687263336197820e-01
8.053811467053703765e+00
1.122988924369965780e+00
9.009090672312954906e-01
6.024183387105354726e+00
8.578434843112547892e-03
3.166510253093588467e+00
6.256740049896425404e+00
-8.181097715987660779e-01
8.465493824355903030e-01
5.272279830599144734e-01
-1.966890345262615858e+00
5.503860435549244201e+00
5.285853582982251275e+00
3.010153644047210530e+00
2.809682724912352825e+00
-8.442998503625802620e-01
-9.891138951547214786e-01
-1.359424344724836420e+00
-2.073673556698807374e-01
-3.818112270290449639e-02
9.422434476593590347e+00
8.614036148953913008e-01
-1.137045015679699178e+00
4.662334594400171367e-02
1.798282586616957168e-01
1.670900176957701655e+00
-7.791905161293944948e-01
3.224052210713866717e+00
1.621275930239649554e-01
-6.674477194132878433e-01
1.594805228608239922e+00
3.024216185328310491e+00
9.927445030799310288e+00
4.904050505537895788e-01
3.420729854881411569e+00
9.643336178641943590e+00
1.771814865515566328e-01
7.816896057649823426e+00
-1.030721343563187675e+00
-9.774791738894248461e-01
-2.368764273526310138e+00
3.734531783929181614e+00
3.987133401906679087e+00
3.304240790786025173e+00
5.442407895753537339e+00
1.029219314406503649e+01
-1.109356566595100624e+00
9.522715581179902244e+00
1.222539924663335498e+00
3.557826307340751892e+00
-1.084001594377033362e+00
-5.821397256236297002e-01
1.990211014009538815e+00
-5.628042737926314265e-01
1.503190270533189654e+00
2.186228594641649536e+00
2.609953565023132693e+00
4.769662092320686497e+00
2.711417517574712832e+00
-1.013255450551343806e+00
9.080755175643925980e+00
7.678636042353133018e-01
-3.026939252971862504e-01
3.641819616101940493e+00
3.982756622174792316e+00
-2.227822726165375578e+00
-1.713898508015309297e+00
6.449831234080211750e+00
-5.219110908138000493e-01
1.342705048025377712e+00
1.177002906966511775e+00
-1.228612629941813417e+00
7.683333453814241487e+00
8.930057684563472264e+00
8.271622017219225853e+00
-5.546461128272133223e-01
7.604620970392095280e+00
6.770961960480700981e+00
4.091039718138437919e+00
-4.941380624317317505e-01
9.612548068880626406e-01
-8.227753881800837776e-01
8.766298104313976935e+00
4.679780231757858289e+00
5.253244604395971962e+00
-1.180626595110582322e+00
7.679721011655946228e+00
-2.139814920259170528e+00
-1.671187671856779744e-01
3.171440000992146180e-01
2.442221389830579792e+00
8.448660219679654304e+00
9.800162824203713541e+00
-6.605184389898802189e-02
1.067495021914277054e+01
8.925994071422023168e+00
1.290707016531709606e+00
9.101645640462283637e+00
8.662361200479260503e+00
9.824928841660979018e+00
8.498629812099228076e+00
3.281912696488994641e+00
1.659851451527586175e+00
9.429931136308615791e+00
1.036441971211069557e+01
1.416473720511354895e+00
6.614326186003216534e+00
2.890232765327164444e+00
-1.261630230015899468e+00
6.259407415498092320e+00
5.823504520065805323e+00
1.252527269161897117e+01
5.128606638755178970e+00
1.196726336669813762e+00
8.900385335612032378e+00
-1.326636293796320087e+00
-5.095866775924485781e-01
-4.330430209410734976e-01
5.202619821287673751e+00
7.225625380630668282e+00
7.802540064076778359e-01
1.230226642247024493e+01
4.218224352043228542e+00
5.523456553090207777e+00
1.009796578584407278e+01
4.093550608056202300e-01
8.174175902541833683e-01
1.048442580712143446e+01
5.600737244684347971e+00
1.240817652379194058e+01
8.440377904773828988e+00
4.929505592686329152e+00
-1.883808571637051177e+00
4.801588124306653604e+00
8.695657889456896328e+00
1.039745280945954420e+01
8.296546296077552896e+00
7.055443828726693845e+00
3.043519009875994108e+00
-1.129828584667268654e+00
3.824950640489933829e+00
1.083082493107216271e+00
1.121500727742687786e+01
1.230962379076371516e+00
9.244496522661922455e+00
1.236944183135299369e+01
7.813003851583509629e+00
7.401095086363905118e+00
-1.814179334133001920e+00
-1.289338688320291304e+00
1.238230927555698102e+01
4.348677314148698514e+00
3.047833758442378027e+00
1.253729801850319348e+01
9.673822260066142320e+00
3.935999585995547445e+00
1.194506673710249167e+01
7.606544052742386874e+00
2.896790189740627408e+00
9.189305703545603166e+00
1.162763828039814129e+01
9.232780432082583033e+00
6.335523781151701783e+00
5.186743597355365054e+00
5.981791181311716166e+00
9.984663050496870085e+00
1.080938131882053455e+01
8.810945359595597770e-01
4.059657121639822286e+00
6.864407539264335334e+00
2.000612148092478115e+00
6.754575980865811680e+00
5.999267539193404275e+00
8.505274929288868080e+00
7.807985654457834102e-01
8.025991065947629011e+00
-5.214717804741847429e-02
1.147292702952416121e+01
3.403490697329572878e+00
-1.431071252045571285e+00
1.187389408698964743e+01
3.559153876572941133e+00
1.034034330851290129e+01
1.305050285804849075e+01
1.207229957282140198e+01
1.149126422831085037e+01
6.581305243552387552e+00
5.493597392613978947e+00
5.372846924464636409e+00
3.791973979878915380e-01
1.157705227807679371e+01
7.277843141771940694e+00
9.011714975067629751e+00
1.353938093646848095e+01
8.781873448329230669e+00
9.417894375715103905e+00
2.997280101207384195e+00
6.403630314392209755e+00
7.323878052861477528e+00
3.773770938592557744e+00
1.120613272198415977e+01
9.440758092297198090e+00
6.503385295719819048e+00
1.779977260143498885e+00
6.643523904269054370e+00
1.259731425368917712e+01
8.572433558712138080e+00
3.668187732902402631e-01
1.083775680062331492e+00
1.547833650192824040e+00
1.179351196181767669e+01
4.179189868289723275e-02
7.566040380352607286e+00
1.042469014039815356e+01
5.749671550800689701e+00
9.693308487697517961e+00
-3.276734561090770548e-01
5.830785403754161322e+00
6.719258585323344413e+00
1.336050819612166762e+01
5.152537943764166073e+00
8.000825851399200772e+00
4.628464168323447758e+00
8.250111930263487992e+00
4.227224655342899595e+00
4.567065564130983191e+00
1.126541109912343508e+01
3.988762036279555279e+00
6.740137940580035902e+00
1.678896553294301652e+00
1.071423453891325472e+01
2.382314903115470450e+00
1.128888645048019157e+01
5.265756318479603237e+00
1.222507724151149766e+01
8.853507116034592173e+00
6.101542648905143196e+00
4.561472905490431273e+00
1.275307209851100154e+01
1.086077225549126268e+01
1.259059336480155977e+01
6.608848766886111115e+00
6.023305872007731487e+00
1.077332821602626467e+01
5.610843318291917292e+00
-1.667667623611012395e+00
8.814797584039391065e-02
1.367592029440052848e+01
1.134842134766052835e-01
8.674150712214620640e+00
7.010832596692859298e+00
3.837478631380279559e+00
1.314022159970845749e+01
1.309969138124124477e+01
4.858682914232980821e+00
5.478672904005081001e+00
3.727170263408364548e+00
1.224911392246983333e+01
8.638408635346982223e+00
1.281278169210846407e+01
6.293744305523372162e+00
1.342307798991130063e+01
9.149727434019290229e+00
1.222409292886567656e+01
8.284706181757286458e+00
1.363622021111480365e+01
4.739668623693411575e+00
9.593742303675638183e+00
7.572410110617360246e+00
9.378058669175173279e+00
2.769362888397819855e+00
1.396327987440792384e+01
8.938581838460741835e+00
1.415998038797332370e+01
1.123377010156989719e+01
1.176115456297636719e+01
1.256283310638696449e+01
9.688462454248554678e+00
1.376356168378155687e+01
4.563693607009641773e-01
5.885309271687798827e+00
1.344197951687088377e+01
8.683698722472719567e+00
3.636841282473271431e+00
1.221811450469815519e+01
6.339725453423600499e+00
1.256394707279532241e+01
6.731947249399762967e+00
3.394707129709446658e+00
6.279819527799262779e+00
5.830793449762729175e+00
1.082442546894454161e+01
3.226733655915572374e+00
1.300793286394648796e+01
1.056466682522534306e+01
1.104783288519270101e+01
8.449020731215984625e+00
-1.369440512787162501e+00
1.268107797719650165e+01
6.804152245341510863e+00
5.610028274340832510e+00
6.252909777785706780e+00
1.004328719998442132e+01
1.132377376950766035e+01
1.305879439697572053e+01
8.638757428271825134e+00
7.756286040900407741e+00
1.357676103784350374e+01
1.250807680988791049e+01
7.476670258987680562e+00
7.652005272603275010e+00
1.116810211166222011e+01
1.195079587709284397e+01
1.351956454752889591e+01
9.411713377262856284e+00
1.334999734562106077e+01
1.211827865738068866e+01
1.266119191415842060e+01
1.229034299721406498e+01
1.401889622677560787e+01
1.296340759133479814e+01
9.928687296221384573e-01
7.447652186364440041e+00
7.322943555929872339e+00
8.243974388188934910e+00
1.220672227237463581e+01
8.198675494578568035e+00
1.063483425406429639e+01
1.017896273976480792e+01
8.305433696230405616e+00
1.180579867570014230e+01
1.320415666112257469e+01
8.516415128401627399e+00
6.023208825932828248e+00
8.253945494163152929e+00
1.208772991186824441e+01
8.783124757395787796e+00
4.825339835744187234e+00
4.783068549041988859e+00
1.202603435333375437e+01
1.312468322402875742e+01
1.387014503649950825e+01
1.106789170084723040e+01
1.298393341186181438e+01
6.180183346680871104e+00
6.861105225750595338e+00
1.245192901234375071e+01
7.537793757941003925e+00
8.199824900445558395e-02
1.304080231038880200e+01
1.120374973761316895e+01
1.099781185809237805e+01
1.271896140226382599e+01
8.062489559503074332e+00
1.045992676544457822e+01
1.224057540085581586e+01
1.421401156808866362e-01
1.246559106705533715e+01
3.605624212771424197e+00
1.200085085240988825e+01
3.160161352891926789e+00
9.060564831810445696e+00
9.841556398237941039e+00
7.312099907740486238e+00
1.071371318295265240e+01
7.036607600878022062e+00
2.211654314815826083e+00
6.674334320761964534e+00
9.665726018541890951e+00
1.105103990182608698e+01
1.358031576244177252e+01
1.256250753764196304e+01
1.326903499935465902e+01
1.111101150984102581e+01
1.400917385317854702e+01
1.280486305475086795e+01
1.326734001103153204e+01
1.294330786998532901e+01
7.816705260879505346e+00
1.192352793109848541e+01
1.349206051015599428e+01
6.269502614178317224e+00
1.272399259088796164e+01
4.121827355645614865e+00
1.100680088637649234e+01
9.408032877199826061e+00
7.830015658374373189e+00
1.046675495809673961e+01
1.025433627657923452e+01
1.307794496340628321e+01
1.091811040556350676e+01
1.190911649753637391e+01
1.177874071775126374e+01
1.084523904880397005e+01
1.036952665428690779e+01
1.193220026462649663e+01
1.213921944366959593e+01
1.178342136089350056e+01
7.349933322395797219e+00
1.261286154795519998e+01
1.074998725393820287e+01
1.303114341570094048e+01
9.446198536023588943e+00
1.235932717289487925e+01
1.033830977812007745e+01
1.257094852925649420e+01
1.000796801266820424e+01
1.282739636068220790e+01
1.239135146097244977e+01
1.360836553582328889e+01
1.164887667974252672e+01
1.368071187405991296e+01
1.272561486419740007e+01
1.115543387017399191e+01
1.275048127801244391e+01
1.233419581410911192e+01
6.609052227288721326e+00
1.357932426101856294e+01
1.147905885272282411e+01
1.225537725154015334e+01
9.940256952121290013e+00
1.081663884449058521e+01
1.367935094851823230e+01
1.258599969643931793e+01
5.930205078241872485e+00
1.228121643879030955e+01
1.125555532230998601e+01
1.327373211997702640e+01
1.310691666281930523e+01
1.030043970240428308e+01
1.134057945906840992e+01
1.300088225229970718e+01
1.274717439175800315e+01
1.128338103806601644e+01
1.024065003681283770e+01
7.687752208187879077e+00
1.100095030056625056e+01
7.131127562943830434e+00
9.929278664162277224e+00
1.288796123507499480e+01
8.453237514270071529e+00
1.170874028436726100e+01
1.156055452486021728e+01
1.390165762996283583e+01
1.311829673837026888e+01
1.268346363562756274e+01
1.278318040165773439e+01
1.353508962471927646e+01
1.021145529085539216e+01
1.370455677931159144e+01
1.349986743712335446e+01
1.266210749412181080e+01
1.260343542995515342e+01
1.334594530002014068e+01
1.211397627516356579e+01
6.014325944535935164e+00
1.193266929227485029e+01
8.509568764837192489e+00
1.324005026634971571e+01
6.936115882398506294e+00
1.198207748430850295e+01
6.986142583200610545e+00
1.193400726228431630e+01
1.300188569414035733e+01
1.232539956424427530e+01
9.937318585164822693e+00
1.194622512397373804e+01
6.776646780734291831e+00
1.164563972105045941e+01
1.389287571369897023e+01
1.401327239165288496e+01
1.179366457301713922e+01
1.277008031800217047e+01
1.384051063771984502e+01
1.304880201141486218e+01
1.306157820840772565e+01
1.330031736830126121e+01
1.080146716134278684e+01
1.187916763404510689e+01
1.236078847600816566e+01
1.246085291137497819e+01
1.200009524224147484e+01
1.237541507234531579e+01
1.096773840448518733e+01
1.343891803747495217e+01
1.375426416621768055e+01
9.240697806269038139e+00
1.381176826435043736e+01
1.325984288280192303e+01
1.165556313960371426e+01
5.517197153314946867e+00
1.044781108281911131e+01
1.233932914481430387e+01
1.313323356105103201e+01
1.341365984957117341e+01
1.312088022408675059e+01
9.193843576310232635e+00
1.148089965197005036e+01
1.172498115024358789e+01
1.339454444090938701e+01
1.292189601085136985e+01
1.226580390125451991e+01
1.336765108521402112e+01
1.358178529230741027e+01
1.265903815196312365e+01
1.299458340788912558e+01
9.709392095188727367e+00
1.338896649229961788e+01
1.269914666080996923e+01
1.260281197138303710e+01
1.205879661078135534e+01
1.273743320349506014e+01
1.193268743351876182e+01
1.409734210914215957e+01
1.135426484210724851e+01
1.257119053548277421e+01
1.154968795590399289e+01
1.254650710549256942e+01
6.656296394737946542e+00
7.995725478949755605e+00
8.997539943375306493e+00
1.322734458478491248e+01
1.152307522899043590e+01
8.362465317409688126e+00
1.238397224349334813e+01
1.274675644654059781e+01
1.201432218685150488e+01
1.370555508793925625e+01
1.209481373483590261e+01
1.350869334796246335e+01
1.118059632601444697e+01
1.270657293099806573e+01
1.241046141170146555e+01
1.404283339860264590e+01
1.262440049157258493e+01
5.654888336232547275e+00
1.047097505783248650e+01
1.040233128108227589e+01
1.292710793750166864e+01
1.072092081424820265e+01
6.800643758197706390e+00
1.363082187198004291e+01
9.269451932323971022e+00
7.584476751750584889e+00
1.243465881628343084e+01
1.109801535552250407e+01
1.226869146806672717e+01
1.257916402746797502e+01
1.366204370529097112e+01
1.321226983992228021e+01
1.203597419355961406e+01
1.354085012127769261e+01
1.346405450973428053e+01
1.318558933434132818e+01
1.173912906085283225e+01
1.316901653417012952e+01
1.284265828755760275e+01
1.126309851536354500e+01
1.091937629661441989e+01
1.294633985131983422e+01
8.903956265290254635e+00
1.139984219031597235e+01
1.336808835937875273e+01
1.034989533783217652e+01
1.312947798235264507e+01
1.138660676016082363e+01
1.272007558610412303e+01
1.304701443725749854e+01
1.214000270340434540e+01
1.302687095346478685e+01
1.239237054418283535e+01
7.926988988165774686e+00
1.179186955498509271e+01
1.254505815862225937e+01
1.265692120521641151e+01
1.067025246057632160e+01
1.282587640765315307e+01
1.018062072099138682e+01
1.169719497900708838e+01
1.195224067651591859e+01
1.111352862311520084e+01
1.310530316695659536e+01
1.256513719156028586e+01
2.869892835145374743e+00
9.289476973483047573e+00
1.303820446409899425e+01
1.313961603815707413e+01
7.643374358895833609e+00
1.229593638377241049e+01
1.032826388394527228e+01
9.280633191501777901e+00
9.156559361634412753e+00
1.339198687764474904e+01
1.266709986703618540e+01
1.310065635870395440e+01
1.222854288522172439e+01
1.175984233637481857e+01
8.684466300091125746e+00
1.113815311206390390e+01
1.265818422401412136e+01
9.663768226763233216e+00
1.246221491095446865e+01
1.276912660118002485e+01
1.180989083907565984e+01
1.340511148856323587e+01
1.313524260630738283e+01
1.314712022038562544e+01
1.294991603327458307e+01
1.409600723351784168e+01
1.324643283756529399e+01
1.259853006945543896e+01
1.458281878358236128e+01
1.220968549481260901e+01
1.285133129931548979e+01
1.261458937939345759e+01
1.377447002630350603e+01
1.156003195555145346e+01
1.420503153096117011e+01
9.644806887329767875e+00
1.082365606460246532e+01
9.461336240646254225e+00
1.248458971064753875e+01
1.210663008150087450e+01
1.289997051925017146e+01
1.306960558084395885e+01
1.078086165562685927e+01
1.188663865624045179e+01
1.159725708390645593e+01
1.201583782959293600e+01
1.310727735751452272e+01
1.300702360195409213e+01
1.134694696193297503e+01
9.606316271737860291e+00
1.321299129022649765e+01
9.243421187771463821e+00
1.294824072171318896e+01
1.311285454354819713e+01
1.157119660071853140e+01
7.814220342819815812e+00
1.349924873162020589e+01
1.363972840824494348e+01
1.240626198736528174e+01
1.171987547922094741e+01
1.280320338166003147e+01
1.300108813257861229e+01
1.253593973917319637e+01
1.166389487167066896e+01
1.230540576158837496e+01
9.101459016474898078e+00
1.325512451931213853e+01
1.097211074088174243e+01
1.069727929691515200e+01
1.211941118453601618e+01
1.273057197849198907e+01
1.128387110982048114e+01
6.007535194677258161e+00
1.313682958140998736e+01
1.269538738550787293e+01
8.137002484588679252e+00
1.153400730758561643e+01
1.713442115617110462e+00
1.100221006236456667e+01
1.265300080794441229e+01
5.150215923373970384e+00
1.137353827488617064e+01
9.850319195560903296e+00
1.168994595723509100e+01
1.234309915837970628e+01
1.020252432415495925e+01
9.220309319019113659e+00
1.363182819516368660e+01
1.365427561596231953e+01
1.237053108329823381e+01
8.939915084882672502e+00
1.261206797181509920e+01
1.173483444984698920e+01
1.197136709843572433e+01
1.295110648684917720e+01
1.287127897739786420e+01
1.123913103748984454e+01
1.214078060172423967e+01
1.279949805901042303e+01
1.091559925951233012e+01
1.099465612201603371e+01
1.270686101289636127e+01
1.225133494734006590e+01
1.249862134260933999e+01
1.211964040024653855e+01
1.135940583614765487e+01
1.324799801990623216e+01
1.155495053317569187e+01
7.876025193039555283e+00
9.189481400483002105e+00
1.124822489134092329e+01
1.341057560552232886e+01
1.231576315771100028e+01
7.987767689947193439e+00
1.252284925548379491e+01
1.167426609114692404e+01
1.157834733468388322e+01
5.939109133056604151e+00
1.162255931251150010e+01
1.209077989953061305e+01
1.119428247982387958e+01
8.314043191102177488e+00
1.109964494443091709e+01
1.242766902306662402e+01
1.362690193028094576e+01
1.301600688323635069e+01
1.215392363865060688e+01
1.195205361483663964e+01
9.191517756175429099e+00
1.234307041356939116e+01
1.275021672809801743e+01
1.255172993576287155e+01
1.293958308945482827e+01
1.175635820126642628e+01
1.108484109304551524e+01
-1.332897846361533301e+00
1.185576535441758139e+01
6.969694077617361927e+00
8.734158331933741692e+00
6.566051714282861163e+00
1.239595163693649660e+01
1.193554728517912800e+01
8.836731996121869770e+00
1.195852288989285483e+01
1.243370418176489345e+01
1.014856171612015068e+01
1.115149132902387308e+01
1.078663800722238619e+01
1.316595568544470574e+01
7.117408268010017913e+00
1.167236964501307561e+01
1.109897844344681239e+01
1.244449492929144974e+01
1.232251470485219436e+01
1.182848264769652502e+01
5.055121161845474553e+00
8.941987862262939402e+00
1.206068368996283624e+01
1.299241587495784245e+01
1.117437922947380891e+01
1.203285232239649716e+01
1.292379497953550604e+01
1.120150184749448208e+01
1.269443366357229230e+01
9.793506811830535952e+00
1.102428371558412579e+01
1.207658950149664534e+01
1.227308917043333913e+01
6.520786688567423717e+00
8.402070892980699313e+00
1.248656009137192413e+01
8.471170450394337692e+00
5.744905015486738264e+00
1.328784957627590657e+01
1.033862557129693904e+01
1.267103600475799752e+01
1.267098174783818365e+01
1.230122754789399053e+01
1.259595814137344938e+01
1.148597239711565976e+01
1.261877833293431905e+01
1.195008061933081223e+01
1.357536784411516173e+01
1.154367181840272139e+01
1.177376450165671784e+01
1.255636020971226330e+01
1.255443834773793910e+01
1.330004341936940726e+01
1.217411382896986716e+01
1.246856259925964139e+01
1.199327615143522330e+01
1.164744896464592472e+01
1.323746524677228109e+01
1.247484199936901383e+01
1.094326816283800774e+01
1.262254768928270643e+01
1.294011291186217960e+01
1.009762129497572225e+01
9.276841084079698874e+00
1.200562991118166778e+01
9.562270991657225494e+00
1.227440531371953725e+01
1.291556506958873385e+01
1.235508551891987672e+01
1.073006583288252180e+01
1.265757186271689605e+01
1.111624240547860154e+01
1.104447474733349743e+01
1.132179102150191774e+01
1.084974998990410455e+01
1.195608961918136082e+01
1.182388439049352336e+01
1.219736304894784595e+01
1.245168462987096980e+01
1.293445622236004589e+01
1.207239032447404270e+01
1.276263441360849527e+01
1.296716893352739142e+01
4.792029979859917965e+00
1.174772679812260989e+01
1.183376898534260313e+01
1.139583661376362400e+01
1.314221888970901375e+01
1.213092715883224137e+01
1.044726456725339148e+01
1.030546982094491959e+01
1.193374696987529227e+01
1.148733251213959683e+01
1.228979387219519204e+01
1.264846662323935256e+01
1.041124493280005403e+01
9.252718888237561501e+00
1.296376482686885900e+01
1.288332350550581396e+01
1.248315877387824102e+01
1.198416911646925698e+01
1.214367441868045283e+01
1.284108510880614062e+01
1.358713290177522559e+01
7.276671850238004779e+00
1.101692260215252617e+01
9.441078473408786920e+00
9.905768274013940555e+00
1.340446921474868169e+01
1.302138787390006947e+01
1.194358739217867438e+01
1.140910627140442202e+01
7.994019122570323432e+00
1.234918962218910288e+01
1.191661303757876134e+01
1.025289548226698066e+01
1.093262455038079572e+01
7.666469179769358711e+00
1.295191411059054865e+01
1.116683865005659548e+01
1.275941535345764422e+01
1.290361708926445417e+01
1.007003109039393074e+01
1.045047445008404630e+01
1.323907608201804820e+01
8.463408250164265567e+00
1.125904912197095697e+01
1.130502905191228891e+01
1.088573984368251324e+01
1.091917214022659444e+01
1.092782836419660697e+01
1.237131893307011410e+01
1.008961632977138478e+01
1.200978579794655055e+01
1.274900112715047129e+01
1.276671441413565766e+01
1.193600169529086408e+01
1.077316797496369993e+01
1.169507039379756996e+01
1.214193651222549342e+01
1.255895381277892220e+01
1.275389205447947560e+01
1.278845261918013421e+01
1.158024661266565936e+01
1.097042279482227833e+01
1.185018029331090439e+01
1.186857959959569087e+01
1.009648456752305101e+01
1.280255042769484319e+01
1.243334736528104756e+01
9.730077113333654992e+00
1.011939117671307109e+01
8.990627776793413517e+00
1.279849065630286553e+01
1.332376770269796751e+01
7.156467232350823160e+00
1.114306405098339603e+01
1.338345569547247393e+01
1.159188679600722516e+01
1.186140007817656716e+01
1.216793849621940105e+01
1.141414909255423815e+01
1.030539439506351584e+01
1.108660871898077538e+01
1.148492363231981095e+01
1.143107094819901093e+01
6.939355263070590141e+00
1.224843796100214988e+01
1.137925119381587713e+01
1.146691490882987985e+01
1.300288391087995876e+01
1.244444693142479430e+01
1.221877642403315534e+01
1.314206370661421630e+01
1.312537692008103818e+01
1.255752240438092748e+01
1.261233316011265160e+01
1.304859946319325381e+01
1.078715035338854733e+01
1.060608275599138217e+01
1.260685663845005244e+01
1.271001983713292383e+01
1.271326093885476283e+01
1.286732351441930611e+01
1.144456784350951040e+01
1.210306908953459448e+01
1.332804360720650827e+01
1.307423559861762818e+01
1.301440687770972460e+01
1.350359761519796287e+01
1.246835999434901687e+01
1.355524345268327480e+01
1.222785805138862791e+01
1.383558145794331118e+01
7.251629909488469750e+00
1.310088509924781874e+01
9.765002220926689347e+00
1.249874742067748912e+01
8.748846262606043922e+00
8.298811878017152921e+00
8.691549438804729633e+00
1.369545636913229281e+01
1.311302308097930158e+01
1.170244628675670917e+01
1.326375122121007166e+01
1.338131692055234723e+01
1.274781041007295812e+01
1.263139182479266864e+01
1.326200855868444961e+01
9.845719113822045898e+00
1.212128319273838706e+01
1.358241995725697215e+01
1.385514518915802462e+01
1.342980634566251652e+01
1.308679775931033973e+01
1.316478877116602852e+01
1.978619873925266504e+00
1.208873167190121301e+01
1.339460250170626665e+01
1.288696065898701804e+01
1.061402539214266483e+01
1.337643872947075074e+01
1.245619350394213143e+01
1.155998259171063403e+01
1.294421992882720041e+01
1.282149469343236881e+01
1.341633864039943980e+01
1.377720509677963712e+01
1.011548813152404058e+01
1.001638740317448395e+01
1.305703503996924297e+01
5.146584686740493630e+00
1.304980517429407882e+01
1.320222186513379015e+01
1.318121916219328504e+01
1.268041141452759923e+01
1.229160698845966238e+01
1.235176716110099804e+01
1.323155794689248310e+01
1.404384751214814031e+01
1.059649009832996391e+01
1.280653932659489058e+01
1.080029706240130238e+01
6.074031129280043295e+00
1.240828234073184255e+01
1.031350261695656201e+01
1.229972355441662835e+01
1.247436206718859708e+01
9.457494154926163077e+00
1.250390565771209417e+01
1.243743623888433447e+01
1.265677602234731935e+01
1.036053544363680956e+01
1.288487384070159258e+01
1.320544641726670854e+01
1.308787491901178157e+01
1.025025015719266008e+01
7.555638074898304524e+00
1.142178122177653776e+01
1.341747344886027449e+01
1.361906157173972076e+01
1.375140691717400365e+01
1.252504274568849674e+01
1.294748005836540017e+01
1.284970955350595467e+01
1.173133110726598183e+01
1.401579955518015908e+01
1.442334432908945629e+01
1.387072746461220696e+01
1.193644327167768893e+01
1.332715183492060440e+01
1.122405058661171395e+01
1.333275029546080148e+01
1.223986502907479057e+01
1.230576911384291350e+01
1.093565160544710224e+01
1.187096773353112766e+01
8.541536840556259946e+00
9.884835841764321174e+00
1.273702443855968980e+01
1.310872728842445767e+01
1.321807278863773938e+01
1.325845683339283987e+01
1.013819239274325135e+01
1.318817988024935772e+01
1.201302535451456421e+01
1.188548953501691230e+01
7.777286421663355931e+00
1.284465442618123099e+01
1.294704462395790578e+01
1.098347167928391599e+01
1.155172089749455111e+01
1.244769043533566943e+01
1.258263046706987787e+01
8.828948943464203225e+00
1.228794110060434086e+01
1.256901585502969887e+01
1.188546621133042791e+01
1.372220394377634634e+01
1.125798155095758979e+01
9.998335149250850762e+00
1.326897229911721254e+01
1.247635310920101226e+01
1.326897229911721254e+01
1.289549095377326537e+01
1.309869054848168446e+01
1.318987168338661320e+01
1.285655415192391793e+01
1.308668717990491892e+01
1.266911677945416059e+01
1.220657800739079057e+01
1.337538465593579140e+01
1.209327465163111803e+01
1.043838642045646736e+01
1.306811090539996201e+01
1.184235615321503055e+01
1.167713852402894226e+01
1.351884979489269689e+01
1.349432016497623366e+01
1.252124470651502719e+01
1.317565002021904874e+01
1.366985748384677279e+01
1.332030172023508996e+01
1.320473322530340354e+01
1.252786993393578641e+01
1.003051509036274247e+01
1.160137332344235439e+01
1.298776473753737548e+01
1.361624144388819779e+01
1.151621708633262919e+01
1.255502051915511430e+01
1.201491015565627762e+01
1.208364463496515029e+01
1.333685100649054256e+01
1.141261726634482088e+01
1.306776622318919401e+01
1.126531079770183297e+01
1.185332993677162072e+01
1.029514897526756734e+01
1.345572216515968655e+01
1.092055711823473807e+01
1.117483200966355561e+01
1.337947674843553258e+01
1.339308429001314948e+01
1.272882093588553332e+01
1.318826346852014275e+01
1.292286887664003636e+01
7.416946762781510216e+00
1.336516627620546416e+01
1.232665049912757915e+01
1.322138837414053647e+01
1.219977615053032949e+01
1.130916708496559053e+01
1.237762485738035423e+01
1.315289879402770978e+01
1.325869107602549590e+01
1.063943026528454183e+01
1.235038021575994271e+01
1.282714324656189575e+01
1.236356118060909637e+01
1.214200134338332404e+01
1.021029729625561622e+01
9.671095931754074115e+00
1.178134439177015302e+01
1.272315803857687477e+01
1.320898831170677568e+01
1.308540558259683273e+01
1.150252839998948495e+01
1.351050433683301577e+01
1.361672767295611131e+01
1.106850672721393813e+01
1.312466499809342935e+01
1.252112814812828390e+01
1.348025961930985517e+01
1.153782559226698012e+01
1.340554693757582072e+01
1.320469435473469488e+01
1.340762802237322049e+01
1.340909636867448818e+01
1.364912024140001634e+01
1.293855311383917872e+01
1.052709077035892093e+01
1.368825847581795507e+01
1.347463842653977650e+01
1.336966658934694863e+01
1.351497306670628085e+01
1.351795194370085085e+01
1.355305969299730862e+01
1.263266473728943495e+01
1.366840016580154860e+01
1.340790843877717009e+01
1.367750570769808682e+01
1.280371618592747929e+01
1.099728305651349203e+01
1.255461862429504372e+01
1.238629504906761092e+01
9.660837370554899550e+00
5.218434972350610934e+00
1.207376676146003547e+01
1.351902227531290279e+01
1.379801351021585099e+01
1.343614509601277973e+01
1.339922181815891733e+01
1.174329092490995130e+01
1.382952561487511289e+01
1.290569648875634456e+01
1.345732153765170125e+01
1.106853825848938122e+01
1.372035550910109514e+01
1.401370445371100004e+01
1.351945206698778712e+01
1.276236729949835436e+01
9.906291397281881572e+00
1.157666865546395663e+01
1.363445306212731190e+01
1.355220378413049609e+01
1.366519051312208255e+01
1.379696344876703407e+01
1.373594428457732164e+01
1.367931515898667705e+01
1.385155179141424675e+01
1.203607679051877000e+01
1.307077626874831111e+01
1.302280131508240935e+01
1.010347834583950721e+01
1.312693075498686213e+01
1.212658052926695618e+01
1.382810892088471633e+01
1.233493346613571973e+01
1.361861416944918979e+01
1.369962815825651781e+01
1.358485768941056726e+01
1.339172707039361221e+01
1.377148381586350645e+01
1.186096750074388950e+01
1.183470425820409488e+01
1.367114076701371950e+01
1.304362606911173472e+01
1.380483874934907895e+01
1.330479868287732970e+01
7.696167262217601390e+00
1.186171513064966732e+01
1.346261435560064079e+01
1.084253677408170802e+01
1.165568525175733683e+01
1.283833575104987901e+01
1.365455539986879785e+01
1.259236216860109181e+01
1.172149222858782736e+01
1.348996706168496829e+01
1.342155802267819453e+01
1.364095690474237088e+01
1.201033153181296598e+01
1.383521838202316800e+01
1.251734630675402826e+01
1.214176248059818164e+01
1.256171659898252813e+01
1.028621510784743975e+01
1.211226369653599733e+01
3.897719306383587323e+00
1.298510591374487433e+01
1.273407966450008821e+01
1.177348995109549890e+01
1.338545574892215484e+01
7.283097520437951999e+00
1.353586352174545482e+01
9.488185648371540992e+00
1.370606603559090964e+01
1.194966773704022600e+01
1.313929524092495527e+01
1.361297628751004396e+01
1.308997254460435755e+01
1.108611547865049118e+01
1.401370445371100004e+01
1.379477370052019758e+01
1.267360327728817637e+01
1.391956299656414231e+01
1.385026776976741480e+01
1.330717719744398586e+01
9.899012031110709486e+00
8.020654697344363981e+00
1.234362633397278763e+01
1.302555926306017930e+01
1.368641911771940123e+01
1.364095690474237088e+01
1.365952281708948846e+01
1.365135794611451558e+01
1.174400909917017088e+01
1.341235717983350284e+01
1.406297158830459892e+01
1.401383545590633695e+01
1.362532684910063097e+01
1.283235908777206014e+01
2.314977151448600168e+00
1.271425240556756009e+01
1.401814160089585570e+01
1.382713148947957116e+01
1.372735246034297774e+01
1.003627915598278975e+01
1.377148381586350645e+01
1.274938387774013471e+01
1.386655469937247531e+01
1.290177863404765368e+01
1.266815022308423799e+01
9.682258515217098349e+00
1.356515803854343183e+01
1.360928857558548977e+01
1.172014074395943339e+01
1.370531278632416949e+01
1.214694397501155443e+01
1.332122612954413121e+01
1.239465321443363877e+01
1.274619505795964614e+01
1.055437413817631587e+01
1.286860712381736072e+01
1.272236276620554918e+01
1.166417987885430030e+01
1.115470475804015749e+01
1.351954278734730686e+01
1.287339909314276021e+01
1.172059935299859035e+01
1.132672170030162917e+01
1.376991509672506453e+01
1.398397727386794287e+01
1.271084410478041882e+01
1.134346768982353382e+01
1.322416735994621639e+01
1.249917245206392025e+01
1.392309815592952660e+01
1.164840794292853232e+01
1.363656973134720829e+01
1.341498815573075021e+01
1.334616919225262599e+01
1.381515988139963191e+01
1.219352078301920983e+01
1.382018933861088605e+01
6.966936199977961763e+00
1.281055499979697565e+01
1.365325939223585472e+01
1.358713093408895745e+01
1.257956743671838673e+01
1.354098846921653276e+01
1.367642311730421412e+01
1.367938378033782421e+01
1.191706050134633799e+01
1.385758268758279854e+01
9.472954797597704868e+00
1.342567952447682700e+01
5.517862517406717515e+00
1.282608573071827607e+01
1.384329277341615594e+01
1.388580928771638412e+01
7.273973846306743596e+00
7.289259075828528722e+00
1.353044457696174696e+01
1.439469912213397507e+01
1.307352931537157659e+01
1.008697158359936452e+01
1.436789879382720514e+01
1.141778510581020534e+01
7.795437638907882771e+00
1.354086632882184027e+01
1.093715941246093770e+01
1.380083671383637878e+01
1.300119229760248274e+01
1.377571139225064378e+01
1.321238656668736944e+01
1.019410491593492374e+01
1.381058388989213270e+01
1.095376926563511866e+01
1.023695273145910711e+01
1.270972955684691463e+01
4.646550188177548613e+00
9.644886416280401775e+00
1.296660434204100731e+01
1.123500857556376786e+01
1.109444432191402008e+01
1.356880918960777294e+01
6.527279266856977458e+00
1.332046308696376791e+01
1.356880918960777294e+01
1.301439952104895781e+01
1.138758124287284268e+01
1.324008824327547629e+01
1.358751353546430352e+01
1.246249201892717906e+01
1.252151613011825582e+01
1.138570621986482578e+01
1.352600007189778353e+01
1.315311512644430714e+01
1.249607130049913017e+01
1.025276461655956162e+01
1.382613208725947374e+01
1.252270111604752856e+01
1.344552589853578262e+01
1.682375589069224464e+00
1.204821476296837091e+01
1.374189280075879260e+01
1.401814160089585570e+01
1.304074771126264132e+01
9.787455122852293243e+00
1.371104450858233470e+01
1.177945636325263301e+01
6.483962878825879628e+00
1.274167513498662707e+01
1.381285459236054969e+01
1.265645948418314859e+01
1.253015573040761055e+01
1.305088836577768596e+01
1.298338632030610462e+01
1.227274781209559329e+01
1.350204204112519513e+01
1.328724313383419187e+01
1.371107250677817291e+01
1.360915123481174049e+01
1.221326834824395213e+01
9.369617557585339540e+00
1.307972035413514789e+01
1.103732703171031915e+01
1.330238321303224325e+01
1.338594391873013834e+01
1.117475992763207238e+01
1.301666361353803758e+01
1.311966556591233690e+01
1.345269228663372196e+01
1.009703983775522573e+01
1.341415050215905325e+01
9.071449370351821528e+00
1.278837129547767937e+01
1.399175620364291284e+01
7.056798280297161163e+00
1.363649479254624985e+01
8.209613551878907955e+00
1.351504412199220440e+01
1.325345512788705093e+01
1.283394359739159718e+01
1.187431368136954291e+01
7.422290822928840015e+00
1.330041988791343677e+01
1.297773585739255253e+01
1.337333515494592717e+01
1.229092325012265974e+01
1.283602322861753287e+01
1.197886478264213928e+01
1.370378781912862465e+01
1.295198713174724681e+01
1.374436195055438681e+01
1.323775160202569090e+01
1.375114596625440200e+01
1.372234743507023325e+01
1.369332197892691028e+01
1.291717086060308972e+01
1.312737437864907797e+01
7.101983620822816867e+00
1.236978669094032668e+01
1.313049091117569134e+01
1.387634189427919296e+01
1.319416669293640609e+01
1.185557942257810105e+01
1.332283906471255719e+01
1.399696625894281077e+01
1.362848447801604479e+01
1.382507957341804605e+01
1.335400130444948630e+01
1.123134974791669727e+01
1.331383630132428486e+01
1.128920552471835137e+01
1.387012875497523723e+01
9.098384372806837206e+00
1.346896387509795723e+01
1.080459711595765171e+01
4.534529649043990140e+00
1.299116232260684711e+01
1.308335422850888463e+01
1.299695648283033123e+01
1.154147584771431312e+01
1.336705923290372233e+01
1.258280198868188648e+01
1.293474097543476375e+01
1.296915332018824785e+01
1.117940319100081759e+01
1.294553994270169994e+01
1.202669770016961515e+01
1.293377659690763792e+01
1.300065799278424272e+01
1.080560702920293892e+01
8.272237392920482435e+00
1.109982648604225197e+01
7.285109567996459923e+00
1.336787633687864130e+01
1.295383436086788365e+01
1.004000541361201826e+01
1.297895102831831160e+01
1.243958873945424770e+01
1.362805891654979540e+01
1.337853351535817126e+01
7.266708505331506807e+00
1.348642864549097098e+01
1.122623993234421036e+01
7.312304635049382995e+00
1.353266747258536107e+01
1.037809417097982667e+01
1.333681549067094174e+01
1.352610091687369831e+01
1.337175589843293366e+01
1.316386693738891545e+01
1.334072888290450365e+01
1.201976254222856255e+01
1.368707576551297045e+01
1.310851478511923141e+01
1.368641911771940123e+01
1.146576186323562929e+01
1.347825073644095895e+01
1.381038588331787409e+01
1.357295804563906394e+01
1.113145267903415991e+01
6.210495272790398147e+00
8.652358392820925559e+00
1.328516773844048871e+01
1.343351292185628409e+01
6.695475320725070567e+00
1.370896587966173641e+01
1.390605940957549436e+01
1.377148381586350645e+01
1.312566691670163088e+01
1.352707407469450551e+01
1.270130202624585536e+01
1.250088590833412461e+01
1.150882368870182759e+01
1.377148381586350645e+01
1.236089389148168927e+01
1.136997876467274793e+01
1.345317978997472252e+01
1.318842637452701538e+01
6.789642698689287492e+00
1.227265395675804349e+01
1.118031207981689867e+01
1.356228458120872382e+01
1.362805891654979540e+01
1.323087497919938471e+01
1.356114317794630431e+01
8.049096608094544081e+00
1.303455825135764634e+01
1.385654567537471848e+01
1.382613208725947374e+01
1.352658999806182827e+01
1.235121532128417776e+01
1.052243039283758819e+01
1.388869832589174180e+01
1.228176981397523804e+01
1.379708692286606819e+01
1.342769784308312353e+01
1.310171225623475699e+01
1.305116410788262549e+01
1.332465513877079388e+01
1.270119041077082400e+01
1.352076310279386639e+01
1.364095690474237088e+01
1.220637485101380193e+01
1.148261656996056956e+01
1.359103208139632812e+01
1.325372921584856911e+01
1.271853304250338823e+01
1.373212522201132302e+01
1.187146637323250609e+01
1.298021833738340547e+01
1.383693111030568446e+01
1.382613208725947374e+01
