0.000000000000000000e+00 0.000000000000000000e+00 1.000000000000000000e+00
1.942033948667964367e-05 -7.035365481900251062e-04 9.999997523295564017e-01
8.299027119811254070e-05 -2.109241961509544273e-03 9.999977721029956745e-01
2.153663866250586395e-04 -4.214873403462323503e-03 9.999910941900891359e-01
4.411005257026303413e-04 -7.017305984169337763e-03 9.999752811179937195e-01
7.846060299088302705e-04 -1.051252202954028846e-02 9.999444340931619157e-01
1.270121688379188428e-03 -1.469559678574523104e-02 9.998912071950286640e-01
1.921672758577199457e-03 -1.956068090487098760e-02 9.998068248098170852e-01
2.763028483289574431e-03 -2.510098013438720813e-02 9.996811023871159385e-01
3.817655574244861391e-03 -3.130873270606736314e-02 9.995024706134992831e-01
5.108667189456681142e-03 -3.817518498848381653e-02 9.992580031059464796e-01
6.658766996392133722e-03 -4.569056603022136898e-02 9.989334477327740380e-01
8.490187986112736340e-03 -5.384406167755179801e-02 9.985132616708500830e-01
1.062462578438341104e-02 -6.262378899943346622e-02 9.979806503047258248e-01
1.308316629402685866e-02 -7.201677179323345834e-02 9.973176100657357157e-01
1.588620759800246293e-02 -8.200891797535814209e-02 9.965049752969211694e-01
1.905337615412956015e-02 -9.258499968084046849e-02 9.955224692127193631e-01
2.260343741918576649e-02 -1.037286369036923561e-01 9.943487590007259458e-01
2.655420115122249236e-02 -1.154222855043487150e-01 9.929615150865765960e-01
3.092242175307055585e-02 -1.276472303907417172e-01 9.913374745522897102e-01
3.572369413566571505e-02 -1.403835846445065372e-01 9.894525086635810318e-01
4.097234569530617404e-02 -1.536102953127502224e-01 9.872816944231215253e-01
4.668132511236942200e-02 -1.673051565181463418e-01 9.847993900250068267e-01
5.286208878830499225e-02 -1.814448304555386082e-01 9.819793140415071786e-01
5.952448584069176124e-02 -1.960048767417433835e-01 9.787946281272523752e-01
6.667664267052671179e-02 -2.109597904671733082e-01 9.752180229792828392e-01
7.432484819938932341e-02 -2.262830491639879482e-01 9.712218072448620676e-01
8.247344094442968232e-02 -2.419471687568421070e-01 9.667779990237052035e-01
9.112469915409387999e-02 -2.579237684005057929e-01 9.618584195685040417e-01
1.002787352651482167e-01 -2.741836439356584720e-01 9.564347887485554756e-01
1.099333959601835747e-01 -2.906968495124150342e-01 9.504788218071998918e-01
1.200841691030130054e-01 -3.074327867434214490e-01 9.439623269159225227e-01
1.307240988062895182e-01 -3.243603005578107323e-01 9.368573030076219332e-01
1.418437098408451280e-01 -3.414477807373770823e-01 9.291360373599115707e-01
1.534309425298293061e-01 -3.586632679306743787e-01 9.207712023975174187e-01
1.654710991834735523e-01 -3.759745627631799203e-01 9.117359511918697867e-01
1.779468030236476261e-01 -3.933493364960348737e-01 9.020040111567312335e-01
1.908379704233935659e-01 -4.107552415359709830e-01 8.915497754718383350e-01
2.041217971480804583e-01 -4.281600199684968966e-01 8.803483918125549756e-01
2.177727591351039105e-01 -4.455316081786130367e-01 8.683758480227024013e-01
2.317626281921295328e-01 -4.628382355412691829e-01 8.556090544400809517e-01
2.460605028342236211e-01 -4.800485151100479797e-01 8.420259226694987165e-01
2.606328543227080519e-01 -4.971315242092163023e-01 8.276054406958980314e-01
2.754435878183913999e-01 -5.140568728428535072e-01 8.123277443396792474e-01
2.904541184242913632e-01 -5.307947578761810226e-01 7.961741851765722355e-01
3.056234617734105985e-01 -5.473160010188629077e-01 7.791273951741525261e-01
3.209083387207512517e-01 -5.635920687477707913e-01 7.611713484348864300e-01
3.362632936304396081e-01 -5.795950724468951210e-01 7.422914205797125353e-01
3.516408257130057002e-01 -5.952977472137646053e-01 7.224744464547587786e-01
3.669915328683329703e-01 -6.106734079836727558e-01 7.017087769947732978e-01
3.822642675295961356e-01 -6.256958818538878031e-01 6.799843362279831549e-01
3.973998583960668407e-01 -6.398753501340894712e-01 6.577483510486322738e-01
4.123455846565852179e-01 -6.532290161404575857e-01 6.350299015645045619e-01
4.270510543647391688e-01 -6.657761707490967851e-01 6.118574115918034018e-01
4.414683030225142191e-01 -6.775378816616826061e-01 5.882585835338700608e-01
4.555518640905941163e-01 -6.885366860282947643e-01 5.642603441006129872e-01
4.692588134956374724e-01 -6.987962891227809115e-01 5.398888006780108162e-01
4.825487903989710836e-01 -7.083412714063158644e-01 5.151692080719989519e-01
4.953839966284537266e-01 -7.171968059586322219e-01 4.901259452785672321e-01
5.077291772601180142e-01 -7.253883879111339139e-01 4.647825018716512657e-01
5.195515848735752229e-01 -7.329415771879783659e-01 4.391614735518462043e-01
5.308209300004580466e-01 -7.398817555552156255e-01 4.132845663613563536e-01
5.415093202439366094e-01 -7.462338986980312505e-01 3.871726090430409051e-01
5.515911904751323869e-01 -7.520223637947839324e-01 3.608455730029305197e-01
5.610432264144313841e-01 -7.572706928355741329e-01 3.343225993251161543e-01
5.698442837873458622e-01 -7.620014317433702056e-01 3.076220322843560284e-01
5.779753051103401207e-01 -7.662359651973030816e-01 2.807614588040060477e-01
5.854192360161095676e-01 -7.699943669300183258e-01 2.537577533138695718e-01
5.921609428738472403e-01 -7.732952651727993398e-01 2.266271274732336027e-01
5.981871333011586911e-01 -7.761557228519632146e-01 1.993851842377130090e-01
6.034862810030615643e-01 -7.785911320958587289e-01 1.720469757636325092e-01
6.080485562119678500e-01 -7.806151225914821357e-01 1.446270646596778953e-01
6.118657628422060624e-01 -7.822394833309226359e-01 1.171395881116708004e-01
6.149312833145572643e-01 -7.834740973080677184e-01 8.959832442187387613e-02
6.172400318510656847e-01 -7.843268887627028452e-01 6.201676151861655606e-02
6.187884168882916702e-01 -7.848037826197371558e-01 3.440816700473593032e-02
6.195743131081212773e-01 -7.849086758331940139e-01 6.785659323933962428e-03
6.195970434388895498e-01 -7.846434204152320513e-01 -2.083772036766540214e-02
6.188573712353645506e-01 -7.840078180072393987e-01 -4.844893603195526977e-02
6.173575027033868512e-01 -7.829996259304217165e-01 -7.603488468576459491e-02
6.151010994928769460e-01 -7.816145747347388317e-01 -1.035823248488939308e-01
6.120933012407171470e-01 -7.798463973450154851e-01 -1.310778059108926863e-01
6.083407577019144252e-01 -7.776868699790212558e-01 -1.585075988299030902e-01
6.038516699627909379e-01 -7.751258650817748341e-01 -1.858576285851004373e-01
5.986358400832145765e-01 -7.721514165807347174e-01 -2.131134088146684202e-01
5.927047283657829180e-01 -7.687497978153801093e-01 -2.402599790834747673e-01
5.860715172983841370e-01 -7.649056125294401154e-01 -2.672818452381798271e-01
5.787511810629815123e-01 -7.606018993322188892e-01 -2.941629233218543971e-01
5.707605593484929019e-01 -7.558202500346561381e-01 -3.208864875346520984e-01
5.621184340503628807e-01 -7.505409422436301048e-01 -3.474351227409445131e-01
5.528456072854311953e-01 -7.447430865523665400e-01 -3.737906820357678184e-01
5.429649790000508069e-01 -7.384047885936820821e-01 -3.999342498935697376e-01
5.325016223046765695e-01 -7.315033261244667795e-01 -4.258461114291329785e-01
5.214828545324374787e-01 -7.240153411829649555e-01 -4.515057283031957414e-01
5.099383018961181069e-01 -7.159170472041744837e-01 -4.768917218026549332e-01
4.978999555115882214e-01 -7.071844507927409484e-01 -5.019818636162800551e-01
4.854022164705372733e-01 -6.977935876374335988e-01 -5.267530748105451188e-01
4.724819275862203183e-01 -6.877207718077994469e-01 -5.511814334854938657e-01
4.591783894078866335e-01 -6.769428574039082491e-01 -5.752421915565516519e-01
4.455333581077977056e-01 -6.654375112372323819e-01 -5.989098010640369063e-01
4.315910228943549143e-01 -6.531834949086910980e-01 -6.221579503570985326e-01
4.173923102000258734e-01 -6.406132477895420951e-01 -6.445140264443789402e-01
4.029841302254773550e-01 -6.277481962441006091e-01 -6.659849824976525889e-01
3.884122294586780932e-01 -6.146096592075434017e-01 -6.865791365106195254e-01
3.737210581899237938e-01 -6.012189719586000791e-01 -7.063061107989396792e-01
3.589536471118457972e-01 -5.875975900564907040e-01 -7.251767749734744362e-01
3.441514928787015037e-01 -5.737671738455715209e-01 -7.432031913171116555e-01
3.293544526257371485e-01 -5.597496541259743275e-01 -7.603985616086714749e-01
3.146006475463492547e-01 -5.455672797631191395e-01 -7.767771745528507799e-01
2.999263756927477709e-01 -5.312426481636600695e-01 -7.923543530912288135e-01
2.853660342060905797e-01 -5.167987196802359406e-01 -8.071464009844383503e-01
2.709520511964279565e-01 -5.022588171222195363e-01 -8.211705481682529673e-01
2.567148274835494015e-01 -4.876466116442787491e-01 -8.344448944952392866e-01
2.426826883796286694e-01 -4.729860963588160550e-01 -8.469883515775885607e-01
2.288818456463717343e-01 -4.583015490721380480e-01 -8.588205825447460251e-01
2.153363696963408458e-01 -4.436174855776235937e-01 -8.699619396205986455e-01
2.020681720335209819e-01 -4.289586049524940492e-01 -8.804333995085246167e-01
1.890969978453026501e-01 -4.143497282985995067e-01 -8.902564966479677988e-01
1.764404285701103026e-01 -3.998157323427379839e-01 -8.994532544729368917e-01
1.641138941750059921e-01 -3.853814792695161029e-01 -9.080461148606819854e-01
1.521306947886467142e-01 -3.710717441010000228e-01 -9.160578660076414970e-01
1.405020312496123858e-01 -3.569111408639915606e-01 -9.235115690096192820e-01
1.292370440506892815e-01 -3.429240486995068227e-01 -9.304304834542148628e-01
1.183428600881927528e-01 -3.291345389719064207e-01 -9.368379923560981037e-01
1.078246465634784823e-01 -3.155663043292201153e-01 -9.427575267802198455e-01
9.768567133268758751e-02 -3.022425905536900714e-01 -9.482124905050085539e-01
8.792736896138488023e-02 -2.891861319246012973e-01 -9.532261850776450052e-01
7.854941171360418917e-02 -2.764190906962311622e-01 -9.578217356073204236e-01
6.954978469008649133e-02 -2.639630011742954974e-01 -9.620220176307110460e-01
6.092486432804414959e-02 -2.518387187565535035e-01 -9.658495853675295173e-01
5.266949948418160610e-02 -2.400663741890472214e-01 -9.693266016637284155e-01
4.477709434327462740e-02 -2.286653331804092970e-01 -9.724747698965460208e-01
3.723969242547916364e-02 -2.176541614141732639e-01 -9.753152680898691251e-01
3.004806100566335264e-02 -2.070505949042544258e-01 -9.778686854611089441e-01
2.319177530627006961e-02 -1.968715155526880867e-01 -9.801549615926546943e-01
1.665930188027899342e-02 -1.871329316920499197e-01 -9.821933283926475022e-01
1.043808066146189109e-02 -1.778499633282471237e-01 -9.840022549819137376e-01
4.514605224020182273e-03 -1.690368317428603551e-01 -9.855993956169454284e-01
-1.125499138409387541e-03 -1.607068530680400564e-01 -9.870015407332884960e-01
-6.497399834717771522e-03 -1.528724354110462813e-01 -9.882245711699850776e-01
-1.161698414928560505e-02 -1.455450790796455618e-01 -9.892834156141437907e-01
-1.650078934610547943e-02 -1.387353794433845988e-01 -9.901920112855195910e-01
-2.116593581576509120e-02 -1.324530319587829963e-01 -9.909632678643530701e-01
-2.563006331080762076e-02 -1.267068388881723850e-01 -9.916090346517534293e-01
-2.991127025184118701e-02 -1.215047172516383611e-01 -9.921400709406481555e-01
-3.402805602732414392e-02 -1.168537075686272297e-01 -9.925660195667505015e-01
-3.799926615476620362e-02 -1.127599829695645622e-01 -9.928953836030370850e-01
-4.184404012062271222e-02 -1.092288582875858421e-01 -9.931355061577531451e-01
-4.558176167080002505e-02 -1.062647987754843787e-01 -9.932925532348111375e-01
-4.923201128373595054e-02 -1.038714281325285593e-01 -9.933714996164019206e-01
-5.281452052370513156e-02 -1.020515355691924697e-01 -9.933761177304615275e-01
-5.633001877711559663e-02 -1.001081901417521514e-01 -9.933807326591783671e-01
-5.977425561283518374e-02 -9.804385067509996388e-02 -9.933853444047049397e-01
-6.314307053743835330e-02 -9.586112220418092911e-02 -9.933899529691921915e-01
-6.643239802010675321e-02 -9.356275269366254310e-02 -9.933945583547898472e-01
-6.963827239819539439e-02 -9.115162958507000424e-02 -9.933991605636461886e-01
-7.275683265754591400e-02 -8.863077617571771261e-02 -9.934037595979081647e-01
-7.578432708178509114e-02 -8.600334783397084459e-02 -9.934083554597211707e-01
-7.871711776501086333e-02 -8.327262805556799596e-02 -9.934129481512292692e-01
-8.155168498243832442e-02 -8.044202436592698402e-02 -9.934175376745751906e-01
-8.428463141375536205e-02 -7.751506407354118167e-02 -9.934221240319003332e-01
-8.691268621412094608e-02 -7.449538987975244664e-02 -9.934267072253445408e-01
-8.943270892792851146e-02 -7.138675535035889086e-02 -9.934312872570464359e-01
-9.184169324065213913e-02 -6.819302025468121364e-02 -9.934358641291431979e-01
-9.413677056429413381e-02 -6.491814577786965412e-02 -9.934404378437705629e-01
-9.631521345215875163e-02 -6.156618961238494864e-02 -9.934450084030629347e-01
-9.837443883888832841e-02 -5.814130093473061228e-02 -9.934495758091533846e-01
-1.003120111019140809e-01 -5.464771527365021309e-02 -9.934541400641735409e-01
-1.021256449406945516e-01 -5.108974927613207928e-02 -9.934587011702535886e-01
-1.038132080703399046e-01 -4.747179537768470708e-02 -9.934632591295224913e-01
-1.053727237264490413e-01 -4.379831638345911549e-02 -9.934678139441077693e-01
-1.068023729782195119e-01 -4.007383996689913713e-02 -9.934723656161354999e-01
-1.081004968471263733e-01 -3.630295309269724463e-02 -9.934769141477304277e-01
-1.092655982287053518e-01 -3.249029637092169104e-02 -9.934814595410158544e-01
-1.102963436152182286e-01 -2.864055834926057878e-02 -9.934860017981138602e-01
-1.111915646172229183e-01 -2.475846975039962955e-02 -9.934905409211450822e-01
-1.119502592823178738e-01 -2.084879766161312764e-02 -9.934950769122287140e-01
-1.125715932095795874e-01 -1.691633968370134106e-02 -9.934996097734827281e-01
-1.130549004584624068e-01 -1.296591804645294208e-02 -9.935041395070235426e-01
-1.133996842511822284e-01 -9.002373697847312201e-03 -9.935086661149662435e-01
-1.136056174678584940e-01 -5.030560374239093600e-03 -9.935131895994245843e-01
-1.136725429339427162e-01 -1.055338658786028616e-03 -9.935177099625110975e-01
-1.136004734997161647e-01 2.918429964609109764e-03 -9.935222272063366500e-01
-1.133895919118935169e-01 6.885889054570857454e-03 -9.935267413330109987e-01
-1.130402504776234079e-01 1.084219314547403210e-02 -9.935312523446423461e-01
-1.125529705214305259e-01 1.478251366337062292e-02 -9.935357602433376734e-01
-1.119284416358966028e-01 1.870204481739960040e-02 -9.935402650312025186e-01
-1.111675207271293209e-01 2.259600945949328046e-02 -9.935447667103410874e-01
-1.102712308563184168e-01 2.645966490523710482e-02 -9.935492652828561422e-01
-1.092407598789265910e-01 3.028830870879182721e-02 -9.935537607508491131e-01
-1.080774588833094407e-01 3.407728438484772249e-02 -9.935582531164202091e-01
-1.067828404308026752e-01 3.782198707064963333e-02 -9.935627423816680848e-01
-1.053585765995560253e-01 4.151786912120946499e-02 -9.935672285486901734e-01
-1.038064968346321809e-01 4.516044563090864522e-02 -9.935717116195824650e-01
-1.021285856071240394e-01 4.874529987478757459e-02 -9.935761915964396174e-01
-1.003269798852753913e-01 5.226808866292134703e-02 -9.935806684813549561e-01
-9.840396642081812584e-02 5.572454760139169266e-02 -9.935851422764203633e-01
-9.636197885396284579e-02 5.911049625348321207e-02 -9.935896129837263890e-01
-9.420359464069955058e-02 6.242184319485818284e-02 -9.935940806053623620e-01
-9.193153180627962329e-02 6.565459095659775812e-02 -9.935985451434160565e-01
-8.954864552896066310e-02 6.880484085013832685e-02 -9.936030065999740257e-01
-8.705792455830063670e-02 7.186879766828008220e-02 -9.936074649771214906e-01
-8.446248747248723265e-02 7.484277425660004757e-02 -9.936119202769421177e-01
-8.176557877938245289e-02 7.772319594976384582e-02 -9.936163725015184633e-01
-7.897056486615039450e-02 8.050660486739924515e-02 -9.936208216529316406e-01
-7.608092980251841830e-02 8.318966406436960337e-02 -9.936252677332614303e-01
-7.310027100289751001e-02 8.576916153046662550e-02 -9.936297107445861698e-01
-7.003229475275689342e-02 8.824201403472919925e-02 -9.936341506889828645e-01
-6.688081160481058884e-02 9.060527080978800218e-02 -9.936385875685272984e-01
-6.364973165072926320e-02 9.285611707183433206e-02 -9.936430213852938120e-01
-6.034305967423915507e-02 9.499187737201508774e-02 -9.936474521413554140e-01
-5.696489019161127959e-02 9.701001877526496675e-02 -9.936518798387837803e-01
-5.351940238567801100e-02 9.890815386280026045e-02 -9.936563044796492550e-01
-5.001085493964031042e-02 1.006840435547167595e-01 -9.936607260660208496e-01
-4.644358077704751481e-02 1.023355997493565067e-01 -9.936651445999661325e-01
-4.282198171444229901e-02 1.038608877763343430e-01 -9.936695600835514508e-01
-3.915052303326591043e-02 1.052581286603450073e-01 -9.936739725188417083e-01
-3.543372797771355415e-02 1.065257011931047965e-01 -9.936783819079004765e-01
-3.167617218531586926e-02 1.076621438110181017e-01 -9.936827882527901057e-01
-2.788247805710056607e-02 1.086661562763982097e-01 -9.936871915555713919e-01
-2.405730907425765105e-02 1.095366011603134265e-01 -9.936915918183040208e-01
-2.020536406829283663e-02 1.102725051253733990e-01 -9.936959890430462350e-01
-1.633137145170602753e-02 1.108730600070161609e-01 -9.937003832318550556e-01
-1.244008341627565219e-02 1.113376236921038986e-01 -9.937047743867859495e-01
-8.536270106064655638e-03 1.116657207938839408e-01 -9.937091625098931624e-01
-4.624713772290379131e-03 1.118570431226211387e-01 -9.937135476032296078e-01
-7.102029172181695271e-04 1.119114499514582695e-01 -9.937179296688468666e-01
3.202473565752584489e-03 1.118289680773115607e-01 -9.937223087087951878e-01
7.108532248641202117e-03 1.116097916768594434e-01 -9.937266847251234880e-01
1.100320101491713415e-02 1.112542819579330905e-01 -9.937310577198792405e-01
1.488172488786741049e-02 1.107629666068673385e-01 -9.937354276951088083e-01
1.873937183418356717e-02 1.101365390326197735e-01 -9.937397946528571113e-01
2.257143853568641806e-02 1.093758574087138613e-01 -9.937441585951677370e-01
2.637325612215047146e-02 1.084819435143085098e-01 -9.937485195240828295e-01
3.014019585824188191e-02 1.074559813759413396e-01 -9.937528774416434230e-01
3.386767477764439371e-02 1.062993157117357590e-01 -9.937572323498891080e-01
3.755116125751677136e-02 1.050134501801023579e-01 -9.937615842508581432e-01
4.118618052650250411e-02 1.036000454352029032e-01 -9.937659331465875656e-01
4.476832009959826053e-02 1.020609169916803644e-01 -9.937702790391128582e-01
4.829323513328119544e-02 1.003980329013896694e-01 -9.937746219304685047e-01
5.175665369439704649e-02 9.861351124509247501e-02 -9.937789618226873234e-01
5.515438193642051984e-02 9.670961744230353874e-02 -9.937832987178010224e-01
5.848230917681686292e-02 9.468876138269645415e-02 -9.937876326178399777e-01
6.173641286935851319e-02 9.255349438269304396e-02 -9.937919635248332328e-01
6.491276346538306374e-02 9.030650597107169053e-02 -9.937962914408083881e-01
6.800752915811854316e-02 8.795062050763703676e-02 -9.938006163677918225e-01
7.101698050434869514e-02 8.548879363919480168e-02 -9.938049383078086940e-01
7.393749491784472327e-02 8.292410859727183947e-02 -9.938092572628827170e-01
7.676556102915030322e-02 8.025977234221240431e-02 -9.938135732350362739e-01
7.949778290647371848e-02 7.749911155846635202e-02 -9.938178862262905255e-01
8.213088413261396270e-02 7.464556850606414440e-02 -9.938221962386651898e-01
8.466171173302738939e-02 7.170269673344610573e-02 -9.938265032741787630e-01
8.708723995032630061e-02 6.867415665697974847e-02 -9.938308073348485205e-01
8.940457386069199097e-02 6.556371101265867640e-02 -9.938351084226901833e-01
9.161095282788092597e-02 6.237522018562927789e-02 -9.938394065397183619e-01
9.370375379070418342e-02 5.911263742333749266e-02 -9.938437016879463348e-01
9.568049438006660801e-02 5.578000393822634545e-02 -9.938479938693859372e-01
9.753883586186311294e-02 5.238144390604647371e-02 -9.938522830860477830e-01
9.927658590224505697e-02 4.892115936596554138e-02 -9.938565693399412648e-01
1.008917011519889773e-01 4.540342502877873360e-02 -9.938608526330742210e-01
1.023822896469235022e-01 4.183258299963082960e-02 -9.938651329674534907e-01
1.037466130215971422e-01 3.821303742176083984e-02 -9.938694103450843587e-01
1.049830885335999442e-01 3.454924904787277234e-02 -9.938736847679709996e-01
1.060902908961853242e-01 3.084572974582016833e-02 -9.938779562381160337e-01
1.070669539170743118e-01 2.710703694536841651e-02 -9.938822247575210822e-01
1.079119719415631146e-01 2.333776803286636767e-02 -9.938864903281862118e-01
1.086244010982951730e-01 1.954255470071828565e-02 -9.938907529521102679e-01
1.092034603463017256e-01 1.572605725859800227e-02 -9.938950126312908750e-01
1.096485323221587094e-01 1.189295891338950500e-02 -9.938992693677242141e-01
1.099591639863530673e-01 8.047960024872001863e-03 -9.939035231634053558e-01
1.101350670681978811e-01 4.195772344192679956e-03 -9.939077740203278166e-01
1.101761183088826174e-01 3.411132421869381322e-04 -9.939120219404841139e-01
1.100823595024919277e-01 -3.511300065386227867e-03 -9.939162669258652105e-01
1.098539973350737414e-01 -7.356756288626763868e-03 -9.939205089784608482e-01
1.094914030220845574e-01 -1.119055582323645950e-02 -9.939247481002595475e-01
1.089951117447860718e-01 -1.500801649218271548e-02 -9.939289842932483854e-01
1.083658218864131106e-01 -1.880447926227026001e-02 -9.939332175594133290e-01
1.076043940691771700e-01 -2.257531392864312730e-02 -9.939374479007389018e-01
1.067118499934128495e-01 -2.631592476028286193e-02 -9.939416753192084064e-01
1.056893710804158171e-01 -3.002175609962114480e-02 -9.939458998168038129e-01
1.045382969207600404e-01 -3.368829790944547625e-02 -9.939501213955058700e-01
1.032601235301188886e-01 -3.731109126034552748e-02 -9.939543400572939946e-01
1.018565014148490044e-01 -4.088573375202476240e-02 -9.939585558041462710e-01
1.003292334498270544e-01 -4.440788486188713274e-02 -9.939627686380395621e-01
9.868027257125776275e-02 -4.787327121440188710e-02 -9.939669785609493990e-01
9.691171928739607255e-02 -5.127769176485059283e-02 -9.939711855748500913e-01
9.502581901034737322e-02 -5.461702289116934089e-02 -9.939753896817145051e-01
9.302495921232654952e-02 -5.788722338771559728e-02 -9.939795908835143967e-01
9.091166640996922732e-02 -6.108433935491306560e-02 -9.939837891822200788e-01
8.868860298049680013e-02 -6.420450897885927877e-02 -9.939879845798007540e-01
8.635856381373988033e-02 -6.724396719511900600e-02 -9.939921770782241817e-01
8.392447280422343781e-02 -7.019905023107203546e-02 -9.939963666794568997e-01
8.138937918770965119e-02 -7.306620002133602798e-02 -9.940005533854642250e-01
7.875645372678208300e-02 -7.584196849094403114e-02 -9.940047371982101421e-01
7.602898475023661673e-02 -7.852302170112142321e-02 -9.940089181196573032e-01
7.321037405122043928e-02 -8.110614385267859994e-02 -9.940130961517671393e-01
7.030413264922993899e-02 -8.358824114221287405e-02 -9.940172712964997492e-01
6.731387642124174453e-02 -8.596634546649670194e-02 -9.940214435558140105e-01
6.424332160740804654e-02 -8.823761797061757672e-02 -9.940256129316675793e-01
6.109628019689712641e-02 -9.039935243562936817e-02 -9.940297794260166686e-01
5.787665519960322885e-02 -9.244897850167382858e-02 -9.940339430408162702e-01
5.458843580958593067e-02 -9.438406472273490333e-02 -9.940381037780202655e-01
5.123569246622788897e-02 -9.620232144939705465e-02 -9.940422616395809818e-01
4.782257181922107414e-02 -9.790160353619159483e-02 -9.940464166274497471e-01
4.435329160360555745e-02 -9.947991287033183805e-02 -9.940505687435764459e-01
4.083213543119081079e-02 -1.009354007188584951e-01 -9.940547179899096308e-01
3.726344750478793183e-02 -1.022663698914410280e-01 -9.940588643683968550e-01
3.365162726177136493e-02 -1.034712767163078057e-01 -9.940630078809841175e-01
3.000112395357118489e-02 -1.045487328270084393e-01 -9.940671485296163068e-01
2.631643116777101013e-02 -1.054975067579445036e-01 -9.940712863162369795e-01
2.260208129955271900e-02 -1.063165253468402877e-01 -9.940754212427884706e-01
1.886263997928670083e-02 -1.070048749425626250e-01 -9.940795533112116722e-01
1.510270046311577158e-02 -1.075618024169381487e-01 -9.940836825234464769e-01
1.132687799342168601e-02 -1.079867159794569986e-01 -9.940878088814314451e-01
7.539804136095727347e-03 -1.082791857939939262e-01 -9.940919323871036939e-01
3.746121101558721328e-03 -1.084389443969208666e-01 -9.940960530423992303e-01
-4.952394350871353393e-05 -1.084658869162280631e-01 -9.941001708492527289e-01
-3.842484566757960185e-03 -1.083600710915151311e-01 -9.941042858095976431e-01
-7.628120756120163395e-03 -1.081217170949567985e-01 -9.941083979253662051e-01
-1.140180459415402608e-02 -1.077512071535919602e-01 -9.941125071984892037e-01
-1.515892591385636055e-02 -1.072490849735273366e-01 -9.941166136308964285e-01
-1.889489792902528803e-02 -1.066160549668893204e-01 -9.941207172245162260e-01
-2.260516283230152787e-02 -1.058529812825982352e-01 -9.941248179812757213e-01
-2.628519735405718261e-02 -1.049608866422789555e-01 -9.941289159031008182e-01
-2.993051827535379850e-02 -1.039409509828592287e-01 -9.941330109919160885e-01
-3.353668788825193287e-02 -1.027945099076428004e-01 -9.941371032496448823e-01
-3.709931939682337143e-02 -1.015230529478777094e-01 -9.941411926782093289e-01
-4.061408225229380664e-02 -1.001282216370707329e-01 -9.941452792795303361e-01
-4.407670741582878082e-02 -9.861180740052673255e-02 -9.941493630555273686e-01
-4.748299254256837382e-02 -9.697574926281624097e-02 -9.941534440081187807e-01
-5.082880708061658648e-02 -9.522213137609576716e-02 -9.941575221392217054e-01
-5.411009727879954878e-02 -9.335318037242262834e-02 -9.941615974507519438e-01
-5.732289109712231101e-02 -9.137126254341966514e-02 -9.941656699446241863e-01
-6.046330301397701695e-02 -8.927888085085423919e-02 -9.941697396227515693e-01
-6.352753872428537618e-02 -8.707867177190067864e-02 -9.941738064870463409e-01
-6.651189972289568708e-02 -8.477340198305531593e-02 -9.941778705394191951e-01
-6.941278776769867209e-02 -8.236596488686799555e-02 -9.941819317817797153e-01
-7.222670921707731451e-02 -7.985937698584405497e-02 -9.941859902160362639e-01
-7.495027923646301049e-02 -7.725677410805457945e-02 -9.941900458440959820e-01
-7.758022586893408012e-02 -7.456140748917181038e-02 -9.941940986678645675e-01
-8.011339396496230947e-02 -7.177663971581896285e-02 -9.941981486892467190e-01
-8.254674896658863170e-02 -6.890594053529051910e-02 -9.942021959101456918e-01
-8.487738054149066014e-02 -6.595288253685929747e-02 -9.942062403324636310e-01
-8.710250606259097028e-02 -6.292113671004059827e-02 -9.942102819581013495e-01
-8.921947392904724938e-02 -5.981446788533063136e-02 -9.942143207889585499e-01
-9.122576672466226055e-02 -5.663673006307709534e-02 -9.942183568269334915e-01
-9.311900420995292138e-02 -5.339186163627275550e-02 -9.942223900739233233e-01
-9.489694614432409026e-02 -5.008388051318925227e-02 -9.942264205318239734e-01
-9.655749493500279113e-02 -4.671687914588706220e-02 -9.942304482025299261e-01
-9.809869810960292202e-02 -4.329501947074892304e-02 -9.942344730879347781e-01
-9.951875060940829076e-02 -3.982252776728772287e-02 -9.942384951899305712e-01
-1.008159969006833800e-01 -3.630368944157601196e-02 -9.942425145104082373e-01
-1.019889329015455509e-01 -3.274284374073235804e-02 -9.942465310512574872e-01
-1.030362077221598227e-01 -2.914437840498009663e-02 -9.942505448143668101e-01
-1.039566252162476001e-01 -2.551272426386627656e-02 -9.942545558016233631e-01
-1.047491453421325325e-01 -2.185234978329271202e-02 -9.942585640149131931e-01
-1.054128853317814890e-01 -1.816775557006697003e-02 -9.942625694561209038e-01
-1.059471206665344167e-01 -1.446346884072884434e-02 -9.942665721271300994e-01
-1.063512858584544085e-01 -1.074403786144725870e-02 -9.942705720298230521e-01
-1.066249750364681170e-01 -7.014026365813577808e-03 -9.942745691660808127e-01
-1.067679423367059316e-01 -3.278007957379962950e-03 -9.942785635377832110e-01
-1.067801020966916842e-01 4.594394961942821314e-04 -9.942825551468088552e-01
-1.066615288532719169e-01 4.193739470519614737e-03 -9.942865439950350215e-01
-1.064124571444150652e-01 7.920322386510166360e-03 -9.942905300843378757e-01
-1.060332811152510518e-01 1.163463120021941168e-02 -9.942945134165922516e-01
-1.055245539289612344e-01 1.533212697364167570e-02 -9.942984939936718725e-01
-1.048869869833670559e-01 1.900829441967125458e-02 -9.943024718174492405e-01
-1.041214489343033345e-01 2.265864741444697725e-02 -9.943064468897954145e-01
-1.032289645270976775e-01 2.627873447035430562e-02 -9.943104192125805652e-01
-1.022107132377120392e-01 2.986414416300958372e-02 -9.943143887876733089e-01
-1.010680277253340476e-01 3.341051050561167496e-02 -9.943183556169412629e-01
-9.980239209843576320e-02 3.691351826411496534e-02 -9.943223197022507120e-01
-9.841543999654450703e-02 4.036890820675433089e-02 -9.943262810454667200e-01
-9.690895249019458590e-02 4.377248228153727411e-02 -9.943302396484532402e-01
-9.528485580174983482e-02 4.712010871541073148e-02 -9.943341955130728937e-01
-9.354521885000441350e-02 5.040772702890993634e-02 -9.943381486411870807e-01
-9.169225062168338825e-02 5.363135296020437454e-02 -9.943420990346559796e-01
-8.972829737317433718e-02 5.678708329257051157e-02 -9.943460466953386589e-01
-8.765583966602712163e-02 5.987110057944328156e-02 -9.943499916250928550e-01
-8.547748923996020820e-02 6.287967776132734332e-02 -9.943539338257751936e-01
-8.319598572730843578e-02 6.580918266898531932e-02 -9.943578732992408575e-01
-8.081419321303877357e-02 6.865608240746302882e-02 -9.943618100473441412e-01
-7.833509664464714806e-02 7.141694761566118321e-02 -9.943657440719378959e-01
-7.576179809643035501e-02 7.408845659631882463e-02 -9.943696753748737516e-01
-7.309751289280247422e-02 7.666739931143572162e-02 -9.943736039580022279e-01
-7.034556559549498544e-02 7.915068123832903757e-02 -9.943775298231726234e-01
-6.750938585964319505e-02 8.153532708169317078e-02 -9.943814529722329043e-01
-6.459250416391887351e-02 8.381848433721124370e-02 -9.943853734070300376e-01
-6.159854742002018185e-02 8.599742670245109910e-02 -9.943892911294095471e-01
-5.853123446697390542e-02 8.806955733096860639e-02 -9.943932061412159573e-01
-5.539437145584292371e-02 9.003241192573563367e-02 -9.943971184442924605e-01
-5.219184713056218561e-02 9.188366166820945147e-02 -9.944010280404810276e-01
-4.892762801075010298e-02 9.362111597956374043e-02 -9.944049349316224085e-01
-4.560575348245853033e-02 9.524272511080936199e-02 -9.944088391195562426e-01
-4.223033080293336211e-02 9.674658255874471480e-02 -9.944127406061209484e-01
-3.880553002555922615e-02 9.813092730489060556e-02 -9.944166393931536119e-01
-3.533557885125546139e-02 9.939414587478338781e-02 -9.944205354824902088e-01
-3.182475741267662417e-02 1.005347742152215978e-01 -9.944244288759656047e-01
-2.827739299764901390e-02 1.015514993872860816e-01 -9.944283195754133331e-01
-2.469785471834485061e-02 1.024431610731803416e-01 -9.944322075826657059e-01
-2.109054813275814885e-02 1.032087528951674410e-01 -9.944360928995539251e-01
-1.745990982510040729e-02 1.038474235451107008e-01 -9.944399755279079711e-01
-1.381040195178031421e-02 1.043584777233585725e-01 -9.944438554695564925e-01
-1.014650675966952999e-02 1.047413768859483257e-01 -9.944477327263271382e-01
-6.472721083386204916e-03 1.049957397993386415e-01 -9.944516073000462253e-01
-2.793550828349253019e-03 1.051213429021173040e-01 -9.944554791925389603e-01
8.864945536305227601e-04 1.051181204733671881e-01 -9.944593484056293287e-01
4.562907589451593166e-03 1.049861646076104965e-01 -9.944632149411399835e-01
8.231188303747799875e-03 1.047257249964883286e-01 -9.944670788008925788e-01
1.188684972508387110e-02 1.043372085175692660e-01 -9.944709399867074362e-01
1.552542337258487615e-02 1.038211786309163748e-01 -9.944747985004037671e-01
1.914246471629248159e-02 1.031783545842775845e-01 -9.944786543437995618e-01
2.273355860457738561e-02 1.024096104279976355e-01 -9.944825075187115893e-01
2.629432465198191377e-02 1.015159738409826956e-01 -9.944863580269555081e-01
2.982042258091958248e-02 1.004986247692788992e-01 -9.944902058703456449e-01
3.330755751071912824e-02 9.935889387905487424e-02 -9.944940510506952158e-01
3.675148518756926608e-02 9.809826082600421604e-02 -9.944978935698163269e-01
4.014801714899688539e-02 9.671835234340774023e-02 -9.945017334295197520e-01
4.349302581659586497e-02 9.522094015131574163e-02 -9.945055706316151545e-01
4.678244951081542841e-02 9.360793868952814456e-02 -9.945094051779109767e-01
5.001229738171658612e-02 9.188140267726450927e-02 -9.945132370702144398e-01
5.317865424971202071e-02 9.004352450262631535e-02 -9.945170663103317654e-01
5.627768535041886844e-02 8.809663144516030608e-02 -9.945208929000677323e-01
5.930564097787512784e-02 8.604318273503416825e-02 -9.945247168412260086e-01
6.225886102049869864e-02 8.388576645253342789e-02 -9.945285381356092635e-01
6.513377938430292557e-02 8.162709627178199590e-02 -9.945323567850187230e-01
6.792692829802429721e-02 7.927000805277677198e-02 -9.945361727912546135e-01
7.063494249496604649e-02 7.681745628601001352e-02 -9.945399861561159405e-01
7.325456326651563765e-02 7.427251039413103328e-02 -9.945437968814003771e-01
7.578264238245487061e-02 7.163835089527102740e-02 -9.945476049689045972e-01
7.821614587334725643e-02 6.891826543282114637e-02 -9.945514104204240535e-01
8.055215767045975639e-02 6.611564467661464051e-02 -9.945552132377529775e-01
8.278788309885308505e-02 6.323397810061817670e-02 -9.945590134226844903e-01
8.492065221945767350e-02 6.027684964238527732e-02 -9.945628109770104919e-01
8.694792301614000241e-02 5.724793324966642727e-02 -9.945666059025216610e-01
8.886728442395658289e-02 5.415098831970510673e-02 -9.945703982010074551e-01
9.067645919498966423e-02 5.098985503687689103e-02 -9.945741878742563324e-01
9.237330659836036351e-02 4.776844961444957904e-02 -9.945779749240555301e-01
9.395582495121997113e-02 4.449075944635615815e-02 -9.945817593521909528e-01
9.542215397772946250e-02 4.116083817497868946e-02 -9.945855411604475060e-01
9.677057699324989604e-02 3.778280068104038908e-02 -9.945893203506088742e-01
9.799952291118228798e-02 3.436081800179448947e-02 -9.945930969244575204e-01
9.910756807011444902e-02 3.089911218378242619e-02 -9.945968708837747974e-01
1.000934378791540763e-01 2.740195107650994152e-02 -9.946006422303408367e-01
1.009560082795512015e-01 2.387364307345800352e-02 -9.946044109659345489e-01
1.016943070209397892e-01 2.031853180690577562e-02 -9.946081770923338450e-01
1.023075147507561955e-01 1.674099080309530280e-02 -9.946119406113153039e-01
1.027949659156220108e-01 1.314541810431191747e-02 -9.946157015246545052e-01
1.031561494737102680e-01 9.536230864490664524e-03 -9.946194598341256965e-01
1.033907094173457247e-01 5.917859924987198088e-03 -9.946232155415019038e-01
1.034984451053234389e-01 2.294744377171599979e-03 -9.946269686485552652e-01
1.034793114046628631e-01 -1.328673881484581341e-03 -9.946307191570564754e-01
1.033334186417486783e-01 -4.947955591154119988e-03 -9.946344670687752298e-01
1.030610323630429537e-01 -8.558669566563306338e-03 -9.946382123854800028e-01
1.026625729057864811e-01 -1.215639812040782315e-02 -9.946419551089381583e-01
1.021386147793397620e-01 -1.573674246663939527e-02 -9.946456952409158392e-01
1.014898858580454977e-01 -1.929532809701629825e-02 -9.946494327831779669e-01
1.007172663867249851e-01 -2.282781012434781723e-02 -9.946531677374883529e-01
9.982178780014966391e-02 -2.632987858590781979e-02 -9.946569001056098092e-01
9.880463135805592212e-02 -2.979726370054565018e-02 -9.946606298893037046e-01
9.766712659749655912e-02 -3.322574107308343822e-02 -9.946643570903304088e-01
9.641074960454465437e-02 -3.661113683965768612e-02 -9.946680817104491812e-01
9.503712110758588683e-02 -3.994933274773946469e-02 -9.946718037514180599e-01
9.354800439465234263e-02 -4.323627116465161846e-02 -9.946755232149938619e-01
9.194530305746491383e-02 -4.646796000849304220e-02 -9.946792401029324049e-01
9.023105856506205558e-02 -4.964047759547902255e-02 -9.946829544169881743e-01
8.840744767009944827e-02 -5.274997739781307760e-02 -9.946866661589145453e-01
8.647677965110840692e-02 -5.579269270631902200e-02 -9.946903753304637830e-01
8.444149339419948497e-02 -5.876494119218250017e-02 -9.946940819333870420e-01
8.230415431789245284e-02 -6.166312936227853758e-02 -9.946977859694342561e-01
8.006745114494337456e-02 -6.448375690269556038e-02 -9.947014874403542484e-01
7.773419252522480172e-02 -6.722342090520685987e-02 -9.947051863478947320e-01
7.530730351389477994e-02 -6.987881997158740255e-02 -9.947088826938020878e-01
7.278982190926500118e-02 -7.244675819082667390e-02 -9.947125764798216974e-01
7.018489445494753565e-02 -7.492414898444740845e-02 -9.947162677076977211e-01
6.749577291102283605e-02 -7.730801881530466324e-02 -9.947199563791732091e-01
6.472580999912926070e-02 -7.959551075541008991e-02 -9.947236424959901013e-01
6.187845522652560964e-02 -8.178388790850173173e-02 -9.947273260598892275e-01
5.895725059432316284e-02 -8.387053668326059641e-02 -9.947310070726100850e-01
5.596582619522235541e-02 -8.585296991326092642e-02 -9.947346855358911721e-01
5.290789570622120991e-02 -8.772882981993133933e-02 -9.947383614514697658e-01
4.978725178188764949e-02 -8.949589081499889631e-02 -9.947420348210821439e-01
4.660776135390623520e-02 -9.115206213908716437e-02 -9.947457056464632519e-01
4.337336084272087888e-02 -9.269539033334220357e-02 -9.947493739293469250e-01
4.008805128719913208e-02 -9.412406154116706447e-02 -9.947530396714659995e-01
3.675589339834020586e-02 -9.543640363735569898e-02 -9.947567028745520901e-01
3.338100254313810383e-02 -9.663088818213003139e-02 -9.947603635403355904e-01
2.996754366479285892e-02 -9.770613219780058256e-02 -9.947640216705457838e-01
2.651972614553682953e-02 -9.866089976598965694e-02 -9.947676772669109546e-01
2.304179861840935026e-02 -9.949410344357728642e-02 -9.947713303311580546e-01
1.953804373437141584e-02 -1.002048054957538070e-01 -9.947749808650130365e-01
1.601277289120267219e-02 -1.007922189447876676e-01 -9.947786288702007429e-01
1.247032093066570424e-02 -1.012557084333442492e-01 -9.947822743484446839e-01
8.915040810457226447e-03 -1.015947909014192768e-01 -9.947859173014674816e-01
5.351298257492480455e-03 -1.018091360761794739e-01 -9.947895577309903148e-01
1.783466409087792331e-03 -1.018985667742329099e-01 -9.947931956387335850e-01
-1.784079551383222547e-03 -1.018630590160816973e-01 -9.947968310264162506e-01
-5.346967757781786318e-03 -1.017027419527399279e-01 -9.948004638957563817e-01
-8.900835016871957994e-03 -1.014178976047301478e-01 -9.948040942484707161e-01
-1.244133214980566726e-02 -1.010089604139013247e-01 -9.948077220862749925e-01
-1.596412931288757053e-02 -1.004765166087404071e-01 -9.948113474108837284e-01
-1.946492129111216871e-02 -9.982130338407785297e-02 -9.948149702240104419e-01
-2.293943275800320453e-02 -9.904420789631425415e-02 -9.948185905273673191e-01
-2.638342349533087661e-02 -9.814626607552064119e-02 -9.948222083226656576e-01
-2.979269356633574770e-02 -9.712866125598855482e-02 -9.948258236116154229e-01
-3.316308843614932528e-02 -9.599272262702766845e-02 -9.948294363959255815e-01
-3.649050403317017494e-02 -9.473992350602752910e-02 -9.948330466773038783e-01
-3.977089174523074089e-02 -9.337187943601694962e-02 -9.948366544574569481e-01
-4.300026334447409199e-02 -9.189034611016790033e-02 -9.948402597380903156e-01
-4.617469583495105445e-02 -9.029721712590151050e-02 -9.948438625209085062e-01
-4.929033621704688450e-02 -8.859452157146073537e-02 -9.948474628076147130e-01
-5.234340616295227178e-02 -8.678442144801792879e-02 -9.948510605999111300e-01
-5.533020659750646775e-02 -8.486920893058494397e-02 -9.948546558994988409e-01
-5.824712217885975873e-02 -8.285130347118911665e-02 -9.948582487080777081e-01
-6.109062567352911699e-02 -8.073324874796923567e-02 -9.948618390273465950e-01
-6.385728222055372938e-02 -7.851770946403241469e-02 -9.948654268590031435e-01
-6.654375347959645692e-02 -7.620746800009427224e-02 -9.948690122047438855e-01
-6.914680165798299527e-02 -7.380542092510153362e-02 -9.948725950662642425e-01
-7.166329341182205159e-02 -7.131457536920733642e-02 -9.948761754452586370e-01
-7.409020361650736630e-02 -6.873804526363572198e-02 -9.948797533434201590e-01
-7.642461900206569403e-02 -6.607904745213165343e-02 -9.948833287624408994e-01
-7.866374164898325139e-02 -6.334089767884763800e-02 -9.948869017040119500e-01
-8.080489234031730528e-02 -6.052700645766603132e-02 -9.948904721698230702e-01
-8.284551376607816875e-02 -5.764087482809828605e-02 -9.948940401615630202e-01
-8.478317357605073823e-02 -5.468609000303823603e-02 -9.948976056809193391e-01
-8.661556727741308304e-02 -5.166632091377549446e-02 -9.949011687295786777e-01
-8.834052097370190260e-02 -4.858531365779748812e-02 -9.949047293092262434e-01
-8.995599394187173137e-02 -4.544688685502432796e-02 -9.949082874215464667e-01
-9.146008104439516673e-02 -4.225492691822917840e-02 -9.949118430682224457e-01
-9.285101497355571776e-02 -3.901338324349831743e-02 -9.949153962509362792e-01
-9.412716832529224864e-02 -3.572626332667925425e-02 -9.949189469713689560e-01
-9.528705550016494663e-02 -3.239762781185220875e-02 -9.949224952312002435e-01
-9.632933442922594902e-02 -2.903158547793951993e-02 -9.949260410321089099e-01
-9.725280812279414600e-02 -2.563228816963961793e-02 -9.949295843757726132e-01
-9.805642604035184895e-02 -2.220392567893621563e-02 -9.949331252638677903e-01
-9.873928528000153193e-02 -1.875072058349004991e-02 -9.949366636980698786e-01
-9.930063158614327312e-02 -1.527692304826919548e-02 -9.949401996800530945e-01
-9.973986017425687245e-02 -1.178680559681492997e-02 -9.949437332114907662e-01
-1.000565163718979411e-01 -8.284657858573161310e-03 -9.949472642940548894e-01
-1.002502960752428840e-01 -4.774781298746644254e-03 -9.949507929294164610e-01
-1.003210460207444310e-01 -1.261483937140388169e-03 -9.949543191192453673e-01
-1.002687638716862339e-01 2.250924937518032024e-03 -9.949578428652104956e-01
-1.000935981196521551e-01 5.758140051300211608e-03 -9.949613641689794008e-01
-9.979584780115278997e-02 9.255865420364287055e-03 -9.949648830322186388e-01
-9.937596202987822314e-02 1.273981961134607738e-02 -9.949683994565937661e-01
-9.883453934527164364e-02 1.620574098041458605e-02 -9.949719134437691181e-01
-9.817232687834342997e-02 1.964939288458282529e-02 -9.949754249954079199e-01
-9.739021933586854141e-02 2.306656885890310399e-02 -9.949789341131723974e-01
-9.648925780433216526e-02 2.645309775322185822e-02 -9.949824407987235553e-01
-9.547062837520851886e-02 2.980484882222287496e-02 -9.949859450537215100e-01
-9.433566059337585019e-02 3.311773676254904653e-02 -9.949894468798250458e-01
-9.308582573068632793e-02 3.638772669086174499e-02 -9.949929462786919476e-01
-9.172273488692252175e-02 3.961083905677332401e-02 -9.949964432519788904e-01
-9.024813692058242243e-02 4.278315448467206322e-02 -9.949999378013415496e-01
-8.866391621214197993e-02 4.590081853854988819e-02 -9.950034299284343797e-01
-8.697209026264780818e-02 4.896004640404155728e-02 -9.950069196349107248e-01
-8.517480713069273957e-02 5.195712748198914877e-02 -9.950104069224229297e-01
-8.327434271102315821e-02 5.488842988795797351e-02 -9.950138917926222293e-01
-8.127309785821898447e-02 5.775040485224892245e-02 -9.950173742471587479e-01
-7.917359535907506074e-02 6.053959101507783158e-02 -9.950208542876816109e-01
-7.697847675749562579e-02 6.325261861172448707e-02 -9.950243319158386113e-01
-7.469049903589221329e-02 6.588621354259213692e-02 -9.950278071332767649e-01
-7.231253115724836644e-02 6.843720132326282235e-02 -9.950312799416417553e-01
-6.984755047218284274e-02 7.090251090978422210e-02 -9.950347503425782669e-01
-6.729863899550579676e-02 7.327917839457971649e-02 -9.950382183377298739e-01
-6.466897955691928990e-02 7.556435056853509635e-02 -9.950416839287391513e-01
-6.196185183066492408e-02 7.775528834498222908e-02 -9.950451471172474527e-01
-5.918062824906669683e-02 7.984937004147235617e-02 -9.950486079048951327e-01
-5.632876980505630710e-02 8.184409451540837488e-02 -9.950520662933214355e-01
-5.340982174890089584e-02 8.373708414978761616e-02 -9.950555222841644953e-01
-5.042740918447966014e-02 8.552608768549263552e-02 -9.950589758790614470e-01
-4.738523257057530857e-02 8.720898289675800552e-02 -9.950624270796483151e-01
-4.428706313275945078e-02 8.878377910663583228e-02 -9.950658758875599030e-01
-4.113673819155678341e-02 9.024861953948071225e-02 -9.950693223044301261e-01
-3.793815641267207772e-02 9.160178350767682331e-02 -9.950727663318917893e-01
-3.469527298515565072e-02 9.284168843003484661e-02 -9.950762079715764763e-01
-3.141209473346765618e-02 9.396689167949454080e-02 -9.950796472251147717e-01
-2.809267516947859880e-02 9.497609225797964960e-02 -9.950830840941362609e-01
-2.474110949051322103e-02 9.586813229646523604e-02 -9.950865185802693080e-01
-2.136152952960716778e-02 9.664199837853290620e-02 -9.950899506851413889e-01
-1.795809866420033235e-02 9.729682268590743310e-02 -9.950933804103787583e-01
-1.453500668953773035e-02 9.783188396468708858e-02 -9.950968077576065607e-01
-1.109646466308793558e-02 9.824660831120100857e-02 -9.951002327284489413e-01
-7.646699726320556507e-03 9.854056977664875372e-02 -9.951036553245289351e-01
-4.189949910207839759e-03 9.871349078990003523e-02 -9.951070755474685781e-01
-7.304589308312998616e-04 9.876524239805581362e-02 -9.951104933988887957e-01
2.727529018517746168e-03 9.869584432459602152e-02 -9.951139088804092925e-01
6.179774472354714228e-03 9.850546484516278789e-02 -9.951173219936489955e-01
9.622047888754073700e-03 9.819442048125154310e-02 -9.951207327402254998e-01
1.305013482947165772e-02 9.776317551230595537e-02 -9.951241411217555122e-01
1.645984111809449882e-02 9.721234130693445774e-02 -9.951275471398545180e-01
1.984699796990682316e-02 9.654267547418803053e-02 -9.951309507961370038e-01
2.320746708719962151e-02 9.575508083605856202e-02 -9.951343520922163455e-01
2.653714571379771001e-02 9.485060422257587942e-02 -9.951377510297049200e-01
2.983197164263224135e-02 9.383043509109799396e-02 -9.951411476102139941e-01
3.308792817024829719e-02 9.269590397160397399e-02 -9.951445418353538352e-01
3.630104899220617382e-02 9.144848074001070415e-02 -9.951479337067336006e-01
3.946742303341153196e-02 9.008977272174473194e-02 -9.951513232259612263e-01
4.258319920749312204e-02 8.862152262800691849e-02 -9.951547103946438710e-01
4.564459109943781040e-02 8.704560632737136372e-02 -9.951580952143873615e-01
4.864788156579046008e-02 8.536403045556008318e-02 -9.951614776867967471e-01
5.158942724683099335e-02 8.357892986643190858e-02 -9.951648578134757450e-01
5.446566298525271771e-02 8.169256492741640285e-02 -9.951682355960270732e-01
5.727310614598406235e-02 7.970731866281270672e-02 -9.951716110360524503e-01
6.000836083192077897e-02 7.762569374855717019e-02 -9.951749841351525960e-01
6.266812199046664644e-02 7.545030936224383922e-02 -9.951783548949270086e-01
6.524917940591805354e-02 7.318389789235665854e-02 -9.951817233169741872e-01
6.774842157287098987e-02 7.082930151084242121e-02 -9.951850894028916317e-01
7.016283944597813405e-02 6.838946861331851590e-02 -9.951884531542757317e-01
7.248953006153846523e-02 6.586745013136893756e-02 -9.951918145727218779e-01
7.472570002656192534e-02 6.326639572153609781e-02 -9.951951736598243503e-01
7.686866887111698521e-02 6.058954983576415876e-02 -9.951985304171763191e-01
7.891587225993962340e-02 5.784024767819196527e-02 -9.952018848463699552e-01
8.086486505945725267e-02 5.502191105332977783e-02 -9.952052369489964301e-01
8.271332425656106879e-02 5.213804411078403617e-02 -9.952085867266458052e-01
8.445905172564464880e-02 4.919222899181784070e-02 -9.952119341809070319e-01
8.609997684061480860e-02 4.618812138315180754e-02 -9.952152793133680619e-01
8.763415892877322866e-02 4.312944598352025372e-02 -9.952186221256158483e-01
8.905978956366318589e-02 4.001999188860098922e-02 -9.952219626192362334e-01
9.037519469417541751e-02 3.686360790003354038e-02 -9.952253007958140607e-01
9.157883660740939735e-02 3.366419776432995337e-02 -9.952286366569329523e-01
9.266931572299215436e-02 3.042571534756455948e-02 -9.952319702041757532e-01
9.364537221676499934e-02 2.715215975180398575e-02 -9.952353014391239761e-01
9.450588747195889927e-02 2.384757037930630708e-02 -9.952386303633583564e-01
9.524988535619258179e-02 2.051602195057834754e-02 -9.952419569784584086e-01
9.587653332284166996e-02 1.716161948243272173e-02 -9.952452812860025366e-01
9.638514333554397406e-02 1.378849323223134068e-02 -9.952486032875683675e-01
9.677517261482353195e-02 1.040079361453945771e-02 -9.952519229847321958e-01
9.704622420603507826e-02 7.002686096444173114e-03 -9.952552403790694280e-01
9.719804736805018330e-02 3.598346077813361320e-03 -9.952585554721543604e-01
9.723053778232666755e-02 1.919537627853695055e-04 -9.952618682655602900e-01
9.714373758222340227e-02 -3.212310971213521837e-03 -9.952651787608595146e-01
9.693783520264336040e-02 -6.610273700627970414e-03 -9.952684869596231110e-01
9.661316505030788371e-02 -9.997770572821671614e-03 -9.952717928634212674e-01
9.617020699518526172e-02 -1.337065340674409991e-02 -9.952750964738231731e-01
9.560958568381558442e-02 -1.672479477096950815e-02 -9.952783977923967962e-01
9.493206967549189246e-02 -2.005609303289363626e-02 -9.952816968207092163e-01
9.413857040247437802e-02 -2.336047737291303827e-02 -9.952849935603264031e-01
9.323014095562943970e-02 -2.663391275745891421e-02 -9.952882880128133269e-01
9.220797469709866856e-02 -2.987240486481184190e-02 -9.952915801797339590e-01
9.107340370181402078e-02 -3.307200495768570364e-02 -9.952948700626510492e-01
8.982789702988418223e-02 -3.622881469663830761e-02 -9.952981576631265703e-01
8.847305883208336774e-02 -3.933899088844275416e-02 -9.953014429827211629e-01
8.701062629087692735e-02 -4.239875016363713056e-02 -9.953047260229946902e-01
8.544246739961854076e-02 -4.540437357756085812e-02 -9.953080067855059054e-01
8.377057858275038793e-02 -4.835221112928365927e-02 -9.953112852718124515e-01
8.199708216003107064e-02 -5.123868619293729665e-02 -9.953145614834709720e-01
8.012422365800529744e-02 -5.406029985607160859e-02 -9.953178354220372226e-01
7.815436897211471001e-02 -5.681363515977365386e-02 -9.953211070890656265e-01
7.609000138303029237e-02 -5.949536123541294963e-02 -9.953243764861098297e-01
7.393371843096321894e-02 -6.210223733300587745e-02 -9.953276436147223682e-01
7.168822865188297089e-02 -6.463111673632865317e-02 -9.953309084764547787e-01
6.935634817973806987e-02 -6.707895056005029610e-02 -9.953341710728574876e-01
6.694099721893689847e-02 -6.944279142430496987e-02 -9.953374314054800331e-01
6.444519639150220192e-02 -7.171979700227634758e-02 -9.953406894758707324e-01
6.187206296346378642e-02 -7.390723343652556843e-02 -9.953439452855770142e-01
5.922480695519924399e-02 -7.600247861995777787e-02 -9.953471988361451972e-01
5.650672714057160262e-02 -7.800302533749152445e-02 -9.953504501291206008e-01
5.372120693984635403e-02 -7.990648426466837040e-02 -9.953536991660475453e-01
5.087171021149708428e-02 -8.171058681961820835e-02 -9.953569459484693516e-01
4.796177694812991943e-02 -8.341318786497818605e-02 -9.953601904779282306e-01
4.499501888187096982e-02 -8.501226825654914498e-02 -9.953634327559655048e-01
4.197511500466877959e-02 -8.650593723566404880e-02 -9.953666727841212758e-01
3.890580700906438871e-02 -8.789243466243625014e-02 -9.953699105639347566e-01
3.579089465507575424e-02 -8.917013308725271759e-02 -9.953731460969441613e-01
3.263423106893015291e-02 -9.033753965807762853e-02 -9.953763793846865937e-01
2.943971797945799454e-02 -9.139329786133458533e-02 -9.953796104286982693e-01
2.621130089803431693e-02 -9.233618909434146427e-02 -9.953828392305141826e-01
2.295296424801950702e-02 -9.316513406748007375e-02 -9.953860657916684396e-01
1.966872644970889261e-02 -9.387919403449264399e-02 -9.953892901136940363e-01
1.636263496685156499e-02 -9.447757184950927867e-02 -9.953925121981230806e-01
1.303876132084191321e-02 -9.495961284962409210e-02 -9.953957320464866809e-01
9.701196078723030303e-03 -9.532480556205236155e-02 -9.953989496603147247e-01
6.354043821169301151e-03 -9.557278223511717075e-02 -9.954021650411362110e-01
3.001418096635954935e-03 -9.570331919253047270e-02 -9.954053781904791398e-01
-3.525636321236656594e-04 -9.571633701065088151e-02 -9.954085891098705119e-01
-3.703785042967100601e-03 -9.561190051861773176e-02 -9.954117978008363288e-01
-7.048136004494318096e-03 -9.539021862147847863e-02 -9.954150042649013708e-01
-1.038151761520801630e-02 -9.505164394664371297e-02 -9.954182085035896410e-01
-1.369984722552643197e-02 -9.459667231422043410e-02 -9.954214105184240324e-01
-1.699906343649745799e-02 -9.402594203199021727e-02 -9.954246103109264387e-01
-2.027513106909556093e-02 -9.334023301601332423e-02 -9.954278078826177545e-01
-2.352404609802300275e-02 -9.254046573805352338e-02 -9.954310032350178750e-01
-2.674184054398452692e-02 -9.162770000122973102e-02 -9.954341963696455853e-01
-2.992458731845946962e-02 -9.060313354551066678e-02 -9.954373872880187823e-01
-3.306840501505758229e-02 -8.946810048487642553e-02 -9.954405759916543639e-01
-3.616946264161416402e-02 -8.822406957817632844e-02 -9.954437624820681174e-01
-3.922398428725676345e-02 -8.687264233591496243e-02 -9.954469467607748312e-01
-4.222825371875921913e-02 -8.541555096539837910e-02 -9.954501288292882943e-01
-4.517861890058934293e-02 -8.385465615686917007e-02 -9.954533086891214078e-01
-4.807149643315387216e-02 -8.219194471345249442e-02 -9.954564863417859621e-01
-5.090337590384828859e-02 -8.042952702792501019e-02 -9.954596617887927490e-01
-5.367082414562966697e-02 -7.856963440950455457e-02 -9.954628350316515606e-01
-5.637048939794764291e-02 -7.661461626404064695e-02 -9.954660060718713011e-01
-5.899910536499183844e-02 -7.456693713116323285e-02 -9.954691749109596532e-01
-6.155349516634339019e-02 -7.242917358212058732e-02 -9.954723415504234119e-01
-6.403057517525351239e-02 -7.020401098220563352e-02 -9.954755059917683724e-01
-6.642735873991301165e-02 -6.789424012183369050e-02 -9.954786682364993311e-01
-6.874095978322344869e-02 -6.550275372049312039e-02 -9.954818282861199741e-01
-7.096859627673252069e-02 -6.303254280794357012e-02 -9.954849861421332102e-01
-7.310759358455361234e-02 -6.048669298718443998e-02 -9.954881418060407272e-01
-7.515538767325191660e-02 -5.786838058385807698e-02 -9.954912952793434355e-01
-7.710952818384626817e-02 -5.518086868688882457e-02 -9.954944465635410245e-01
-7.896768136224807666e-02 -5.242750308528913022e-02 -9.954975956601322951e-01
-8.072763284463449485e-02 -4.961170810618827781e-02 -9.955007425706150492e-01
-8.238729029443354890e-02 -4.673698235925713429e-02 -9.955038872964860897e-01
-8.394468588778312979e-02 -4.380689439281385683e-02 -9.955070298392412198e-01
-8.539797864451387222e-02 -4.082507826700033926e-02 -9.955101702003752440e-01
-8.674545660189733609e-02 -3.779522904951757717e-02 -9.955133083813819672e-01
-8.798553882859593001e-02 -3.472109823949937057e-02 -9.955164443837541954e-01
-8.911677727644853886e-02 -3.160648912518852077e-02 -9.955195782089837353e-01
-9.013785846792669865e-02 -2.845525208115707097e-02 -9.955227098585615053e-01
-9.104760501729901312e-02 -2.527127981088261865e-02 -9.955258393339773137e-01
-9.184497698374709251e-02 -2.205850254055600687e-02 -9.955289666367199697e-01
-9.252907305488365652e-02 -1.882088317005167419e-02 -9.955320917682772830e-01
-9.309913155933251250e-02 -1.556241238704059344e-02 -9.955352147301361754e-01
-9.355453130724103450e-02 -1.228710375026712508e-02 -9.955383355237825693e-01
-9.389479225780746063e-02 -8.998988748044934455e-03 -9.955414541507012771e-01
-9.411957601311843336e-02 -5.702111838053587622e-03 -9.955445706123762228e-01
-9.422868613780580049e-02 -2.400525474536400333e-03 -9.955476849102903314e-01
-9.422206830424578738e-02 9.017148709884259886e-04 -9.955507970459255285e-01
-9.409981026323802067e-02 4.200555689387415123e-03 -9.955539070207627406e-01
-9.386214164031611573e-02 7.491950407829752433e-03 -9.955570148362818950e-01
-9.350943355805541035e-02 1.077186435186219642e-02 -9.955601204939619198e-01
-9.304219808495690913e-02 1.403627968955815583e-02 -9.955632239952808549e-01
-9.246108751169890283e-02 1.728120035168414018e-02 -9.955663253417157410e-01
-9.176689345575905765e-02 2.050265692186016911e-02 -9.955694245347425086e-01
-9.096054579561992093e-02 2.369671149073156180e-02 -9.955725215758362001e-01
-9.004311143597906741e-02 2.685946246821760419e-02 -9.955756164664709695e-01
-8.901579290559165358e-02 2.998704934795795932e-02 -9.955787092081197498e-01
-8.787992678957758097e-02 3.307565741814023907e-02 -9.955817998022546966e-01
-8.663698199822732204e-02 3.612152241296177207e-02 -9.955848882503469666e-01
-8.528855787454002468e-02 3.912093509905527344e-02 -9.955879745538666059e-01
-8.383638214292378488e-02 4.207024579129168412e-02 -9.955910587142827728e-01
-8.228230870168154465e-02 4.496586879246376733e-02 -9.955941407330636261e-01
-8.062831526209603139e-02 4.780428675145120126e-02 -9.955972206116763257e-01
-7.887650083711356119e-02 5.058205493457140073e-02 -9.956002983515871430e-01
-7.702908308280932703e-02 5.329580540493043112e-02 -9.956033739542613503e-01
-7.508839549599527485e-02 5.594225110470473633e-02 -9.956064474211631099e-01
-7.305688447150614218e-02 5.851818983540681834e-02 -9.956095187537556956e-01
-7.093710622286911183e-02 6.102050813131656287e-02 -9.956125879535014933e-01
-6.873172357022791501e-02 6.344618502139418026e-02 -9.956156550218618895e-01
-6.644350259955242310e-02 6.579229567513075749e-02 -9.956187199602971605e-01
-6.407530919732043473e-02 6.805601492793783569e-02 -9.956217827702666945e-01
-6.163010546500814063e-02 7.023462068182817486e-02 -9.956248434532288805e-01
-5.911094601787074410e-02 7.232549717729593042e-02 -9.956279020106412192e-01
-5.652097417263359652e-02 7.432613813246496948e-02 -9.956309584439602123e-01
-5.386341802884767743e-02 7.623414974573988756e-02 -9.956340127546413621e-01
-5.114158644879066712e-02 7.804725355836421297e-02 -9.956370649441390608e-01
-4.835886494091606175e-02 7.976328917346453551e-02 -9.956401150139070344e-01
-4.551871145196809132e-02 8.138021682833793125e-02 -9.956431629653977877e-01
-4.262465207298883618e-02 8.289611981692221465e-02 -9.956462088000629373e-01
-3.968027666454619629e-02 8.430920675957455368e-02 -9.956492525193532117e-01
-3.668923440660717961e-02 8.561781371747323455e-02 -9.956522941247183400e-01
-3.365522927856974544e-02 8.682040614915008392e-02 -9.956553336176069413e-01
-3.058201547504867113e-02 8.791558070685627502e-02 -9.956583709994668574e-01
-2.747339276308603112e-02 8.890206687066259938e-02 -9.956614062717448199e-01
-2.433320178652514931e-02 8.977872841839569518e-02 -9.956644394358866723e-01
-2.116531932334785732e-02 9.054456472971469938e-02 -9.956674704933372588e-01
-1.797365350182896296e-02 9.119871192283736383e-02 -9.956704994455405355e-01
-1.476213898140839829e-02 9.174044382263134290e-02 -9.956735262939394593e-01
-1.153473210422106821e-02 9.216917275899395856e-02 -9.956765510399758767e-01
-8.295406023256473096e-03 9.248445019465305339e-02 -9.956795736850909684e-01
-5.048145813144959762e-03 9.268596718173147120e-02 -9.956825942307246935e-01
-1.796943569584836392e-03 9.277355464662831452e-02 -9.956856126783161232e-01
1.454206496565421582e-03 9.274718350298133407e-02 -9.956886290293034403e-01
4.701312964503067716e-03 9.260696459268588643e-02 -9.956916432851238286e-01
7.940392101983100026e-03 9.235314845515715798e-02 -9.956946554472135835e-01
1.116747275109659585e-02 9.198612492523305928e-02 -9.956976655170078905e-01
1.437860119533518159e-02 9.150642256032527622e-02 -9.957006734959410466e-01
1.756984600197832730e-02 9.091470789763533844e-02 -9.957036793854463497e-01
2.073730283387443390e-02 9.021178454246053802e-02 -9.957066831869562096e-01
2.387709922472812732e-02 8.939859208882137975e-02 -9.957096849019021478e-01
2.698539931205486131e-02 8.847620487384716403e-02 -9.957126845317145758e-01
3.005840852201977983e-02 8.744583056755964035e-02 -9.957156820778230166e-01
3.309237820044063499e-02 8.630880859989557841e-02 -9.957186775416561053e-01
3.608361018430447653e-02 8.506660842700780600e-02 -9.957216709246413666e-01
3.902846130822453657e-02 8.372082763908013370e-02 -9.957246622282055482e-01
4.192334784034734696e-02 8.227318991208500132e-02 -9.957276514537742873e-01
4.476474984231031823e-02 8.072554280610232114e-02 -9.957306386027724443e-01
4.754921544794686594e-02 7.907985541300496801e-02 -9.957336236766237691e-01
5.027336505553935131e-02 7.733821585649937325e-02 -9.957366066767511237e-01
5.293389542852985907e-02 7.550282864768895208e-02 -9.957395876045763705e-01
5.552758369971434044e-02 7.357601189950353782e-02 -9.957425664615205951e-01
5.805129127406767620e-02 7.156019440350896987e-02 -9.957455432490037728e-01
6.050196762547476598e-02 6.945791257277771080e-02 -9.957485179684448795e-01
6.287665398277611506e-02 6.727180725466345990e-02 -9.957514906212621142e-01
6.517248690067542483e-02 6.500462041747978592e-02 -9.957544612088726765e-01
6.738670171120093866e-02 6.265919171523524900e-02 -9.957574297326927670e-01
6.951663585156184211e-02 6.023845493472419071e-02 -9.957603961941375870e-01
7.155973206439548984e-02 5.774543432941432047e-02 -9.957633605946215605e-01
7.351354146656065291e-02 5.518324084470802027e-02 -9.957663229355581125e-01
7.537572648279584897e-02 5.255506823928483146e-02 -9.957692832183596687e-01
7.714406364073023159e-02 4.986418910735708476e-02 -9.957722414444377668e-01
7.881644622390714117e-02 4.711395080678903308e-02 -9.957751976152028339e-01
8.039088677965680607e-02 4.430777129814229137e-02 -9.957781517320646314e-01
8.186551947883523306e-02 4.144913489981636584e-02 -9.957811037964318102e-01
8.323860232463002606e-02 3.854158796455269681e-02 -9.957840538097121330e-01
8.450851920782120885e-02 3.558873448266373918e-02 -9.957870017733123635e-01
8.567378180607526650e-02 3.259423161743509045e-02 -9.957899476886383772e-01
8.673303132504385504e-02 2.956178517822826216e-02 -9.957928915570950501e-01
8.768504007923429155e-02 2.649514503688470482e-02 -9.957958333800864814e-01
8.852871291081715333e-02 2.339810049309750534e-02 -9.957987731590155489e-01
8.926308844473637705e-02 2.027447559447619757e-02 -9.958017108952844643e-01
8.988734017868953152e-02 1.712812441708191566e-02 -9.958046465902944400e-01
9.040077740674956619e-02 1.396292631225492208e-02 -9.958075802454456893e-01
9.080284597560450699e-02 1.078278112559405075e-02 -9.958105118621375373e-01
9.109312887259767011e-02 7.591604393977968365e-03 -9.958134414417683100e-01
9.127134664495835381e-02 4.393322526541227138e-03 -9.958163689857354450e-01
9.133735764982028882e-02 1.191867975533874701e-03 -9.958192944954354919e-01
9.129115813483362762e-02 -2.008825596998069576e-03 -9.958222179722638900e-01
9.113288214938403131e-02 -5.204828150772770022e-03 -9.958251394176154125e-01
9.086280128664075972e-02 -8.392218091140934977e-03 -9.958280588328837224e-01
9.048132425686308822e-02 -1.156708707934331164e-02 -9.958309762194615944e-01
8.998899629260140309e-02 -1.472554482325885705e-02 -9.958338915787408041e-01
8.938649838663538516e-02 -1.786372384277300565e-02 -9.958368049121123500e-01
8.867464636369644382e-02 -2.097778420393047599e-02 -9.958397162209662312e-01
8.785438978722522052e-02 -2.406391821607923101e-02 -9.958426255066914479e-01
8.692681070261649989e-02 -2.711835508626153288e-02 -9.958455327706761118e-01
8.589312221860391505e-02 -3.013736552516428288e-02 -9.958484380143074466e-01
8.475466692863456442e-02 -3.311726629900411251e-02 -9.958513412389717878e-01
8.351291517427866795e-02 -3.605442472179277991e-02 -9.958542424460543607e-01
8.216946315291250025e-02 -3.894526308250534363e-02 -9.958571416369396134e-01
8.072603087210215855e-02 -4.178626300175715402e-02 -9.958600388130111059e-01
7.918445995330278264e-02 -4.457396971268579033e-02 -9.958629339756513987e-01
7.754671128767096078e-02 -4.730499626083074782e-02 -9.958658271262420536e-01
7.581486254696791216e-02 -4.997602761790650300e-02 -9.958687182661638548e-01
7.399110555270706213e-02 -5.258382470447383467e-02 -9.958716073967965876e-01
7.207774350687171094e-02 -5.512522831662933914e-02 -9.958744945195191489e-01
7.007718808769611285e-02 -5.759716295195429353e-02 -9.958773796357095476e-01
6.799195641416699853e-02 -5.999664053009085007e-02 -9.958802627467446822e-01
6.582466788306121086e-02 -6.232076400344601502e-02 -9.958831438540007852e-01
6.357804088248922292e-02 -6.456673085366182452e-02 -9.958860229588529789e-01
6.125488938606328537e-02 -6.673183646963329330e-02 -9.958889000626756083e-01
5.885811943195309870e-02 -6.881347740300400306e-02 -9.958917751668419083e-01
5.639072549123014255e-02 -7.080915449722233190e-02 -9.958946482727244476e-01
5.385578673003511840e-02 -7.271647588639933157e-02 -9.958975193816946847e-01
5.125646317023034582e-02 -7.453315986037151175e-02 -9.959003884951231900e-01
4.859599175332045273e-02 -7.625703759253861513e-02 -9.959032556143796455e-01
4.587768231254045481e-02 -7.788605572721729597e-02 -9.959061207408328453e-01
4.310491345811989783e-02 -7.941827882342612777e-02 -9.959089838758506952e-01
4.028112838083497405e-02 -8.085189165219613949e-02 -9.959118450208001017e-01
3.740983057905764020e-02 -8.218520134468247640e-02 -9.959147041770470832e-01
3.449457951460115773e-02 -8.341663938853823013e-02 -9.959175613459566589e-01
3.153898620274560305e-02 -8.454476347019915239e-02 -9.959204165288931820e-01
2.854670874190402483e-02 -8.556825916091929940e-02 -9.959232697272198953e-01
2.552144778846054257e-02 -8.648594144459048616e-02 -9.959261209422991534e-01
2.246694198237540394e-02 -8.729675608557439792e-02 -9.959289701754923119e-01
1.938696332920871943e-02 -8.799978083497389525e-02 -9.959318174281600600e-01
1.628531254426444225e-02 -8.859422647396933415e-02 -9.959346627016619768e-01
1.316581436459892188e-02 -8.907943769304703385e-02 -9.959375059973568645e-01
1.003231283467401203e-02 -8.945489380614916886e-02 -9.959403473166025256e-01
6.888666571463297576e-03 -8.972020929897796260e-02 -9.959431866607557637e-01
3.738744014841398951e-03 -8.987513421089116106e-02 -9.959460240311727164e-01
5.864186691005128516e-04 -8.991955435003064212e-02 -9.959488594292084107e-01
-2.564435658554571010e-03 -8.985349134153104711e-02 -9.959516928562170968e-01
-5.709949616681940510e-03 -8.967710250886054557e-02 -9.959545243135520254e-01
-8.846263059604786427e-03 -8.939068058855069443e-02 -9.959573538025655592e-01
-1.196952978291119726e-02 -8.899465327877696674e-02 -9.959601813246091728e-01
-1.507592223864398506e-02 -8.848958262245525119e-02 -9.959630068810334524e-01
-1.816163622440182188e-02 -8.787616422572246122e-02 -9.959658304731880962e-01
-2.122289554060878547e-02 -8.715522631287110633e-02 -9.959686521024218031e-01
-2.425595661025238547e-02 -8.632772861900785133e-02 -9.959714717700824949e-01
-2.725711305543994725e-02 -8.539476112190462487e-02 -9.959742894775170940e-01
-3.022270022518005334e-02 -8.435754261470727877e-02 -9.959771052260716351e-01
-3.314909966885937198e-02 -8.321741912136143560e-02 -9.959799190170913752e-01
-3.603274354995551071e-02 -8.197586215680698063e-02 -9.959827308519204614e-01
-3.887011899460366543e-02 -8.063446683418207250e-02 -9.959855407319022635e-01
-4.165777236971827946e-02 -7.919494982146392525e-02 -9.959883486583792633e-01
-4.439231348546118783e-02 -7.765914715015713454e-02 -9.959911546326930543e-01
-4.707041971694383986e-02 -7.602901187882021850e-02 -9.959939586561842306e-01
-4.968884004015406558e-02 -7.430661161439761075e-02 -9.959967607301926096e-01
-5.224439897720634107e-02 -7.249412589449698296e-02 -9.959995608560570091e-01
-5.473400044612927728e-02 -7.059384343392062500e-02 -9.960023590351154699e-01
-5.715463151052441182e-02 -6.860815923892424339e-02 -9.960051552687049226e-01
-5.950336602455656015e-02 -6.653957159283648004e-02 -9.960079495581616316e-01
-6.177736816886754412e-02 -6.439067891682843936e-02 -9.960107419048209731e-01
-6.397389587314203374e-02 -6.216417650977312803e-02 -9.960135323100172133e-01
-6.609030412119631936e-02 -5.986285317128078182e-02 -9.960163207750838410e-01
-6.812404813460788688e-02 -5.748958771213683039e-02 -9.960191073013535679e-01
-7.007268643105563077e-02 -5.504734535650479543e-02 -9.960218918901579954e-01
-7.193388375369678955e-02 -5.253917404038655620e-02 -9.960246745428279480e-01
-7.370541386806782336e-02 -4.996820061095680332e-02 -9.960274552606933618e-01
-7.538516222316130055e-02 -4.733762693150732337e-02 -9.960302340450832848e-01
-7.697112847350008613e-02 -4.465072589684957599e-02 -9.960330108973258767e-01
-7.846142885920305565e-02 -4.191083736413075966e-02 -9.960357858187484092e-01
-7.985429844121287590e-02 -3.912136400411930781e-02 -9.960385588106771548e-01
-8.114809318903627722e-02 -3.628576707811006358e-02 -9.960413298744377197e-01
-8.234129191853034602e-02 -3.340756214568736671e-02 -9.960440990113546000e-01
-8.343249807745393987e-02 -3.049031470866575902e-02 -9.960468662227515146e-01
-8.442044137669227344e-02 -2.753763579660298971e-02 -9.960496315099512943e-01
-8.530397926525329355e-02 -2.455317749934806185e-02 -9.960523948742758815e-01
-8.608209824732807047e-02 -2.154062845214870306e-02 -9.960551563170463307e-01
-8.675391503990230457e-02 -1.850370927889710346e-02 -9.960579158395826971e-01
-8.731867756960322302e-02 -1.544616799914066974e-02 -9.960606734432043696e-01
-8.777576580766428826e-02 -1.237177540452517530e-02 -9.960634291292297382e-01
-8.812469244208998020e-02 -9.284320410371634663e-03 -9.960661828989761934e-01
-8.836510338630348960e-02 -6.187605388114913139e-03 -9.960689347537604599e-01
-8.849677812376151309e-02 -3.085441484351858065e-03 -9.960716846948982628e-01
-8.851962988822226208e-02 1.835606774065658836e-05 -9.960744327237044393e-01
-8.843370567955501083e-02 3.119972638851781308e-03 -9.960771788414929384e-01
-8.823918611518147270e-02 6.215598890082402878e-03 -9.960799230495769319e-01
-8.793638511744146513e-02 9.301435449834678446e-03 -9.960826653492685923e-01
-8.752574943737644053e-02 1.237369757530524389e-02 -9.960854057418792040e-01
-8.700785801562541111e-02 1.542861979286464826e-02 -9.960881442287192744e-01
-8.638342118132731617e-02 1.846246051163532784e-02 -9.960908808110984225e-01
-8.565327969012234699e-02 2.147150660461710422e-02 -9.960936154903252682e-01
-8.481840360254178091e-02 2.445207795175282153e-02 -9.960963482677077652e-01
-8.387989100427122036e-02 2.740053193937723799e-02 -9.960990791445527570e-01
-8.283896656996524166e-02 3.031326791054952952e-02 -9.961018081221663101e-01
-8.169697997248280552e-02 3.318673156083380704e-02 -9.961045352018536025e-01
-8.045540413960138026e-02 3.601741927416263200e-02 -9.961072603849190354e-01
-7.911583336045374670e-02 3.880188239349573187e-02 -9.961099836726660106e-01
-7.767998124411476524e-02 4.153673142106974192e-02 -9.961127050663971527e-01
-7.614967853294536682e-02 4.421864014312474472e-02 -9.961154245674140872e-01
-7.452687077347772138e-02 4.684434967408963868e-02 -9.961181421770176625e-01
-7.281361584779891261e-02 4.941067241531054560e-02 -9.961208578965078386e-01
-7.101208136855972908e-02 5.191449592351486675e-02 -9.961235717271836876e-01
-6.912454194090089654e-02 5.435278668431763049e-02 -9.961262836703433932e-01
-6.715337629475016945e-02 5.672259378619657483e-02 -9.961289937272843620e-01
-6.510106429110103232e-02 5.902105249048778673e-02 -9.961317018993030015e-01
-6.297018380603587595e-02 6.124538769308442154e-02 -9.961344081876949419e-01
-6.076340749640458949e-02 6.339291727365696516e-02 -9.961371125937549253e-01
-5.848349945121205512e-02 6.546105532835451435e-02 -9.961398151187768057e-01
-5.613331173290603965e-02 6.744731528209241267e-02 -9.961425157640535488e-01
-5.371578081288929524e-02 6.934931287668212596e-02 -9.961452145308773432e-01
-5.123392390570698229e-02 7.116476903121429776e-02 -9.961479114205393781e-01
-4.869083520648193053e-02 7.289151257126533223e-02 -9.961506064343300659e-01
-4.608968203628623778e-02 7.452748282366129795e-02 -9.961532995735390417e-01
-4.343370090024772923e-02 7.607073207370028400e-02 -9.961559908394548302e-01
-4.072619346329373058e-02 7.751942788190559208e-02 -9.961586802333652901e-01
-3.797052244853277303e-02 7.887185525755643911e-02 -9.961613677565573921e-01
-3.517010746336646232e-02 8.012641868642103593e-02 -9.961640534103171074e-01
-3.232842075850918956e-02 8.128164401029736030e-02 -9.961667371959297412e-01
-2.944898292517249272e-02 8.233618015615118413e-02 -9.961694191146795996e-01
-2.653535853574322603e-02 8.328880071282662723e-02 -9.961720991678501003e-01
-2.359115173335072854e-02 8.413840535349371985e-02 -9.961747773567238839e-01
-2.062000177577736834e-02 8.488402110218788710e-02 -9.961774536825828141e-01
-1.762557853921931789e-02 8.552480344298915571e-02 -9.961801281467077551e-01
-1.461157798745013787e-02 8.606003727058311736e-02 -9.961828007503786830e-01
-1.158171761197855643e-02 8.648913768114165068e-02 -9.961854714948747969e-01
-8.539731848823796032e-03 8.681165060265809419e-02 -9.961881403814745184e-01
-5.489367477556772110e-03 8.702725326406964002e-02 -9.961908074114552702e-01
-2.434379008273570167e-03 8.713575450269828160e-02 -9.961934725860935869e-01
6.214759378213459938e-04 8.713709490974053118e-02 -9.961961359066652255e-01
3.674441248540649078e-03 8.703134681373550507e-02 -9.961987973744451663e-01
6.720766935869731951e-03 8.681871410214003770e-02 -9.962014569907073902e-01
9.756713740483593036e-03 8.649953188133849280e-02 -9.962041147567251009e-01
1.277855771997308404e-02 8.607426597561304571e-02 -9.962067706737706141e-01
1.578259481515237317e-02 8.554351226579817724e-02 -9.962094247431154681e-01
1.876514538885011574e-02 8.490799586853930991e-02 -9.962120769660302022e-01
2.172255873162440287e-02 8.416857015727098601e-02 -9.962147273437845785e-01
2.465121752888587911e-02 8.332621562622379019e-02 -9.962173758776475818e-01
2.754754228396449553e-02 8.238203859896121861e-02 -9.962200225688873090e-01
3.040799569171318342e-02 8.133726978313784994e-02 -9.962226674187708575e-01
3.322908695730607959e-02 8.019326267335795400e-02 -9.962253104285646588e-01
3.600737605495989146e-02 7.895149180419928914e-02 -9.962279515995342560e-01
3.873947792138422719e-02 7.761355085564947132e-02 -9.962305909329441933e-01
4.142206657885054433e-02 7.618115061338225080e-02 -9.962332284300583485e-01
4.405187918285911886e-02 7.465611678647796068e-02 -9.962358640921397113e-01
4.662571998947957069e-02 7.304038768536565140e-02 -9.962384979204503832e-01
4.914046423754236254e-02 7.133601176293467849e-02 -9.962411299162516887e-01
5.159306194096668907e-02 6.954514502192937764e-02 -9.962437600808039528e-01
5.398054158662361074e-02 6.767004829190322035e-02 -9.962463884153667237e-01
5.630001373325262126e-02 6.571308437916645318e-02 -9.962490149211988832e-01
5.854867450707424564e-02 6.367671509331553070e-02 -9.962516395995582030e-01
6.072380898987129322e-02 6.156349815408170695e-02 -9.962542624517016776e-01
6.282279449544631023e-02 5.937608398238080482e-02 -9.962568834788856353e-01
6.484310373050265752e-02 5.711721237958601594e-02 -9.962595026823652944e-01
6.678230783614144683e-02 5.478970909918026017e-02 -9.962621200633952068e-01
6.863807930631568577e-02 5.239648231507412768e-02 -9.962647356232290363e-01
7.040819477973681018e-02 4.994051899099969521e-02 -9.962673493631196697e-01
7.209053770188655896e-02 4.742488115550905214e-02 -9.962699612843189945e-01
7.368310085394903786e-02 4.485270208721948287e-02 -9.962725713880781209e-01
7.518398874564362344e-02 4.222718241505445114e-02 -9.962751796756474931e-01
7.659141986910854294e-02 3.955158613833088810e-02 -9.962777861482764452e-01
7.790372881115768811e-02 3.682923657163859887e-02 -9.962803908072136450e-01
7.911936822140915038e-02 3.406351221954668357e-02 -9.962829936537068720e-01
8.023691063396268253e-02 3.125784258625492057e-02 -9.962855946890030179e-01
8.125505014048503560e-02 2.841570392538449522e-02 -9.962881939143481969e-01
8.217260391274598674e-02 2.554061493517265427e-02 -9.962907913309877461e-01
8.298851357283437702e-02 2.263613240439949284e-02 -9.962933869401660036e-01
8.370184640947189725e-02 1.970584681443204519e-02 -9.962959807431266412e-01
8.431179643903251308e-02 1.675337790282128286e-02 -9.962985727411123316e-01
8.481768531006730893e-02 1.378237019393119440e-02 -9.963011629353650811e-01
8.521896305032772290e-02 1.079648850211610903e-02 -9.963037513271258971e-01
8.551520865547432293e-02 7.799413412992377975e-03 -9.963063379176350098e-01
8.570613051885363209e-02 4.794836748373903015e-03 -9.963089227081318722e-01
8.579156670192096545e-02 1.786457020457265631e-03 -9.963115056998551600e-01
8.577148504508382010e-02 -1.222025119148211977e-03 -9.963140868940425499e-01
8.564598311893639737e-02 -4.226911429947553984e-03 -9.963166662919309413e-01
8.541528801605206833e-02 -7.224510627050719468e-03 -9.963192438947564566e-01
8.507975598369674208e-02 -1.021114291404416445e-02 -9.963218197037543300e-01
8.463987189802106570e-02 -1.318314449867886810e-02 -9.963243937201590184e-01
8.409624858048417306e-02 -1.613687208583511681e-02 -9.963269659452040905e-01
8.344962595745505918e-02 -1.906870734225596734e-02 -9.963295363801222271e-01
8.270087006412969732e-02 -2.197506132757970007e-02 -9.963321050261454426e-01
8.185097189409284990e-02 -2.485237888624659136e-02 -9.963346718845048633e-01
8.090104609604226171e-02 -2.769714299490709172e-02 -9.963372369564308384e-01
7.985232951937989987e-02 -3.050587906001675856e-02 -9.963398002431527178e-01
7.870617961055939582e-02 -3.327515916036804383e-02 -9.963423617458991854e-01
