-7.240055466468707790e-01
-1.613956831679955739e+00
-4.850599186264779483e+00
-4.710056454410331384e+00
2.724379534540469106e+00
2.349072926027668373e+00
1.381019195969754032e-01
-2.569461926116652695e+00
-2.599526755881465867e+00
-1.762629397327930336e+00
-2.442749666762135785e+00
5.274172957889194713e+00
7.249223808875537856e-01
-5.606758026434519593e-01
-1.702238198927090052e+00
-3.807168922487913498e-01
1.013467133944408127e+00
-1.502570275370213038e+00
-1.187269456611020901e+00
-1.129061046523561984e+00
-7.084235144400565787e-01
-1.399771215516840028e+00
-5.256592889217537312e-01
-2.601312234213029928e+00
-7.868351921419100004e-01
-2.242111570510458396e+00
-7.517774517365105602e-02
-1.370471188489163161e+00
-3.389514044280025340e-01
1.693106800595512162e-01
1.521998966158697675e+00
5.467090361038781765e+00
1.595609249060227164e+00
-2.326505938448029553e+00
1.037610842198373851e+00
4.151233371531825256e+00
-1.135380541452482683e+00
1.252371399591650503e-01
-1.932832872686315984e+00
-2.159647550930317017e+00
-3.425395514318447798e+00
-1.591447311280407062e+00
-3.187222394826168537e-01
-2.187390827044526809e+00
-1.767240235346019928e+00
-1.268705880454642498e+00
5.326585054166008248e+00
-5.369225597107364356e-01
-4.713881836462245900e-01
-6.893768342097670310e-01
-3.110904929977484468e+00
3.849496591923078359e-01
-2.392147089458160014e+00
2.100855713927078927e+00
-6.693817313738423813e-01
1.122857127411283962e+00
-2.135896184141218512e+00
-1.482688104815945707e+00
-2.515793087851429632e+00
3.159836131077045085e+00
1.181604330085430199e+00
1.917275533583434388e+00
-3.109678418024019120e+00
-1.232289184481068389e+00
-1.421618233049822599e+00
-7.449182749302062367e-01
1.425233304640096899e+00
-6.652289215927245092e-01
5.830871007842903797e-01
1.137471568099634345e+00
-4.285318014274664300e+00
3.572789217956942043e+00
-9.347487117069817053e-01
-8.288110316778282138e-01
1.174236494113366641e-01
-7.041055397756665890e-01
-2.149479733857597274e+00
-1.319879087770199799e+00
2.969495381271740175e+00
-3.772336911068920329e-01
-1.275262654086975367e+00
-9.591987624206395058e-01
4.428703438432698425e-01
-3.185728780998362986e+00
-1.830236196550968364e+00
1.563750775501881185e-01
-6.962055403956535216e-01
1.058114113660722166e+00
-1.238734599996686558e+00
1.440203911602226272e+00
5.656185422989296052e-01
-2.661598535324374737e+00
-2.591546132607628561e+00
-4.022633701157784514e-01
-1.230119071964556277e+00
-3.488860466341285882e-01
-7.002386694583306870e-01
9.353603729402240052e-01
-1.736557699710311153e+00
-2.551509462622455260e+00
-1.748788285309633039e+00
-5.702692999837273291e-01
2.060811382309274409e-01
2.466307897983031905e-01
-3.137884201765743231e-01
-7.392655296467799397e-01
-1.390570172575177788e+00
-2.271670582146881667e+00
-2.323095933743657415e-02
-4.064496117981672541e+00
-4.282564482413760976e-01
-1.213391752925940592e+00
-2.909093048032916684e+00
-7.763125730215372222e-01
-1.062838162409181830e+00
7.718121424035372380e-01
-7.135232099268954187e+00
-1.737718291828968198e+00
-2.360109503699212574e+00
6.470241302534376349e-01
-1.855727720483754672e-01
-1.890793553332734134e-01
5.698621631683663535e-01
-4.011292821755240823e+00
-1.229003662151996190e+00
2.623962816501770323e-01
-1.919777576474571257e+00
-2.679401443641245883e+00
-1.018845078784758051e+00
1.878022785333765654e+00
6.523287267431548964e-01
-1.685565444923008416e+00
8.490124964242057315e-01
2.370375150121909691e+00
-6.785628960578687918e-01
-1.739525272050050475e+00
-8.171810470362772527e-01
-1.547941660072652992e+00
6.506977329722105630e-01
-6.532243679382255808e-01
1.786757219941996766e+00
6.768140539335173456e-01
1.091515556950857002e+00
-1.360597911076360633e+00
2.379543954936509664e-01
-2.201977906884343694e-01
-4.832306305028457594e-01
-1.091735997366264588e+00
6.498141284003745355e+00
7.336715476864912322e-01
3.134930560955262457e-01
-7.733627463612442465e-01
2.505038856372055811e+00
-5.146337592140733719e+00
5.378060474822819792e+00
1.171261841303229412e+00
-1.787554566200592943e+00
4.982324828105827441e-02
-8.123488516160166650e-01
1.060652422109605642e+00
-2.837597774907906434e+00
-1.336808361537988876e-01
2.011175686104475224e-01
-4.534985358684417989e-01
-1.761192302811553034e+00
-5.203926579696103172e-01
-1.058385081715585097e+00
-9.085030419226819420e-01
-6.765771019880042481e-01
3.904866914738475359e+00
-3.569274501450379500e+00
1.747671606184896254e+00
-2.288041074639414862e+00
1.443982167466384414e-02
1.643466829192512524e+00
3.434916358426794769e+00
-1.608494194039425285e+00
3.322202951310456953e+00
1.112597683312227526e+00
-6.570892066707331169e-01
-6.719347131293393893e-01
-3.200577826622419408e-01
1.168264402781228561e+00
-7.054556574782657741e-01
-5.725830672049651016e-01
1.225006573894422690e+00
3.166566136673802045e+00
-8.835811345785846704e-01
3.074425596492305512e+00
2.501877567821103376e+00
-1.378155618560713336e+00
-1.532053756755230589e-01
3.534318197668561812e+00
5.172466051458107783e-01
2.440455061730019359e+00
1.017531975476399175e+00
-8.450600352658073078e-01
-4.405553368998336716e-01
2.427143962575208036e+00
-2.128634472165439107e+00
-7.492602314434787525e-01
-6.737983228029648108e-01
-7.737769538793537460e-02
1.135181753155022122e+01
1.869240248285194195e+00
-7.672101241364845947e-01
2.944933561655664001e+00
-7.335469528456065591e-01
1.401968841327743798e+00
1.567223538024604235e+00
3.161279892976747163e+00
-5.810465200678923692e-01
-1.322934073221518902e+00
1.378681617916174496e+00
1.314774271520417814e+00
2.918475051888178018e-01
-9.982715796803753872e-01
-4.341872849944273804e-01
-4.022400426096326975e-01
1.703210465345226243e+00
1.290319934482979214e+00
3.742878903318540562e-01
1.623446822960885161e+00
1.033988820508805251e+00
-3.251391927923091840e-01
-3.064865399426163275e-02
1.330102926801684626e+00
7.895578574454100718e-01
2.145626674286241542e+00
-2.177372513253000019e-01
2.447248455097693842e+00
4.645322862200502723e-01
1.341059909163786201e-01
2.016692820672296160e-01
-2.229524120263058240e+00
2.565361032892858884e+00
-6.312177132051851602e-01
3.296443810089285109e-01
3.363967275884314212e+00
4.326134276799638911e+00
4.556804868063541458e-01
1.571880996747178960e+00
1.784221261451070850e+00
1.766915856992867351e+00
1.025568892879503480e+00
6.894081445544070874e+00
4.689557040876792260e-01
2.217356315041790982e+00
1.612287195206471235e+00
1.677710343883860533e+00
7.384097700548327703e-01
-5.879325169077256330e-01
1.491678259963286513e+00
1.871994435750369057e+00
1.121499559245854094e+00
3.951538616067020726e+00
5.372136252897060871e+00
-4.903572683323323411e-01
-1.200711304654206613e+00
9.106536074944845183e+00
5.145257527991633495e+00
-3.266440257217870791e-01
5.311896815115111359e-01
2.472358409544837543e-01
3.717623870360068139e+00
3.046460559977881122e+00
-7.557021677435329376e-01
3.146147764644166678e+00
3.441176090293962986e+00
1.512386588392950371e+00
5.708657772779053730e+00
2.495376240313805560e+00
1.249881892526121030e+00
2.310784654680209937e-01
1.282658928511121843e+00
4.706291483206885395e+00
-2.703349729270715374e-01
-6.120636502673248991e-01
-1.756049825854954172e+00
9.327788104278658676e-02
1.707623851241844681e+00
2.318679887168510145e+00
5.299891063422598414e+00
1.622348876874293744e+00
1.794404263625128282e+00
1.133307509604976726e+00
4.654570869450071591e+00
-1.408821886015690472e+00
7.041877354269399092e+00
2.875095496758243829e+00
2.849098803805814040e-01
7.768462083998820766e+00
-1.495905921980412945e+00
6.468143394680090807e+00
4.283240794999681356e+00
5.257567010664738305e+00
4.398070687421910208e+00
-7.292707203130905924e-01
1.381924411182444912e+00
4.437527455405557042e+00
7.709285916404632344e-01
4.964582453408102225e+00
9.616155184264940203e+00
3.150942839965018560e-01
3.148808709597554767e+00
6.167663353037289298e+00
2.299623995782077712e-01
3.739159978409828389e-01
3.319745138199305945e+00
8.783654234336122357e+00
-2.588598254867712778e-01
1.663492800004008787e+00
5.675680033028257521e-01
2.746883849124546195e+00
1.029768318894493007e+01
3.195916373452485360e+00
6.695523551483220537e+00
-2.170748318349825789e-01
2.800637174411790387e+00
2.793632419494367358e+00
7.849750362367825529e-01
8.711653034848739097e+00
2.854383496268334319e+00
6.621097104980199433e+00
5.435180522058583819e+00
2.982552777453348902e+00
1.052811939187118462e+00
8.365924072485116270e+00
5.472042417904656730e+00
1.045228091321744124e+01
4.472633739512961171e+00
4.728285925988656935e+00
7.992277626851058692e+00
4.774261434928854797e+00
1.377208666162012207e+00
4.547010854810403124e+00
7.473386458958459322e+00
2.537422187871187784e+00
1.096425983693376160e+01
5.204372150649651196e+00
7.497142817870546594e+00
1.731120576820038393e+00
7.853555605867257761e+00
3.208506571180856248e+00
-1.370177185544721343e+00
2.796781788677861869e+00
9.777352418025767600e-01
8.578295413681011894e+00
8.690932787986019648e+00
1.094606499388554077e+01
3.331794436752438138e+00
9.546530344772695686e-01
9.221351033192728863e+00
1.025104811013446593e+01
2.201945281081262307e-01
1.304169151907584201e+01
7.913581871240317867e+00
8.588867237548914346e+00
7.375333155657833650e+00
7.472735468081584287e+00
7.247429484058671711e+00
6.403592478318271830e+00
1.001584697839856197e+01
7.556637068324127071e+00
-1.720288498853988157e+00
5.445787770585472920e+00
6.185091693986443317e+00
1.353784999580553716e+01
4.098331381310371668e+00
1.888250702017151061e+00
4.037384297735021832e+00
7.847892591125025241e+00
1.848005124609179761e+00
-1.090339190113461587e+00
8.835102082382432442e+00
9.682977448333026871e+00
3.154601600232350034e+00
1.333399344967322264e+01
9.191097132171197615e+00
7.848444569616712663e+00
1.310187434631962233e+01
7.675122928116637766e+00
7.481563315527094638e+00
4.460243474024608190e+00
7.454993328161998889e+00
6.722194765246982229e+00
3.493703833066272857e+00
1.777189652286987331e-01
8.125941101699307723e+00
1.319283392855778025e+01
1.183214648398815072e+01
4.809223396064925105e+00
9.468874855126843570e+00
7.824398019408668858e+00
6.463257305105332584e+00
-1.746463984601039632e-01
2.524535623480959945e+00
5.163515471803897583e+00
1.346525223191152421e+01
1.017351943178893769e+01
1.010157496317413006e+01
1.618906419595552038e+01
1.337329713083346050e+01
1.287017455018497003e+01
7.378803161515745224e+00
7.628907489429381350e+00
1.043615226450830846e+01
9.843485331860582832e+00
7.588272425060886839e+00
1.022251940343406496e+01
1.179428151558477822e+01
5.145331152217639925e+00
6.515283928271228930e+00
5.609527041124696467e+00
7.838218779175087914e-01
1.195641729199449621e+01
7.036098399204069764e+00
7.088455251148602976e+00
1.184371180445160299e+01
1.088011744400634306e+01
5.157398425672662379e-01
1.484028987194979443e+01
7.378694048994502097e+00
4.371605450611862231e+00
7.838820361259202230e+00
8.462672690279763543e+00
1.164791586896885001e+01
1.390274329213153948e+01
7.612593360738473258e+00
1.102313177862345839e+01
8.211631896553859278e+00
1.747811782866090269e+01
7.892583194197666963e+00
1.085879994869963561e+01
1.097745400402432558e+01
1.060043446789109467e+01
1.083213288361384130e+01
2.068695446555597783e+00
7.407067901047694747e+00
1.247675367528659685e+01
1.488354100245503631e+01
9.467661406445186500e+00
1.404742614277863488e+01
1.184371180445160299e+01
1.014425350322973962e+01
1.747811782866090269e+01
8.230939184981824752e+00
1.214671576301953770e+01
9.874790878926418713e+00
1.893568512176798224e+00
5.728380526288666452e+00
1.452841924935875717e+01
2.909291584973257905e+00
5.931766160830662216e+00
1.243453948515299601e+01
1.011666617614245567e+01
6.929702374073651860e+00
1.003285548158249263e+01
1.329096243914608877e+01
1.388154636842990541e+01
1.303890900547569132e+01
1.229701684550307839e+01
9.347553294679144642e+00
8.920280737462334741e+00
1.318558983218217229e+01
1.497662180556321943e+01
9.428882928995085067e+00
6.432455997270274395e+00
1.215501897574612045e+01
1.403485252668111549e+01
1.436720479054138089e+01
1.142396766292853094e+01
1.147380614872414029e+01
1.257599278754393168e+01
7.774062981771517222e+00
1.315991702656078388e+01
1.450428392183710535e+01
9.212706949623195030e+00
6.834290439647014104e+00
2.191988611349130256e+00
1.747811782866090269e+01
1.127881634542846712e+01
1.577444418249489644e+01
1.089917978770877305e+01
1.030628986016313142e+01
9.555310470001995071e+00
1.747811782866090269e+01
1.506859944647517047e+00
1.409549818736280002e+01
1.747811782866090269e+01
6.773384260923644540e+00
1.747811782866090269e+01
1.299884228207122128e+01
1.747811782866090269e+01
1.715279050514481796e+01
1.361746549197507683e+01
1.174151997665290459e+01
1.747811782866090269e+01
1.309532893141705934e+01
1.299884228207122128e+01
1.321029569028835127e+01
1.415518175717065397e+01
1.738646555979732611e+01
1.159116914076590632e+01
1.262864859027374465e+01
1.747811782866090269e+01
1.695728540672421047e+01
1.618906419595552038e+01
1.395940695333068504e+01
1.738646555979732611e+01
1.738646555979732611e+01
1.715279050514481796e+01
1.738646555979732611e+01
1.261408029643670581e+01
1.283325980270250355e+01
1.738646555979732611e+01
1.218199888528829788e+01
1.204228306498436929e+01
1.373596581861314014e+01
1.299884228207122128e+01
1.093732086502771317e+01
7.936491570031619425e+00
1.618906419595552038e+01
1.107665553024739680e+01
1.204054431205723574e+01
1.618906419595552038e+01
1.430584954540950093e+01
1.280747655947147656e+01
1.416254428810837851e+01
7.342270930496966663e+00
6.164129498758695647e+00
1.738646555979732611e+01
1.311345358835555430e+01
1.337169059229119306e+01
1.738646555979732611e+01
1.067118406627466953e+01
1.738646555979732611e+01
1.715279050514481796e+01
7.438676517154554801e+00
1.393674729799817058e+01
1.325910327654557719e+01
1.738646555979732611e+01
9.504222697157109323e+00
1.577444418249489644e+01
1.226207458318298649e+01
6.885151677601225373e+00
1.015084421875670451e+01
1.356155356142278912e+01
1.115254875881945118e+01
6.629341019625934806e+00
1.738646555979732611e+01
1.299369958939126768e+00
1.738646555979732611e+01
1.331729461237153300e+00
1.738646555979732611e+01
1.363679297750761954e+01
1.738646555979732611e+01
1.125334594398889010e+01
1.224602240800381558e+01
6.065118821358693069e+00
9.881631011156882138e+00
1.747811782866090269e+01
1.201743223304349506e+01
9.019782770315750042e+00
1.738646555979732611e+01
1.423941448955759626e+01
1.262951277018550655e+01
7.614893451095315235e+00
1.403485252668111549e+01
1.738646555979732611e+01
4.340054214868136917e+00
1.738646555979732611e+01
1.618906419595552038e+01
1.738646555979732611e+01
1.426966671000641185e+01
1.584924721537715087e+01
1.738646555979732611e+01
1.738646555979732611e+01
1.499425707902650551e+01
9.131492527675147741e+00
7.202735046954527931e+00
1.120605398093645277e+01
1.738646555979732611e+01
9.104473861673575641e+00
1.089675162909256656e+01
1.097642204999752380e+01
1.322744921704714827e+01
1.738646555979732611e+01
1.584924721537715087e+01
7.237251292446482687e+00
1.618906419595552038e+01
3.596104260331927538e+00
1.431312566527107677e+01
1.400071339352758137e+01
1.738646555979732611e+01
1.747811782866090269e+01
1.416254428810837851e+01
1.104309919917250404e+01
1.152864462406702906e+01
1.738646555979732611e+01
1.747811782866090269e+01
1.181042333850213311e+01
1.461691798378278939e+01
1.584924721537715087e+01
9.567745105704767994e+00
1.464496110034301246e+01
1.345476306537337763e+01
1.337752360503847449e+01
1.283535398003862582e+01
1.584924721537715087e+01
7.323667130289383209e+00
1.463131298806389502e+01
1.584924721537715087e+01
1.272393688639622411e+01
1.396438635489788105e+01
7.638059905665592453e+00
1.380831258959273100e+01
1.481843819496177517e+01
1.584924721537715087e+01
1.425988311684696441e+01
1.296595678773596561e+01
1.618906419595552038e+01
1.292728248160675086e+01
1.747811782866090269e+01
1.374578223480631856e+01
1.459688530587333588e+01
1.269968297916704003e+01
1.738646555979732611e+01
1.418119864442265765e+01
1.363679297750761954e+01
1.747811782866090269e+01
1.454782686653257606e+01
1.618906419595552038e+01
1.263280587375333752e+01
1.277311679132579947e+01
1.169226833135866706e+01
4.531573552580585584e+00
1.481843819496177517e+01
7.124234249483950343e+00
8.014893103347501935e+00
1.497662180556321943e+01
1.325910327654557719e+01
1.618906419595552038e+01
1.584924721537715087e+01
1.584924721537715087e+01
6.988556980998764878e+00
1.560677092132907084e+01
8.486525029400839415e+00
1.738646555979732611e+01
1.046238586429143069e+01
1.747811782866090269e+01
1.051639482383568769e+01
8.750324370982394129e+00
1.119319493294743317e+01
1.303916001212231812e+01
1.357701931674347584e+01
1.374294046254437518e+01
1.101482163982212903e+01
1.296416526734810937e+01
7.792351424269268634e+00
1.618906419595552038e+01
4.466395674380395420e+00
1.584924721537715087e+01
1.618906419595552038e+01
1.618906419595552038e+01
1.307117658457530140e+01
1.305119548542668362e+01
1.374578223480631856e+01
1.738646555979732611e+01
1.584924721537715087e+01
1.007525061861948146e+01
1.269968297916704003e+01
1.025921474502888842e+01
1.351666188640460220e+01
1.371399661442989526e+01
1.198382862008286587e+01
1.166313747059906092e+01
3.045189975169478203e+00
1.345053592281405130e+01
1.117947377726471636e+01
1.263503487449481710e+01
8.441547447079591038e+00
1.584924721537715087e+01
1.584924721537715087e+01
1.217312334355228387e+01
1.465069799501172199e+01
1.076526537704256548e+01
1.249864907526465529e+01
1.584924721537715087e+01
1.493090062547982910e+01
1.288706767180245727e+01
1.034415050278957793e+01
8.351221606320768487e+00
8.023462303269100815e+00
9.591348944157648049e+00
1.168257891342159027e+01
7.663092679855450839e+00
1.320794390927325601e+01
1.738646555979732611e+01
1.738646555979732611e+01
1.584924721537715087e+01
1.738646555979732611e+01
1.451347438926601363e+01
1.738646555979732611e+01
1.395940695333068504e+01
1.208497723093395848e+01
1.286894421438757874e+01
9.340093348016713648e+00
1.108548734962587190e+01
1.396438635489788105e+01
1.293355866043812163e+01
1.715279050514481796e+01
1.488354100245503631e+01
1.738646555979732611e+01
1.478077189037549033e+01
4.246392004280555632e+00
1.738646555979732611e+01
1.436720479054138089e+01
1.577444418249489644e+01
1.497898325026648614e+01
1.605860052941698868e+01
1.618906419595552038e+01
1.738646555979732611e+01
1.032991472665947796e+01
1.738646555979732611e+01
1.738646555979732611e+01
1.051995883095248985e+01
1.738646555979732611e+01
1.738646555979732611e+01
1.584924721537715087e+01
1.738646555979732611e+01
1.738646555979732611e+01
9.845190865735123253e+00
8.904110953587203170e+00
7.773878951134882698e+00
1.292074537648163535e+01
1.352720747986936445e+01
1.283398364407902292e+01
1.205753212657373119e+01
1.618906419595552038e+01
1.296960635273386764e+01
1.343106159409612843e+01
1.121002202194319253e+01
1.738646555979732611e+01
1.738646555979732611e+01
1.355055584148221648e+01
1.738646555979732611e+01
1.182240392384082917e+01
1.738646555979732611e+01
1.306714726529157744e+01
1.488354100245503631e+01
1.738646555979732611e+01
1.463131298806389502e+01
1.738646555979732611e+01
1.443287469837576253e+01
1.747811782866090269e+01
1.294043292197233264e+01
1.738646555979732611e+01
1.027084535412569544e+01
9.540178091408645145e+00
1.738646555979732611e+01
1.218522310797376029e+01
7.646585791972867696e+00
1.738646555979732611e+01
1.738646555979732611e+01
1.208497723093395848e+01
1.311636649729993032e+01
1.738646555979732611e+01
1.371251594495626769e+01
1.738646555979732611e+01
1.390135863830656682e+01
1.423941448955759626e+01
1.577444418249489644e+01
9.522099218625552197e+00
1.218097517444865296e+01
9.515413616226597426e+00
1.404742614277863488e+01
1.301182050855761752e+01
1.329096243914608877e+01
1.117272248736015605e+01
1.396438635489788105e+01
1.594761935658634755e+01
8.704339150527042435e+00
1.618906419595552038e+01
1.738646555979732611e+01
1.154767398098094056e+01
1.738646555979732611e+01
1.149556385415024273e+01
9.318746282744996279e+00
1.738646555979732611e+01
1.738646555979732611e+01
1.281410683582573107e+01
9.810555703826496554e+00
5.028119317332879312e+00
1.436720479054138089e+01
1.738646555979732611e+01
1.695728540672421047e+01
1.090201020371282503e+01
1.032991472665947796e+01
1.738646555979732611e+01
1.434685786198699020e+01
1.286875613462951407e+01
1.738646555979732611e+01
9.890913192772357476e+00
1.618906419595552038e+01
1.441122362901994514e+01
1.175900395073694682e+01
1.738646555979732611e+01
1.332426256246302287e+01
1.413709587436845716e+01
1.747811782866090269e+01
1.738646555979732611e+01
4.589575252760982771e+00
1.192748038828199597e+01
9.900844552582661606e+00
1.017290070169909910e+01
1.392224843323240613e+01
1.404742614277863488e+01
1.738646555979732611e+01
7.548795881353496995e+00
1.436720479054138089e+01
1.180961204043984658e+01
1.354469243034004045e+01
4.813074173534542588e+00
1.352671778557805737e+01
1.147568675246711223e+01
1.088425080519736277e+01
1.738646555979732611e+01
1.166013078566967209e+01
1.210753702354986494e+01
1.747811782866090269e+01
1.364368041321651503e+01
1.026079894091444444e+01
1.328352632659413501e+01
6.296341870129301910e+00
1.306714726529157744e+01
2.920201843152586907e+00
1.738646555979732611e+01
1.426966671000641185e+01
1.356155356142278912e+01
1.524128371222335687e+01
1.355055584148221648e+01
1.359754883055770058e+01
1.328797708332596628e+01
1.168019365262515841e+01
1.269330064533582103e+01
1.738646555979732611e+01
1.416254428810837851e+01
8.277488863049404344e+00
1.738646555979732611e+01
1.418640348725091904e+01
1.738646555979732611e+01
1.738646555979732611e+01
1.738646555979732611e+01
1.413791077107527272e+01
1.594761935658634755e+01
1.738646555979732611e+01
8.903476136568132304e+00
9.838788010036685350e+00
1.318274543428406531e+01
1.695728540672421047e+01
1.225226642249967490e+01
1.127963874521446819e+01
1.738646555979732611e+01
1.301231101982169314e+01
9.599499617781331651e+00
1.416254428810837851e+01
1.738646555979732611e+01
8.793865115254039466e+00
1.738646555979732611e+01
1.738646555979732611e+01
1.132694603931695099e+01
1.476000360375364906e+01
1.031654855441558816e+01
1.007604802773606778e+01
1.124995942092170509e+01
1.738646555979732611e+01
1.738646555979732611e+01
1.386090848371578055e+01
1.244273570215083247e+01
1.504815306779531703e+01
1.407468195393981070e+01
1.738646555979732611e+01
1.443287469837576253e+01
1.342951209248455235e+01
1.016943743845653003e+01
9.157639279818150513e+00
1.342951209248455235e+01
1.309154996182040342e+01
8.185793010736775344e+00
1.426966671000641185e+01
1.173718004602320164e+01
1.738646555979732611e+01
1.318274543428406531e+01
1.065116618288262984e+01
1.328352632659413501e+01
1.504815306779531703e+01
1.738646555979732611e+01
1.738646555979732611e+01
8.603770337521995160e+00
1.524128371222335687e+01
1.380831258959273100e+01
1.618906419595552038e+01
3.899408621481565973e+00
1.407468195393981070e+01
1.738646555979732611e+01
1.577444418249489644e+01
1.276841557163281315e+01
1.132694603931695099e+01
1.738646555979732611e+01
1.476000360375364906e+01
1.589167961892176706e+01
1.747811782866090269e+01
4.579517285722708664e+00
1.341403984199365951e+01
1.738646555979732611e+01
1.025846447144379958e+01
1.250216846016586913e+01
9.906739123232409128e+00
1.221021964163086437e+01
1.436105726255947346e+01
1.413791077107527272e+01
1.738646555979732611e+01
1.421573750291618587e+01
1.177311939410489217e+01
5.969219181481420833e+00
1.457631919145408084e+01
1.282379841281809263e+01
4.055268356406875441e+00
1.244273570215083247e+01
1.738646555979732611e+01
1.402739496030276278e+01
1.738646555979732611e+01
1.413709587436845716e+01
1.374050223436567819e+01
1.738646555979732611e+01
1.715279050514481796e+01
1.220372184558811135e+01
1.436015405112216214e+01
1.208497723093395848e+01
8.930641871944017041e+00
1.747811782866090269e+01
1.407468195393981070e+01
9.854701222620473544e+00
7.522888908457121993e+00
1.738646555979732611e+01
1.738646555979732611e+01
1.524128371222335687e+01
1.443287469837576253e+01
1.416254428810837851e+01
1.126631112153593151e+01
1.476000360375364906e+01
1.337752360503847449e+01
1.339507540111710604e+01
1.259508378595740830e+01
1.488354100245503631e+01
1.738646555979732611e+01
1.407468195393981070e+01
1.738646555979732611e+01
1.054806765456394224e+01
1.434685786198699020e+01
1.436015405112216214e+01
1.436015405112216214e+01
9.967694653236328861e+00
1.413709587436845716e+01
1.413709587436845716e+01
1.738646555979732611e+01
1.695728540672421047e+01
1.450702800420301131e+01
1.421573750291618587e+01
8.151908558799798143e+00
1.233091994121732426e+01
9.061899673273954292e+00
1.738646555979732611e+01
1.427125777978741183e+01
7.858327863119438206e+00
1.738646555979732611e+01
1.738646555979732611e+01
1.695728540672421047e+01
1.390506628587495364e+01
1.219527779983852867e+01
8.975668276511479249e+00
1.224838433172137009e+01
1.738646555979732611e+01
1.738646555979732611e+01
1.320794390927325601e+01
5.518816133205913133e+00
1.026834159332320517e+01
1.445563969620568123e+01
1.342951209248455235e+01
1.738646555979732611e+01
1.268775352071010509e+01
1.715279050514481796e+01
1.416254428810837851e+01
8.922264274791533722e+00
1.715279050514481796e+01
1.738646555979732611e+01
1.434685786198699020e+01
1.738646555979732611e+01
1.337752360503847449e+01
