0.000000000000000000e+00 0.000000000000000000e+00 1.000000000000000000e+00
8.277919540544645068e-07 -7.039033777295260154e-05 9.999999975222575443e-01
2.731081575407783859e-06 -2.111651850678939271e-04 9.999999777009026536e-01
5.957543758207735514e-06 -4.223178354430168657e-04 9.999999108060727560e-01
1.075481934925093830e-05 -7.038406939481386005e-04 9.999997522462750199e-01
1.737051173629194364e-05 -1.055725261591761253e-03 9.999994425710633239e-01
2.605218317940918241e-05 -1.477962114597163772e-03 9.999989074740389672e-01
3.704735081198120292e-05 -1.970540878452833704e-03 9.999980577961840034e-01
5.060348223789602187e-05 -2.533450196763430227e-03 9.999967895295405196e-01
6.696799065169512768e-05 -3.166677694908346698e-03 9.999949838212514042e-01
8.638822940844268210e-05 -3.870209938515847825e-03 9.999925069779801445e-01
1.091114859702096637e-04 -4.644032386761648076e-03 9.999892104707301943e-01
1.353849751561736958e-04 -5.488129340501722749e-03 9.999849309400868913e-01
1.654558316234577137e-04 -6.402483885250070776e-03 9.999794902019074616e-01
1.995711015059662341e-04 -7.387077829013091387e-03 9.999726952534870872e-01
2.379777331386278248e-04 -8.441891634993195156e-03 9.999643382802315683e-01
2.809225667946159801e-04 -9.566904349175255756e-03 9.999541966628696654e-01
3.286523233633010578e-04 -1.076209352281048970e-02 9.999420329852408695e-01
3.814135918968838707e-04 -1.202743512981339045e-02 9.999275950426961268e-01
4.394528159538758157e-04 -1.336290347908835642e-02 9.999106158511525955e-01
5.030162786678279725e-04 -1.476847112180372686e-02 9.998908136568452898e-01
5.723500864699668277e-04 -1.624410875363202153e-02 9.998678919468206860e-01
6.477001513946743262e-04 -1.778978511197629869e-02 9.998415394602206963e-01
7.293121718970545057e-04 -1.940546686820364408e-02 9.998114302004070808e-01
8.174316121121588934e-04 -2.109111851490801798e-02 9.997772234479790354e-01
9.123036794857990574e-04 -2.284670224822583570e-02 9.997385637747390197e-01
1.014173300707266103e-03 -2.467217784522890769e-02 9.996950810586647806e-01
1.123285095874691341e-03 -2.656750253642056053e-02 9.996463904999465244e-01
1.239883350824239668e-03 -2.853263087336212200e-02 9.995920926381530736e-01
1.364211987554812388e-03 -3.056751459145819194e-02 9.995317733705894048e-01
1.496514532680464629e-03 -3.267210246793049444e-02 9.994650039719149559e-01
1.637034083843307399e-03 -3.484634017501146708e-02 9.993913411150896486e-01
1.786013274020273843e-03 -3.709017012839019994e-02 9.993103268937203465e-01
1.943694233657782726e-03 -3.940353133094470772e-02 9.992214888458813560e-01
2.110318550569029953e-03 -4.178635921179606194e-02 9.991243399794845770e-01
2.286127227529393107e-03 -4.423858546072133996e-02 9.990183787992777953e-01
2.471360637506229800e-03 -4.676013785796403338e-02 9.989030893355508312e-01
2.666258476460212773e-03 -4.935094009948200189e-02 9.987779411746329217e-01
2.871059713656251306e-03 -5.201091161767473076e-02 9.986423894912653809e-01
3.086002539423029697e-03 -5.473996739763332259e-02 9.984958750829362462e-01
3.311324310301220954e-03 -5.753801778895833996e-02 9.983378244062659501e-01
3.547261491521538218e-03 -6.040496831319230181e-02 9.981676496155346134e-01
3.794049596754956507e-03 -6.334071946691546828e-02 9.979847486034441051e-01
4.051923125078674658e-03 -6.634516652055520713e-02 9.977885050442092396e-01
4.321115495102700529e-03 -6.941819931296132340e-02 9.975782884390753669e-01
4.601858976203337254e-03 -7.255970204180121896e-02 9.973534541643602758e-01
4.894384616811303310e-03 -7.576955304983108708e-02 9.971133435221222197e-01
5.198922169703793471e-03 -7.904762460710090810e-02 9.968572837935548714e-01
5.515700014251402258e-03 -8.239378268915313608e-02 9.965845882952149015e-01
5.844945075572570599e-03 -8.580788675127704046e-02 9.962945564381867625e-01
6.186882740550023532e-03 -8.928978949888254080e-02 9.959864737902929255e-01
6.541736770665588889e-03 -9.283933665405946778e-02 9.956596121414597045e-01
6.909729211611775716e-03 -9.645636671839039056e-02 9.953132295723475798e-01
7.291080299640621473e-03 -1.001407107320870932e-01 9.949465705263608184e-01
7.686008364612501031e-03 -1.038921920295230034e-01 9.945588658851486352e-01
8.094729729709934998e-03 -1.077106259912361530e-01 9.941493330477145784e-01
8.517458607783823590e-03 -1.115958197924791506e-01 9.937171760132506027e-01
8.954406994302109221e-03 -1.155475721483952140e-01 9.932615854678144007e-01
9.405784556873483457e-03 -1.195656730559012670e-01 9.927817388749694549e-01
9.871798521321542563e-03 -1.236499035323614659e-01 9.922768005705091543e-01
1.035265355428766597e-02 -1.278000353511368758e-01 9.917459218613868810e-01
1.084855164234392252e-02 -1.320158307740990633e-01 9.911882411289757444e-01
1.135969196760041981e-02 -1.362970422811979887e-01 9.906028839367818639e-01
1.188627077979477302e-02 -1.406434122971765843e-01 9.899889631427378767e-01
1.242848126485477343e-02 -1.450546729155269554e-01 9.893455790162015706e-01
1.298651340992884595e-02 -1.495305456197854599e-01 9.886718193597888726e-01
1.356055386488254529e-02 -1.540707410022658930e-01 9.879667596361683124e-01
1.415078580026311698e-02 -1.586749584803329727e-01 9.872294630999464138e-01
1.475738876173809250e-02 -1.633428860103201818e-01 9.864589809347739102e-01
1.538053852101795883e-02 -1.680741997991984649e-01 9.856543523958034569e-01
1.602040692327713275e-02 -1.728685640141046920e-01 9.848146049576299577e-01
1.667716173109182881e-02 -1.777256304898410799e-01 9.839387544678447339e-01
1.735096646491792946e-02 -1.826450384344591449e-01 9.830258053063360979e-01
1.804198024013657642e-02 -1.876264141330439561e-01 9.820747505504686670e-01
1.875035760069998503e-02 -1.926693706498168734e-01 9.810845721462744251e-01
1.947624834941498809e-02 -1.977735075286770894e-01 9.800542410857879805e-01
2.021979737490677692e-02 -2.029384104923048771e-01 9.789827175906598011e-01
2.098114447531068683e-02 -2.081636511399511669e-01 9.778689513021805446e-01
2.176042417874513024e-02 -2.134487866440408499e-01 9.767118814778494862e-01
2.255776556062437724e-02 -2.187933594457190101e-01 9.755104371946204944e-01
2.337329205787556582e-02 -2.241968969494716468e-01 9.742635375589584479e-01
2.420712128013010125e-02 -2.296589112169545310e-01 9.729700919238388757e-01
2.505936481796567153e-02 -2.351788986601659470e-01 9.716290001128231602e-01
2.593012804828111542e-02 -2.407563397341010436e-01 9.702391526513417519e-01
2.681950993689274226e-02 -2.463906986290279599e-01 9.687994310053160696e-01
2.772760283844709350e-02 -2.520814229625270575e-01 9.673087078272509798e-01
2.865449229375166204e-02 -2.578279434714376706e-01 9.657658472099270863e-01
2.960025682463181609e-02 -2.636296737038574811e-01 9.641697049478236137e-01
3.056496772642901955e-02 -2.694860097113426778e-01 9.625191288063991157e-01
3.154868885826238312e-02 -2.753963297414578903e-01 9.608129587993589071e-01
3.255147643118273815e-02 -2.813599939308270570e-01 9.590500274740348940e-01
3.357337879435556144e-02 -2.873763439988385460e-01 9.572291602050042592e-01
3.461443621941662913e-02 -2.934447029421587416e-01 9.553491754960702353e-01
3.567468068315155644e-02 -2.995643747302102478e-01 9.534088852907294243e-01
3.675413564865812055e-02 -3.057346440017726374e-01 9.514070952912458967e-01
3.785281584515798325e-02 -3.119547757628649554e-01 9.493426052864528675e-01
3.897072704663216702e-02 -3.182240150860709549e-01 9.472142094884005159e-01
4.010786584946271494e-02 -3.245415868114686075e-01 9.450206968779666372e-01
4.126421944927083363e-02 -3.309066952493280311e-01 9.427608515595450323e-01
4.243976541715012429e-02 -3.373185238847423717e-01 9.404334531249251006e-01
4.363447147550156280e-02 -3.437762350843577841e-01 9.380372770264741034e-01
4.484829527368528607e-02 -3.502789698053695444e-01 9.355710949597301207e-01
4.608118416371257547e-02 -3.568258473069530479e-01 9.330336752555145052e-01
4.733307497620980325e-02 -3.634159648642990015e-01 9.304237832816666387e-01
4.860389379689473294e-02 -3.700483974854236191e-01 9.277401818545047973e-01
4.989355574381392627e-02 -3.767221976309250153e-01 9.249816316601122690e-01
5.120196474559870342e-02 -3.834363949368588265e-01 9.221468916855464215e-01
5.252901332100569365e-02 -3.901899959409062535e-01 9.192347196600654247e-01
5.387458236001656936e-02 -3.969819838120090538e-01 9.162438725064644407e-01
5.523854090678025769e-02 -4.038113180836467864e-01 9.131731068026102127e-01
5.662074594468953503e-02 -4.106769343909323355e-01 9.100211792532606481e-01
5.802104218389253498e-02 -4.175777442117027949e-01 9.067868471722524415e-01
5.943926185154828346e-02 -4.245126346117832905e-01 9.034688689751362300e-01
6.087522448514393753e-02 -4.314804679946023236e-01 9.000660046823363292e-01
6.232873672919996694e-02 -4.384800818553382107e-01 8.965770164329086578e-01
6.379959213569791343e-02 -4.455102885397760892e-01 8.930006690089662413e-01
6.528757096857372433e-02 -4.525698750080573984e-01 8.893357303708386841e-01
6.679244001262812924e-02 -4.596576026035023577e-01 8.855809722030286713e-01
6.831395238721338359e-02 -4.667722068266890179e-01 8.817351704710243432e-01
6.985184736506419578e-02 -4.739123971149717396e-01 8.777971059890218308e-01
7.140585019664817679e-02 -4.810768566276234504e-01 8.737655649986101336e-01
7.297567194041937322e-02 -4.882642420367871439e-01 8.696393397584644136e-01
7.456100929936561317e-02 -4.954731833244226391e-01 8.654172291450911159e-01
7.616154446424837354e-02 -5.027022835854360050e-01 8.610980392646624404e-01
7.777694496394056689e-02 -5.099501188371806659e-01 8.566805840759756929e-01
7.940686352327522290e-02 -5.172152378355184821e-01 8.521636860245656031e-01
8.105093792882445136e-02 -5.244961618976340390e-01 8.475461766879947012e-01
8.270879090303487335e-02 -5.317913847317925491e-01 8.428268974323430696e-01
8.438002998715184166e-02 -5.390993722742366545e-01 8.380047000799107915e-01
8.606424743337089123e-02 -5.464185625334181395e-01 8.330784475881445328e-01
8.776102010666053665e-02 -5.537473654417612856e-01 8.280470147397929193e-01
8.946990939670576570e-02 -5.610841627151581523e-01 8.229092888442903764e-01
9.119046114042678175e-02 -5.684273077203980673e-01 8.176641704503641028e-01
9.292220555553212802e-02 -5.757751253507350508e-01 8.123105740698521871e-01
9.466465718556944797e-02 -5.831259119098002319e-01 8.068474289127166577e-01
9.641731485694124415e-02 -5.904779350040688657e-01 8.012736796332288192e-01
9.817966164835606468e-02 -5.978294334440953373e-01 7.955882870872974522e-01
9.995116487318889131e-02 -6.051786171547315352e-01 7.897902291009055720e-01
1.017312760752265705e-01 -6.125236670945484185e-01 7.838785012496146676e-01
1.035194310382763355e-01 -6.198627351846844880e-01 7.778521176490877931e-01
1.053150498101168842e-01 -6.271939442473484227e-01 7.717101117565786650e-01
1.071175367412722096e-01 -6.345153879542080322e-01 7.654515371833245929e-01
1.089262805390888017e-01 -6.418251307849022202e-01 7.590754685177757421e-01
1.107406543375965280e-01 -6.491212079959179926e-01 7.525810021595844557e-01
1.125600157836325194e-01 -6.564016256000796412e-01 7.459672571642732564e-01
1.143837071397057481e-01 -6.636643603569029048e-01 7.392333760984902691e-01
1.162110554040779037e-01 -6.709073597740736750e-01 7.323785259057538077e-01
1.180413724485328969e-01 -6.781285421203172570e-01 7.254018987825804343e-01
1.198739551743039922e-01 -6.853257964499299693e-01 7.183027130648818037e-01
1.217080856866226135e-01 -6.924969826392542993e-01 7.110802141245067265e-01
1.235430314883481095e-01 -6.996399314353849430e-01 7.037336752757974434e-01
1.253780456931312681e-01 -7.067524445174016012e-01 6.962623986920180030e-01
1.272123672585577236e-01 -7.138322945704341782e-01 6.886657163315059726e-01
1.290452212397093235e-01 -7.208772253728731316e-01 6.809429908733859449e-01
1.308758190635732066e-01 -7.278849518970496035e-01 6.730936166626763084e-01
1.327033588247182316e-01 -7.348531604237178438e-01 6.651170206646082050e-01
1.345270256026482592e-01 -7.417795086706848728e-01 6.570126634279671585e-01
1.363459918012298322e-01 -7.486616259359420988e-01 6.487800400572545367e-01
1.381594175105794742e-01 -7.554971132556645985e-01 6.404186811934565737e-01
1.399664508917820294e-01 -7.622835435774579782e-01 6.319281540031969069e-01
1.417662285847966774e-01 -7.690184619492427265e-01 6.233080631760357093e-01
1.435578761398917658e-01 -7.756993857241797352e-01 6.145580519296662825e-01
1.453405084729321728e-01 -7.823238047820547658e-01 6.056778030227483178e-01
1.471132303448251799e-01 -7.888891817675522944e-01 5.966670397751017152e-01
1.488751368654111784e-01 -7.953929523458641571e-01 5.875255270949738540e-01
1.506253140220654152e-01 -8.018325254760929610e-01 5.782530725130763383e-01
1.523628392332547488e-01 -8.082052837029249925e-01 5.688495272230742472e-01
1.540867819272705996e-01 -8.145085834670637848e-01 5.593147871281962669e-01
1.557962041463348268e-01 -8.207397554349309399e-01 5.496487938936169826e-01
1.574901611762497267e-01 -8.268961048481558995e-01 5.398515360042471789e-01
1.591677022017357890e-01 -8.329749118933963414e-01 5.299230498275527834e-01
1.608278709875731460e-01 -8.389734320930435363e-01 5.198634206810025526e-01
1.624697065856322564e-01 -8.448888967173875386e-01 5.096727839037314967e-01
1.640922440678481142e-01 -8.507185132188339605e-01 4.993513259319838360e-01
1.656945152851599656e-01 -8.564594656887795088e-01 4.888992853778847403e-01
1.672755496524037655e-01 -8.621089153377752279e-01 4.783169541110675604e-01
1.688343749591093568e-01 -8.676640009996209324e-01 4.676046783426645037e-01
1.703700182061167190e-01 -8.731218396600540776e-01 4.567628597111482724e-01
1.718815064678873017e-01 -8.784795270107141896e-01 4.457919563694896503e-01
1.733678677803457413e-01 -8.837341380290819615e-01 4.346924840730754802e-01
1.748281320540459594e-01 -8.888827275851101106e-01 4.234650172678072755e-01
1.762613320124113980e-01 -8.939223310752805185e-01 4.121101901777786125e-01
1.776665041547549617e-01 -8.988499650848401634e-01 4.006286978919051389e-01
1.790426897437370213e-01 -9.036626280789861188e-01 3.890212974488557185e-01
1.803889358168721535e-01 -9.083573011237849881e-01 3.772888089196086980e-01
1.817042962216448843e-01 -9.129309486376309124e-01 3.654321164869308580e-01
1.829878326737439942e-01 -9.173805191740600495e-01 3.534521695210497971e-01
1.842386158378714334e-01 -9.217029462367558601e-01 3.413499836507629115e-01
1.854557264305276565e-01 -9.258951491275939638e-01 3.291266418291987628e-01
1.866382563441190967e-01 -9.299540338285877672e-01 3.167832953934168194e-01
1.877853097916755976e-01 -9.338764939186102731e-01 3.043211651170026899e-01
1.888960044714067810e-01 -9.376594115257781414e-01 2.917415422547854909e-01
1.899694727502654890e-01 -9.412996583163947273e-01 2.790457895787734066e-01
1.910048628656241809e-01 -9.447940965213578179e-01 2.662353424043718553e-01
1.920013401441070799e-01 -9.481395800009460029e-01 2.533117096059167572e-01
1.929580882365554140e-01 -9.513329553489028312e-01 2.402764746205220958e-01
1.938743103680371227e-01 -9.543710630367435721e-01 2.271312964392086520e-01
1.947492306017448438e-01 -9.572507385992116147e-01 2.138779105842459616e-01
1.955820951155572418e-01 -9.599688138618110989e-01 2.005181300716055715e-01
1.963721734899687432e-01 -9.625221182113441465e-01 1.870538463573890031e-01
1.971187600060220479e-01 -9.649074799103736222e-01 1.734870302670577791e-01
1.978206108348119219e-01 -9.671105857191760746e-01 1.598878385709797956e-01
1.984773024907500738e-01 -9.691311124521591047e-01 1.462588365779841915e-01
1.990884456123475088e-01 -9.709687651187404178e-01 1.326025942100040045e-01
1.996536852336749102e-01 -9.726232768485831848e-01 1.189216856110773129e-01
2.001727010316336763e-01 -9.740944088236500598e-01 1.052186887568768159e-01
2.006452075489157938e-01 -9.753819502172728084e-01 9.149618506466211665e-02
2.010709543925409959e-01 -9.764857181404122954e-01 7.775675900354712955e-02
2.014497264078719263e-01 -9.774055575952637076e-01 6.400299770497355767e-02
2.017813438280184335e-01 -9.781413414363372416e-01 5.023749057328008583e-02
2.020656623985538636e-01 -9.786929703391247237e-01 3.646282889625616919e-02
2.023025734774770434e-01 -9.790603727764384256e-01 2.268160545556868746e-02
2.024920041103648594e-01 -9.792435050024859144e-01 8.896414136949526430e-03
2.026339170806712719e-01 -9.792423510447242352e-01 -4.890150459967768093e-03
2.027283109351401269e-01 -9.790569227035106348e-01 -1.867549341227369569e-02
2.027752199843096681e-01 -9.786872595595467184e-01 -3.245701986498157610e-02
2.027747142780983447e-01 -9.781334289890900591e-01 -4.623213542290898620e-02
2.027268995564722731e-01 -9.773955261868829680e-01 -5.999824654335013385e-02
2.026319171752064552e-01 -9.764736741967277034e-01 -7.375276092964570818e-02
2.024899440067628176e-01 -9.753680239496123061e-01 -8.749308792575474780e-02
2.023011923163196280e-01 -9.740787543092717105e-01 -1.012166389119306537e-01
2.020659096129989174e-01 -9.726060721250439078e-01 -1.149208277016009611e-01
2.017843784763493908e-01 -9.709502122918610700e-01 -1.286030709395474814e-01
2.014569163581547695e-01 -9.691114378171918897e-01 -1.422607885014800233e-01
2.010838753596493056e-01 -9.670900398947315235e-01 -1.558914038950938163e-01
2.006656419842341721e-01 -9.648863379846133181e-01 -1.694923446626961094e-01
2.002026368658009481e-01 -9.625006798998958502e-01 -1.830610427854842959e-01
1.996953144727806884e-01 -9.599334418990583817e-01 -1.965949350895526138e-01
1.991441627880499166e-01 -9.571850287842182947e-01 -2.100914636537004332e-01
1.985497029648375100e-01 -9.542558740047625276e-01 -2.235480762191096593e-01
1.979124889587897951e-01 -9.511464397660692738e-01 -2.369622266009541733e-01
1.972331071363641886e-01 -9.478572171429733295e-01 -2.503313751019982103e-01
1.965121758597351276e-01 -9.443887261976140479e-01 -2.636529889282352990e-01
1.957503450484102958e-01 -9.407415161012849802e-01 -2.769245426066130333e-01
1.949482957177681719e-01 -9.369161652598880785e-01 -2.901435184048835048e-01
1.941067394947429414e-01 -9.329132814425792342e-01 -3.033074067536116747e-01
1.932264181108966083e-01 -9.287335019131750524e-01 -3.164137066703690548e-01
1.923081028731330189e-01 -9.243774935638778834e-01 -3.294599261861313466e-01
1.913525941123231933e-01 -9.198459530508593662e-01 -3.424435827738936400e-01
1.903607206101262661e-01 -9.151396069312307535e-01 -3.553622037795080013e-01
1.893333390043061282e-01 -9.102592118009148470e-01 -3.682133268547423954e-01
1.882713331728583517e-01 -9.052055544329227210e-01 -3.809945003925514495e-01
1.871756135972787172e-01 -8.999794519155263073e-01 -3.937032839645424054e-01
1.860471167053194264e-01 -8.945817517898093651e-01 -4.063372487606118355e-01
1.848868041935960715e-01 -8.890133321860671511e-01 -4.188939780307213701e-01
1.836956623304236980e-01 -8.832751019585192154e-01 -4.313710675287715790e-01
1.824747012392773371e-01 -8.773680008177898726e-01 -4.437661259585266027e-01
1.812249541632884320e-01 -8.712929994606054551e-01 -4.560767754215333536e-01
1.799474767112052287e-01 -8.650510996961506827e-01 -4.683006518669705076e-01
1.786433460852620003e-01 -8.586433345685223761e-01 -4.804354055433556203e-01
1.773136602914186233e-01 -8.520707684747140798e-01 -4.924787014520293771e-01
1.759595373324487344e-01 -8.453344972775623800e-01 -5.044282198023283259e-01
1.745821143843719891e-01 -8.384356484130842668e-01 -5.162816564683492260e-01
1.731825469567421227e-01 -8.313753809916333282e-01 -5.280367234471998739e-01
1.717620080373200853e-01 -8.241548858923022358e-01 -5.396911493186229425e-01
1.703216872216779532e-01 -8.167753858500022002e-01 -5.512426797058715966e-01
1.688627898282961393e-01 -8.092381355346491834e-01 -5.626890777377077102e-01
1.673865359997331326e-01 -8.015444216218925444e-01 -5.740281245113850739e-01
1.658941597904637633e-01 -7.936955628548242325e-01 -5.852576195564719308e-01
1.643869082419979755e-01 -7.856929100961130841e-01 -5.963753812993608516e-01
1.628660404459087996e-01 -7.775378463700142184e-01 -6.073792475283043002e-01
1.613328265954138974e-01 -7.692317868937120773e-01 -6.182670758588081350e-01
1.597885470261710683e-01 -7.607761790974629790e-01 -6.290367441992072983e-01
1.582344912469633713e-01 -7.521725026330126074e-01 -6.396861512162415053e-01
1.566719569609651141e-01 -7.434222693697758455e-01 -6.502132168004401969e-01
1.551022490782942853e-01 -7.345270233782758007e-01 -6.606158825311209126e-01
1.535266787205719075e-01 -7.254883409003531902e-01 -6.708921121407976917e-01
1.519465622182227804e-01 -7.163078303056693574e-01 -6.810398919787896688e-01
1.503632201012654879e-01 -7.069871320340422871e-01 -6.910572314738144817e-01
1.487779760843527810e-01 -6.975279185231689771e-01 -7.009421635953440033e-01
1.471921560468362200e-01 -6.879318941213053984e-01 -7.106927453134960215e-01
1.456070870086408342e-01 -6.782007949844911510e-01 -7.203070580572286108e-01
1.440240961027469402e-01 -6.683363889579254646e-01 -7.297832081705991625e-01
1.424445095450872778e-01 -6.583404754411201765e-01 -7.391193273668459351e-01
1.408696516026777812e-01 -6.482148852364747471e-01 -7.483135731800444335e-01
1.393008435608096562e-01 -6.379614803809393608e-01 -7.573641294140880387e-01
1.377394026901392066e-01 -6.275821539604542476e-01 -7.662692065887366510e-01
1.361866412145200378e-01 -6.170788299068760141e-01 -7.750270423824761057e-01
1.346438652804292091e-01 -6.064534627771233088e-01 -7.836359020719253499e-01
1.331123739288454233e-01 -5.957080375142999040e-01 -7.920940789675275928e-01
1.315934580704428425e-01 -5.848445691905761468e-01 -8.003998948452574203e-01
1.300883994649686681e-01 -5.738651027316366005e-01 -8.085517003740761988e-01
1.285984697056767601e-01 -5.627717126225246780e-01 -8.165478755388638765e-01
1.271249292096915395e-01 -5.515665025947442679e-01 -8.243868300585556197e-01
1.256690262151792525e-01 -5.402516052945022240e-01 -8.320670037992101697e-01
1.242319957862039054e-01 -5.288291819320052323e-01 -8.395868671817363627e-01
1.228150588261449905e-01 -5.173014219117488821e-01 -8.469449215840048062e-01
1.214194211005534957e-01 -5.056705424437686336e-01 -8.541396997370708233e-01
1.200462722703199286e-01 -4.939387881358460741e-01 -8.611697661152367678e-01
1.186967849360251459e-01 -4.821084305666955006e-01 -8.680337173196812639e-01
1.173721136943402660e-01 -4.701817678401830070e-01 -8.747301824553868066e-01
1.160733942073367414e-01 -4.581611241206582918e-01 -8.812578235010968264e-01
1.148017422855609759e-01 -4.460488491495096519e-01 -8.876153356720368759e-01
1.135582529857202955e-01 -4.338473177430798300e-01 -8.938014477751373699e-01
1.123439997238186161e-01 -4.215589292721103054e-01 -8.998149225564975318e-01
1.111600334045699384e-01 -4.091861071229090929e-01 -9.056545570408353063e-01
1.100073815679073197e-01 -3.967312981404663708e-01 -9.113191828626702184e-01
1.088870475533925825e-01 -3.841969720537704580e-01 -9.168076665889918209e-01
1.078000096833192645e-01 -3.715856208836042507e-01 -9.221189100331711463e-01
1.067472204652867712e-01 -3.588997583331300367e-01 -9.272518505598759120e-01
1.057296058150086482e-01 -3.461419191615986990e-01 -9.322054613807587709e-01
1.047472739225354249e-01 -3.333806325427959849e-01 -9.369553684276513694e-01
1.038008987064191202e-01 -3.206194220436356379e-01 -9.415033508224216474e-01
1.028911131936565415e-01 -3.078617496822471100e-01 -9.458512366548719186e-01
1.020185097846390138e-01 -2.951110155144812675e-01 -9.500009011343314436e-01
1.011836405609531780e-01 -2.823705572576751255e-01 -9.539542647575232071e-01
1.003870176343090032e-01 -2.696436499514615059e-01 -9.577132914934124441e-01
9.962911353486400556e-02 -2.569335056553899710e-01 -9.612799869857237001e-01
9.891036163720869079e-02 -2.442432731831039039e-01 -9.646563967737880052e-01
9.823115662227682732e-02 -2.315760378727972912e-01 -9.678446045323598756e-01
9.759185497344664839e-02 -2.189348213936527787e-01 -9.708467303310203134e-01
9.699277550510314316e-02 -2.063225815879400071e-01 -9.736649289137596641e-01
9.643419992193941193e-02 -1.937422123484309755e-01 -9.763013879993081012e-01
9.591637340728506600e-02 -1.811965435307661687e-01 -9.787583266027606310e-01
9.543950523876189307e-02 -1.686883409003824275e-01 -9.810379933790185358e-01
9.500376942958239923e-02 -1.562203061135910009e-01 -9.831426649885448565e-01
9.460930539382360338e-02 -1.437950767323713797e-01 -9.850746444859084239e-01
9.425621863402830480e-02 -1.314152262724242459e-01 -9.868362597315671891e-01
9.394458144950715295e-02 -1.190832642840048000e-01 -9.884298618273166248e-01
9.367443366373862101e-02 -1.068016364650358485e-01 -9.898578235758059840e-01
9.344578336928903439e-02 -9.457272480597921083e-02 -9.911225379645004496e-01
9.325860768870200546e-02 -8.239884776592262816e-02 -9.922264166744446667e-01
9.311285354983525608e-02 -7.028226047931995790e-02 -9.931718886141578384e-01
9.300843847415303511e-02 -5.822515499280225826e-02 -9.939613984789671397e-01
9.294525137651382662e-02 -4.622966053145924348e-02 -9.945974053360641109e-01
9.292315337502617123e-02 -3.429784379397200766e-02 -9.950823812355429343e-01
9.294197860957932600e-02 -2.243170927596111613e-02 -9.954188098476581814e-01
9.300153506769090472e-02 -1.063319962089761400e-02 -9.956091851265151949e-01
9.310160541634956988e-02 1.095804002090914817e-03 -9.956560100003845060e-01
9.324194783856822044e-02 1.275348149420161767e-02 -9.955617950888077106e-01
9.342229687340081190e-02 2.433807339742099368e-02 -9.953290574466413521e-01
9.364236425821445553e-02 3.584788044018141773e-02 -9.949603193351621577e-01
9.390183977204773214e-02 4.728126305892976777e-02 -9.944581070203352136e-01
9.420039207892579036e-02 5.863664089633889576e-02 -9.938249495983260129e-01
9.453766957004264282e-02 6.991249227690227164e-02 -9.930633778483155538e-01
9.491330120376167967e-02 8.110735366066060270e-02 -9.921759231126562328e-01
9.532689734242588697e-02 9.221981907581659754e-02 -9.911651162043875196e-01
9.577805058501001612e-02 1.032485395310006049e-01 -9.900334863421086373e-01
9.626633659468777915e-02 1.141922224079550130e-01 -9.887835601121870432e-01
9.679131492042784835e-02 1.250496308354097363e-01 -9.874178604582619645e-01
9.735252981177332232e-02 1.358195830449241970e-01 -9.859389056979829258e-01
9.794951102599966375e-02 1.465009517094735259e-01 -9.843492085669057756e-01
9.858177462688660908e-02 1.570926632655579303e-01 -9.826512752894507319e-01
9.924882377437947711e-02 1.675936972196142016e-01 -9.808476046768083156e-01
9.995014950445503532e-02 1.780030854395075190e-01 -9.789406872516644986e-01
1.006852314985462460e-01 1.883199114318803991e-01 -9.769330043995979596e-01
1.014535388419192663e-01 1.985433096061318958e-01 -9.748270275469869128e-01
1.022545307704339629e-01 2.086724645257978239e-01 -9.726252173652489841e-01
1.030876574051573097e-01 2.187066101480969471e-01 -9.703300230012201766e-01
1.039523604743358420e-01 2.286450290524036089e-01 -9.679438813334678704e-01
1.048480740222699076e-01 2.384870516584004507e-01 -9.654692162543150324e-01
1.057742251046681625e-01 2.482320554346581776e-01 -9.629084379773441560e-01
1.067302344700956918e-01 2.578794640983810282e-01 -9.602639423701320176e-01
1.077155172271635486e-01 2.674287468070484786e-01 -9.575381103119583459e-01
1.087294834971406776e-01 2.768794173426739613e-01 -9.547333070762162865e-01
1.097715390517019912e-01 2.862310332893919229e-01 -9.518518817372441099e-01
1.108410859355580397e-01 2.954831952050731014e-01 -9.488961666012852847e-01
1.119375230737426063e-01 3.046355457876574468e-01 -9.458684766612748263e-01
1.130602468633645497e-01 3.136877690368817806e-01 -9.427711090751399459e-01
1.142086517496592041e-01 3.226395894120672181e-01 -9.396063426672940366e-01
1.153821307862030049e-01 3.314907709866179997e-01 -9.363764374529949253e-01
1.165800761791819379e-01 3.402411165998707743e-01 -9.330836341852298821e-01
1.178018798156309499e-01 3.488904670069190583e-01 -9.297301539237822210e-01
1.190469337755865331e-01 3.574387000270231596e-01 -9.263181976261282147e-01
1.203146308281193011e-01 3.658857296912023105e-01 -9.228499457598061673e-01
1.216043649112365926e-01 3.742315053895898802e-01 -9.193275579358930472e-01
1.229155315956675792e-01 3.824760110191177120e-01 -9.157531725632194197e-01
1.242475285325649881e-01 3.906192641320802572e-01 -9.121289065229480908e-01
1.255997558851780493e-01 3.986613150861139099e-01 -9.084568548631369866e-01
1.269716167445705535e-01 4.066022461961096846e-01 -9.047390905129032435e-01
1.283625175294772214e-01 4.144421708885635547e-01 -9.009776640158023708e-01
1.297718683704084108e-01 4.221812328588503416e-01 -8.971746032820310246e-01
1.311990834781308068e-01 4.298196052318924432e-01 -8.933319133590622574e-01
1.326435814966670235e-01 4.373574897266775396e-01 -8.894515762203172304e-01
1.341047858409723792e-01 4.447951158250633696e-01 -8.855355505714769260e-01
1.355821250194609306e-01 4.521327399452909068e-01 -8.815857716740351790e-01
1.370750329415663382e-01 4.593706446206113347e-01 -8.776041511856935706e-01
1.385829492105352112e-01 4.665091376834155645e-01 -8.735925770171976135e-01
1.401053194016622649e-01 4.735485514552388864e-01 -8.695529132052142174e-01
1.416415953261874472e-01 4.804892419429966921e-01 -8.654869998008489773e-01
1.431912352810848499e-01 4.873315880417918855e-01 -8.613966527734031597e-01
1.447537042849823263e-01 4.940759907446179988e-01 -8.572836639289704852e-01
1.463284743004594213e-01 5.007228723592661579e-01 -8.531498008434754698e-01
1.479150244429785210e-01 5.072726757327283842e-01 -8.489968068097547560e-01
1.495128411767110976e-01 5.137258634833750115e-01 -8.448264007982861923e-01
1.511214184975271657e-01 5.200829172411671752e-01 -8.406402774311714232e-01
1.527402581034215390e-01 5.263443368961513436e-01 -8.364401069689796353e-01
1.543688695526554411e-01 5.325106398554679821e-01 -8.322275353100629935e-01
1.560067704098959118e-01 5.385823603090906797e-01 -8.280041840019567445e-01
1.576534863806396403e-01 5.445600485044994610e-01 -8.237716502644792937e-01
1.593085514342101328e-01 5.504442700304763569e-01 -8.195315070241515620e-01
1.609715079156203432e-01 5.562356051101976506e-01 -8.152853029595581447e-01
1.626419066465941698e-01 5.619346479037850006e-01 -8.110345625572741302e-01
1.643193070160418323e-01 5.675420058204626583e-01 -8.067807861779894285e-01
1.660032770602853369e-01 5.730582988404554490e-01 -8.025254501324611267e-01
1.676933935333298487e-01 5.784841588467509732e-01 -7.982700067669327160e-01
1.693892419674777328e-01 5.838202289668350531e-01 -7.940158845576612556e-01
1.710904167245805851e-01 5.890671629244984553e-01 -7.897644882141968692e-01
1.727965210382242656e-01 5.942256244018019329e-01 -7.855171987910667397e-01
1.745071670471405600e-01 5.992962864112733046e-01 -7.812753738075158827e-01
1.762219758201370168e-01 6.042798306784017415e-01 -7.770403473749661893e-01
1.779405773728349460e-01 6.091769470344812198e-01 -7.728134303318565657e-01
1.796626106765031039e-01 6.139883328198472157e-01 -7.685959103855337649e-01
1.813877236592714992e-01 6.187146922975380603e-01 -7.643890522608675075e-01
1.831155732000074865e-01 6.233567360774057153e-01 -7.601940978552701456e-01
1.848458251151322285e-01 6.279151805506881789e-01 -7.560122663998035675e-01
1.865781541386528908e-01 6.323907473350494080e-01 -7.518447546260643710e-01
1.883122438956816580e-01 6.367841627300826479e-01 -7.476927369385411026e-01
1.900477868697088013e-01 6.410961571832649586e-01 -7.435573655921440261e-01
1.917844843638928931e-01 6.453274647663423957e-01 -7.394397708746128783e-01
1.935220464566271559e-01 6.494788226621185379e-01 -7.353410612935136204e-01
1.952601919516355755e-01 6.535509706616113856e-01 -7.312623237675398569e-01
1.969986483228488572e-01 6.575446506715354467e-01 -7.272046238218419223e-01
1.987371516543043337e-01 6.614606062320613766e-01 -7.231690057871088539e-01
2.004754465753098014e-01 6.652995820447971109e-01 -7.191564930021382418e-01
2.022132861911057344e-01 6.690623235109297573e-01 -7.151680880196300549e-01
2.039504320092550838e-01 6.727495762794609702e-01 -7.112047728149492043e-01
2.056866538619850360e-01 6.763620858054629759e-01 -7.072675089976054874e-01
2.074217298246991970e-01 6.799005969182789766e-01 -7.033572380252056666e-01
2.091554461308734736e-01 6.833658533995835560e-01 -6.994748814196370956e-01
2.108875970835437097e-01 6.867585975712180435e-01 -6.956213409852487484e-01
2.126179849635869978e-01 6.900795698927080224e-01 -6.917974990288001669e-01
2.143464199349937038e-01 6.933295085683688352e-01 -6.880042185809540634e-01
2.160727199473211346e-01 6.965091491638991661e-01 -6.842423436190943065e-01
2.177967106355144788e-01 6.996192242323606703e-01 -6.805126992912557959e-01
2.195182252172748760e-01 7.026604629494382914e-01 -6.768160921409580588e-01
2.212371043881491695e-01 7.056335907578719091e-01 -6.731533103327392853e-01
2.229531962145097912e-01 7.085393290209485162e-01 -6.695251238781936287e-01
2.246663560245882318e-01 7.113783946849407958e-01 -6.659322848623180358e-01
2.263764462977196079e-01 7.141514999503760786e-01 -6.623755276699817562e-01
2.280833365519505662e-01 7.168593519520178869e-01 -6.588555692123352348e-01
2.297869032301570746e-01 7.195026524474400498e-01 -6.553731091529805264e-01
2.314870295848135140e-01 7.220820975140717080e-01 -6.519288301337300418e-01
2.331836055615487957e-01 7.245983772545904200e-01 -6.485233979997861997e-01
2.348765276816201508e-01 7.270521755105401329e-01 -6.451574620241771196e-01
2.365656989234299346e-01 7.294441695840480078e-01 -6.418316551312905904e-01
2.382510286032054059e-01 7.317750299675152004e-01 -6.385465941193509964e-01
2.399324322549567234e-01 7.340454200811548091e-01 -6.353028798816905409e-01
2.416098315098228477e-01 7.362559960182503138e-01 -6.321010976266684400e-01
2.432831539749104877e-01 7.384074062980074959e-01 -6.289418170960970889e-01
2.449523331117260672e-01 7.405002916258731638e-01 -6.258255927820394193e-01
2.466173081142961077e-01 7.425352846611927848e-01 -6.227529641418440010e-01
2.482780237870664541e-01 7.445130097920812373e-01 -6.197244558112895430e-01
2.499344304226663038e-01 7.464340829173792269e-01 -6.167405778157155627e-01
2.515864836796183335e-01 7.482991112355701357e-01 -6.138018257790177623e-01
2.532341444600720304e-01 7.501086930405318487e-01 -6.109086811303924280e-01
2.548773787876325025e-01 7.518634175239991002e-01 -6.080616113087171648e-01
2.565161576853530745e-01 7.535638645846125527e-01 -6.052610699644591641e-01
2.581504570539562282e-01 7.552106046434319264e-01 -6.025074971590067552e-01
2.597802575503421751e-01 7.568041984657923882e-01 -5.998013195613214332e-01
2.614055444664418193e-01 7.583451969893829636e-01 -5.971429506418139965e-01
2.630263076084657925e-01 7.598341411584295102e-01 -5.945327908633494252e-01
2.646425411765982449e-01 7.612715617638631249e-01 -5.919712278692905727e-01
2.662542436451800221e-01 7.626579792893599663e-01 -5.894586366684919643e-01
2.678614176434225280e-01 7.639939037631370278e-01 -5.869953798171599901e-01
2.694640698366896903e-01 7.652798346153917297e-01 -5.845818075974990036e-01
2.710622108083823867e-01 7.665162605412748631e-01 -5.822182581930637202e-01
2.726558549424567546e-01 7.677036593692881938e-01 -5.799050578607449768e-01
2.742450203066038039e-01 7.688424979349994803e-01 -5.776425210993150205e-01
2.758297285361149265e-01 7.699332319599704322e-01 -5.754309508144647145e-01
2.774100047184560047e-01 7.709763059357954695e-01 -5.732706384802660482e-01
2.789858772785678842e-01 7.719721530131498088e-01 -5.711618642969963355e-01
2.805573778649103067e-01 7.729211948957492861e-01 -5.691048973452639270e-01
2.821245412362620164e-01 7.738238417391257729e-01 -5.670999957363771493e-01
2.836874051492886406e-01 7.746804920541252582e-01 -5.651474067589015160e-01
2.852460102468861169e-01 7.754915326150356725e-01 -5.632473670213520300e-01
2.868003999473057730e-01 7.762573383722578546e-01 -5.614001025909706177e-01
2.883506203340652219e-01 7.769782723694318438e-01 -5.596058291285406217e-01
2.898967200466458505e-01 7.776546856649353412e-01 -5.578647520191929443e-01
2.914387501719767348e-01 7.782869172576729611e-01 -5.561770664991613211e-01
2.929767641367020392e-01 7.788752940170780015e-01 -5.545429577784444231e-01
2.945108176002277922e-01 7.794201306172506838e-01 -5.529626011593379298e-01
2.960409683485408228e-01 7.799217294751593643e-01 -5.514361621507989364e-01
2.975672761887924178e-01 7.803803806928344411e-01 -5.499637965786086102e-01
2.990898028446364876e-01 7.807963620034872321e-01 -5.485456506913013452e-01
3.006086118523105810e-01 7.811699387214882107e-01 -5.471818612618299937e-01
3.021237684574474280e-01 7.815013636961433141e-01 -5.458725556849385319e-01
3.036353395126021315e-01 7.817908772692077068e-01 -5.446178520702168457e-01
3.051433933754796324e-01 7.820387072360811542e-01 -5.434178593308131022e-01
3.066479998078452396e-01 7.822450688106307171e-01 -5.422726772677805007e-01
3.081492298751005166e-01 7.824101645935903626e-01 -5.411823966500391991e-01
3.096471558465051510e-01 7.825341845444885314e-01 -5.401470992899337631e-01
3.111418510960247130e-01 7.826173059570592505e-01 -5.391668581143697070e-01
3.126333900037831515e-01 7.826596934380940507e-01 -5.382417372315139170e-01
3.141218478580982132e-01 7.826614988896950509e-01 -5.373717919930453002e-01
3.156073007580769696e-01 7.826228614948932405e-01 -5.365570690519443353e-01
3.170898255167483026e-01 7.825439077065982074e-01 -5.357976064158110896e-01
3.185694995647080918e-01 7.824247512398475601e-01 -5.350934334957039296e-01
3.200464008542526773e-01 7.822654930673300644e-01 -5.344445711504918206e-01
3.215206077639758409e-01 7.820662214181561822e-01 -5.338510317267152194e-01
3.229921990038034374e-01 7.818270117798542529e-01 -5.333128190939518953e-01
3.244612535204403625e-01 7.815479269035741083e-01 -5.328299286756865705e-01
3.259278504032038781e-01 7.812290168124811363e-01 -5.324023474756831575e-01
3.273920687902169835e-01 7.808703188133274686e-01 -5.320300540998613714e-01
3.288539877749359075e-01 7.804718575111910805e-01 -5.317130187736808233e-01
3.303136863129851331e-01 7.800336448273741397e-01 -5.314512033550362613e-01
3.317712431292741404e-01 7.795556800204568315e-01 -5.312445613426706181e-01
3.332267366253693353e-01 7.790379497105046624e-01 -5.310930378801131946e-01
3.346802447870957931e-01 7.784804279064306831e-01 -5.309965697551516373e-01
3.361318450923427847e-01 7.778830760365165187e-01 -5.309550853948492577e-01
3.375816144190477708e-01 7.772458429820997550e-01 -5.309685048561184617e-01
3.390296289533341612e-01 7.765686651144361186e-01 -5.310367398118652771e-01
3.404759640977780832e-01 7.758514663347509943e-01 -5.311596935327197455e-01
3.419206943797805653e-01 7.750941581174934925e-01 -5.313372608643687212e-01
3.433638933600214327e-01 7.742966395568133819e-01 -5.315693282005100606e-01
3.448056335409724338e-01 7.734587974162803192e-01 -5.318557734514476332e-01
3.462459862754476703e-01 7.725805061818696862e-01 -5.321964660083492449e-01
3.476850216751702916e-01 7.716616281182413495e-01 -5.325912667031904579e-01
3.491228085193349151e-01 7.707020133283406516e-01 -5.330400277644088414e-01
3.505594141631466210e-01 7.697014998163534960e-01 -5.335425927682955205e-01
3.519949044463184240e-01 7.686599135540495009e-01 -5.340987965861524467e-01
3.534293436015097933e-01 7.675770685505509672e-01 -5.347084653272442534e-01
3.548627941626902871e-01 7.664527669255668529e-01 -5.353714162775773389e-01
3.562953168734132037e-01 7.652867989861344977e-01 -5.360874578345387054e-01
3.577269705949863154e-01 7.640789433069132830e-01 -5.368563894374298595e-01
3.591578122145268614e-01 7.628289668140783020e-01 -5.376780014939327446e-01
3.605878965528905300e-01 7.615366248728631104e-01 -5.385520753025462293e-01
3.620172762724649940e-01 7.602016613788045163e-01 -5.394783829710333434e-01
3.634460017848203939e-01 7.588238088527429204e-01 -5.404566873309223363e-01
3.648741211582108845e-01 7.574027885396364956e-01 -5.414867418481053019e-01
3.663016800249228599e-01 7.559383105112472689e-01 -5.425682905295805547e-01
3.677287214884673028e-01 7.544300737727617223e-01 -5.437010678263879404e-01
3.691552860306158146e-01 7.528777663734083081e-01 -5.448847985327858190e-01
3.705814114182815477e-01 7.512810655211396016e-01 -5.461191976817233451e-01
3.720071326102483145e-01 7.496396377014452606e-01 -5.474039704366618908e-01
3.734324816637535349e-01 7.479531388003672898e-01 -5.487388119798023434e-01
3.748574876409320189e-01 7.462212142317888874e-01 -5.501234073967771199e-01
3.762821765151311282e-01 7.444434990690715903e-01 -5.515574315578675169e-01
3.777065710771086993e-01 7.426196181811158814e-01 -5.530405489958101217e-01
3.791306908411284371e-01 7.407491863729240844e-01 -5.545724137802581222e-01
3.805545519509700436e-01 7.388318085307439276e-01 -5.561526693889644601e-01
3.819781670858726219e-01 7.368670797718750443e-01 -5.577809485757583285e-01
3.834015453664343376e-01 7.348545855992207887e-01 -5.594568732353873974e-01
3.848246922604922071e-01 7.327939020606696330e-01 -5.611800542653014867e-01
3.862476094890097689e-01 7.306845959133925206e-01 -5.629500914244548460e-01
3.876702949320028346e-01 7.285262247931432178e-01 -5.647665731892087537e-01
3.890927425345361290e-01 7.263183373886501482e-01 -5.666290766064171480e-01
3.905149422128270653e-01 7.240604736211894155e-01 -5.685371671437809971e-01
3.919368797604957377e-01 7.217521648294309422e-01 -5.704903985375607833e-01
3.933585367550026524e-01 7.193929339596480954e-01 -5.724883126377385834e-01
3.947798904643203821e-01 7.169822957613852799e-01 -5.745304392507238900e-01
3.962009137538866632e-01 7.145197569886762023e-01 -5.766162959797012100e-01
3.976215749938912802e-01 7.120048166069080642e-01 -5.787453880627194680e-01
3.990418379669516957e-01 7.094369660054266058e-01 -5.809172082086269118e-01
4.004616617762357111e-01 7.068156892159771498e-01 -5.831312364309580998e-01
4.018810007540935536e-01 7.041404631370788980e-01 -5.853869398798829948e-01
4.032998043712642811e-01 7.014107577644275171e-01 -5.876837726723308508e-01
4.047180171467263943e-01 6.986260364274239354e-01 -5.900211757204053553e-01
4.061355785582645428e-01 6.957857560319244961e-01 -5.923985765582108209e-01
4.075524229538295407e-01 6.928893673093102779e-01 -5.948153891672123272e-01
4.089684794637712950e-01 6.899363150719710625e-01 -5.972710138002558233e-01
4.103836719140288580e-01 6.869260384752999826e-01 -5.997648368043790867e-01
4.117979187403656982e-01 6.838579712862944415e-01 -6.022962304425463209e-01
4.132111329037412295e-01 6.807315421588582272e-01 -6.048645527144436151e-01
4.146232218069151321e-01 6.775461749158979696e-01 -6.074691471764758210e-01
4.160340872123831635e-01 6.743012888383077552e-01 -6.101093427611101738e-01
4.174436251617488214e-01 6.709962989609333794e-01 -6.127844535957134298e-01
4.188517258966379941e-01 6.676306163756069445e-01 -6.154937788210356198e-01
4.202582737812684543e-01 6.642036485413405078e-01 -6.182366024094955170e-01
4.216631472267899916e-01 6.607147996017669334e-01 -6.210121929834282462e-01
4.230662186175146444e-01 6.571634707099128780e-01 -6.238198036334574592e-01
4.244673542391614318e-01 6.535490603603882898e-01 -6.266586717371606108e-01
4.258664142092432048e-01 6.498709647290732416e-01 -6.295280187781988612e-01
4.272632524097279560e-01 6.461285780203819273e-01 -6.324270501660861354e-01
4.286577164221102576e-01 6.423212928221796458e-01 -6.353549550567783033e-01
4.300496474650337131e-01 6.384485004684272713e-01 -6.383109061742651136e-01
4.314388803346084211e-01 6.345095914096233747e-01 -6.412940596333533971e-01
4.328252433475713312e-01 6.305039555911126081e-01 -6.443035547638332750e-01
4.342085582874425365e-01 6.264309828393231916e-01 -6.473385139362234364e-01
4.355886403538332119e-01 6.222900632559958956e-01 -6.503980423892959939e-01
4.369652981150652371e-01 6.180805876204601423e-01 -6.534812280595851952e-01
4.383383334642669826e-01 6.138019478000104057e-01 -6.565871414130892703e-01
4.397075415791124597e-01 6.094535371684315361e-01 -6.597148352793772430e-01
4.410727108853754741e-01 6.050347510327174216e-01 -6.628633446883196445e-01
4.424336230244736989e-01 6.005449870680217295e-01 -6.660316867096623961e-01
4.437900528251813581e-01 5.959836457608752580e-01 -6.692188602956716803e-01
4.451417682796923181e-01 5.913501308606995410e-01 -6.724238461270776179e-01
4.464885305242187741e-01 5.866438498396400192e-01 -6.756456064625525615e-01
4.478300938243142126e-01 5.818642143607370976e-01 -6.788830849919603727e-01
4.491662055651116647e-01 5.770106407544470795e-01 -6.821352066936209324e-01
4.504966062466719268e-01 5.720825505035191938e-01 -6.854008776958347982e-01
4.518210294846386477e-01 5.670793707362282721e-01 -6.886789851429195863e-01
4.531392020163998446e-01 5.620005347279554142e-01 -6.919683970660123196e-01
4.544508437129578526e-01 5.568454824111042090e-01 -6.952679622588958663e-01
4.557556675967119331e-01 5.516136608933293051e-01 -6.985765101591134840e-01
4.570533798653595992e-01 5.463045249840504658e-01 -7.018928507346362533e-01
4.583436799221243252e-01 5.409175377292151365e-01 -7.052157743763550757e-01
4.596262604125195828e-01 5.354521709542660046e-01 -7.085440517966705709e-01
4.609008072678592027e-01 5.299079058152601496e-01 -7.118764339344588743e-01
4.621669997557258935e-01 5.242842333580807201e-01 -7.152116518666951084e-01
4.634245105376107454e-01 5.185806550856708608e-01 -7.185484167270186351e-01
4.646730057339357733e-01 5.127966835332118389e-01 -7.218854196315294125e-01
4.659121449966730499e-01 5.069318428511586649e-01 -7.252213316121065567e-01
4.671415815897727586e-01 5.009856693960361707e-01 -7.285548035575437620e-01
4.683609624776127744e-01 4.949577123288896319e-01 -7.318844661628006731e-01
4.695699284216805491e-01 4.888475342212735830e-01 -7.352089298866700817e-01
4.707681140856981306e-01 4.826547116686537020e-01 -7.385267849181651467e-01
4.719551481493981515e-01 4.763788359110849302e-01 -7.418366011519330616e-01
4.731306534311574552e-01 4.700195134610193892e-01 -7.451369281730048089e-01
4.742942470196926941e-01 4.635763667380869979e-01 -7.484262952511916422e-01
4.754455404150185194e-01 4.570490347106805351e-01 -7.517032113454426012e-01
4.765841396788667028e-01 4.504371735441664582e-01 -7.549661651184783606e-01
4.777096455947601461e-01 4.437404572555309623e-01 -7.582136249620196056e-01
4.788216538379316267e-01 4.369585783742597762e-01 -7.614440390329290098e-01
4.799197551552725205e-01 4.300912486092387521e-01 -7.646558353005872277e-01
4.810035355554915792e-01 4.231381995214503755e-01 -7.678474216058261970e-01
4.820725765096578463e-01 4.160991832022301606e-01 -7.710171857317414945e-01
4.831264551622959091e-01 4.089739729568337978e-01 -7.741634954867094853e-01
4.841647445531942484e-01 4.017623639930557045e-01 -7.772846987999322277e-01
4.851870138500813390e-01 3.944641741146257541e-01 -7.803791238298370958e-01
4.861928285923143300e-01 3.870792444191000214e-01 -7.834450790856548608e-01
4.871817509457187501e-01 3.796074399999485594e-01 -7.864808535625025243e-01
4.881533399687067454e-01 3.720486506525311765e-01 -7.894847168902952017e-01
4.891071518897927572e-01 3.644027915836398068e-01 -7.924549194968114607e-01
4.900427403966149398e-01 3.566698041242736816e-01 -7.953896927852350807e-01
4.909596569365594076e-01 3.488496564453014703e-01 -7.982872493264966396e-01
4.918574510290730228e-01 3.409423442756516764e-01 -8.011457830667337854e-01
4.927356705897384948e-01 3.329478916226610852e-01 -8.039634695501908235e-01
4.935938622661716901e-01 3.248663514941981800e-01 -8.067384661578732574e-01
4.944315717857889481e-01 3.166978066221667887e-01 -8.094689123622726967e-01
4.952483443154763187e-01 3.084423701869828394e-01 -8.121529299984731054e-01
4.960437248331795446e-01 3.001001865426053961e-01 -8.147886235519483655e-01
4.968172585114161155e-01 2.916714319416916501e-01 -8.173740804633549129e-01
4.975684911126962984e-01 2.831563152604331113e-01 -8.199073714506233124e-01
4.982969693968217761e-01 2.745550787226198053e-01 -8.223865508486446485e-01
4.990022415400137690e-01 2.658679986224672942e-01 -8.248096569668460498e-01
4.996838575658035797e-01 2.570953860457310114e-01 -8.271747124649444505e-01
5.003413697876000210e-01 2.482375875886209671e-01 -8.294797247471613622e-01
5.009743332628286971e-01 2.392949860740198886e-01 -8.317226863751775445e-01
5.015823062585169634e-01 2.302680012644977292e-01 -8.339015755000998009e-01
5.021648507281785134e-01 2.211570905716051250e-01 -8.360143563137063527e-01
5.027215327998291183e-01 2.119627497609196110e-01 -8.380589795192303626e-01
5.032519232749436133e-01 2.026855136523083578e-01 -8.400333828219351817e-01
5.037555981381400816e-01 1.933259568148634200e-01 -8.419354914397266798e-01
5.042321390773552015e-01 1.838846942559561604e-01 -8.437632186340405793e-01
5.046811340142499658e-01 1.743623821038503552e-01 -8.455144662612357198e-01
5.051021776445595579e-01 1.647597182833055451e-01 -8.471871253447145200e-01
5.054948719880779651e-01 1.550774431835952871e-01 -8.487790766679834675e-01
5.058588269479399324e-01 1.453163403183585223e-01 -8.502881913888589160e-01
5.061936608788377701e-01 1.354772369766962803e-01 -8.517123316750114803e-01
5.064990011637843237e-01 1.255610048649201671e-01 -8.530493513610346579e-01
5.067744847990044432e-01 1.155685607383545310e-01 -8.542970966272117606e-01
5.070197589865114152e-01 1.055008670225895950e-01 -8.554534067001458020e-01
5.072344817338962919e-01 9.535893242357904032e-02 -8.565161145754049965e-01
5.074183224608284082e-01 8.514381252597225114e-02 -8.574830477623258673e-01
5.075709626117387296e-01 7.485661037906914117e-02 -8.583520290511050810e-01
5.076920962741270360e-01 6.449847706978298345e-02 -8.591208773022973588e-01
5.077814308019056311e-01 5.407061228199575020e-02 -8.597874082588260469e-01
5.078386874431617404e-01 4.357426484168935854e-02 -8.603494353806002692e-01
5.078636019716927796e-01 3.301073324723641234e-02 -8.608047707018187111e-01
5.078559253216368141e-01 2.238136618423436711e-02 -8.611512257110274238e-01
5.078160385104085739e-01 1.174819358121034774e-02 -8.613854253232529068e-01
5.077439088213041574e-01 1.112699742785449447e-03 -8.615073330705088628e-01
5.076395206428009343e-01 -9.523630673062249974e-03 -8.615169281682316660e-01
5.075028754777946016e-01 -2.015931297720394144e-02 -8.614142055144474730e-01
5.073339919430545075e-01 -3.079286277144845096e-02 -8.611991756855320590e-01
5.071329057589023526e-01 -4.142279627031285327e-02 -8.608718649285718172e-01
5.068996697291238140e-01 -5.204763062227586723e-02 -8.604323151503333600e-01
5.066343537111319684e-01 -6.266588423031524413e-02 -8.598805839028540454e-01
5.063370445764062699e-01 -7.327607707153110939e-02 -8.592167443656659742e-01
5.060078461612398382e-01 -8.387673101565858158e-02 -8.584408853246680016e-01
5.056468792078328001e-01 -9.446637014227403373e-02 -8.575531111476644153e-01
5.052542812957778740e-01 -1.050435210565011102e-01 -8.565535417565880438e-01
5.048302067639901525e-01 -1.156067132030243472e-01 -8.554423125964303321e-01
5.043748266231402599e-01 -1.261544791782201469e-01 -8.542195746009003665e-01
5.038883284586563871e-01 -1.366853550402173378e-01 -8.528854941548388302e-01
5.033709163243680340e-01 -1.471978806167016096e-01 -8.514402530534140867e-01
5.028228106268693987e-01 -1.576905998102810791e-01 -8.498840484581285937e-01
5.022442480006885646e-01 -1.681620609012329515e-01 -8.482170928496668427e-01
5.016354811743528597e-01 -1.786108168474543345e-01 -8.464396139776180217e-01
5.009967788274496403e-01 -1.890354255814433171e-01 -8.445518548071068166e-01
5.003284254387843077e-01 -1.994344503041403649e-01 -8.425540734623692130e-01
4.996307211257470793e-01 -2.098064597754630278e-01 -8.404465431673106002e-01
4.989039814750027002e-01 -2.201500286013713115e-01 -8.382295521830863683e-01
4.981485373646254433e-01 -2.304637375173049230e-01 -8.359034037427451880e-01
4.973647347778054062e-01 -2.407461736678375153e-01 -8.334684159829783834e-01
4.965529346082587225e-01 -2.509959308823976887e-01 -8.309249218730190290e-01
4.957135124574791885e-01 -2.612116099469107278e-01 -8.282732691407369563e-01
4.948468584239740231e-01 -2.713918188712201029e-01 -8.255138201959755229e-01
4.939533768846309236e-01 -2.815351731521519851e-01 -8.226469520511801026e-01
4.930334862683695696e-01 -2.916402960320911841e-01 -8.196730562393662600e-01
4.920876188222338410e-01 -3.017058187529422231e-01 -8.165925387294802329e-01
4.911162203700869533e-01 -3.117303808053540348e-01 -8.134058198392019046e-01
4.901197500640749882e-01 -3.217126301730923732e-01 -8.101133341452451120e-01
4.890986801290287400e-01 -3.316512235724491386e-01 -8.067155303912084685e-01
4.880534955999779045e-01 -3.415448266865835358e-01 -8.032128713930322128e-01
4.869846940529551915e-01 -3.513921143946954206e-01 -7.996058339421177052e-01
4.858927853292718813e-01 -3.611917709959372447e-01 -7.958949087061663041e-01
4.847782912534489563e-01 -3.709424904279761126e-01 -7.920806001277949093e-01
4.836417453449922133e-01 -3.806429764801239068e-01 -7.881634263209879032e-01
4.824836925242018681e-01 -3.902919430009589297e-01 -7.841439189654442199e-01
4.813046888122105571e-01 -3.998881141003690631e-01 -7.800226231988797165e-01
4.801053010254461295e-01 -4.094302243459513324e-01 -7.758000975073444661e-01
4.788861064647179644e-01 -4.189170189537099742e-01 -7.714769136136176986e-01
4.776476925991280376e-01 -4.283472539730006079e-01 -7.670536563637403438e-01
4.763906567450098550e-01 -4.377196964656743239e-01 -7.625309236117472356e-01
4.751156057401002553e-01 -4.470331246793811109e-01 -7.579093261026620398e-01
4.738231556131509703e-01 -4.562863282149994260e-01 -7.531894873538158564e-01
4.725139312491885013e-01 -4.654781081881633753e-01 -7.483720435345527777e-01
4.711885660506311968e-01 -4.746072773848659665e-01 -7.434576433443853549e-01
4.698477015944750868e-01 -4.836726604111227790e-01 -7.384469478896618089e-01
4.684919872857596923e-01 -4.926730938366864487e-01 -7.333406305588079377e-01
4.671220800075266966e-01 -5.016074263328081928e-01 -7.281393768962067803e-01
4.657386437674841395e-01 -5.104745188040494819e-01 -7.228438844747772096e-01
4.643423493415899661e-01 -5.192732445141512443e-01 -7.174548627673156265e-01
4.629338739147687565e-01 -5.280024892059757002e-01 -7.119730330166601506e-01
4.615139007189752451e-01 -5.366611512155410324e-01 -7.063991281047413695e-01
4.600831186688184582e-01 -5.452481415801742060e-01 -7.007338924205790409e-01
4.586422219949603529e-01 -5.537623841408143566e-01 -6.949780817272863676e-01
4.571919098755012345e-01 -5.622028156385031616e-01 -6.891324630281419061e-01
4.557328860655653346e-01 -5.705683858051061597e-01 -6.831978144317890633e-01
4.542658585252978831e-01 -5.788580574483124241e-01 -6.771749250166211320e-01
4.527915390464845591e-01 -5.870708065309666601e-01 -6.710645946944121532e-01
4.513106428780034318e-01 -5.952056222447925649e-01 -6.648676340732490031e-01
4.498238883503178909e-01 -6.032615070785717348e-01 -6.585848643198238817e-01
4.483319964992182327e-01 -6.112374768808465086e-01 -6.522171170211410463e-01
4.468356906890175173e-01 -6.191325609172220190e-01 -6.457652340456945250e-01
4.453356962354066972e-01 -6.269458019223450584e-01 -6.392300674041705433e-01
4.438327400281709689e-01 -6.346762561466442465e-01 -6.326124791097276212e-01
4.423275501539690180e-01 -6.423229933979184292e-01 -6.259133410379065232e-01
4.408208555193738332e-01 -6.498850970778670133e-01 -6.191335347862222394e-01
4.393133854743719868e-01 -6.573616642136578259e-01 -6.122739515334864047e-01
4.378058694365165593e-01 -6.647518054846338620e-01 -6.053354918989106714e-01
4.362990365159259420e-01 -6.720546452442633933e-01 -5.983190658010374419e-01
4.347936151413190897e-01 -6.792693215374421278e-01 -5.912255923165452565e-01
4.332903326872752370e-01 -6.863949861132594421e-01 -5.840559995389740244e-01
4.317899151029029881e-01 -6.934308044333445942e-01 -5.768112244374132835e-01
4.302930865421022433e-01 -7.003759556759119320e-01 -5.694922127151970104e-01
4.288005689955985966e-01 -7.072296327356264456e-01 -5.620999186686459481e-01
4.273130819249280621e-01 -7.139910422194163386e-01 -5.546353050458970868e-01
4.258313418985465448e-01 -7.206594044383591857e-01 -5.470993429058585988e-01
4.243560622302360863e-01 -7.272339533957730140e-01 -5.394930114773281993e-01
4.228879526199768590e-01 -7.337139367716454252e-01 -5.318172980183092369e-01
4.214277187974508343e-01 -7.400986159035358725e-01 -5.240731976755597099e-01
4.199760621683402140e-01 -7.463872657640894248e-01 -5.162617133444060702e-01
4.185336794635806101e-01 -7.525791749353000215e-01 -5.083838555288531236e-01
4.171012623917261797e-01 -7.586736455796666556e-01 -5.004406422020196699e-01
4.156794972945802025e-01 -7.646699934083835970e-01 -4.924330986669278598e-01
4.142690648062423708e-01 -7.705675476467097607e-01 -4.843622574176726925e-01
4.128706395157200060e-01 -7.763656509966629926e-01 -4.762291580009962999e-01
4.114848896332478079e-01 -7.820636595971857119e-01 -4.680348468782908888e-01
4.101124766604579697e-01 -7.876609429819293462e-01 -4.597803772880515449e-01
4.087540550645379356e-01 -7.931568840348062199e-01 -4.514668091087993274e-01
4.074102719565117492e-01 -7.985508789434574428e-01 -4.430952087224933056e-01
4.060817667737759984e-01 -8.038423371507860127e-01 -4.346666488784481364e-01
4.047691709670198090e-01 -8.090306813047047907e-01 -4.261822085577731123e-01
4.034731076916536763e-01 -8.141153472062484520e-01 -4.176429728383462270e-01
4.021941915038700910e-01 -8.190957837561987365e-01 -4.090500327603354691e-01
4.009330280614544773e-01 -8.239714529003719923e-01 -4.004044851922781700e-01
3.996902138294634033e-01 -8.287418295737177809e-01 -3.917074326977275645e-01
3.984663357908821979e-01 -8.334064016433753164e-01 -3.829599834024739469e-01
3.972624946328704443e-01 -8.379381359727766654e-01 -3.742221139730546597e-01
3.960791144151083465e-01 -8.423384817228376509e-01 -3.654958512466044973e-01
3.949165986997271172e-01 -8.466089079563130504e-01 -3.567831792356425114e-01
3.937753307446565376e-01 -8.507509024735961933e-01 -3.480860393378506501e-01
3.926556737121732477e-01 -8.547659706719334949e-01 -3.394063305642884276e-01
3.915579708918296986e-01 -8.586556344281270903e-01 -3.307459097853243657e-01
3.904825459369574148e-01 -8.624214310047726428e-01 -3.221065919935752753e-01
3.894297031139504206e-01 -8.660649119800511997e-01 -3.134901505831562130e-01
3.883997275635492907e-01 -8.695876422010712092e-01 -3.048983176445558274e-01
3.873928855733608789e-01 -8.729911987607299473e-01 -2.963327842744631901e-01
3.864094248608636595e-01 -8.762771699980441698e-01 -2.877952008998851952e-01
3.854495748661648236e-01 -8.794471545218742747e-01 -2.792871776159048247e-01
3.845135470537912048e-01 -8.825027602579489372e-01 -2.708102845364437905e-01
3.836015352228129838e-01 -8.854456035190747532e-01 -2.623660521574054383e-01
3.827137158246163851e-01 -8.882773080983981107e-01 -2.539559717315863496e-01
3.818502482876582338e-01 -8.909995043855695185e-01 -2.455814956547577588e-01
3.810112753485538351e-01 -8.936138285056417496e-01 -2.372440378623310864e-01
3.801969233888669031e-01 -8.961219214805200561e-01 -2.289449742360342710e-01
3.794073027769888085e-01 -8.985254284127656144e-01 -2.206856430200389296e-01
3.786425082145120080e-01 -9.008259976915414802e-01 -2.124673452459907019e-01
3.779026190865215074e-01 -9.030252802204762341e-01 -2.042913451664086777e-01
3.771876998152461913e-01 -9.051249286672087280e-01 -1.961588706959322137e-01
3.764978002165307314e-01 -9.071265967343663528e-01 -1.880711138599062415e-01
3.758329558586060992e-01 -9.090319384517182577e-01 -1.800292312498093794e-01
3.751931884226568092e-01 -9.108426074892367330e-01 -1.720343444850412906e-01
3.745785060646996678e-01 -9.125602564907890901e-01 -1.640875406805988312e-01
3.739889037783079573e-01 -9.141865364281761552e-01 -1.561898729201828817e-01
3.734243637577327468e-01 -9.157230959752251653e-01 -1.483423607342900519e-01
3.728848557609910630e-01 -9.171715809016384169e-01 -1.405459905828561340e-01
3.723703374725080839e-01 -9.185336334862933549e-01 -1.328017163420300295e-01
3.718807548649187833e-01 -9.198108919496833513e-01 -1.251104597946691988e-01
3.714160425596508275e-01 -9.210049899051848676e-01 -1.174731111241595627e-01
3.709761241859284020e-01 -9.221175558288327023e-01 -1.098905294111745395e-01
3.705609127378530210e-01 -9.231502125472794695e-01 -1.023635431329996265e-01
3.701703109292344140e-01 -9.241045767436149028e-01 -9.489295066506045484e-02
3.698042115458599621e-01 -9.249822584807163572e-01 -8.747952078430339118e-02
3.694624977949087508e-01 -9.257848607418003306e-01 -8.012399317408930299e-02
3.691450436512299094e-01 -9.265139789878434895e-01 -7.282707893027165480e-02
3.688517142002221139e-01 -9.271712007315400239e-01 -6.558946106814128596e-02
3.685823659770651184e-01 -9.277581051274622626e-01 -5.841179502993068540e-02
3.683368473020691702e-01 -9.282762625780895949e-01 -5.129470919258106998e-02
3.681149986119226503e-01 -9.287272343553735210e-01 -4.423880537548581515e-02
3.679166527866319925e-01 -9.291125722375030982e-01 -3.724465934793397964e-02
3.677416354719617031e-01 -9.294338181605407145e-01 -3.031282133598742212e-02
3.675897653971957890e-01 -9.296925038845941236e-01 -2.344381652853475689e-02
3.674608546880547832e-01 -9.298901506741962253e-01 -1.663814558227499213e-02
3.673547091746142690e-01 -9.300282689925634116e-01 -9.896285125392829257e-03
3.672711286940848474e-01 -9.301083582094055169e-01 -3.218688259696878516e-03
3.672099073883230425e-01 -9.301319063219632977e-01 3.394214938999134956e-03
3.671708339959562362e-01 -9.301003896889513678e-01 9.942016922463312034e-03
3.671536921390139430e-01 -9.300152727770865102e-01 1.642433217380333266e-02
3.671582606039700547e-01 -9.298780079198851745e-01 2.284079671358933000e-02
3.671843136171100141e-01 -9.296900350884165221e-01 2.919106760852801380e-02
3.672316211141468667e-01 -9.294527816737000459e-01 3.547482248286635415e-02
3.672999490040209647e-01 -9.291676622804401209e-01 4.169175903269520950e-02
3.673890594268254262e-01 -9.288360785317949508e-01 4.784159454331592815e-02
3.674987110058103856e-01 -9.284594188848784846e-01 5.392406540982538216e-02
3.676286590934262910e-01 -9.280390584566986512e-01 5.993892666106788447e-02
3.677786560113751047e-01 -9.275763588602402576e-01 6.588595148709537608e-02
3.679484512846464273e-01 -9.270726680504022266e-01 7.176493077027044920e-02
3.681377918695231122e-01 -9.265293201795056222e-01 7.757567262014018750e-02
3.683464223755474887e-01 -9.259476354620902461e-01 8.331800191220238572e-02
3.685740852814472501e-01 -9.253289200487238020e-01 8.899175983067943163e-02
3.688205211450258925e-01 -9.246744659085512907e-01 9.459680341540897819e-02
3.690854688070292489e-01 -9.239855507203150742e-01 1.001330051129548093e-01
3.693686655890053849e-01 -9.232634377715825957e-01 1.056002523320354047e-01
3.696698474851811134e-01 -9.225093758659214105e-01 1.109984470033622272e-01
3.699887493483835499e-01 -9.217245992377653963e-01 1.163275051439743440e-01
3.703251050700404057e-01 -9.209103274747222345e-01 1.215873564261507750e-01
3.706786477542973191e-01 -9.200677654470736933e-01 1.267779437509768958e-01
3.710491098862952475e-01 -9.191981032442269051e-01 1.318992228266362976e-01
3.714362234946553820e-01 -9.183025161178787199e-01 1.369511617514948820e-01
3.718397203082228208e-01 -9.173821644316582091e-01 1.419337406020390879e-01
3.722593319071241247e-01 -9.164381936170183929e-01 1.468469510257260635e-01
3.726947898681973181e-01 -9.154717341351517046e-01 1.516907958387991306e-01
3.731458259048568427e-01 -9.144839014447081471e-01 1.564652886291176548e-01
3.736121720014577985e-01 -9.134757959750996470e-01 1.611704533640466175e-01
3.740935605422282539e-01 -9.124485031051772221e-01 1.658063240034472474e-01
3.745897244348396216e-01 -9.114030931470737951e-01 1.703729441178064019e-01
3.751003972286885424e-01 -9.103406213350073717e-01 1.748703665115386441e-01
3.756253132279654960e-01 -9.092621278188457445e-01 1.792986528514917965e-01
3.761642075995874079e-01 -9.081686376622357670e-01 1.836578733006830055e-01
3.767168164760737459e-01 -9.070611608451059071e-01 1.879481061572898237e-01
3.772828770534468745e-01 -9.059406922703541198e-01 1.921694374989169340e-01
3.778621276842391574e-01 -9.048082117745369635e-01 1.963219608321568888e-01
3.784543079656909059e-01 -9.036646841423808807e-01 2.004057767474600460e-01
3.790591588232237741e-01 -9.025110591249383418e-01 2.044209925793262772e-01
3.796764225892758637e-01 -9.013482714612174318e-01 2.083677220718284651e-01
3.803058430775858034e-01 -9.001772409031165711e-01 2.122460850494751750e-01
3.809471656530130090e-01 -8.989988722434995028e-01 2.160562070934177736e-01
3.816001372969829997e-01 -8.978140553472490071e-01 2.197982192230048815e-01
3.822645066686461424e-01 -8.966236651851430262e-01 2.234722575826846025e-01
3.829400241618396983e-01 -8.954285618703986538e-01 2.270784631342535886e-01
3.836264419579418217e-01 -8.942295906977341113e-01 2.306169813544493019e-01
3.843235140747081058e-01 -8.930275821848016049e-01 2.340879619378804788e-01
3.850309964111796046e-01 -8.918233521158481780e-01 2.374915585052888856e-01
3.857486467887525916e-01 -8.906177015874644498e-01 2.408279283171336771e-01
3.864762249884989842e-01 -8.894114170562841259e-01 2.440972319924883394e-01
3.872134927848273067e-01 -8.882052703885017220e-01 2.472996332332383640e-01
3.879602139755726764e-01 -8.870000189110780475e-01 2.504352985535667764e-01
3.887161544086045750e-01 -8.857964054645058871e-01 2.535043970147129455e-01
3.894810820050406130e-01 -8.845951584570127535e-01 2.565070999649893824e-01
3.902547667791536057e-01 -8.833969919200799215e-01 2.594435807850392628e-01
3.910369808550592241e-01 -8.822026055651591703e-01 2.623140146383172167e-01
3.918274984802699867e-01 -8.810126848414732148e-01 2.651185782267743152e-01
3.926260960362020214e-01 -8.798279009947875817e-01 2.678574495517276333e-01
3.934325520457185310e-01 -8.786489111270451291e-01 2.705308076798932926e-01
3.942466471777944514e-01 -8.774763582567561837e-01 2.731388325145623908e-01
3.950681642493854007e-01 -8.763108713800420446e-01 2.756817045718965020e-01
3.958968882245831322e-01 -8.751530655322302676e-01 2.781596047623209333e-01
3.967326062111384832e-01 -8.740035418499039199e-01 2.805727141769919220e-01
3.975751074544328079e-01 -8.728628876333092146e-01 2.829212138793135711e-01
3.984241833289763890e-01 -8.717316764090291548e-01 2.852052847014805437e-01
3.992796273275131536e-01 -8.706104679928328149e-01 2.874251070460215884e-01
4.001412350478078528e-01 -8.694998085526115528e-01 2.895808606923186423e-01
4.010088041771929235e-01 -8.684002306713186625e-01 2.916727246080759173e-01
4.018821344749494706e-01 -8.673122534098274272e-01 2.937008767657136032e-01
4.027610277525966453e-01 -8.662363823696291876e-01 2.956654939636602086e-01
4.036452878521625265e-01 -8.651731097552916028e-01 2.975667516525172251e-01
4.045347206225079484e-01 -8.641229144366024961e-01 2.994048237660702494e-01
4.054291338937743294e-01 -8.630862620103247895e-01 3.011798825571206373e-01
4.063283374500249456e-01 -8.620636048614916946e-01 3.028920984381110459e-01
4.072321430001480946e-01 -8.610553822241732158e-01 3.045416398265189950e-01
4.081403641470894295e-01 -8.600620202416467963e-01 3.061286729949927454e-01
4.090528163554799090e-01 -8.590839320259067158e-01 3.076533619262032393e-01
4.099693169177243690e-01 -8.581215177164510655e-01 3.091158681723865653e-01
4.108896849186147726e-01 -8.571751645382839069e-01 3.105163507195516370e-01
4.118137411985310359e-01 -8.562452468590755483e-01 3.118549658563275484e-01
4.127413083152913220e-01 -8.553321262454232077e-01 3.131318670474261823e-01
4.136722105047126452e-01 -8.544361515181584377e-01 3.143472048116952022e-01
4.146062736399416804e-01 -8.535576588066482451e-01 3.155011266047372254e-01
4.155433251896140656e-01 -8.526969716020390555e-01 3.165937767060713615e-01
4.164831941749004285e-01 -8.518544008093954512e-01 3.176252961108139150e-01
4.174257111254956465e-01 -8.510302447986861640e-01 3.185958224258553240e-01
4.183707080346070195e-01 -8.502247894545728046e-01 3.195054897705105201e-01
4.193180183129963656e-01 -8.494383082249580275e-01 3.203544286816213948e-01
4.202674767421298863e-01 -8.486710621682513889e-01 3.211427660230893322e-01
4.212189194264887027e-01 -8.479232999993144837e-01 3.218706248998178254e-01
4.221721837450922443e-01 -8.471952581340466137e-01 3.225381245760441939e-01
4.231271083022859480e-01 -8.464871607325752390e-01 3.231453803980411377e-01
4.240835328778433944e-01 -8.457992197410173496e-01 3.236925037211694223e-01
4.250412983764330077e-01 -8.451316349317792298e-01 3.241796018412629321e-01
4.260002467764981704e-01 -8.444845939423636372e-01 3.246067779303288270e-01
4.269602210785983787e-01 -8.438582723126551999e-01 3.249741309765457609e-01
4.279210652532600134e-01 -8.432528335206571635e-01 3.252817557285440642e-01
4.288826241883827994e-01 -8.426684290166535085e-01 3.255297426439522912e-01
4.298447436362484164e-01 -8.421051982557725690e-01 3.257181778421955332e-01
4.308072701601770582e-01 -8.415632687289293923e-01 3.258471430615316744e-01
4.317700510808770709e-01 -8.410427559921265228e-01 3.259167156203121030e-01
4.327329344225319674e-01 -8.405437636940942259e-01 3.259269683824546626e-01
4.336957688586691728e-01 -8.400663836022519426e-01 3.258779697271176889e-01
4.346584036578540200e-01 -8.396106956269759891e-01 3.257697835225635274e-01
4.356206886292524616e-01 -8.391767678441588441e-01 3.256024691042023744e-01
4.365824740681050198e-01 -8.387646565160471468e-01 3.253760812568070038e-01
4.375436107011547726e-01 -8.383744061103480805e-01 3.250906702008899973e-01
4.385039496320713437e-01 -8.380060493175938152e-01 3.247462815832364846e-01
4.394633422869129724e-01 -8.376596070667566840e-01 3.243429564715853419e-01
4.404216403596685758e-01 -8.373350885391088738e-01 3.238807313534534660e-01
4.413786957579209358e-01 -8.370324911803213030e-01 3.233596381390980712e-01
4.423343605486724228e-01 -8.367518007107997979e-01 3.227797041686133461e-01
4.432884869043748899e-01 -8.364929911342554592e-01 3.221409522231578060e-01
4.442409270492044260e-01 -8.362560247445106620e-01 3.214434005403105088e-01
4.451915332056224361e-01 -8.360408521305413565e-01 3.206870628335545814e-01
4.461401575412637377e-01 -8.358474121797597745e-01 3.198719483158875554e-01
4.470866521161931395e-01 -8.356756320795416526e-01 3.189980617275587349e-01
4.480308688305717491e-01 -8.355254273170044099e-01 3.180654033679347625e-01
4.489726593727738080e-01 -8.353967016770449394e-01 3.170739691314954922e-01
4.499118751679960226e-01 -8.352893472386460072e-01 3.160237505479630560e-01
4.508483673274005232e-01 -8.352032443694630270e-01 3.149147348265675661e-01
4.517819865978337512e-01 -8.351382617187032009e-01 3.137469049044541713e-01
4.527125833121626863e-01 -8.350942562083125686e-01 3.125202394992369626e-01
4.536400073402709898e-01 -8.350710730224865097e-01 3.112347131657054455e-01
4.545641080407580858e-01 -8.350685455955213499e-01 3.098902963566909641e-01
4.554847342133830912e-01 -8.350864955980269455e-01 3.084869554881004561e-01
4.564017340522980581e-01 -8.351247329215211179e-01 3.070246530081263692e-01
4.573149551001133850e-01 -8.351830556614283640e-01 3.055033474706417285e-01
4.582242442028398033e-01 -8.352612500985082677e-01 3.039229936127905152e-01
4.591294474657515723e-01 -8.353590906787388137e-01 3.022835424367841251e-01
4.600304102102160120e-01 -8.354763399916829147e-01 3.005849412959153422e-01
4.609269769315347820e-01 -8.356127487473681281e-01 2.988271339848017072e-01
4.618189912578430367e-01 -8.357680557517106479e-01 2.970100608338715475e-01
4.627062959101133077e-01 -8.359419878805163240e-01 2.951336588081057699e-01
4.635887326633114647e-01 -8.361342600520951240e-01 2.931978616100496815e-01
4.644661423087522167e-01 -8.363445751985242316e-01 2.912025997871094951e-01
4.653383646177033373e-01 -8.365726242355994158e-01 2.891478008431486724e-01
4.662052383062871841e-01 -8.368180860315149738e-01 2.870333893544002590e-01
4.670666010017299197e-01 -8.370806273743149895e-01 2.848592870897110885e-01
4.679222892100086684e-01 -8.373599029381589842e-01 2.826254131351352838e-01
4.687721382849480145e-01 -8.376555552484502565e-01 2.803316840228938234e-01
4.696159823988179105e-01 -8.379672146458729820e-01 2.779780138647183207e-01
4.704536545144857307e-01 -8.382944992493901459e-01 2.755643144895969510e-01
4.712849863591759836e-01 -8.386370149182529321e-01 2.730904955859413397e-01
4.721098083998918060e-01 -8.389943552130771920e-01 2.705564648481929013e-01
4.729279498205536947e-01 -8.393661013560420603e-01 2.679621281278882217e-01
4.737392385009110973e-01 -8.397518221902704472e-01 2.653073895892025802e-01
4.745435009972832630e-01 -8.401510741384508041e-01 2.625921518689915968e-01
4.753405625251872491e-01 -8.405634011607637790e-01 2.598163162413503757e-01
4.761302469439109286e-01 -8.409883347121779318e-01 2.569797827867107975e-01
4.769123767430902827e-01 -8.414253936991827887e-01 2.540824505654964982e-01
4.776867730313503757e-01 -8.418740844360269593e-01 2.511242177963557420e-01
4.784523297972115286e-01 -8.422994299024967324e-01 2.482237668626503524e-01
4.792091901414322064e-01 -8.427019645219356869e-01 2.453812360650179381e-01
4.799574989632401367e-01 -8.430822098382154683e-01 2.425967571530890099e-01
4.806974028823933764e-01 -8.434406744820337476e-01 2.398704555157751550e-01
4.814290501633183283e-01 -8.437778541397081833e-01 2.372024503671184836e-01
4.821525906412882923e-01 -8.440942315243626926e-01 2.345928549276812269e-01
4.828681756506060241e-01 -8.443902763494052222e-01 2.320417766014561400e-01
4.835759579547518894e-01 -8.446664453041989873e-01 2.295493171482798356e-01
4.842760916784576986e-01 -8.449231820318316988e-01 2.271155728517323946e-01
4.849687322416662005e-01 -8.451609171088914074e-01 2.247406346825079060e-01
4.856540362953338796e-01 -8.453800680271592594e-01 2.224245884572419174e-01
4.863321616590348673e-01 -8.455810391771330092e-01 2.201675149927828368e-01
4.870032672603218371e-01 -8.457642218332975803e-01 2.179694902558954317e-01
4.876675130757994192e-01 -8.459299941410629575e-01 2.158305855083860469e-01
4.883250600738651692e-01 -8.460787211052905876e-01 2.137508674476392423e-01
4.889760701590711300e-01 -8.462107545803345676e-01 2.117303983425576630e-01
4.896207061180598008e-01 -8.463264332615247909e-01 2.097692361648970660e-01
4.902591315670266070e-01 -8.464260826780237723e-01 2.078674347159893965e-01
4.908915109006605215e-01 -8.465100151869898726e-01 2.060250437488480579e-01
4.915180092425143754e-01 -8.465785299689845278e-01 2.042421090856497701e-01
4.921387923967554534e-01 -8.466319130245620883e-01 2.025186727305884893e-01
4.927540268012462477e-01 -8.466704371719844247e-01 2.008547729780973956e-01
4.933638794819055207e-01 -8.466943620460054554e-01 1.992504445164356708e-01
4.939685180082986626e-01 -8.467039340976730832e-01 1.977057185266374029e-01
4.945681104504063841e-01 -8.466993865950989129e-01 1.962206227768205913e-01
4.951628253365202847e-01 -8.466809396251493425e-01 1.947951817118545315e-01
4.957528316122136181e-01 -8.466488000960125104e-01 1.934294165383848296e-01
4.963382986003350705e-01 -8.466031617406015730e-01 1.921233453052152707e-01
4.969193959619734313e-01 -8.465442051207543450e-01 1.908769829790467332e-01
4.974962936583405826e-01 -8.464720976321929991e-01 1.896903415155734018e-01
4.980691619135200754e-01 -8.463869935102119602e-01 1.885634299259369706e-01
4.986381711780285553e-01 -8.462890338360613551e-01 1.874962543385402802e-01
4.992034920931369135e-01 -8.461783465439992602e-01 1.864888180562217779e-01
4.997652954558981508e-01 -8.460550464289872119e-01 1.855411216087927417e-01
5.003237521848284963e-01 -8.459192351550056665e-01 1.846531628009395465e-01
5.008790332861889905e-01 -8.457710012639694241e-01 1.838249367554934399e-01
5.014313098208135200e-01 -8.456104201852259195e-01 1.830564359520709394e-01
5.019807528714310685e-01 -8.454375542456207260e-01 1.823476502610877070e-01
5.025275335104272267e-01 -8.452524526801185045e-01 1.816985669731494557e-01
5.030718227679931154e-01 -8.450551516429691823e-01 1.811091708238237730e-01
5.036137916006077075e-01 -8.448456742194123681e-01 1.805794440137965806e-01
5.041536108598004828e-01 -8.446240304379156738e-01 1.801093662244176163e-01
5.046914512611411219e-01 -8.443902172829442776e-01 1.796989146286393224e-01
5.052274833534033949e-01 -8.441442187082623949e-01 1.793480638973540264e-01
5.057618774878502865e-01 -8.438860056507700991e-01 1.790567862011342160e-01
5.062948037875872886e-01 -8.436155360448807095e-01 1.788250512073813470e-01
5.068264321169314579e-01 -8.433327548374468519e-01 1.786528260728884876e-01
5.073569320507436142e-01 -8.430375940032459603e-01 1.785400754318226813e-01
5.078864728436716103e-01 -8.427299725610383208e-01 1.784867613791329133e-01
5.084152233992524916e-01 -8.424097965902136442e-01 1.784928434493900928e-01
