0.000000000000000000e+00 0.000000000000000000e+00 1.000000000000000000e+00
8.277919540544645068e-07 -7.039033777295260154e-05 9.999999975222575443e-01
2.731081575407783859e-06 -2.111651850678939271e-04 9.999999777009026536e-01
5.957543758207735514e-06 -4.223178354430168657e-04 9.999999108060727560e-01
1.075481934925093830e-05 -7.038406939481386005e-04 9.999997522462750199e-01
1.737051173629194364e-05 -1.055725261591761253e-03 9.999994425710633239e-01
2.605218317940918241e-05 -1.477962114597163772e-03 9.999989074740389672e-01
3.704735081198120292e-05 -1.970540878452833704e-03 9.999980577961840034e-01
5.060348223789602187e-05 -2.533450196763430227e-03 9.999967895295405196e-01
6.696799065169512768e-05 -3.166677694908346698e-03 9.999949838212514042e-01
8.638822940844268210e-05 -3.870209938515847825e-03 9.999925069779801445e-01
1.091114859702096637e-04 -4.644032386761648076e-03 9.999892104707301943e-01
1.353849751561736958e-04 -5.488129340501722749e-03 9.999849309400868913e-01
1.654558316234577137e-04 -6.402483885250070776e-03 9.999794902019074616e-01
1.995711015059662341e-04 -7.387077829013091387e-03 9.999726952534870872e-01
2.379777331386278248e-04 -8.441891634993195156e-03 9.999643382802315683e-01
2.809225667946159801e-04 -9.566904349175255756e-03 9.999541966628696654e-01
3.286523233633010578e-04 -1.076209352281048970e-02 9.999420329852408695e-01
3.814135918968838707e-04 -1.202743512981339045e-02 9.999275950426961268e-01
4.394528159538758157e-04 -1.336290347908835642e-02 9.999106158511525955e-01
5.030162786678279725e-04 -1.476847112180372686e-02 9.998908136568452898e-01
5.723500864699668277e-04 -1.624410875363202153e-02 9.998678919468206860e-01
6.477001513946743262e-04 -1.778978511197629869e-02 9.998415394602206963e-01
7.293121718970545057e-04 -1.940546686820364408e-02 9.998114302004070808e-01
8.174316121121588934e-04 -2.109111851490801798e-02 9.997772234479790354e-01
9.123036794857990574e-04 -2.284670224822583570e-02 9.997385637747390197e-01
1.014173300707266103e-03 -2.467217784522890769e-02 9.996950810586647806e-01
1.123285095874691341e-03 -2.656750253642056053e-02 9.996463904999465244e-01
1.239883350824239668e-03 -2.853263087336212200e-02 9.995920926381530736e-01
1.364211987554812388e-03 -3.056751459145819194e-02 9.995317733705894048e-01
1.496514532680464629e-03 -3.267210246793049444e-02 9.994650039719149559e-01
1.637034083843307399e-03 -3.484634017501146708e-02 9.993913411150896486e-01
1.786013274020273843e-03 -3.709017012839019994e-02 9.993103268937203465e-01
1.943694233657782726e-03 -3.940353133094470772e-02 9.992214888458813560e-01
2.110318550569029953e-03 -4.178635921179606194e-02 9.991243399794845770e-01
2.286127227529393107e-03 -4.423858546072133996e-02 9.990183787992777953e-01
2.471360637506229800e-03 -4.676013785796403338e-02 9.989030893355508312e-01
2.666258476460212773e-03 -4.935094009948200189e-02 9.987779411746329217e-01
2.871059713656251306e-03 -5.201091161767473076e-02 9.986423894912653809e-01
3.086002539423029697e-03 -5.473996739763332259e-02 9.984958750829362462e-01
3.311324310301220954e-03 -5.753801778895833996e-02 9.983378244062659501e-01
3.547261491521538218e-03 -6.040496831319230181e-02 9.981676496155346134e-01
3.794049596754956507e-03 -6.334071946691546828e-02 9.979847486034441051e-01
4.051923125078674658e-03 -6.634516652055520713e-02 9.977885050442092396e-01
4.321115495102700529e-03 -6.941819931296132340e-02 9.975782884390753669e-01
4.601858976203337254e-03 -7.255970204180121896e-02 9.973534541643602758e-01
4.894384616811303310e-03 -7.576955304983108708e-02 9.971133435221222197e-01
5.198922169703793471e-03 -7.904762460710090810e-02 9.968572837935548714e-01
5.515700014251402258e-03 -8.239378268915313608e-02 9.965845882952149015e-01
5.844945075572570599e-03 -8.580788675127704046e-02 9.962945564381867625e-01
6.186882740550023532e-03 -8.928978949888254080e-02 9.959864737902929255e-01
6.540085412761260236e-03 -9.269916674443207105e-02 9.956726830478507262e-01
6.904289259493075551e-03 -9.603600878654668105e-02 9.953539148494859878e-01
7.279230732549689560e-03 -9.930031040707144874e-02 9.950308845221990106e-01
7.664646619111276787e-03 -1.024920706128198411e-01 9.947042920656022913e-01
8.060274088967079448e-03 -1.056112923823160077e-01 9.943748221385031449e-01
8.465850738200369346e-03 -1.086579824175820524e-01 9.940431440477082159e-01
8.881114629403273272e-03 -1.116321509010153451e-01 9.937099117389279757e-01
9.305804328500078687e-03 -1.145338112573982409e-01 9.933757637896606374e-01
9.739658938258217644e-03 -1.173629799210808705e-01 9.930413234039403569e-01
1.018241812856658483e-02 -1.201196761083750120e-01 9.927071984088331469e-01
1.063382216356127154e-02 -1.228039215951955143e-01 9.923739812525701476e-01
1.109361192567911818e-02 -1.254157404999832470e-01 9.920422490042075658e-01
1.156152893671978654e-02 -1.279551590719421872e-01 9.917125633547069219e-01
1.203731537599725746e-02 -1.304222054846207179e-01 9.913854706193305777e-01
1.252071409566182444e-02 -1.328169096348661982e-01 9.910615017412516270e-01
1.301146863327377716e-02 -1.351393029471794904e-01 9.907411722962780054e-01
1.350932322171001856e-02 -1.373894181834947326e-01 9.904249824985941197e-01
1.401402279648489291e-02 -1.395672892584083613e-01 9.901134172074270712e-01
1.452531300056646678e-02 -1.416729510598791208e-01 9.898069459345446575e-01
1.504294018676947085e-02 -1.437064392754201503e-01 9.895060228524977797e-01
1.556665141780599199e-02 -1.456677902238023292e-01 9.892110868035204341e-01
1.609619446407490467e-02 -1.475570406922867561e-01 9.889225613090042444e-01
1.663131779927087828e-02 -1.493742277794032902e-01 9.886408545794670433e-01
1.717177059389360036e-02 -1.511193887432903948e-01 9.883663595249373435e-01
1.771730270673770383e-02 -1.527925608556108261e-01 9.880994537656800913e-01
1.826766467444364619e-02 -1.543937812610561844e-01 9.878404996431907614e-01
1.882260769918953427e-02 -1.559230868424525962e-01 9.875898442313880699e-01
1.938188363460370198e-02 -1.573805140914785738e-01 9.873478193479392484e-01
1.994524496997756094e-02 -1.587660989850053495e-01 9.871147415656528201e-01
2.051244481285797311e-02 -1.600798768670689542e-01 9.868909122238780363e-01
2.108323687009814110e-02 -1.613218823364823140e-01 9.866766174398521327e-01
2.165737542744576236e-02 -1.624921491400951601e-01 9.864721281199396730e-01
2.223461532774686708e-02 -1.635907100717085283e-01 9.862776999707113523e-01
2.281471194784351689e-02 -1.646175968766499242e-01 9.860935735098109722e-01
2.339742117424328804e-02 -1.655728401620146784e-01 9.859199740765648423e-01
2.398249937763817161e-02 -1.664564693125780981e-01 9.857571118422873147e-01
2.456970338635022788e-02 -1.672685124123827194e-01 9.856051818202412607e-01
2.515879045878117309e-02 -1.680089961720041269e-01 9.854643638752150769e-01
2.574951825494273608e-02 -1.686779458614983962e-01 9.853348227326788056e-01
2.634164480714441120e-02 -1.692753852490336552e-01 9.852167079874870614e-01
2.693492848991506719e-02 -1.698013365452077650e-01 9.851101541120973470e-01
2.752912798923457666e-02 -1.702558203530534497e-01 9.850152804642764437e-01
2.812400227115147491e-02 -1.706388556237322385e-01 9.849321912942694546e-01
2.871931054986247289e-02 -1.709504596179177160e-01 9.848609757514099616e-01
2.931481225532948584e-02 -1.711906478728681402e-01 9.848017078901510901e-01
2.991026700050964521e-02 -1.713594341751885075e-01 9.847544466755017156e-01
3.050543454827369175e-02 -1.714568305392812908e-01 9.847192359878531587e-01
3.110007477808796744e-02 -1.714828471914850994e-01 9.846961046271865969e-01
3.169394765253516488e-02 -1.714374925598997623e-01 9.846850663166517581e-01
3.228681318374887477e-02 -1.713207732698963648e-01 9.846861197055123416e-01
3.288007069570117458e-02 -1.712713127671796343e-01 9.846750927966588796e-01
3.347394595697988917e-02 -1.712891060364264417e-01 9.846519878085694399e-01
3.406866469230179773e-02 -1.713741448000588585e-01 9.846167927575621981e-01
3.466445254546327015e-02 -1.715264175152722281e-01 9.845694814608850765e-01
3.526153504222494239e-02 -1.717459093664395475e-01 9.845100135409577957e-01
3.586013755306676626e-02 -1.720326022528958776e-01 9.844383344307698902e-01
3.646048525574998450e-02 -1.723864747721076118e-01 9.843543753804404606e-01
3.706280309762267217e-02 -1.728075021982324044e-01 9.842580534649493229e-01
3.766731575760562389e-02 -1.732956564560770851e-01 9.841492715930497681e-01
3.827424760779559593e-02 -1.738509060904616654e-01 9.840279185173756993e-01
3.888382267462314051e-02 -1.744732162309987622e-01 9.838938688457592452e-01
3.949626459950242308e-02 -1.751625485522991521e-01 9.837469830537759474e-01
4.011179659891088434e-02 -1.759188612296149201e-01 9.835871074985376161e-01
4.073064142383668595e-02 -1.767421088899333026e-01 9.834140744337548368e-01
4.135302131853249574e-02 -1.776322425585348808e-01 9.832277020260931089e-01
4.197915797851426573e-02 -1.785892096010318342e-01 9.830277943728502610e-01
4.260927250774437791e-02 -1.796129536609021304e-01 9.828141415209818987e-01
4.324358537493866450e-02 -1.807034145925375535e-01 9.825865194875081921e-01
4.388231636893760723e-02 -1.818605283898242220e-01 9.823446902813329773e-01
4.452568455308232587e-02 -1.830842271102757490e-01 9.820884019265120335e-01
4.517390821853660421e-02 -1.843744387947401087e-01 9.818173884870068369e-01
4.582720483649684040e-02 -1.857310873827027475e-01 9.815313700929640950e-01
4.648579100923239116e-02 -1.871540926232097835e-01 9.812300529685624717e-01
4.714988241989952200e-02 -1.886433699814362430e-01 9.809131294614706897e-01
4.781969378107283480e-02 -1.901988305409254287e-01 9.805802780739619751e-01
4.849543878193886270e-02 -1.918203809015274763e-01 9.802311634957340258e-01
4.917733003409736903e-02 -1.935079230730654409e-01 9.798654366384840220e-01
4.986557901591664316e-02 -1.952613543647596095e-01 9.794827346722905226e-01
5.056039601539012024e-02 -1.970805672704412648e-01 9.790826810638569855e-01
5.126199007144251890e-02 -1.989654493495891519e-01 9.786648856166724197e-01
5.197056891363473902e-02 -2.009158831042225923e-01 9.782289445131480132e-01
5.268633890021787169e-02 -2.029317458516873562e-01 9.777744403587889099e-01
5.340950495448767293e-02 -2.050129095933709289e-01 9.773009422284639758e-01
5.414027049939214298e-02 -2.071592408793861972e-01 9.768080057148370576e-01
5.487883739034603303e-02 -2.093706006692630794e-01 9.762951729790255717e-01
5.562540584620740552e-02 -2.116468441886898422e-01 9.757619728035543671e-01
5.638017437837265777e-02 -2.139878207823468492e-01 9.752079206476736983e-01
5.714333971794798017e-02 -2.163933737628771781e-01 9.746325187051136929e-01
5.791509674095653842e-02 -2.188633402560399843e-01 9.740352559643472574e-01
5.869563839154229995e-02 -2.213975510420941040e-01 9.734156082714371383e-01
5.948515560313303446e-02 -2.239958303934607431e-01 9.727730383955431881e-01
6.028383721752666319e-02 -2.266579959087159091e-01 9.721069960971682189e-01
6.109186990186691452e-02 -2.293838583429644862e-01 9.714169181992229340e-01
6.190943806347604106e-02 -2.321732214346499124e-01 9.707022286609897632e-01
6.273672376251428207e-02 -2.350258817288544133e-01 9.699623386550710880e-01
6.357390662243776747e-02 -2.379416283971468871e-01 9.691966466474043473e-01
6.442116373822842634e-02 -2.409202430540369200e-01 9.684045384804317314e-01
6.527866958237195372e-02 -2.439614995700951361e-01 9.675853874595110593e-01
6.614659590856168669e-02 -2.470651638818014417e-01 9.667385544426574384e-01
6.702511165310889862e-02 -2.502309937981850863e-01 9.658633879337060746e-01
6.791438283404221954e-02 -2.534587388043211820e-01 9.649592241789883840e-01
6.881457244788134753e-02 -2.567481398617510457e-01 9.640253872676138869e-01
6.972584036407294961e-02 -2.600989292058944469e-01 9.630611892354524750e-01
7.064834321707914866e-02 -2.635108301405242326e-01 9.620659301729134194e-01
7.158223429611174082e-02 -2.669835568293752459e-01 9.610388983366171534e-01
7.252766343250828529e-02 -2.705168140849613101e-01 9.599793702650578631e-01
7.348477688474887304e-02 -2.741102971546753309e-01 9.588866108983563619e-01
7.445371722111583657e-02 -2.777636915042501764e-01 9.577598737022030573e-01
7.543462320000120236e-02 -2.814766725986585505e-01 9.565984007960919300e-01
7.642762964787053193e-02 -2.852489056805331269e-01 9.554014230859481094e-01
7.743286733489468388e-02 -2.890800455461888241e-01 9.541681604012516305e-01
7.845046284826467931e-02 -2.929697363193313753e-01 9.528978216367607335e-01
7.948053846320828064e-02 -2.969176112225380693e-01 9.515896048989400668e-01
8.052321201173061327e-02 -3.009232923465982590e-01 9.502426976571985984e-01
8.157859674910483694e-02 -3.049863904178028995e-01 9.488562769000432606e-01
8.264680121814275970e-02 -3.091065045632738761e-01 9.474295092962546905e-01
8.372792911127915905e-02 -3.132832220744262708e-01 9.459615513611928650e-01
8.482207913050779369e-02 -3.175161181686578793e-01 9.444515496283395484e-01
8.592934484521103089e-02 -3.218047557493618482e-01 9.428986408261861296e-01
8.704981454792946882e-02 -3.261486851643609075e-01 9.413019520605749868e-01
8.818357110812223565e-02 -3.305474439628621197e-01 9.396606010026034017e-01
8.933069182397303243e-02 -3.350005566510340649e-01 9.379736960821994929e-01
9.049124827230183021e-02 -3.395075344463088785e-01 9.362403366874783028e-01
9.166530615664644777e-02 -3.440678750305138922e-01 9.344596133699886176e-01
9.285292515358348209e-02 -3.486810623019395150e-01 9.326306080559594314e-01
9.405415875736244935e-02 -3.533465661264505453e-01 9.307523942636556358e-01
9.526905412293254494e-02 -3.580638420877512162e-01 9.288240373269521788e-01
9.649765190744605259e-02 -3.628323312369144960e-01 9.268445946252366063e-01
9.773998611032792827e-02 -3.676514598412885526e-01 9.248131158197484547e-01
9.899608391200628854e-02 -3.725206391328950151e-01 9.227286430964641850e-01
1.002659655114040010e-01 -3.774392650564344920e-01 9.205902114156372384e-01
1.015496439622969455e-01 -3.824067180170169222e-01 9.183968487680999049e-01
1.028471250086501892e-01 -3.874223626277357724e-01 9.161475764384360287e-01
1.041584069190490541e-01 -3.924855474572065406e-01 9.138414092751299123e-01
1.054834803203476973e-01 -3.975956047771912472e-01 9.114773559677999959e-01
1.068223280306637712e-01 -4.027518503104331460e-01 9.090544193316210109e-01
1.081749248918536105e-01 -4.079535829788253354e-01 9.065715965990410741e-01
1.095412376016084433e-01 -4.132000846520411108e-01 9.040278797188969762e-01
1.109212245453182200e-01 -4.184906198967524027e-01 9.014222556630312466e-01
1.123148356278557969e-01 -4.238244357265668616e-01 8.987537067405132474e-01
1.137220121054403760e-01 -4.292007613528130427e-01 8.960212109195652141e-01
1.151426864177455128e-01 -4.346188079363068613e-01 8.932237421572932767e-01
1.165767820204233196e-01 -4.400777683402317675e-01 8.903602707373223790e-01
1.180242132182227899e-01 -4.455768168842680343e-01 8.874297636154323543e-01
1.194848849988867090e-01 -4.511151091001072144e-01 8.844311847732908571e-01
1.209586928680181361e-01 -4.566917814884893789e-01 8.813634955803787419e-01
1.224455226851138834e-01 -4.623059512779019165e-01 8.782256551641993703e-01
1.239452505009689676e-01 -4.679567161850802792e-01 8.750166207888644410e-01
1.254577423966626859e-01 -4.736431541774525078e-01 8.717353482421454913e-01
1.269828543243435026e-01 -4.793643232376701979e-01 8.683807922310785576e-01
1.285204319500364012e-01 -4.851192611303710156e-01 8.649519067862083688e-01
1.300703104987032954e-01 -4.909069851713177557e-01 8.614476456745557842e-01
1.316323146017932544e-01 -4.967264919990620475e-01 8.578669628213899667e-01
1.332062581475262630e-01 -5.025767573492807561e-01 8.542088127408856701e-01
1.347919441341605407e-01 -5.084567358319359576e-01 8.504721509757421360e-01
1.363891645265000174e-01 -5.143653607114092585e-01 8.466559345458393171e-01
1.379977001159052308e-01 -5.203015436897646673e-01 8.427591224060038133e-01
1.396173203840769816e-01 -5.262641746932942288e-01 8.387806759129542433e-01
1.412477833708887798e-01 -5.322521216625026863e-01 8.347195593014938853e-01
1.428888355465502136e-01 -5.382642303456899313e-01 8.305747401700154242e-01
1.445402116883897081e-01 -5.442993240962904489e-01 8.263451899753785357e-01
1.462016347625510471e-01 -5.503562036741316277e-01 8.220298845372207008e-01
1.478728158109043900e-01 -5.564336470507741383e-01 8.176278045517560988e-01
1.495534538434780403e-01 -5.625304092191008021e-01 8.131379361151155338e-01
1.512432357367230751e-01 -5.686452220073195951e-01 8.085592712562771345e-01
1.529418361379288605e-01 -5.747767938975524293e-01 8.038908084796331233e-01
1.546489173761124991e-01 -5.809238098491799063e-01 7.991315533172365093e-01
1.563641293797107812e-01 -5.870849311271170157e-01 7.942805188907656744e-01
1.580871096014083155e-01 -5.932587951351961930e-01 7.893367264832424901e-01
1.598174829504403482e-01 -5.994440152548367040e-01 7.842992061205354970e-01
1.615548617327135783e-01 -6.056391806891827656e-01 7.791669971626761226e-01
1.632988455990924681e-01 -6.118428563128943676e-01 7.739391489050100326e-01
1.650490215022032692e-01 -6.180535825277788664e-01 7.686147211892047082e-01
1.668049636621113940e-01 -6.242698751244548649e-01 7.631927850241266853e-01
1.685662335412318469e-01 -6.304902251502413346e-01 7.576724232165992223e-01
1.703323798288356172e-01 -6.367130987834707101e-01 7.520527310120466158e-01
1.721029384355180769e-01 -6.429369372144273509e-01 7.463328167450257178e-01
1.738774324979981967e-01 -6.491601565331159840e-01 7.405118024996412140e-01
1.756553723946197576e-01 -6.553811476240704037e-01 7.345888247798344484e-01
1.774362557719279532e-01 -6.615982760684158137e-01 7.285630351895334700e-01
1.792195675826959989e-01 -6.678098820534029700e-01 7.224336011226426546e-01
1.810047801357782815e-01 -6.740142802896379459e-01 7.161997064628483622e-01
1.827913531581668027e-01 -6.802097599362348923e-01 7.098605522932081024e-01
1.845787338696284197e-01 -6.863945845341258289e-01 7.034153576154876797e-01
1.863663570703003036e-01 -6.925669919477659420e-01 6.968633600792017990e-01
1.881536452416203431e-01 -6.987251943154803024e-01 6.902038167203101704e-01
1.899400086609682181e-01 -7.048673780087014729e-01 6.834360047095118240e-01
1.917248455303913746e-01 -7.109917036003570168e-01 6.765592221100757975e-01
1.935075421197880730e-01 -7.170963058426694792e-01 6.695727886451380284e-01
1.952874729249167163e-01 -7.231792936546412864e-01 6.624760464743877364e-01
1.970640008405975807e-01 -7.292387501195023436e-01 6.552683609800589171e-01
1.988364773494692983e-01 -7.352727324924061003e-01 6.479491215621347999e-01
2.006042427266575556e-01 -7.412792722186688499e-01 6.405177424426656829e-01
2.023666262607087263e-01 -7.472563749628545748e-01 6.329736634790912309e-01
2.041229464911347713e-01 -7.532020206490153136e-01 6.253163509864515524e-01
2.058725114629096631e-01 -7.591141635124087905e-01 6.175452985683609342e-01
2.076146189982499835e-01 -7.649907321630204926e-01 6.096600279566097846e-01
2.093485569860042417e-01 -7.708296296612311416e-01 6.016600898592517899e-01
2.110736036889668266e-01 -7.766287336059770618e-01 5.935450648170216281e-01
2.127890280694225977e-01 -7.823858962357632674e-01 5.853145640679209283e-01
2.144940901332178795e-01 -7.880989445428990825e-01 5.769682304197978340e-01
2.161880412926421025e-01 -7.937656804013375478e-01 5.685057391307362096e-01
2.178701247483921799e-01 -7.993838807085106302e-01 5.599267987970590887e-01
2.195395758908784967e-01 -8.049512975415638039e-01 5.512311522487390869e-01
2.211956227211174797e-01 -8.104656583284070015e-01 5.424185774519976189e-01
2.228374862914406229e-01 -8.159246660340092605e-01 5.334888884188618841e-01
2.244643811662338784e-01 -8.213259993623782673e-01 5.244419361234363697e-01
2.260755159029040340e-01 -8.266673129746784365e-01 5.152776094246324101e-01
2.276700935532514347e-01 -8.319462377239544848e-01 5.059958359950863516e-01
2.292473121854082529e-01 -8.371603809069406710e-01 4.965965832559824378e-01
2.308063654264823628e-01 -8.423073265334498627e-01 4.870798593174828772e-01
2.323464430260250013e-01 -8.473846356138493574e-01 4.774457139244521753e-01
2.338667314404182240e-01 -8.523898464651462614e-01 4.676942394071480491e-01
2.353664144382545120e-01 -8.573204750362178883e-01 4.578255716365351446e-01
2.368446737267565771e-01 -8.621740152527374024e-01 4.478398909838623432e-01
2.383006895992590690e-01 -8.669479393823592561e-01 4.377374232841264590e-01
2.397336416037469109e-01 -8.716396984207444021e-01 4.275184408030291427e-01
2.411427092324171517e-01 -8.762467224990180270e-01 4.171832632070152647e-01
2.425270726322009407e-01 -8.807664213132687658e-01 4.067322585359633980e-01
2.438859133361519771e-01 -8.851961845767121195e-01 3.961658441780792628e-01
2.452184150155755638e-01 -8.895333824951542345e-01 3.854844878465246150e-01
2.465237642527389472e-01 -8.937753662664089660e-01 3.746887085572938592e-01
2.478011513339690441e-01 -8.979194686043322493e-01 3.637790776078292931e-01
2.490497710629076267e-01 -9.019630042881533472e-01 3.527562195558463509e-01
2.502688235936570416e-01 -9.059032707377958626e-01 3.416208131978173412e-01
2.514575152835103466e-01 -9.097375486158940650e-01 3.303735925465403622e-01
2.526150595649205854e-01 -9.134631024572229530e-01 3.190153478071972026e-01
2.537406778363218707e-01 -9.170771813262721395e-01 3.075469263512813911e-01
2.548336003713733144e-01 -9.205770195037066284e-01 2.959692336877519647e-01
2.558930672461519618e-01 -9.239598372024671047e-01 2.842832344307456571e-01
2.569183292837762811e-01 -9.272228413142726833e-01 2.724899532631545607e-01
2.579086490158956635e-01 -9.303632261872993858e-01 2.605904758953496714e-01
2.588633016604322545e-01 -9.333781744358154997e-01 2.485859500183062731e-01
2.597815761149141478e-01 -9.362648577825622986e-01 2.364775862503587511e-01
2.606627759646872877e-01 -9.390204379346758223e-01 2.242666590767860291e-01
2.615062205052426370e-01 -9.416420674939491864e-01 2.119545077814004863e-01
2.623112457778425943e-01 -9.441268909022416667e-01 1.995425373692851223e-01
2.630772056175762486e-01 -9.464720454228399138e-01 1.870322194797946480e-01
2.638034727129188184e-01 -9.486746621585809836e-01 1.744250932889070682e-01
2.644894396758142863e-01 -9.507318671075445371e-01 1.617227663999823151e-01
2.651345201212432223e-01 -9.526407822571203443e-01 1.489269157219543505e-01
2.657381497551802862e-01 -9.543985267172532261e-01 1.360392883339527625e-01
2.662997874697865530e-01 -9.560022178936615767e-01 1.230617023353183098e-01
2.668189164446230222e-01 -9.574489727018181684e-01 1.099960476799463072e-01
2.672950452526100529e-01 -9.587359088224717274e-01 9.684428699385957962e-02
2.677277089693982370e-01 -9.598601459994756668e-01 8.360845637488105442e-02
2.681164702847530501e-01 -9.608188073806761542e-01 7.029066617324394861e-02
2.684609206144947802e-01 -9.616090209025942581e-01 5.689310175194542407e-02
2.687606812114723964e-01 -9.622279207196173800e-01 4.341802422561696212e-02
2.690154042739874574e-01 -9.626726486783927506e-01 2.986777117665253417e-02
2.692236977946698695e-01 -9.629383599932354043e-01 1.638033590784049309e-02
2.693857393418346846e-01 -9.630278148973263619e-01 2.958239072069991996e-03
2.695017401997628625e-01 -9.629437853135367487e-01 -1.039607427511507649e-02
2.695719443494048462e-01 -9.626890532980525439e-01 -2.368023405083617000e-02
2.695966274407221586e-01 -9.622664095294803932e-01 -3.689194449576230217e-02
2.695760957583425710e-01 -9.616786518428294128e-01 -5.002898350178769382e-02
2.695106851821468807e-01 -9.609285838077357145e-01 -6.308920191770782393e-02
2.694007601443477729e-01 -9.600190133502742862e-01 -7.607052283406673387e-02
2.692467125845635079e-01 -9.589527514176793277e-01 -8.897094084831826122e-02
2.690489609043313912e-01 -9.577326106852769305e-01 -1.017885213114139709e-01
2.688079489224488583e-01 -9.563614043049160074e-01 -1.145213995569009241e-01
2.685241448324720559e-01 -9.548419446941709410e-01 -1.271677801135829011e-01
2.681980401636466227e-01 -9.531770423655753222e-01 -1.397259359027693826e-01
2.678301487464868624e-01 -9.513695047951383765e-01 -1.521942074211080076e-01
2.674210056841659355e-01 -9.494221353293861299e-01 -1.645710019099674293e-01
2.669711663308232397e-01 -9.473377321301641452e-01 -1.768547925123094000e-01
2.664812052778413043e-01 -9.451190871564340013e-01 -1.890441174179610939e-01
2.659517153490909003e-01 -9.427689851822941280e-01 -2.011375789981714735e-01
2.653833066060900525e-01 -9.402902028504519505e-01 -2.131338429303082926e-01
2.647766053639709627e-01 -9.376855077603785116e-01 -2.250316373135260173e-01
2.641322532190981676e-01 -9.349576575903751907e-01 -2.368297517762087967e-01
2.634509060891305765e-01 -9.321093992527865746e-01 -2.485270365759672251e-01
2.627332332662715153e-01 -9.291434680815985336e-01 -2.601224016929422622e-01
2.619799164844030526e-01 -9.260625870516646652e-01 -2.716148159171452581e-01
2.611916490007539782e-01 -9.228694660288104812e-01 -2.830033059305389620e-01
2.603691346927045069e-01 -9.195668010500739342e-01 -2.942869553845409158e-01
2.595130871702872599e-01 -9.161572736333463141e-01 -3.054649039736068716e-01
2.586242289048997223e-01 -9.126435501156890950e-01 -3.165363465055302528e-01
2.577032903747010217e-01 -9.090282810196095298e-01 -3.275005319690710848e-01
2.567510092271256816e-01 -9.053141004465899977e-01 -3.383567625995062556e-01
2.557681294589057575e-01 -9.015036254971754426e-01 -3.491043929426718151e-01
2.547554006139552962e-01 -8.975994557169354460e-01 -3.597428289180480965e-01
2.537135769994320889e-01 -8.936041725676290293e-01 -3.702715268814175675e-01
2.526434169202568802e-01 -8.895203389229113800e-01 -3.806899926876064488e-01
2.515456819323334536e-01 -8.853504985879353528e-01 -3.909977807538018713e-01
2.504211361146801429e-01 -8.810971758422132538e-01 -4.011944931239175838e-01
2.492705453606499089e-01 -8.767628750051157382e-01 -4.112797785344633472e-01
2.480946766883851129e-01 -8.723500800233993102e-01 -4.212533314823558861e-01
2.468942975706214515e-01 -8.678612540801661224e-01 -4.311148912950915069e-01
2.456701752839277053e-01 -8.632988392246738751e-01 -4.408642412036843372e-01
2.444230762774388110e-01 -8.586652560224250497e-01 -4.505012074187577098e-01
2.431537655611127891e-01 -8.539629032249805851e-01 -4.600256582101603930e-01
2.418630061135169096e-01 -8.491941574589536579e-01 -4.694375029904645502e-01
2.405515583091226428e-01 -8.443613729336547635e-01 -4.787366914026865428e-01
2.392201793650661490e-01 -8.394668811668700714e-01 -4.879232124125581493e-01
2.378696228073078622e-01 -8.345129907282696768e-01 -4.969970934056611722e-01
2.365006379561035155e-01 -8.295019869999548101e-01 -5.059583992897244142e-01
2.351139694306781103e-01 -8.244361319536644972e-01 -5.148072316023698525e-01
2.337103566729750170e-01 -8.193176639441769327e-01 -5.235437276245806792e-01
2.322905334903341279e-01 -8.141487975184501513e-01 -5.321680595001524461e-01
2.308552276169346662e-01 -8.089317232400610180e-01 -5.406804333613751679e-01
2.294051602938227408e-01 -8.036686075285125463e-01 -5.490810884611833087e-01
2.279410458673271633e-01 -7.983615925129898816e-01 -5.573702963119996356e-01
2.264635914056530031e-01 -7.930127959001589399e-01 -5.655483598314859917e-01
2.249734963334279747e-01 -7.876243108556102435e-01 -5.736156124954046032e-01
2.234714520839644891e-01 -7.821982058985628150e-01 -5.815724174977828786e-01
2.219581417689872327e-01 -7.767365248094532104e-01 -5.894191669185642191e-01
2.204342398655656510e-01 -7.712412865500436476e-01 -5.971562808989171467e-01
2.189004119199799425e-01 -7.657144851956950715e-01 -6.047842068243659552e-01
2.173573142682392878e-01 -7.601580898794585428e-01 -6.123034185158964249e-01
2.158055937729624063e-01 -7.545740447476497748e-01 -6.197144154291814866e-01
2.142458875763224857e-01 -7.489642689265780806e-01 -6.270177218620620607e-01
2.126788228687504223e-01 -7.433306565001114308e-01 -6.342138861704106345e-01
2.111050166730844557e-01 -7.376750764977677566e-01 -6.413034799924963725e-01
2.095250756438473416e-01 -7.319993728930296317e-01 -6.482870974819618937e-01
2.079395958813274881e-01 -7.263053646115875672e-01 -6.551653545495158548e-01
2.063491627601349854e-01 -7.205948455492255933e-01 -6.619388881134353753e-01
2.047543507719000455e-01 -7.148695845990691300e-01 -6.686083553589670103e-01
2.031557233817769259e-01 -7.091313256879215876e-01 -6.751744330067062094e-01
2.015538328984140259e-01 -7.033817878214247976e-01 -6.816378165900295327e-01
1.999492203570481519e-01 -6.976226651377822607e-01 -6.879992197416462396e-01
1.983424154153786978e-01 -6.918556269697926364e-01 -6.942593734893293123e-01
1.967339362618765464e-01 -6.860823179149448947e-01 -7.004190255608796489e-01
1.951242895361811336e-01 -6.803043579133339902e-01 -7.064789396983717218e-01
1.935139702612385104e-01 -6.745233423331592482e-01 -7.124398949817214444e-01
1.919034617868338177e-01 -6.687408420635755357e-01 -7.183026851616116648e-01
1.902932357441711186e-01 -6.629584036146690673e-01 -7.240681180018064822e-01
1.886837520111549482e-01 -6.571775492243376871e-01 -7.297370146308770344e-01
1.870754586880286063e-01 -6.513997769718573583e-01 -7.353102089033588529e-01
1.854687920830264403e-01 -6.456265608979223636e-01 -7.407885467703538840e-01
1.838641767076982791e-01 -6.398593511309508264e-01 -7.461728856595859494e-01
1.822620252815674302e-01 -6.340995740194499408e-01 -7.514640938649133073e-01
1.806627387457854228e-01 -6.283486322702417359e-01 -7.566630499452968728e-01
1.790667062854498504e-01 -6.226079050923497560e-01 -7.617706421332182121e-01
1.774743053602550469e-01 -6.168787483463551435e-01 -7.667877677525374303e-01
1.758859017431480820e-01 -6.111624946990297236e-01 -7.717153326457755202e-01
1.743018495666669720e-01 -6.054604537830602373e-01 -7.765542506108020770e-01
1.727224913766412517e-01 -5.997739123616788737e-01 -7.813054428469059509e-01
1.711481581929397977e-01 -5.941041344980183547e-01 -7.859698374102207508e-01
1.695791695769544583e-01 -5.884523617290139397e-01 -7.905483686784740005e-01
1.680158337055134010e-01 -5.828198132436760437e-01 -7.950419768250264196e-01
1.664584474509218370e-01 -5.772076860655598329e-01 -7.994516073021605829e-01
1.649072964668337193e-01 -5.716171552392617095e-01 -8.037782103335789907e-01
1.633626552796620390e-01 -5.660493740207742652e-01 -8.080227404160648108e-01
1.618247873852414753e-01 -5.605054740715328387e-01 -8.121861558302566619e-01
1.602939453504617640e-01 -5.549865656559909155e-01 -8.162694181604859267e-01
1.587703709195958657e-01 -5.494937378425620578e-01 -8.202734918236208594e-01
1.572542951250527066e-01 -5.440280587077687136e-01 -8.241993436068598688e-01
1.557459384022897575e-01 -5.385905755434408082e-01 -8.280479422144124690e-01
1.542455107086262989e-01 -5.331823150668081324e-01 -8.318202578230055044e-01
1.527532116457043787e-01 -5.278042836333330934e-01 -8.355172616461464807e-01
1.512692305853501062e-01 -5.224574674521320627e-01 -8.391399255070762786e-01
1.497937467985939741e-01 -5.171428328038348843e-01 -8.426892214203397513e-01
1.483269295876147864e-01 -5.118613262607353276e-01 -8.461661211818999329e-01
1.468689384203777371e-01 -5.066138749090852711e-01 -8.495715959677202500e-01
1.454199230677436783e-01 -5.014013865733883968e-01 -8.529066159407365788e-01
1.439800237428318364e-01 -4.962247500425499558e-01 -8.561721498661385432e-01
1.425493712424253101e-01 -4.910848352977422726e-01 -8.593691647348782325e-01
1.411280870902139883e-01 -4.859824937418454893e-01 -8.624986253953217386e-01
1.397162836816759901e-01 -4.809185584303262151e-01 -8.655614941929584694e-01
1.383140644304046707e-01 -4.758938443034171906e-01 -8.685587306180794220e-01
1.369215239156945096e-01 -4.709091484194642407e-01 -8.714912909613365954e-01
1.355387480312049420e-01 -4.659652501893064569e-01 -8.743601279770912837e-01
1.341658141345273281e-01 -4.610629116115588788e-01 -8.771661905544604343e-01
1.328027911974862807e-01 -4.562028775086676147e-01 -8.799104233959671451e-01
1.314497399570125347e-01 -4.513858757636092789e-01 -8.825937667036999335e-01
1.301067130664302629e-01 -4.466126175571080714e-01 -8.852171558728858525e-01
1.287737552470078484e-01 -4.418837976052455430e-01 -8.877815211927795325e-01
1.274509034396264784e-01 -4.372000943973397558e-01 -8.902877875547711151e-01
1.261381869564272840e-01 -4.325621704339721041e-01 -8.927368741676129371e-01
1.248356276323028119e-01 -4.279706724650413907e-01 -8.951296942796661549e-01
1.235432399761046407e-01 -4.234262317277271426e-01 -8.974671549080666111e-01
1.222610313214441691e-01 -4.189294641842447597e-01 -8.997501565747081376e-01
1.209890019769693792e-01 -4.144809707592775339e-01 -9.019795930489423741e-01
1.197271453760054560e-01 -4.100813375769720714e-01 -9.041563510968916306e-01
1.184754482254526675e-01 -4.057311361973847674e-01 -9.062813102372733187e-01
1.172338906538400866e-01 -4.014309238522693057e-01 -9.083553425036315909e-01
1.160024463584387183e-01 -3.971812436800965518e-01 -9.103793122128732707e-01
1.147810827513429388e-01 -3.929826249601998667e-01 -9.123540757400045997e-01
1.135697611044338140e-01 -3.888355833459402611e-01 -9.142804812989642205e-01
1.123684366931429757e-01 -3.847406210967883045e-01 -9.161593687294491417e-01
1.111770589389403929e-01 -3.806982273092202607e-01 -9.179915692896291057e-01
1.099955715504740694e-01 -3.767088781463287517e-01 -9.197779054546463273e-01
1.088239126632943865e-01 -3.727730370660490844e-01 -9.215191907207953559e-01
1.076620149781002261e-01 -3.688911550479045953e-01 -9.232162294152813642e-01
1.065098058974484063e-01 -3.650636708181757561e-01 -9.248698165114513925e-01
1.053672076608724306e-01 -3.612910110733996705e-01 -9.264807374493972958e-01
1.042341374783605085e-01 -3.575735907021084237e-01 -9.280497679618266993e-01
1.031105076621471467e-01 -3.539118130047160249e-01 -9.295776739050998216e-01
1.019962257567765818e-01 -3.503060699114660115e-01 -9.310652110953309135e-01
1.008911946674001525e-01 -3.467567421983530074e-01 -9.325131251494522822e-01
9.979531278627365443e-02 -3.432641997009333035e-01 -9.339221513311414258e-01
9.870847411742435240e-02 -3.398288015259416928e-01 -9.352930144015102476e-01
9.763056839946110399e-02 -3.364508962606329034e-01 -9.366264284744580948e-01
9.656148122650436150e-02 -3.331308221797681934e-01 -9.379230968765893683e-01
9.550109416721654088e-02 -3.298689074501691132e-01 -9.391837120115991144e-01
9.444928488191631222e-02 -3.266654703327619980e-01 -9.404089552290290088e-01
9.340592723776383610e-02 -3.235208193820390821e-01 -9.415994966972983660e-01
9.237089142200706482e-02 -3.204352536428632381e-01 -9.427559952809158039e-01
9.134404405328215570e-02 -3.174090628445449536e-01 -9.438790984217771962e-01
9.032524829096431895e-02 -3.144425275921229335e-01 -9.449694420244577620e-01
8.931436394256798972e-02 -3.115359195547794391e-01 -9.460276503454063679e-01
8.831124756919818408e-02 -3.086895016513255818e-01 -9.470543358859521144e-01
8.731575258905764636e-02 -3.059035282326910687e-01 -9.480500992890341649e-01
8.632772937901686539e-02 -3.031782452613566714e-01 -9.490155292395663356e-01
8.534702537425663260e-02 -3.005138904876674677e-01 -9.499512023683507334e-01
8.437348516599538217e-02 -2.979106936229681812e-01 -9.508576831594545142e-01
8.340695059731574601e-02 -2.953688765095022761e-01 -9.517355238609666035e-01
8.244726085710711583e-02 -2.928886532870191850e-01 -9.525852643990515567e-01
8.149425257214322482e-02 -2.904702305560345477e-01 -9.534074322952197367e-01
8.054775989731591257e-02 -2.881138075376908358e-01 -9.542025425867344257e-01
7.960761460404816581e-02 -2.858195762301670717e-01 -9.549710977500779352e-01
7.867364616691165102e-02 -2.835877215615875691e-01 -9.557135876274005515e-01
7.774568184847577279e-02 -2.814184215393817357e-01 -9.564304893558771559e-01
7.682354678241708201e-02 -2.793118473960479742e-01 -9.571222672998990211e-01
7.590706405491971787e-02 -2.772681637312768843e-01 -9.577893729860283978e-01
7.499605478439913542e-02 -2.752875286503897456e-01 -9.584322450406477234e-01
7.409033819958313338e-02 -2.733700938990503704e-01 -9.590513091302333981e-01
7.318973171598552874e-02 -2.715160049942096920e-01 -9.596469779041895132e-01
7.229405101080951801e-02 -2.697254013512439541e-01 -9.602196509401760283e-01
7.140311009631913897e-02 -2.679984164072486408e-01 -9.607697146918692255e-01
7.051672139171843989e-02 -2.663351777404520671e-01 -9.612975424390929335e-01
6.963469579357950412e-02 -2.647358071857138229e-01 -9.618034942402624576e-01
6.875684274486151826e-02 -2.632004209460745425e-01 -9.622879168870829281e-01
6.788297030256437714e-02 -2.617291297003252470e-01 -9.627511438614471118e-01
6.701288520406135929e-02 -2.603220387065655061e-01 -9.631934952944800621e-01
6.614639293215654470e-02 -2.589792479017211102e-01 -9.636152779276779823e-01
6.528329777891349328e-02 -2.577008519969938849e-01 -9.640167850760925639e-01
6.442340290830300686e-02 -2.564869405692165594e-01 -9.643982965935129492e-01
6.356651041771822774e-02 -2.553375981480881518e-01 -9.647600788395999105e-01
6.271242139840660368e-02 -2.542529042992653920e-01 -9.651023846489286129e-01
6.186093599486886668e-02 -2.532329337032885319e-01 -9.654254533018982176e-01
6.101185346327588077e-02 -2.522777562303194498e-01 -9.657295104974695787e-01
6.016497222895505342e-02 -2.513874370106729539e-01 -9.660147683276921748e-01
5.932008994299860921e-02 -2.505620365011220763e-01 -9.662814252539865256e-01
5.847700353804664158e-02 -2.498016105469603454e-01 -9.665296660851474542e-01
5.763550928329844864e-02 -2.491062104398049093e-01 -9.667596619570373306e-01
5.679540283880615131e-02 -2.484758829711256889e-01 -9.669715703139404317e-01
5.595647930910516848e-02 -2.479106704814867945e-01 -9.671655348915509931e-01
5.511853329623647713e-02 -2.474106109054881597e-01 -9.673416857015701975e-01
5.428135895221605778e-02 -2.469757378123960401e-01 -9.675001390178886718e-01
5.344475003100721683e-02 -2.466060804424526909e-01 -9.676409973643346207e-01
5.260849994005194902e-02 -2.463016637388561469e-01 -9.677643495039686128e-01
5.177240179141757992e-02 -2.460625083754031661e-01 -9.678702704299079196e-01
5.093624845261539302e-02 -2.458886307797885917e-01 -9.679588213576674205e-01
5.009983259714797382e-02 -2.457800431525562768e-01 -9.680300497190031939e-01
4.926294675484232249e-02 -2.457367534816976562e-01 -9.680839891572504685e-01
4.842538336202579369e-02 -2.457587655528951365e-01 -9.681206595241464985e-01
4.758693481160213012e-02 -2.458460789554089976e-01 -9.681400668781339203e-01
4.674739350308484975e-02 -2.459986890836072526e-01 -9.681422034841394852e-01
4.590817391901568650e-02 -2.460802775512390683e-01 -9.681616272942431545e-01
4.506950312427115968e-02 -2.460908469347255767e-01 -9.681983448345650167e-01
4.423160818595417432e-02 -2.460303967864435060e-01 -9.682523476303581678e-01
4.339471622260073630e-02 -2.458989236375503928e-01 -9.683236122057360395e-01
4.255905445332190673e-02 -2.456964210066173437e-01 -9.684121000823403547e-01
4.172485024680867849e-02 -2.454228794140684011e-01 -9.685177577769545909e-01
4.089233117012724961e-02 -2.450782864024251273e-01 -9.686405167980710607e-01
4.006172503723223061e-02 -2.446626265623551288e-01 -9.687802936414228183e-01
3.923325995712508008e-02 -2.441758815645233005e-01 -9.689369897844932744e-01
3.840716438158499335e-02 -2.436180301972440676e-01 -9.691104916800206137e-01
3.758366715239927491e-02 -2.429890484099332393e-01 -9.693006707485162243e-01
3.676299754802005854e-02 -2.422889093623576684e-01 -9.695073833698194532e-01
3.594538532957392007e-02 -2.415175834796808585e-01 -9.697304708737136680e-01
3.513106078615076816e-02 -2.406750385133025472e-01 -9.699697595296312702e-01
3.432025477929805113e-02 -2.397612396074898511e-01 -9.702250605354793001e-01
3.351319878664609647e-02 -2.387761493717978911e-01 -9.704961700056183860e-01
3.271012494458990644e-02 -2.377197279592767887e-01 -9.707828689580317860e-01
3.191126608995258074e-02 -2.365919331504623413e-01 -9.710849233007242676e-01
3.111685580055502734e-02 -2.353927204431469633e-01 -9.714020838173922368e-01
3.032712843461623370e-02 -2.341220431479271724e-01 -9.717340861524104145e-01
2.954231916890806206e-02 -2.327798524895238197e-01 -9.720806507951834652e-01
2.876266403558797036e-02 -2.313660977138702890e-01 -9.724414830639120932e-01
2.798839995763271332e-02 -2.298807262009638919e-01 -9.728162730888283427e-01
2.721976478279559963e-02 -2.283236835834749623e-01 -9.732046957949549437e-01
2.645699731600937091e-02 -2.266949138711075451e-01 -9.736064108844495468e-01
2.570033735015636242e-02 -2.249943595807051000e-01 -9.740210628185941300e-01
2.495002569512708157e-02 -2.232219618720937548e-01 -9.744482807994955254e-01
2.420630420508785782e-02 -2.213776606896551424e-01 -9.748876787515639020e-01
2.346941580387775297e-02 -2.194613949096199390e-01 -9.753388553028395913e-01
2.273960450845441406e-02 -2.174731024930724732e-01 -9.758013937662421977e-01
2.201711545030807238e-02 -2.154127206446557197e-01 -9.762748621208161559e-01
2.130219489476243080e-02 -2.132801859769651309e-01 -9.767588129930535601e-01
2.059509025808070951e-02 -2.110754346806189008e-01 -9.772527836383738675e-01
1.989605012229463468e-02 -2.087984026999908649e-01 -9.777562959228457418e-01
1.920532424767379051e-02 -2.064490259145911333e-01 -9.782688563052371888e-01
1.852316358275225144e-02 -2.040272403260787182e-01 -9.787899558194844696e-01
1.784982027182906161e-02 -2.015329822508885316e-01 -9.793190700576713814e-01
1.718554765985875338e-02 -1.989661885184542400e-01 -9.798556591536142779e-01
1.653060029464771888e-02 -1.963267966750068261e-01 -9.803991677671506366e-01
1.588523392627200215e-02 -1.936147451929271790e-01 -9.809490250692316504e-01
1.524970550363171154e-02 -1.908299736856294837e-01 -9.815046447279213160e-01
1.462427316805710482e-02 -1.879724231279507884e-01 -9.820654248954084897e-01
1.400919624388114078e-02 -1.850420360820197729e-01 -9.826307481961397139e-01
1.340473522589318012e-02 -1.820387569285766838e-01 -9.831999817161838351e-01
1.281115176358842665e-02 -1.789625321037139061e-01 -9.837724769939424352e-01
1.222870864212762324e-02 -1.758133103410050302e-01 -9.843475700123205385e-01
1.165766975992160032e-02 -1.725910429189881357e-01 -9.849245811924782767e-01
1.109830010275529230e-02 -1.692956839139667657e-01 -9.855028153892827492e-01
1.055086571436606065e-02 -1.659271904580902068e-01 -9.860815618885845346e-01
1.001563366339133267e-02 -1.624855230026720221e-01 -9.866600944064445322e-01
9.491229294457708549e-03 -1.591096299411282333e-01 -9.872152967938349066e-01
8.977449650268537126e-03 -1.557997010213061084e-01 -9.877478719575699673e-01
8.474089565654176898e-03 -1.525559183180511535e-01 -9.882585094950745441e-01
7.980941763257413946e-03 -1.493784564537350423e-01 -9.887478856176258324e-01
7.497796946338136474e-03 -1.462674828151392381e-01 -9.892166630769656521e-01
7.024443888731247455e-03 -1.432231577666295830e-01 -9.896654910951779849e-01
6.560669521993986106e-03 -1.402456348595589319e-01 -9.900950052977296467e-01
6.106259019780881092e-03 -1.373350610378368253e-01 -9.905058276495722902e-01
5.660995879486518598e-03 -1.344915768396075240e-01 -9.908985663942068145e-01
5.224662001198194031e-03 -1.317153165949792315e-01 -9.912738159956119288e-01
4.797037764002306387e-03 -1.290064086197495741e-01 -9.916321570829419452e-01
4.377902099690057780e-03 -1.263649754050740481e-01 -9.919741563978987653e-01
3.967032563909655626e-03 -1.237911338030259906e-01 -9.923003667446866904e-01
3.564205404813744135e-03 -1.212849952079985971e-01 -9.926113269424587937e-01
3.169195629252279708e-03 -1.188466657339011939e-01 -9.929075617801679243e-01
2.781777066562449597e-03 -1.164762463871037851e-01 -9.931895819737347475e-01
2.401722430008559374e-03 -1.141738332350854396e-01 -9.934578841254493309e-01
2.028803375926068950e-03 -1.119395175707440793e-01 -9.937129506855231220e-01
1.662790560625145627e-03 -1.097733860723266036e-01 -9.939552499157117138e-01
1.303453695110225012e-03 -1.076755209589401741e-01 -9.941852358549299051e-01
9.505615976731350992e-04 -1.056460001416068689e-01 -9.944033482867831175e-01
6.038822444183365116e-04 -1.036848973698256127e-01 -9.946100127089411158e-01
2.631828177797786161e-04 -1.017922823736068516e-01 -9.948056403042819795e-01
-7.177024691023772439e-05 -9.996822100094694685e-02 -9.949906279137373799e-01
-4.012112167389656468e-04 -9.821277535071062936e-02 -9.951653580107709951e-01
-7.253750183558743290e-04 -9.652600390089154103e-02 -9.953301986774254484e-01
-1.044497196877317317e-03 -9.490796163222210702e-02 -9.954855035818741538e-01
-1.358813876489767866e-03 -9.335870014710555276e-02 -9.956316119574182277e-01
-1.668561722687534644e-03 -9.187826778384419746e-02 -9.957688485828690705e-01
-1.973977906080269431e-03 -9.046670972613943262e-02 -9.958975237642614387e-01
-2.275300067705012669e-03 -8.912406810784027911e-02 -9.960179333178423855e-01
-2.572766285777005127e-03 -8.785038211291859578e-02 -9.961303585542847783e-01
-2.866615043813000412e-03 -8.664568807065031741e-02 -9.962350662640766519e-01
-3.157085200060369325e-03 -8.551001954598345944e-02 -9.963323087040387716e-01
-3.444415958164866610e-03 -8.444340742507466802e-02 -9.964223235849269944e-01
-3.728846839009551141e-03 -8.344587999597748162e-02 -9.965053340600756870e-01
-4.010617653656992423e-03 -8.251746302446653913e-02 -9.965815487150446739e-01
-4.289968477326579210e-03 -8.165817982498330130e-02 -9.966511615582300809e-01
-4.567139624338452039e-03 -8.086805132668975493e-02 -9.967143520124061018e-01
-4.842371623955303919e-03 -8.014709613461802606e-02 -9.967712849071640457e-01
-5.115905197053076565e-03 -7.949533058590459167e-02 -9.968221104722183590e-01
-5.387981233551332808e-03 -7.891276880109920899e-02 -9.968669643315531959e-01
-5.658840770533923176e-03 -7.839942273053961130e-02 -9.969059674983828945e-01
-5.928724970990379046e-03 -7.795530219578401809e-02 -9.969392263709043744e-01
-6.197875103108325089e-03 -7.758041492609481227e-02 -9.969668327288205845e-01
-6.466532520047083184e-03 -7.727476658996752790e-02 -9.969888637306176804e-01
-6.734938640122525508e-03 -7.703836082170056887e-02 -9.970053819115793914e-01
-7.003334927333171138e-03 -7.687119924300188367e-02 -9.970164351825265836e-01
-7.271962872157437287e-03 -7.677328147963009830e-02 -9.970220568292711416e-01
-7.541063972551928507e-03 -7.674460517306842811e-02 -9.970222655127750633e-01
-7.810053431200462450e-03 -7.671498575374066653e-02 -9.970224741817207414e-01
-8.078927943221977589e-03 -7.668442365181120379e-02 -9.970226828361090643e-01
-8.347684205378784472e-03 -7.665291930902402850e-02 -9.970228914759411420e-01
-8.616318916117131355e-03 -7.662047317869648266e-02 -9.970231001012178629e-01
-8.884828775607752499e-03 -7.658708572571289175e-02 -9.970233087119403370e-01
-9.153210485786385242e-03 -7.655275742651805604e-02 -9.970235173081095637e-01
-9.421460750394263645e-03 -7.651748876911058928e-02 -9.970237258897265420e-01
-9.689576275018593060e-03 -7.648128025303609079e-02 -9.970239344567922712e-01
-9.957553767132993477e-03 -7.644413238938024824e-02 -9.970241430093076396e-01
-1.022538993613791511e-02 -7.640604570076173219e-02 -9.970243515472737572e-01
-1.049308149340103490e-02 -7.636702072132493802e-02 -9.970245600706916234e-01
-1.076062515229762352e-02 -7.632705799673267233e-02 -9.970247685795623482e-01
-1.102801762825087774e-02 -7.628615808415860344e-02 -9.970249770738868200e-01
-1.129525563877223360e-02 -7.624432155227964247e-02 -9.970251855536660379e-01
-1.156233590350165021e-02 -7.620154898126811627e-02 -9.970253940189010011e-01
-1.182925514424785877e-02 -7.615784096278385706e-02 -9.970256024695927088e-01
-1.209601008502858739e-02 -7.611319809996615338e-02 -9.970258109057422713e-01
-1.236259745211075282e-02 -7.606762100742546495e-02 -9.970260193273505767e-01
-1.262901397405062805e-02 -7.602111031123515161e-02 -9.970262277344187352e-01
-1.289525638173396639e-02 -7.597366664892291066e-02 -9.970264361269476350e-01
-1.316132140841611009e-02 -7.592529066946217264e-02 -9.970266445049383863e-01
-1.342720578976205198e-02 -7.587598303326333060e-02 -9.970268528683919884e-01
-1.369290626388647639e-02 -7.582574441216478889e-02 -9.970270612173093294e-01
-1.395841957139376012e-02 -7.577457548942395649e-02 -9.970272695516915196e-01
-1.422374245541794223e-02 -7.572247695970801828e-02 -9.970274778715395581e-01
-1.448887166166266428e-02 -7.566944952908459532e-02 -9.970276861768544441e-01
-1.475380393844106380e-02 -7.561549391501228012e-02 -9.970278944676371768e-01
-1.501853603671564862e-02 -7.556061084633100555e-02 -9.970281027438886445e-01
-1.528306471013812264e-02 -7.550480106325231644e-02 -9.970283110056099574e-01
-1.554738671508918736e-02 -7.544806531734946087e-02 -9.970285192528022256e-01
-1.581149881071829480e-02 -7.539040437154734264e-02 -9.970287274854663373e-01
-1.607539775898337783e-02 -7.533181900011236276e-02 -9.970289357036032918e-01
-1.633908032469052335e-02 -7.527230998864210820e-02 -9.970291439072140882e-01
-1.660254327553363496e-02 -7.521187813405488809e-02 -9.970293520962997258e-01
-1.686578338213402806e-02 -7.515052424457915881e-02 -9.970295602708612037e-01
-1.712879741808000927e-02 -7.508824913974278259e-02 -9.970297684308996322e-01
-1.739158215996640389e-02 -7.502505365036216123e-02 -9.970299765764158995e-01
-1.765413438743404853e-02 -7.496093861853125873e-02 -9.970301847074111157e-01
-1.791645088320924228e-02 -7.489590489761040193e-02 -9.970303928238861690e-01
-1.817852843314315264e-02 -7.482995335221506727e-02 -9.970306009258421698e-01
-1.844036382625119722e-02 -7.476308485820438998e-02 -9.970308090132800061e-01
-1.870195385475235603e-02 -7.469530030266967324e-02 -9.970310170862007881e-01
-1.896329531410846647e-02 -7.462660058392266149e-02 -9.970312251446054042e-01
-1.922438500306346623e-02 -7.455698661148368878e-02 -9.970314331884949643e-01
-1.948521972368259109e-02 -7.448645930606975774e-02 -9.970316412178704679e-01
-1.974579628139152762e-02 -7.441501959958239654e-02 -9.970318492327328030e-01
-2.000611148501553471e-02 -7.434266843509543254e-02 -9.970320572330830800e-01
-2.026616214681849909e-02 -7.426940676684259945e-02 -9.970322652189222978e-01
-2.052594508254197356e-02 -7.419523556020503341e-02 -9.970324731902514559e-01
-2.078545711144413888e-02 -7.412015579169861645e-02 -9.970326811470715533e-01
-2.104469505633874138e-02 -7.404416844896118122e-02 -9.970328890893835894e-01
-2.130365574363398198e-02 -7.396727453073960457e-02 -9.970330970171885632e-01
-2.156233600337134626e-02 -7.388947504687672085e-02 -9.970333049304874740e-01
-2.182073266926440325e-02 -7.381077101829813802e-02 -9.970335128292813209e-01
-2.207884257873754183e-02 -7.373116347699891493e-02 -9.970337207135711033e-01
-2.233666257296466548e-02 -7.365065346603007213e-02 -9.970339285833578202e-01
-2.259418949690784190e-02 -7.356924203948499164e-02 -9.970341364386424710e-01
-2.285142019935589366e-02 -7.348693026248570570e-02 -9.970343442794260547e-01
-2.310835153296295075e-02 -7.340371921116900511e-02 -9.970345521057095706e-01
-2.336498035428694400e-02 -7.331960997267240876e-02 -9.970347599174940179e-01
-2.362130352382804666e-02 -7.323460364512006382e-02 -9.970349677147805068e-01
-2.387731790606707413e-02 -7.314870133760843773e-02 -9.970351754975699254e-01
-2.413302036950382840e-02 -7.306190417019192695e-02 -9.970353832658632731e-01
-2.438840778669537981e-02 -7.297421327386828527e-02 -9.970355910196615490e-01
-2.464347703429431435e-02 -7.288562979056398272e-02 -9.970357987589658633e-01
-2.489822499308691484e-02 -7.279615487311937028e-02 -9.970360064837771041e-01
-2.515264854803129016e-02 -7.270578968527371955e-02 -9.970362141940963818e-01
-2.540674458829545942e-02 -7.261453540165019316e-02 -9.970364218899245845e-01
-2.566051000729536666e-02 -7.252239320774057918e-02 -9.970366295712627114e-01
-2.591394170273285738e-02 -7.242936429988998392e-02 -9.970368372381118727e-01
-2.616703657663358232e-02 -7.233544988528133046e-02 -9.970370448904729566e-01
-2.641979153538486294e-02 -7.224065118191974610e-02 -9.970372525283470733e-01
-2.667220348977348762e-02 -7.214496941861686663e-02 -9.970374601517351110e-01
-2.692426935502345228e-02 -7.204840583497490458e-02 -9.970376677606381799e-01
-2.717598605083365940e-02 -7.195096168137066206e-02 -9.970378753550572792e-01
-2.742735050141553374e-02 -7.185263821893941860e-02 -9.970380829349932972e-01
-2.767835963553059997e-02 -7.175343671955863867e-02 -9.970382905004473439e-01
-2.792901038652799081e-02 -7.165335846583156809e-02 -9.970384980514203077e-01
-2.817929969238190668e-02 -7.155240475107070564e-02 -9.970387055879132987e-01
-2.842922449572900245e-02 -7.145057687928116352e-02 -9.970389131099273161e-01
-2.867878174390572563e-02 -7.134787616514384756e-02 -9.970391206174632481e-01
-2.892796838898558862e-02 -7.124430393399855399e-02 -9.970393281105222050e-01
-2.917678138781638203e-02 -7.113986152182689982e-02 -9.970395355891051858e-01
-2.942521770205732551e-02 -7.103455027523515597e-02 -9.970397430532131899e-01
-2.967327429821615264e-02 -7.092837155143691397e-02 -9.970399505028471054e-01
-2.992094814768614386e-02 -7.082132671823566927e-02 -9.970401579380080426e-01
-3.016823622678308989e-02 -7.071341715400723815e-02 -9.970403653586970005e-01
-3.041513551678218935e-02 -7.060464424768206348e-02 -9.970405727649149785e-01
-3.066164300395489428e-02 -7.049500939872736793e-02 -9.970407801566629757e-01
-3.090775567960567238e-02 -7.038451401712922384e-02 -9.970409875339418804e-01
-3.115347054010872418e-02 -7.027315952337442884e-02 -9.970411948967528026e-01
-3.139878458694462388e-02 -7.016094734843235370e-02 -9.970414022450967417e-01
-3.164369482673690809e-02 -7.004787893373654040e-02 -9.970416095789746969e-01
-3.188819827128857448e-02 -6.993395573116625852e-02 -9.970418168983876672e-01
-3.213229193761852481e-02 -6.981917920302790903e-02 -9.970420242033366520e-01
-3.237597284799797331e-02 -6.970355082203630315e-02 -9.970422314938225394e-01
-3.261923802998673017e-02 -6.958707207129578853e-02 -9.970424387698464397e-01
-3.286208451646945722e-02 -6.946974444428132001e-02 -9.970426460314093520e-01
-3.310450934569184739e-02 -6.935156944481930819e-02 -9.970428532785122755e-01
-3.334650956129672772e-02 -6.923254858706839876e-02 -9.970430605111562095e-01
-3.358808221236011388e-02 -6.911268339550014073e-02 -9.970432677293421531e-01
-3.382922435342715362e-02 -6.899197540487947422e-02 -9.970434749330711055e-01
-3.406993304454805638e-02 -6.887042616024516284e-02 -9.970436821223440660e-01
-3.431020535131390492e-02 -6.874803721689001779e-02 -9.970438892971620337e-01
-3.455003834489241837e-02 -6.862481014034105264e-02 -9.970440964575260079e-01
-3.478942910206364592e-02 -6.850074650633952711e-02 -9.970443036034368767e-01
-3.502837470525557717e-02 -6.837584790082082420e-02 -9.970445107348957503e-01
-3.526687224257969711e-02 -6.825011591989420257e-02 -9.970447178519036280e-01
-3.550491880786645071e-02 -6.812355216982246553e-02 -9.970449249544615089e-01
-3.574251150070063832e-02 -6.799615826700147747e-02 -9.970451320425703923e-01
-3.597964742645675534e-02 -6.786793583793955531e-02 -9.970453391162312773e-01
-3.621632369633422804e-02 -6.773888651923674897e-02 -9.970455461754451632e-01
-3.645253742739261449e-02 -6.760901195756399695e-02 -9.970457532202130491e-01
-3.668828574258669456e-02 -6.747831380964215697e-02 -9.970459602505359342e-01
-3.692356577080149055e-02 -6.734679374222089787e-02 -9.970461672664148178e-01
-3.715837464688723918e-02 -6.721445343205749434e-02 -9.970463742678506991e-01
-3.739270951169425261e-02 -6.708129456589551065e-02 -9.970465812548444662e-01
-3.762656751210773781e-02 -6.694731884044331782e-02 -9.970467882273972293e-01
-3.785994580108251184e-02 -6.681252796235251368e-02 -9.970469951855099877e-01
-3.809284153767764081e-02 -6.667692364819624573e-02 -9.970472021291837406e-01
-3.832525188709102332e-02 -6.654050762444735367e-02 -9.970474090584194871e-01
-3.855717402069387678e-02 -6.640328162745647023e-02 -9.970476159732182264e-01
-3.878860511606516126e-02 -6.626524740342994158e-02 -9.970478228735809578e-01
-3.901954235702589230e-02 -6.612640670840762291e-02 -9.970480297595086805e-01
-3.924998293367341906e-02 -6.598676130824061847e-02 -9.970482366310022826e-01
-3.947992404241558451e-02 -6.584631297856882726e-02 -9.970484434880628744e-01
-3.970936288600484393e-02 -6.570506350479843327e-02 -9.970486503306914550e-01
-3.993829667357224472e-02 -6.556301468207921535e-02 -9.970488571588890236e-01
-4.016672262066139920e-02 -6.542016831528180143e-02 -9.970490639726565796e-01
-4.039463794926230478e-02 -6.527652621897475638e-02 -9.970492707719950110e-01
-4.062203988784515024e-02 -6.513209021740157256e-02 -9.970494775569054280e-01
-4.084892567139396941e-02 -6.498686214445753562e-02 -9.970496843273888299e-01
-4.107529254144027392e-02 -6.484084384366649301e-02 -9.970498910834462158e-01
-4.130113774609657507e-02 -6.469403716815745609e-02 -9.970500978250784740e-01
-4.152645854008980841e-02 -6.454644398064117439e-02 -9.970503045522867147e-01
-4.175125218479470296e-02 -6.439806615338648788e-02 -9.970505112650719370e-01
-4.197551594826706006e-02 -6.424890556819662368e-02 -9.970507179634350292e-01
-4.219924710527693523e-02 -6.409896411638538183e-02 -9.970509246473771015e-01
-4.242244293734172972e-02 -6.394824369875319603e-02 -9.970511313168991530e-01
-4.264510073275922658e-02 -6.379674622556302799e-02 -9.970513379720020719e-01
-4.286721778664052268e-02 -6.364447361651626167e-02 -9.970515446126869685e-01
-4.308879140094285659e-02 -6.349142780072834780e-02 -9.970517512389547310e-01
-4.330981888450238793e-02 -6.333761071670443443e-02 -9.970519578508064695e-01
-4.353029755306685872e-02 -6.318302431231484495e-02 -9.970521644482430723e-01
-4.375022472932819234e-02 -6.302767054477045883e-02 -9.970523710312656496e-01
-4.396959774295496753e-02 -6.287155138059792592e-02 -9.970525775998750895e-01
-4.418841393062485079e-02 -6.271466879561485297e-02 -9.970527841540725023e-01
-4.440667063605691078e-02 -6.255702477490480973e-02 -9.970529906938587761e-01
-4.462436521004383566e-02 -6.239862131279225871e-02 -9.970531972192350212e-01
-4.484149501048410175e-02 -6.223946041281734620e-02 -9.970534037302021257e-01
-4.505805740241401042e-02 -6.207954408771059612e-02 -9.970536102267610890e-01
-4.527404975803964865e-02 -6.191887435936750672e-02 -9.970538167089130210e-01
-4.548946945676877324e-02 -6.175745325882300157e-02 -9.970540231766588102e-01
-4.570431388524257704e-02 -6.159528282622580425e-02 -9.970542296299994556e-01
-4.591858043736739281e-02 -6.143236511081268114e-02 -9.970544360689360674e-01
-4.613226651434629288e-02 -6.126870217088258019e-02 -9.970546424934695340e-01
-4.634536952471057791e-02 -6.110429607377065864e-02 -9.970548489036008544e-01
-4.655788688435121697e-02 -6.093914889582221356e-02 -9.970550552993310278e-01
-4.676981601655014198e-02 -6.077326272236646676e-02 -9.970552616806610535e-01
-4.698115435201150047e-02 -6.060663964769030104e-02 -9.970554680475919307e-01
-4.719189932889277656e-02 -6.043928177501182303e-02 -9.970556744001246585e-01
-4.740204839283582855e-02 -6.027119121645386352e-02 -9.970558807382603472e-01
-4.761159899699785036e-02 -6.010237009301734601e-02 -9.970560870619998850e-01
-4.782054860208220792e-02 -5.993282053455456504e-02 -9.970562933713441600e-01
-4.802889467636921317e-02 -5.976254467974233958e-02 -9.970564996662942825e-01
-4.823663469574675927e-02 -5.959154467605508321e-02 -9.970567059468512516e-01
-4.844376614374091422e-02 -5.941982267973772852e-02 -9.970569122130160666e-01
-4.865028651154637562e-02 -5.924738085577858915e-02 -9.970571184647897267e-01
-4.885619329805684918e-02 -5.907422137788208988e-02 -9.970573247021732310e-01
-4.906148400989532310e-02 -5.890034642844139967e-02 -9.970575309251675789e-01
-4.926615616144423837e-02 -5.872575819851095363e-02 -9.970577371337736583e-01
-4.947020727487558278e-02 -5.855045888777888480e-02 -9.970579433279925796e-01
-4.967363488018086692e-02 -5.837445070453932405e-02 -9.970581495078253420e-01
-4.987643651520101695e-02 -5.819773586566463069e-02 -9.970583556732728336e-01
-5.007860972565614938e-02 -5.802031659657749113e-02 -9.970585618243361647e-01
-5.028015206517526259e-02 -5.784219513122292045e-02 -9.970587679610162235e-01
-5.048106109532583818e-02 -5.766337371204017376e-02 -9.970589740833141201e-01
-5.068133438564330351e-02 -5.748385458993454655e-02 -9.970591801912307428e-01
-5.088096951366043175e-02 -5.730364002424907094e-02 -9.970593862847670907e-01
-5.107996406493664487e-02 -5.712273228273610087e-02 -9.970595923639242741e-01
-5.127831563308717089e-02 -5.694113364152882106e-02 -9.970597984287031812e-01
-5.147602181981214553e-02 -5.675884638511263097e-02 -9.970600044791048111e-01
-5.167308023492559604e-02 -5.657587280629643167e-02 -9.970602105151302741e-01
-5.186948849638432779e-02 -5.639221520618383637e-02 -9.970604165367804583e-01
-5.206524423031667903e-02 -5.620787589414423524e-02 -9.970606225440563630e-01
-5.226034507105123406e-02 -5.602285718778380469e-02 -9.970608285369589874e-01
-5.245478866114536981e-02 -5.583716141291639873e-02 -9.970610345154893306e-01
-5.264857265141373310e-02 -5.565079090353432928e-02 -9.970612404796483919e-01
-5.284169470095661375e-02 -5.546374800177907016e-02 -9.970614464294371704e-01
-5.303415247718820669e-02 -5.527603505791185007e-02 -9.970616523648566654e-01
-5.322594365586475612e-02 -5.508765443028414838e-02 -9.970618582859078760e-01
-5.341706592111263030e-02 -5.489860848530809384e-02 -9.970620641925916905e-01
-5.360751696545625750e-02 -5.470889959742677305e-02 -9.970622700849092190e-01
-5.379729448984597873e-02 -5.451853014908442790e-02 -9.970624759628614608e-01
-5.398639620368577557e-02 -5.432750253069656976e-02 -9.970626818264493041e-01
-5.417481982486090780e-02 -5.413581914061999650e-02 -9.970628876756738590e-01
-5.436256307976543301e-02 -5.394348238512269855e-02 -9.970630935105360138e-01
-5.454962370332964300e-02 -5.375049467835368855e-02 -9.970632993310368786e-01
-5.473599943904735449e-02 -5.355685844231272696e-02 -9.970635051371773416e-01
-5.492168803900313034e-02 -5.336257610681995056e-02 -9.970637109289585132e-01
-5.510586267895536960e-02 -5.309746799248564464e-02 -9.970677022090478347e-01
-5.528827558857637298e-02 -5.276154074167009600e-02 -9.970754366637673005e-01
-5.546867900386377032e-02 -5.235480107570267966e-02 -9.970868570245650098e-01
-5.564682515937310892e-02 -5.187725581635008187e-02 -9.971018910702569293e-01
-5.582246628079614442e-02 -5.132891191264695591e-02 -9.971204516293046272e-01
-5.599535457795955934e-02 -5.070977647308323732e-02 -9.971424365821434099e-01
-5.616524223831869528e-02 -5.001985680314154081e-02 -9.971677288635746317e-01
-5.633188142102087820e-02 -4.925916044817729017e-02 -9.971961964652412691e-01
-5.649502425161287422e-02 -4.842769524163351852e-02 -9.972276924382056373e-01
-5.665442281746695813e-02 -4.752546935858141530e-02 -9.972620548956535602e-01
-5.680982916399997945e-02 -4.655249137457703051e-02 -9.972991070157499749e-01
-5.696099529175983889e-02 -4.550877032982356130e-02 -9.973386570446743926e-01
-5.710767315445366282e-02 -4.439431579862796601e-02 -9.973804982998669688e-01
-5.724961465799188742e-02 -4.320913796413972802e-02 -9.974244091735184892e-01
-5.738657166062242909e-02 -4.195324769835873796e-02 -9.974701531363409091e-01
-5.751829597422896539e-02 -4.062665664739834037e-02 -9.975174787416560829e-01
-5.764453936686732283e-02 -3.922937732198872318e-02 -9.975661196298446498e-01
-5.776505356661380819e-02 -3.776142319320483637e-02 -9.976157945331983745e-01
-5.787959026679918156e-02 -3.622280879340207538e-02 -9.976662072812223503e-01
-5.798790113270187174e-02 -3.461354982234195188e-02 -9.977170468064355813e-01
-5.808973780977384066e-02 -3.293366325848896131e-02 -9.977679871507219023e-01
-5.818485193347236462e-02 -3.118316747545877426e-02 -9.978186874722844157e-01
-5.827299514077074333e-02 -2.936208236359678231e-02 -9.978687920532599565e-01
-5.835391908342076051e-02 -2.747042945666493610e-02 -9.979179303080524255e-01
-5.842737544303949065e-02 -2.550823206361358883e-02 -9.979657167924467220e-01
-5.849311594809274151e-02 -2.347551540541389925e-02 -9.980117512135656677e-01
-5.855089239284712310e-02 -2.137230675692512738e-02 -9.980556184407379794e-01
-5.860045665836242923e-02 -1.919863559376982012e-02 -9.980968885173442384e-01
-5.864156073559557980e-02 -1.695453374418863512e-02 -9.981351166737124636e-01
-5.867395675068709515e-02 -1.464003554584516163e-02 -9.981698433411368976e-01
-5.869739699250046266e-02 -1.225517800754971978e-02 -9.982005941670957228e-01
-5.871163394248442302e-02 -9.800000975869671213e-03 -9.982268800317448676e-01
-5.871642030692759973e-02 -7.274547306592310698e-03 -9.982481970657695047e-01
-5.871150905167429879e-02 -4.678863041004902718e-03 -9.982640266696750642e-01
-5.869665343936975033e-02 -2.012997586954835307e-03 -9.982738355346034709e-01
-5.867160706930234920e-02 7.229960953487111867e-04 -9.982770756647608712e-01
-5.863612391990971617e-02 3.529061302831832531e-03 -9.982731844015471090e-01
-5.858995839401458933e-02 6.405137394393656605e-03 -9.982615844494779900e-01
-5.853286536685577135e-02 9.351159591128459930e-03 -9.982416839039945922e-01
-5.846460023697840069e-02 1.236705877197758104e-02 -9.982128762812554346e-01
-5.838491898004677383e-02 1.545276126485842574e-02 -9.981745405500088708e-01
-5.829357820564204373e-02 1.860818863331965833e-02 -9.981260411656468490e-01
-5.819033521710580831e-02 2.183325745877362153e-02 -9.980667281065416230e-01
-5.807494807448954771e-02 2.512787911835897420e-02 -9.979959369127695545e-01
-5.794717566066850262e-02 2.849195955848846801e-02 -9.979129887273279209e-01
-5.780677775067723234e-02 3.192539906413889572e-02 -9.978171903399535303e-01
-5.765351508432268318e-02 3.542809202394223839e-02 -9.977078342336526129e-01
-5.748714944212897360e-02 3.899992669113918481e-02 -9.975841986340531209e-01
-5.730744372466650000e-02 4.264078494045833029e-02 -9.974455475616945677e-01
-5.711416203531629460e-02 4.635054202098656123e-02 -9.972911308873696479e-01
-5.690871879216565649e-02 4.998868719547539669e-02 -9.971271377688768478e-01
-5.669137162501981797e-02 5.355517010308846748e-02 -9.969543280089364634e-01
-5.646237839792188351e-02 5.704994592374282303e-02 -9.967734464225038726e-01
-5.622199714256914671e-02 6.047297511395952063e-02 -9.965852228060664286e-01
-5.597048599545722397e-02 6.382422314737935809e-02 -9.963903719096831590e-01
-5.570810313868294200e-02 6.710366026000022521e-02 -9.961895934116419271e-01
-5.543510674433591023e-02 7.031126120019015602e-02 -9.959835718956091544e-01
-5.515175492240752958e-02 7.344700498352778328e-02 -9.957729768301522011e-01
-5.485830567214522446e-02 7.651087465251951714e-02 -9.955584625505141672e-01
-5.455501683677888014e-02 7.950285704124068764e-02 -9.953406682425246510e-01
-5.424214606154553059e-02 8.242294254494546279e-02 -9.951202179285316696e-01
-5.391995075493775241e-02 8.527112489468846590e-02 -9.948977204552427178e-01
-5.358868805310049166e-02 8.804740093699887915e-02 -9.946737694833651666e-01
-5.324861478730043979e-02 9.075177041864564143e-02 -9.944489434789378635e-01
-5.289998745439167954e-02 9.338423577653076624e-02 -9.942238057062504630e-01
-5.254306219020076635e-02 9.594480193274562696e-02 -9.939989042222457938e-01
-5.217809474575403617e-02 9.843347609482332172e-02 -9.937747718723072277e-01
-5.180534046626970174e-02 1.008502675612186067e-01 -9.935519262873322432e-01
-5.142505427283682734e-02 1.031951875320449713e-01 -9.933308698819978133e-01
-5.103749064670327906e-02 1.054682489250970273e-01 -9.931120898541244690e-01
-5.064290361609433827e-02 1.076694661971846351e-01 -9.928960581850498901e-01
-5.024154674548367283e-02 1.097988551708037330e-01 -9.926832316409240908e-01
-4.983367312723822190e-02 1.118564328661674212e-01 -9.924740517748416035e-01
-4.941953537555844600e-02 1.138422173386193503e-01 -9.922689449297290576e-01
-4.899938562263540104e-02 1.157562275214502612e-01 -9.920683222419079961e-01
-4.857347551694606025e-02 1.175984830741370613e-01 -9.918725796452559917e-01
-4.814205622360839820e-02 1.193690042360226744e-01 -9.916820978758927874e-01
-4.770537842671768169e-02 1.210678116854537328e-01 -9.914972424773191850e-01
-4.726369233358561350e-02 1.226949264043920018e-01 -9.913183638059399616e-01
-4.681724768080397503e-02 1.242503695485142889e-01 -9.911457970369046411e-01
-4.636629374205453874e-02 1.257341623228146743e-01 -9.909798621702031740e-01
-4.591107933758716703e-02 1.271463258627217596e-01 -9.908208640369549070e-01
-4.545185284528812514e-02 1.284868811207426909e-01 -9.906690923058335541e-01
-4.498886221326076074e-02 1.297558487586450704e-01 -9.905248214895726599e-01
-4.452235497384091079e-02 1.309532490451864040e-01 -9.903883109514988181e-01
-4.405257825896947282e-02 1.320791017594007133e-01 -9.902598049120429069e-01
-4.357977881684480664e-02 1.331334260994503083e-01 -9.901395324551823807e-01
-4.310420302977771567e-02 1.341162405970504901e-01 -9.900277075347698741e-01
-4.262609693317203491e-02 1.350275630374742630e-01 -9.899245289807071524e-01
-4.214570623555387308e-02 1.358674103851429393e-01 -9.898301805049246616e-01
-4.166327633957283422e-02 1.366357987148084097e-01 -9.897448307071318174e-01
-4.117905236389858559e-02 1.373327431483318539e-01 -9.896686330803032838e-01
-4.069327916593638850e-02 1.379582577970631663e-01 -9.896017260158718187e-01
-4.020620136528530592e-02 1.385123557098250080e-01 -9.895442328085993777e-01
-3.971806336786287001e-02 1.389950488265041528e-01 -9.894962616611012729e-01
-3.922910939062027036e-02 1.394063479372532888e-01 -9.894579056880018486e-01
-3.873958348677201957e-02 1.397462626473046921e-01 -9.894292429197009131e-01
-3.824972957146442754e-02 1.400148013473978548e-01 -9.894103363057357159e-01
-3.775979144780701457e-02 1.402119711898216214e-01 -9.894012337177234828e-01
-3.727001283319129887e-02 1.403377780700717226e-01 -9.894019679518731847e-01
-3.677981561101757724e-02 1.404618744247794759e-01 -9.894027021359742546e-01
-3.628920575411257593e-02 1.405842588630131784e-01 -9.894034362700300234e-01
-3.579818923991794771e-02 1.407049300146934745e-01 -9.894041703540437105e-01
-3.530677205041748978e-02 1.408238865306087884e-01 -9.894049043880186467e-01
-3.481496017206429927e-02 1.409411270824302287e-01 -9.894056383719581627e-01
-3.432275959570788015e-02 1.410566503627264656e-01 -9.894063723058655890e-01
-3.383017631652121548e-02 1.411704550849781636e-01 -9.894071061897441455e-01
-3.333721633392777717e-02 1.412825399835923035e-01 -9.894078400235971626e-01
-3.284388565152849410e-02 1.413929038139162264e-01 -9.894085738074278602e-01
-3.235019027702866479e-02 1.415015453522513178e-01 -9.894093075412395688e-01
-3.185613622216484919e-02 1.416084633958666072e-01 -9.894100412250356191e-01
-3.136172950263169112e-02 1.417136567630119526e-01 -9.894107748588193418e-01
-3.086697613800870599e-02 1.418171242929310294e-01 -9.894115084425939566e-01
-3.037188215168702340e-02 1.419188648458740987e-01 -9.894122419763627940e-01
-2.987645357079609862e-02 1.420188773031105245e-01 -9.894129754601291848e-01
-2.938069642613037533e-02 1.421171605669409310e-01 -9.894137088938964597e-01
-2.888461675207590340e-02 1.422137135607092207e-01 -9.894144422776678383e-01
-2.838822058653692193e-02 1.423085352288142869e-01 -9.894151756114466512e-01
-2.789151397086241796e-02 1.424016245367214495e-01 -9.894159088952361181e-01
-2.739450294977261932e-02 1.424929804709736958e-01 -9.894166421290395697e-01
-2.689719357128548052e-02 1.425826020392026161e-01 -9.894173753128603366e-01
-2.639959188664310966e-02 1.426704882701390897e-01 -9.894181084467017495e-01
-2.590170395023817795e-02 1.427566382136236933e-01 -9.894188415305670281e-01
-2.540353581954028772e-02 1.428410509406169704e-01 -9.894195745644595030e-01
-2.490509355502230904e-02 1.429237255432092291e-01 -9.894203075483823939e-01
-2.440638322008667482e-02 1.430046611346303120e-01 -9.894210404823390315e-01
-2.390741088099167244e-02 1.430838568492589502e-01 -9.894217733663327463e-01
-2.340818260677767285e-02 1.431613118426319220e-01 -9.894225062003668691e-01
-2.290870446919334585e-02 1.432370252914529352e-01 -9.894232389844446196e-01
-2.240898254262185807e-02 1.433109963936013143e-01 -9.894239717185693284e-01
-2.190902290400701530e-02 1.433832243681403273e-01 -9.894247044027442151e-01
-2.140883163277940496e-02 1.434537084553253183e-01 -9.894254370369727214e-01
-2.090841481078250380e-02 1.435224479166115896e-01 -9.894261696212579560e-01
-2.040777852219875788e-02 1.435894420346619793e-01 -9.894269021556033605e-01
-1.990692885347563126e-02 1.436546901133542442e-01 -9.894276346400121547e-01
-1.940587189325165829e-02 1.437181914777881375e-01 -9.894283670744876691e-01
-1.890461373228244715e-02 1.437799454742922090e-01 -9.894290994590331234e-01
-1.840316046336667316e-02 1.438399514704304660e-01 -9.894298317936518483e-01
-1.790151818127204766e-02 1.438982088550085636e-01 -9.894305640783471745e-01
-1.739969298266128353e-02 1.439547170380799934e-01 -9.894312963131224326e-01
-1.689769096601801204e-02 1.440094754509517738e-01 -9.894320284979808422e-01
-1.639551823157271368e-02 1.440624835461901121e-01 -9.894327606329256231e-01
-1.589318088122861766e-02 1.441137407976255391e-01 -9.894334927179602168e-01
-1.539068501848757375e-02 1.441632467003580997e-01 -9.894342247530878431e-01
-1.488803674837593967e-02 1.442110007707619879e-01 -9.894349567383117217e-01
-1.438524217737042685e-02 1.442570025464901262e-01 -9.894356886736352941e-01
-1.388230741332394449e-02 1.443012515864784129e-01 -9.894364205590616690e-01
-1.337923856539143322e-02 1.443437474709496626e-01 -9.894371523945942881e-01
-1.287604174395568651e-02 1.443844898014174094e-01 -9.894378841802363711e-01
-1.237272306055315491e-02 1.444234782006893758e-01 -9.894386159159912486e-01
-1.187011113102713622e-02 1.443910639111777028e-01 -9.894495040787103513e-01
-1.136844943308708104e-02 1.442872504268882250e-01 -9.894705390859327432e-01
-1.086798145421239564e-02 1.441120398967104255e-01 -9.895016962760551094e-01
-1.036895071921546674e-02 1.438654331335216530e-01 -9.895429359090778254e-01
-9.871600817643266801e-03 1.435474296289125096e-01 -9.895942031668840677e-01
-9.376175430942055092e-03 1.431580275735301888e-01 -9.896554281530594022e-01
-8.882918359309720929e-03 1.426972238830364892e-01 -9.897265258922623987e-01
-8.392073548160249724e-03 1.421650142296764785e-01 -9.898073963291590394e-01
-7.903885114124757638e-03 1.415613930794534514e-01 -9.898979243269367956e-01
-7.418597370513515567e-03 1.408863537349054340e-01 -9.899979796654172493e-01
-6.936454852163277326e-03 1.401398883834774900e-01 -9.901074170387882400e-01
-6.457702339594175757e-03 1.393219881514842495e-01 -9.902260760529796313e-01
-5.982584882400365442e-03 1.384326431636560273e-01 -9.903537812227098946e-01
-5.511347821798485806e-03 1.374718426082614797e-01 -9.904903419682328236e-01
-5.044236812257919464e-03 1.364395748077991966e-01 -9.906355526118164612e-01
-4.581497842136716611e-03 1.353358272952499552e-01 -9.907891923739897688e-01
-4.123377253246934826e-03 1.341605868958808401e-01 -9.909510253695942295e-01
-3.670121759273027844e-03 1.329138398145916222e-01 -9.911208006036816842e-01
-3.221978462966797185e-03 1.315955717287930760e-01 -9.912982519673007031e-01
-2.779194872042291698e-03 1.302057678868063229e-01 -9.914830982332174525e-01
-2.342018913693923871e-03 1.287444132117716022e-01 -9.916750430516207970e-01
-1.910698947660945113e-03 1.272114924110535339e-01 -9.918737749458612640e-01
-1.485483777761314669e-03 1.256069900911300219e-01 -9.920789673082791582e-01
-1.066622661817874084e-03 1.239308908779499924e-01 -9.922902783961775608e-01
-6.543653198996487227e-04 1.221831795427452683e-01 -9.925073513279998316e-01
-2.489619408009968032e-04 1.203638411332800945e-01 -9.927298140797738979e-01
1.493368133187504771e-04 1.184728611105213686e-01 -9.929572794818872783e-01
5.402798042125785388e-04 1.165102254907113416e-01 -9.931893452162603442e-01
9.236154168174824652e-04 1.144759209928235127e-01 -9.934255938139874287e-01
1.299091560598061076e-03 1.123699351913812206e-01 -9.936655926535186145e-01
1.666455673039522615e-03 1.101922566746174753e-01 -9.939088939594569183e-01
2.025454725367587926e-03 1.079428752079529402e-01 -9.941550348020480321e-01
2.375835230572738606e-03 1.056217819027681498e-01 -9.944035370974432242e-01
2.717343253816179114e-03 1.032289693904442918e-01 -9.946539076088184439e-01
3.049724425294768337e-03 1.007644320016456985e-01 -9.949056379484333412e-01
3.372723955642039674e-03 9.822816595081568236e-02 -9.951582045807194632e-01
3.686086653942237477e-03 9.562016952585590535e-02 -9.954110688264866669e-01
3.989556948434069134e-03 9.294044328295769652e-02 -9.956636768683410077e-01
4.282878909980604269e-03 9.018899024655242791e-02 -9.959154597574085832e-01
4.565796278381420784e-03 8.736581611434603156e-02 -9.961658334214632537e-01
4.838052491602734886e-03 8.447092946740138164e-02 -9.964141986745576052e-01
5.099390718000800828e-03 8.150434198523001661e-02 -9.966599412282596271e-01
5.349553891613397644e-03 7.846606866585324747e-02 -9.969024317045994676e-01
5.588284750593640847e-03 7.535612805079056065e-02 -9.971410256508331793e-01
5.815325878859753730e-03 7.217454245493121201e-02 -9.973750635561325906e-01
6.030419751033728668e-03 6.892133820124313193e-02 -9.976038708703123259e-01
6.233308780741042034e-03 6.559654586027073575e-02 -9.978267580247078827e-01
6.423735372342743305e-03 6.220020049437163800e-02 -9.980430204553202289e-01
6.601441976170304739e-03 5.873234190663959714e-02 -9.982519386283447149e-01
6.766171147332605829e-03 5.519301489445897768e-02 -9.984527780682047604e-01
