0.000000000000000000e+00 0.000000000000000000e+00 1.000000000000000000e+00
0.000000000000000000e+00 0.000000000000000000e+00 1.000000000000000000e+00
0.000000000000000000e+00 0.000000000000000000e+00 1.000000000000000000e+00
0.000000000000000000e+00 0.000000000000000000e+00 1.000000000000000000e+00
0.000000000000000000e+00 0.000000000000000000e+00 1.000000000000000000e+00
0.000000000000000000e+00 0.000000000000000000e+00 1.000000000000000000e+00
0.000000000000000000e+00 0.000000000000000000e+00 1.000000000000000000e+00
0.000000000000000000e+00 0.000000000000000000e+00 1.000000000000000000e+00
0.000000000000000000e+00 0.000000000000000000e+00 1.000000000000000000e+00
0.000000000000000000e+00 0.000000000000000000e+00 1.000000000000000000e+00
0.000000000000000000e+00 0.000000000000000000e+00 1.000000000000000000e+00
0.000000000000000000e+00 0.000000000000000000e+00 1.000000000000000000e+00
0.000000000000000000e+00 0.000000000000000000e+00 1.000000000000000000e+00
0.000000000000000000e+00 0.000000000000000000e+00 1.000000000000000000e+00
0.000000000000000000e+00 0.000000000000000000e+00 1.000000000000000000e+00
0.000000000000000000e+00 0.000000000000000000e+00 1.000000000000000000e+00
0.000000000000000000e+00 0.000000000000000000e+00 1.000000000000000000e+00
0.000000000000000000e+00 0.000000000000000000e+00 1.000000000000000000e+00
0.000000000000000000e+00 0.000000000000000000e+00 1.000000000000000000e+00
0.000000000000000000e+00 0.000000000000000000e+00 1.000000000000000000e+00
0.000000000000000000e+00 0.000000000000000000e+00 1.000000000000000000e+00
0.000000000000000000e+00 0.000000000000000000e+00 1.000000000000000000e+00
0.000000000000000000e+00 0.000000000000000000e+00 1.000000000000000000e+00
0.000000000000000000e+00 0.000000000000000000e+00 1.000000000000000000e+00
0.000000000000000000e+00 0.000000000000000000e+00 1.000000000000000000e+00
0.000000000000000000e+00 0.000000000000000000e+00 1.000000000000000000e+00
0.000000000000000000e+00 0.000000000000000000e+00 1.000000000000000000e+00
0.000000000000000000e+00 0.000000000000000000e+00 1.000000000000000000e+00
0.000000000000000000e+00 0.000000000000000000e+00 1.000000000000000000e+00
0.000000000000000000e+00 0.000000000000000000e+00 1.000000000000000000e+00
0.000000000000000000e+00 0.000000000000000000e+00 1.000000000000000000e+00
0.000000000000000000e+00 0.000000000000000000e+00 1.000000000000000000e+00
0.000000000000000000e+00 0.000000000000000000e+00 1.000000000000000000e+00
0.000000000000000000e+00 0.000000000000000000e+00 1.000000000000000000e+00
0.000000000000000000e+00 0.000000000000000000e+00 1.000000000000000000e+00
0.000000000000000000e+00 0.000000000000000000e+00 1.000000000000000000e+00
0.000000000000000000e+00 0.000000000000000000e+00 1.000000000000000000e+00
0.000000000000000000e+00 0.000000000000000000e+00 1.000000000000000000e+00
0.000000000000000000e+00 0.000000000000000000e+00 1.000000000000000000e+00
0.000000000000000000e+00 0.000000000000000000e+00 1.000000000000000000e+00
0.000000000000000000e+00 0.000000000000000000e+00 1.000000000000000000e+00
-2.413071290574996170e-04 -4.909466649741132443e-06 9.999999708733828818e-01
-9.164337127685046177e-04 -2.750245060940860402e-05 9.999995796963444539e-01
-2.013627934842414889e-03 -7.957711645761658139e-05 9.999979694829500554e-01
-3.515467222026142247e-03 -1.718950532414919240e-04 9.999938059519680733e-01
-5.399426774062819623e-03 -3.140619195439099025e-04 9.999853736708468332e-01
-7.638498751920740591e-03 -5.144364197099364619e-04 9.999706939165706743e-01
-1.020184826565190273e-02 -7.800670834360314779e-04 9.999476555236834763e-01
-1.305549270990893386e-02 -1.116655900980862218e-03 9.999141499097318198e-01
-1.616299152408293485e-02 -1.528547497266595631e-03 9.998682019384066422e-01
-1.948613410267885371e-02 -2.018742202427387371e-03 9.998080892139519227e-01
-2.298561435539847597e-02 -2.588931089278275356e-03 9.997324436910711709e-01
-2.662168132304141080e-02 -3.239550798548125523e-03 9.996403310161905420e-01
-3.035475629901163153e-02 -3.969855762570932180e-03 9.995313046699703108e-01
-3.414600808362403678e-02 -4.778005271850867437e-03 9.994054336442125264e-01
-3.795787929615166562e-02 -5.661162712072286517e-03 9.992633039575141707e-01
-4.175455806350248517e-02 -6.615604237141438186e-03 9.991059957089140076e-01
-4.550239086076076495e-02 -7.636834140783296809e-03 9.989350385236579477e-01
-4.917023375658877843e-02 -8.719704246807182327e-03 9.987523491187253466e-01
-5.272974077089286754e-02 -9.858534755206239952e-03 9.985601552889620258e-01
-5.615558943844029677e-02 -1.104723415346692793e-02 9.983609108896346340e-01
-5.894370626210623798e-02 -1.227112659986297379e-02 9.981858839635320280e-01
-6.068880742921303056e-02 -1.350487070284142090e-02 9.980653721676352452e-01
-6.139277634991840982e-02 -1.472590956461818784e-02 9.980050473817978496e-01
-6.106805952263230641e-02 -1.591334617367662699e-02 9.980067422215632700e-01
-5.973676691611394529e-02 -1.704808527357093081e-02 9.980685755332225906e-01
-5.742974167206252312e-02 -1.811293613622531537e-02 9.981852264564960997e-01
-5.418561326203606698e-02 -1.909268172170850222e-02 9.983483304038184292e-01
-5.004984377602285373e-02 -1.997411927412302141e-02 9.985469681979012302e-01
-4.507377364799984576e-02 -2.074607668630027227e-02 9.987682189733795290e-01
-3.931367091852045609e-02 -2.139940810262921933e-02 9.989977480514004027e-01
-3.282978704754617449e-02 -2.192697134453080662e-02 9.992204026189972499e-01
-2.568542217189255863e-02 -2.232358894004658756e-02 9.994207904905169082e-01
-1.794600332909989174e-02 -2.258599389409652464e-02 9.995838203194016280e-01
-9.678180281544528779e-03 -2.271276089653077868e-02 9.996951852034183794e-01
-9.489448988209341984e-04 -2.270422344996586225e-02 9.997417755306191589e-01
8.175218664150564127e-03 -2.256237740144941689e-02 9.997120109940610400e-01
1.762914474146385843e-02 -2.229077155255500611e-02 9.995960858063011045e-01
2.734974904964884365e-02 -2.189438635688357310e-02 9.993861251153022263e-01
3.727673482393167870e-02 -2.137950213774072322e-02 9.990762543115565553e-01
4.735323385782943401e-02 -2.075355871427771864e-02 9.986625861840926488e-01
5.752637520233130214e-02 -2.002500875664998611e-02 9.981431336138009147e-01
6.774777586227791193e-02 -1.920316755255543906e-02 9.975176575989341821e-01
7.797394978109327413e-02 -1.829806212316750086e-02 9.967874618383166796e-01
8.816663359253198995e-02 -1.732028275394109293e-02 9.959551458405571100e-01
9.829302989232804877e-02 -1.628083999722362493e-02 9.950243286088901185e-01
1.083259710019302546e-01 -1.519103006451378787e-02 9.939993544324211561e-01
1.182440082369563550e-01 -1.406231127322688651e-02 9.928849912843455972e-01
1.280314334570365475e-01 -1.290619387089547015e-02 9.916861308935931429e-01
1.376782410949853874e-01 -1.173414515886949533e-02 9.904074978342919389e-01
1.471800399076635679e-01 -1.055751140968715085e-02 9.890533730823701797e-01
1.565379243545937382e-01 -9.387457648383015774e-03 9.876273355257318975e-01
1.657583158152087788e-01 -8.234925976065473816e-03 9.861320229727232878e-01
1.748527838430914416e-01 -7.110612777667904560e-03 9.845689123511104368e-01
1.838378573804181348e-01 -6.024964893312551376e-03 9.829381170713713534e-01
1.927348353794434421e-01 -4.988194657648249708e-03 9.812381979648560071e-01
2.015696056626168076e-01 -4.010313632869628823e-03 9.794659827975574773e-01
2.103724801573879921e-01 -3.101184884618095241e-03 9.776163880811034046e-01
2.191780539171256648e-01 -2.270593779394491658e-03 9.756822357125255474e-01
2.280250946271021872e-01 -1.528337520912692376e-03 9.736540558148593094e-01
2.369564686237371209e-01 -8.843339957628427919e-04 9.715198659475541287e-01
2.460191088428181072e-01 -3.487509737293093080e-04 9.692649155194599242e-01
2.552640295605348997e-01 6.784268194519468224e-05 9.668713826615671358e-01
2.647463922860948116e-01 3.543013740644330284e-04 9.643180088757209445e-01
2.745256266735353612e-01 4.986993307673851785e-04 9.615796543180817890e-01
2.846656097859275314e-01 4.880948180040637426e-04 9.586267534179587768e-01
2.952349063775370763e-01 3.082559965849386596e-04 9.554246464449661635e-01
3.063070719223855987e-01 -5.665941187331249520e-05 9.519327573311292534e-01
3.179610187070935345e-01 -6.244807850900829620e-04 9.481035811589877405e-01
3.302814431172698129e-01 -1.415470636118258598e-03 9.438814357615329387e-01
3.433593088236812085e-01 -2.452856795693064175e-03 9.392009202176413440e-01
3.572923752302487599e-01 -3.763472290458850893e-03 9.339850078446905179e-01
3.721857522416992525e-01 -5.378530636964107617e-03 9.281426815077886694e-01
3.881524495645666817e-01 -7.334572270078143150e-03 9.215659932672440879e-01
4.053138689556842200e-01 -9.674628220165928244e-03 9.141263967313145722e-01
4.238001573646076880e-01 -1.244966067465486624e-02 9.056701566060463282e-01
4.437502920441409593e-01 -1.572035761754440528e-02 8.960125828732077302e-01
4.653116965186528953e-01 -1.955938142494543022e-02 8.849307632132625834e-01
4.886390749083303620e-01 -2.405420030430577283e-02 8.721543727577431016e-01
5.138919797541506851e-01 -2.931066787967978940e-02 8.573540213312159652e-01
5.412303610349954441e-01 -3.545756043966902249e-02 8.401264533994838857e-01
5.704102760448201970e-01 -4.265303646894993972e-02 8.202516903136795046e-01
6.012815722121276352e-01 -5.107244571529253457e-02 7.974033334560159947e-01
6.340053745824193454e-01 -6.092175238556198774e-02 7.709252396224099968e-01
6.686884380210115220e-01 -7.245423158329440672e-02 7.400041602468729884e-01
7.053437554335723059e-01 -8.598208191020245694e-02 7.036314861212696892e-01
7.438289790195680151e-01 -1.018899871323779849e-01 6.605580069099337148e-01
7.837508556249982439e-01 -1.206498268088580517e-01 6.092439705060597177e-01
8.243183758005697692e-01 -1.428341423696979917e-01 5.478116675380836353e-01
8.641206046998785029e-01 -1.691226722712758368e-01 4.740180400117752768e-01
9.007993747025349052e-01 -2.002898552699730050e-01 3.852849081014808053e-01
9.305893929745056026e-01 -2.371495437067418222e-01 2.788610327771773867e-01
9.477277084906230442e-01 -2.804141615096292783e-01 1.522500856509583500e-01
9.438317828600351067e-01 -3.304006893141097079e-01 4.117056802805461879e-03
9.075784112861295938e-01 -3.865012279864101230e-01 -1.640677546497842920e-01
8.254350422155702915e-01 -4.463844580937075812e-01 -3.455400217313823186e-01
6.846364291297483140e-01 -5.051120441160087404e-01 -5.254852830660640128e-01
4.792896820714671602e-01 -5.548155948808359827e-01 -6.800448927706754798e-01
2.180930692981374319e-01 -5.859940070611209251e-01 -7.804142723875463483e-01
-7.201912456262039852e-02 -5.909079767653261372e-01 -8.035178954388602079e-01
-3.526528152508899838e-01 -5.674347723062622695e-01 -7.440791426629647098e-01
-5.892939434840422930e-01 -5.202279221915018237e-01 -6.181387841968173369e-01
-7.639427563676525201e-01 -4.580521833387629638e-01 -4.545103537480555955e-01
-8.767237685778982437e-01 -3.897235250602243406e-01 -2.819060250042990656e-01
-9.391454776902519175e-01 -3.215460343634323759e-01 -1.208880424945824039e-01
-9.662886034780948652e-01 -2.568731020295604850e-01 1.739377870995847952e-02
-9.719455403177500452e-01 -1.968255650726505601e-01 1.287694175065154933e-01
-9.667927393234994060e-01 -1.411958891399753835e-01 2.130153031491806292e-01
-9.582846181419703013e-01 -8.911667158436376024e-02 2.715673190436325712e-01
-9.511701981428505315e-01 -3.944649375216345566e-02 3.061359625882818514e-01
-9.480554646173211530e-01 9.046048797291154214e-03 3.179764209885496684e-01
-9.497846280091805093e-01 5.761207292420372772e-02 3.075548873699230912e-01
-9.555731993177883909e-01 1.075001891828408496e-01 2.744513970915188894e-01
-9.628803319687992968e-01 1.599325998915175628e-01 2.174466120540515524e-01
-9.670308713314379467e-01 2.160299570894231302e-01 1.348419475749220164e-01
-9.606497882900463248e-01 2.766197579175911914e-01 2.516928844362832651e-02
-9.331256555111930862e-01 3.418403505521737662e-01 -1.114526134763937637e-01
-8.706622387260090079e-01 4.104568952997157405e-01 -2.710579318847484154e-01
-7.580059608612729205e-01 4.789250898624345942e-01 -4.427840566860644089e-01
-5.832177430187627243e-01 5.406054698992036611e-01 -6.063025559471973969e-01
-3.456112810370112198e-01 5.861090670183789486e-01 -7.328226273063805918e-01
-6.356077772996196473e-02 6.058405696724560308e-01 -7.930430194255962961e-01
2.272866895624024719e-01 5.945822007525384256e-01 -7.712410557983898629e-01
4.878227055356648689e-01 5.543600811708597753e-01 -6.743247786606245686e-01
6.914772175569867674e-01 4.931701616254979825e-01 -5.278659374935501525e-01
8.313356157397542301e-01 4.208297954793828177e-01 -3.630198009656800950e-01
9.158082516378248661e-01 3.453128704448967246e-01 -2.050713689894533287e-01
9.599619684834509448e-01 2.714026904551894437e-01 -6.938009309065583385e-02
9.788679181774649907e-01 2.011013986429949219e-01 3.709211323032398505e-02
9.844941571765452037e-01 1.345979018390497939e-01 1.124929239670574288e-01
9.849950548558343844e-01 7.109950009657248216e-02 1.572564835941561157e-01
9.849984652594890866e-01 9.359135018416692847e-03 1.723091078990588443e-01
9.860425318971031139e-01 -5.203525066246557362e-02 1.581532693789119426e-01
9.867939055863540476e-01 -1.144925687420745436e-01 1.145828880645567149e-01
9.829504642512117973e-01 -1.792609134168371976e-01 4.091342549603114997e-02
9.669069485165505684e-01 -2.471737957457142421e-01 -6.321444647180796128e-02
9.274887096060717706e-01 -3.181918839265005516e-01 -1.962616039605659113e-01
8.504538620162972462e-01 -3.906670635967552374e-01 -3.522889050559557811e-01
7.209686181824308537e-01 -4.604312448972535665e-01 -5.178873612259721204e-01
5.292608790936349505e-01 -5.202432519344907247e-01 -6.702461333159414059e-01
2.787666213711981755e-01 -5.606523079878314997e-01 -7.797167170297025773e-01
-7.866791364337814840e-03 -5.730840742126707132e-01 -8.194588188669718054e-01
-2.934411838665260119e-01 -5.542726558144478455e-01 -7.788928635273359991e-01
-5.413951797647970077e-01 -5.081460191514468594e-01 -6.698349652635650076e-01
-7.301620055690142275e-01 -4.435927054553116533e-01 -5.197008325798280204e-01
-8.570997339016217520e-01 -3.702182728057771266e-01 -3.582156818162040013e-01
-9.325394041617305341e-01 -2.952610118090471247e-01 -2.078249086513763166e-01
-9.714658421492711193e-01 -2.227941697638374241e-01 -8.134416708544874031e-02
-9.878876265394656020e-01 -1.543554997797845219e-01 1.588757626903918030e-02
-9.924996488371582437e-01 -8.990823661965806346e-02 8.283087653568076136e-02
-9.923312951946181570e-01 -2.859780393119495251e-02 1.202529178409417199e-01
-9.911368651844291167e-01 3.078508220789549776e-02 1.292284459683703812e-01
-9.898414456399212691e-01 8.955164777145732669e-02 1.104283158272275356e-01
-9.867719225718947218e-01 1.489631152062809993e-01 6.396218565146082058e-02
-9.776290643348819476e-01 2.100826232343467881e-01 -1.032966814539318205e-02
-9.553050515195149472e-01 2.735436326251554084e-01 -1.120987852392337225e-01
-9.098372021911004248e-01 3.391558769400722095e-01 -2.391015573019225071e-01
-8.290810625137770007e-01 4.053140343035927518e-01 -3.851559728585616793e-01
-7.009938745520190029e-01 4.683264402724272024e-01 -5.378456388370287389e-01
-5.182610130303699769e-01 5.220977541882609874e-01 -6.773621302098458141e-01
-2.844872223587071036e-01 5.589225523748233559e-01 -7.788919043745675674e-01
-1.829359021387539155e-02 5.719171387120883798e-01 -8.201073886179698347e-01
2.499243572051087769e-01 5.579829850755636533e-01 -7.913234495612236907e-01
4.889857993761547728e-01 5.195516981992911454e-01 -7.006846071029283474e-01
6.785301444986742148e-01 4.633882059001458997e-01 -5.699721145182093940e-01
8.134440780868642529e-01 3.974395776560751270e-01 -4.246769497047717112e-01
9.003694551351175690e-01 3.281808924691022589e-01 -2.857133944079878196e-01
9.512696497952085606e-01 2.596107376652596610e-01 -1.663980646872597891e-01
9.783464990118133642e-01 1.935077232519438473e-01 -7.343627561987912944e-02
9.914526915870561785e-01 1.301339637890508993e-01 -9.311792360140055957e-03
9.972976977616462291e-01 6.888131779022597934e-02 2.554728483429404007e-02
9.994709079277673824e-01 8.714737242069336975e-03 3.133616480107521279e-02
9.986370936504891382e-01 -5.155135844278353752e-02 8.149250983334599754e-03
9.926070372978914591e-01 -1.130535507544273288e-01 -4.416063668075585757e-02
9.762278962989275888e-01 -1.766593004669133049e-01 -1.255809846657004458e-01
9.412445420999857593e-01 -2.426313245887565251e-01 -2.349228595893155247e-01
8.765554548011897928e-01 -3.101026983889539346e-01 -3.680853824443095501e-01
7.696445420216571076e-01 -3.763829174649237497e-01 -5.157355679283345262e-01
6.101494543538570348e-01 -4.363634899120811261e-01 -6.612900616601042891e-01
3.957545152512946807e-01 -4.826758600188157389e-01 -7.812825195773640541e-01
1.380952457114894005e-01 -5.073794888292109118e-01 -8.505855365253892630e-01
-1.361508255987421978e-01 -5.051144936275854258e-01 -8.522454449633239948e-01
-3.937983130872493298e-01 -4.760296271987743966e-01 -7.863324233550543774e-01
-6.083481110373786249e-01 -4.256756705253398332e-01 -6.698602814462127908e-01
-7.680257692615207743e-01 -3.622077086654416078e-01 -5.281495913579514756e-01
-8.751808887808645299e-01 -2.931906756674933501e-01 -3.848345578606142126e-01
-9.402765358612950042e-01 -2.238511984190533211e-01 -2.564579388156764672e-01
-9.758278187364450851e-01 -1.569230041622416694e-01 -1.521027161182155474e-01
-9.927728269301241415e-01 -9.328157642877109301e-02 -7.550270798936600802e-02
-9.990894418842256597e-01 -3.267728502787441147e-02 -2.743135913938764270e-02
-9.996415516346213170e-01 2.571574547410953801e-02 -7.447548978701311849e-03
-9.964421385850971147e-01 8.295459987172480731e-02 -1.488610485073632583e-02
-9.889106760987311784e-01 1.401117854978418398e-01 -4.923778597873646606e-02
-9.739846297571038702e-01 1.981007391757812763e-01 -1.100456061839082400e-01
-9.461285697035451969e-01 2.574631313461614446e-01 -1.963503575074312946e-01
-8.974512682253084073e-01 3.180538409798338018e-01 -3.056517179777862303e-01
-8.183454267403286186e-01 3.786001342644546019e-01 -4.324033974990679208e-01
-6.992497104007650011e-01 4.362195973425477824e-01 -5.663588109059256581e-01
-5.340085473691580376e-01 4.861856111460475804e-01 -6.917068888808165505e-01
-3.243634285830562791e-01 5.224344165957282016e-01 -7.885750717572795887e-01
-8.327969794365654155e-02 5.391792625459995714e-01 -8.380633698897599348e-01
1.663029687037784754e-01 5.332090253449134343e-01 -8.294766151287464861e-01
3.984597256359487805e-01 5.054716722724720279e-01 -7.653288395796802313e-01
5.932579951928849127e-01 4.606908879689430858e-01 -6.601582037461209973e-01
7.419514522456702732e-01 4.053087813469247735e-01 -5.340719346228088860e-01
8.462399681882908364e-01 3.452667784459118039e-01 -4.057939933202703298e-01
9.140356673334729676e-01 2.847794971346797599e-01 -2.888588477518558295e-01
9.551371796900549604e-01 2.261804521237454624e-01 -1.911945818290639865e-01
9.784751354431144854e-01 1.703362447128933810e-01 -1.164987988200140989e-01
9.909199734862539355e-01 1.171694076468258183e-01 -6.594644135570430776e-02
9.970310085273299538e-01 6.607531745681745339e-02 -3.953754579811449843e-02
9.991861417446225024e-01 1.619646942374992557e-02 -3.694219259168135538e-02
9.977624507134061904e-01 -3.340759671991840041e-02 -5.791391454179276033e-02
9.912248164329856559e-01 -8.363885644870366898e-02 -1.023616239081370782e-01
9.761006901882461895e-01 -1.352330165654389571e-01 -1.701160513130394736e-01
9.469161452527595779e-01 -1.885742852973027184e-01 -2.603642637799969961e-01
8.962885897051647843e-01 -2.434109348567921050e-01 -3.706991742976920579e-01
8.155337394471123824e-01 -2.984647584042140478e-01 -4.958059145270539148e-01
6.962785318852001692e-01 -3.510212416945401315e-01 -6.260832939589087154e-01
5.334268119686366161e-01 -3.967558919436618980e-01 -7.470211479784726327e-01
3.290086413395201248e-01 -4.302073791233541611e-01 -8.406395909634624131e-01
9.463186551033496430e-02 -4.462114736439347640e-01 -8.899101796309618617e-01
-1.491866553650513794e-01 -4.416489657443327665e-01 -8.846974227813936276e-01
-3.785044158505095901e-01 -4.169473446306029008e-01 -8.263711732120947451e-01
-5.740631889128778864e-01 -3.760088881365471480e-01 -7.273711350380033247e-01
-7.263478660721319757e-01 -3.245254125047674632e-01 -6.058894544298635276e-01
-8.355492103166126672e-01 -2.679926950324938995e-01 -4.796221736346075737e-01
-9.081226221035995083e-01 -2.104884097154804679e-01 -3.619501754259099591e-01
-9.528727881368108665e-01 -1.544018096588988531e-01 -2.611389049789544226e-01
-9.782471096472032945e-01 -1.007335117642820660e-01 -1.813431800911144420e-01
-9.910316275003719921e-01 -4.955166450912291271e-02 -1.241005347665385394e-01
-9.959776071266458475e-01 -3.834620406437325157e-04 -8.960165149226133330e-02
-9.958565622237944837e-01 4.751456072784814716e-02 -7.753754500653819992e-02
-9.916207508304626383e-01 9.498521171824919618e-02 -8.755622746705843396e-02
-9.825144655215478640e-01 1.428532168874371844e-01 -1.194080414243807314e-01
-9.660941312925988012e-01 1.918155209866629074e-01 -1.728263066826764560e-01
-9.381971631324234062e-01 2.422968040333726147e-01 -2.471403219556113362e-01
-8.929872648888734776e-01 2.942344975556478448e-01 -3.405874367689663007e-01
-8.233188770311287152e-01 3.467785843589784589e-01 -4.493224199205104741e-01
-7.217775480402816024e-01 3.979483871594203803e-01 -5.662810690706101546e-01
-5.827296030663952076e-01 4.443995631410965208e-01 -6.803934412295163936e-01
-4.051616217132207876e-01 4.816964516117986927e-01 -7.770537855642183356e-01
-1.956037265409308057e-01 5.048934090338997871e-01 -8.407269619331295685e-01
3.099777700814094344e-02 5.100126278999550511e-01 -8.596081979730191280e-01
2.544610768660605093e-01 4.957070494872178323e-01 -8.303758656444655273e-01
4.554913104535655011e-01 4.638121142399465602e-01 -7.598723482033817866e-01
6.213411854824909542e-01 4.185064833248128835e-01 -6.624103346164127437e-01
7.479110056166478060e-01 3.646889563984616056e-01 -5.546450121672580336e-01
8.381285822668557151e-01 3.065693327087681275e-01 -4.511714979822918914e-01
8.986521442418550221e-01 2.470036036701122595e-01 -3.625100552877199567e-01
9.368678139096362489e-01 1.874863217180601505e-01 -2.951738050537485170e-01
9.589719841465205175e-01 1.284671798199497339e-01 -2.527229987402702660e-01
9.690242604069674304e-01 6.973048858428872177e-02 -2.369169442349066956e-01
9.685664388516145307e-01 1.072892065917442628e-02 -2.485235211260130583e-01
9.564782244800142941e-01 -4.912835143740506422e-02 -2.876383283599014962e-01
9.289345805475160978e-01 -1.101820207851273020e-01 -3.534691841161474724e-01
8.795524528090900018e-01 -1.721628815572875393e-01 -4.435621960132406505e-01
8.000561416671951864e-01 -2.337378765702064209e-01 -5.525185716302987160e-01
6.819888200420463065e-01 -2.920352775506036003e-01 -6.705271379734095705e-01
5.198949395863634582e-01 -3.424121051543539962e-01 -7.826002803357748894e-01
3.155465889188591166e-01 -3.789161265827129532e-01 -8.699729397884987669e-01
8.155343932735222012e-02 -3.957206678372529041e-01 -9.147426885638995087e-01
-1.601727777977235423e-01 -3.897095123768605784e-01 -9.069019648716311055e-01
-3.853469330250025582e-01 -3.618257052711036925e-01 -8.488756663155188065e-01
-5.752058620140961809e-01 -3.165179799678183858e-01 -7.542907803338423367e-01
-7.212453533222769053e-01 -2.598601898913749930e-01 -6.420886376885092117e-01
-8.245886815256217028e-01 -1.975068975482178468e-01 -5.301363299626046244e-01
-8.921123202809734254e-01 -1.335326693352887339e-01 -4.316302015011059812e-01
-9.323814918982404887e-01 -7.025459080538781764e-02 -3.545829136620005650e-01
-9.529556426475390696e-01 -8.602443536408170902e-03 -3.029876857828707193e-01
-9.591171695716139700e-01 5.137819621125469527e-02 -2.783065443205684497e-01
-9.534927927251023450e-01 1.100881706440489105e-01 -2.805923832362118842e-01
-9.360828267491113630e-01 1.680339173060151625e-01 -3.090526504090067017e-01
-9.044529242233522170e-01 2.255417197253711536e-01 -3.620715911967653522e-01
-8.540771807657322467e-01 2.824737791261044406e-01 -4.367616398287389456e-01
-7.790096885260892057e-01 3.379207198895584074e-01 -5.281604764420346765e-01
-6.731735150571364068e-01 3.899117233299090324e-01 -6.283361069181162550e-01
-5.324764633128319380e-01 4.352884394101593779e-01 -7.259426886126649769e-01
-3.575051100543358840e-01 4.699834274907831455e-01 -8.070351112412418315e-01
-1.557082629222334702e-01 4.898918371162911956e-01 -8.577650735357718048e-01
5.862754960786627223e-02 4.921905126393446017e-01 -8.685109707262356205e-01
2.676083828163443035e-01 4.763848576864439521e-01 -8.375220697842004069e-01
4.548481119106320136e-01 4.444074320799013544e-01 -7.717611197481328844e-01
6.097966521554747388e-01 4.000194237139754749e-01 -6.842020901874550365e-01
7.291654269926204357e-01 3.474936042434663142e-01 -5.895472598793519703e-01
8.154300553810750474e-01 2.904820623857964357e-01 -5.006935117964861348e-01
8.740620510991501391e-01 2.314864460828267578e-01 -4.271177269206329896e-01
9.109966234056888768e-01 1.718551904283336651e-01 -3.749012432732104494e-01
9.309497379096812741e-01 1.120539684005590758e-01 -3.475291213597896944e-01
9.365169799832960829e-01 5.201016915697864729e-02 -3.467432552318201466e-01
9.277681974279533561e-01 -8.550292148032609743e-03 -3.730590581757877167e-01
9.021302386993227396e-01 -6.976989079086072520e-02 -4.257853817416276110e-01
8.545489186504732215e-01 -1.312917718970842695e-01 -5.025023510460764342e-01
7.781522836852199365e-01 -1.918368209483907183e-01 -5.980615804953821613e-01
6.658144273256899615e-01 -2.487874590709535649e-01 -7.034173335314093389e-01
5.129321172314855737e-01 -2.979930612718520999e-01 -8.050470638905864451e-01
3.210425145281375903e-01 -3.341589625939923591e-01 -8.861543252192065623e-01
1.006069443558220977e-01 -3.520914956460534095e-01 -9.305427544960946928e-01
-1.295636874236546221e-01 -3.485220398293951694e-01 -9.283025558184814230e-01
-3.473459540697081405e-01 -3.235100872973780683e-01 -8.801658980423303635e-01
-5.344157510584739423e-01 -2.804122026960343406e-01 -7.973511134110046195e-01
-6.810821438637061354e-01 -2.244319063028741290e-01 -6.969630041805138232e-01
-7.865486834620203371e-01 -1.607873910524502681e-01 -5.962286305386813590e-01
-8.558448983775290841e-01 -9.349984942646548391e-02 -5.087113961071612067e-01
-8.960415499016118890e-01 -2.506012996185888464e-02 -4.432623683407813098e-01
-9.134214578435134735e-01 4.331864044672636971e-02 -4.047032643700282928e-01
-9.119319814327199181e-01 1.112275054589165618e-01 -3.949791130179821086e-01
-8.925888442017334556e-01 1.785708462577977051e-01 -4.140019378267301153e-01
-8.534781744898144451e-01 2.451084394718908155e-01 -4.598878722254641782e-01
-7.902488224298612751e-01 3.100152778859714964e-01 -5.285804788073044103e-01
-6.972488167185427743e-01 3.714665526581084620e-01 -6.130715164567626108e-01
-5.695592893091098174e-01 4.263521924291684972e-01 -7.027275577486360447e-01
-4.058928121345278806e-01 4.703559480043766339e-01 -7.835919242021196496e-01
-2.115013997028570292e-01 4.986687199513880620e-01 -8.405930419026172995e-01
7.083203243857978670e-04 5.073471665616070547e-01 -8.617414619706081913e-01
2.124973796667897485e-01 4.947764787982434354e-01 -8.426393629921189454e-01
4.056031978680909034e-01 4.623393861287093398e-01 -7.884975169929310246e-01
5.670882271596516810e-01 4.138077979284405239e-01 -7.121615303957541387e-01
6.916942918882551528e-01 3.538937729722469450e-01 -6.295380849507957732e-01
7.806290710061256632e-01 2.868703108157408255e-01 -5.552690110701511417e-01
8.384421302096370932e-01 2.158480642100414904e-01 -5.004242238825430400e-01
8.701051935174293206e-01 1.429277218839775654e-01 -4.716869882805857506e-01
8.787065529238000661e-01 6.932774755310498749e-02 -4.723012318956701372e-01
8.642645277872652576e-01 -4.252782435294285950e-03 -5.030196181387229792e-01
8.236795708513027225e-01 -7.690998429646302148e-02 -5.618156417010367054e-01
7.514159207298335419e-01 -1.469550858812753158e-01 -6.432560246039599194e-01
6.413091653145716053e-01 -2.114078517026329873e-01 -7.375833994216952627e-01
4.896867673500502893e-01 -2.657955107554095808e-01 -8.303972619900542584e-01
2.992442255151269714e-01 -3.046267967503315521e-01 -9.042430008378933293e-01
8.175770045260419283e-02 -3.227707016170509591e-01 -9.429394195531740630e-01
-1.429671282075184457e-01 -3.173457293516458999e-01 -9.374711113693656728e-01
-3.526623033474702851e-01 -2.890133715127375380e-01 -8.900003186573887115e-01
-5.297439561663673802e-01 -2.417118861416791276e-01 -8.129862860602431462e-01
-6.655732248275795238e-01 -1.810277559431756056e-01 -7.240450471394250798e-01
-7.599858132955694678e-01 -1.123553004677190909e-01 -6.401545488098724368e-01
-8.177804625956910378e-01 -3.980152635264000427e-02 -5.741523750821090344e-01
-8.448538809821903861e-01 3.400350255801806026e-02 -5.339154220649674487e-01
-8.455137989741502436e-01 1.075274176752862576e-01 -5.230145949283984130e-01
-8.212122213039757535e-01 1.797445156137270073e-01 -5.415739958708698509e-01
-7.704363688116117048e-01 2.495260473346405938e-01 -5.866553925684913073e-01
-6.895731141090781779e-01 3.150944522892826782e-01 -6.520769914281042690e-01
-5.748587091012945516e-01 3.734883036068681328e-01 -7.280411718808013077e-01
-4.250904711386997437e-01 4.207875297052632857e-01 -8.013962456254845046e-01
-2.443581557390978876e-01 4.527169167472321898e-01 -8.575176274101776741e-01
-4.359032305412025021e-02 4.656271049945723273e-01 -8.839068271744607852e-01
1.608556236210177404e-01 4.578242281789113854e-01 -8.743697391419790188e-01
3.515264886051575055e-01 4.303297070663429369e-01 -8.314117315161507760e-01
5.148712063309700548e-01 3.865359185584066881e-01 -7.651781628016741665e-01
6.440610045113149829e-01 3.309891048014552140e-01 -6.896605188364458572e-01
7.385955998307174308e-01 2.680677366582092658e-01 -6.185597988426506655e-01
8.018165790045805874e-01 2.011711045918051499e-01 -5.626902847759551740e-01
8.380707040988262246e-01 1.325374502166277724e-01 -5.292176447284571150e-01
8.505903048845517844e-01 6.348849725236668795e-02 -5.219821263449845317e-01
8.403391883023693110e-01 -5.135675036307523963e-03 -5.420365944434538674e-01
8.057068095422849074e-01 -7.248936604397172856e-02 -5.878620800310137007e-01
7.429658904540510367e-01 -1.372412526579449565e-01 -6.551080219790450521e-01
6.475692724023203173e-01 -1.971631248569640782e-01 -7.360575629032320988e-01
5.163711503802056457e-01 -2.489274179551872745e-01 -8.193875590423777000e-01
3.504656817406616720e-01 -2.883431813678021816e-01 -8.910847389248292005e-01
1.575260237803053631e-01 -3.112108663202628467e-01 -9.371944007371518781e-01
-4.807672874194937607e-02 -3.146434251339109700e-01 -9.479916346792038873e-01
-2.489523022949055586e-01 -2.981075493954417066e-01 -9.214958689087394683e-01
-4.288663227558033864e-01 -2.635087506821537917e-01 -8.640814844416087048e-01
-5.766035349683374944e-01 -2.146825852261603496e-01 -7.883144977069461712e-01
-6.879750230950180123e-01 -1.560975154983565982e-01 -7.087481424907620120e-01
-7.643593496372664831e-01 -9.170029703237377039e-02 -6.382365050493322700e-01
-8.098695147282133355e-01 -2.437466204589130297e-02 -5.861034389895593000e-01
-8.287234034550140516e-01 4.403271100678977923e-02 -5.579235047555551885e-01
-8.235347301829127886e-01 1.123633726265827332e-01 -5.560260937275872672e-01
-7.945748742922149610e-01 1.796802240591623134e-01 -5.799705013679703480e-01
-7.398673877370429697e-01 2.447895357179241393e-01 -6.266373177505666359e-01
-6.560687421625334137e-01 3.058149557584591283e-01 -6.899645024368760149e-01
-5.401712096324865486e-01 3.599210314363275320e-01 -7.607048781520150404e-01
-3.918833433991970039e-01 4.033585504966892277e-01 -8.268792663594882741e-01
-2.159864527745010143e-01 4.320152204377283311e-01 -8.756213209778282991e-01
-2.333207210486256539e-02 4.424660272816776097e-01 -8.964816926904852767e-01
1.707364134558262969e-01 4.331308273953217713e-01 -8.850122935246428346e-01
3.503176426299747792e-01 4.048820230649947671e-01 -8.445993682602992436e-01
5.032053529111093493e-01 3.606961383219369766e-01 -7.852914521394900316e-01
6.231216280695381915e-01 3.045882304040866684e-01 -7.203786800929375955e-01
7.091734506115258130e-01 2.404848516785080825e-01 -6.627518760908245321e-01
7.638083248815242809e-01 1.717204174747340439e-01 -6.221807914625906433e-01
7.899798372837522065e-01 1.007266973761633266e-01 -6.048024349503816621e-01
7.891249727505460498e-01 2.917103739997778389e-02 -6.135395864649596520e-01
7.605011577848166393e-01 -4.144465464075643146e-02 -6.480125969538436115e-01
7.013325830604187905e-01 -1.092605202803865749e-01 -7.044109190288805333e-01
6.080193010239416385e-01 -1.716021367431012912e-01 -7.751549731818658806e-01
4.783981935344602254e-01 -2.247661889314270522e-01 -8.488906436850496284e-01
3.146169928778489999e-01 -2.642906276648098740e-01 -9.116833924766416519e-01
1.253695775157873671e-01 -2.858686075657150272e-01 -9.500324228326398890e-01
-7.425882210444503806e-02 -2.866965536099194689e-01 -9.551391048809054762e-01
-2.661602773361717023e-01 -2.665716163287771834e-01 -9.263359413925086328e-01
-4.343265512979275211e-01 -2.280104777912360103e-01 -8.714193393717901692e-01
-5.687531281511816195e-01 -1.752982996460882847e-01 -8.036108396072701998e-01
-6.661826914820345724e-01 -1.131138631609746176e-01 -7.371606824195141572e-01
-7.281288129426118916e-01 -4.549282239203289446e-02 -6.839289663761221050e-01
-7.579512041776769182e-01 2.455038587622358423e-02 -6.518490981920107563e-01
-7.584534122936984479e-01 9.485830265177185028e-02 -6.447870345881089316e-01
-7.306006367219344266e-01 1.636842104582981738e-01 -6.628953047375313323e-01
-6.733994499027101677e-01 2.291745013161317623e-01 -7.028600322910675269e-01
-5.848378399510797410e-01 2.889265160744565186e-01 -7.579486562065403943e-01
-4.640337384745447102e-01 3.399041874279443709e-01 -8.180084529517223091e-01
-3.132299285981620107e-01 3.784040123525964083e-01 -8.710323825427798150e-01
-1.394725853984098984e-01 4.006616536425333663e-01 -9.055482501731543232e-01
4.502506064644604122e-02 4.040175677001633381e-01 -9.136424601933501588e-01
2.251711816223607443e-01 3.878347169237366665e-01 -8.938020851824132196e-01
3.868348878380385436e-01 3.537424548525189283e-01 -8.516014568710156274e-01
5.201435899618757075e-01 3.050455385972027922e-01 -7.977454865814914697e-01
6.205579249167091360e-01 2.456883788805731272e-01 -7.446778353513353599e-01
6.876696338304435496e-01 1.793593393143519676e-01 -7.035202188037906756e-01
7.228963098385772224e-01 1.090780433383089498e-01 -6.822923873537258821e-01
7.273366473108920927e-01 3.726918601183607654e-02 -6.852681266557161255e-01
7.005220952257908973e-01 -3.384799735117505898e-02 -7.128275410879901797e-01
6.403509351118138460e-01 -1.017470324942158083e-01 -7.613134817129750820e-01
5.442900464816454731e-01 -1.631472669748355031e-01 -8.228798884025944060e-01
4.117167173954650594e-01 -2.138619605006971958e-01 -8.858625190315113640e-01
2.467251761599298376e-01 -2.491943721074614260e-01 -9.364981839348816006e-01
5.992442545919981350e-02 -2.649750657374585483e-01 -9.623914348752214964e-01
-1.324522829147001257e-01 -2.589045095257986318e-01 -9.567783671486279617e-01
-3.124520934703191033e-01 -2.314502133389443328e-01 -9.213058581022535165e-01
-4.653429102024114195e-01 -1.856821500645924605e-01 -8.654352149133820449e-01
-5.826858778345094247e-01 -1.261631514832846357e-01 -8.028449558414447740e-01
-6.622023913894140579e-01 -5.763182842007898155e-02 -7.471054552947705707e-01
-7.053763750107314712e-01 1.584234613872515657e-02 -7.086559008332534715e-01
-7.146241263703331237e-01 9.103636564429994082e-02 -6.935594670106307591e-01
-6.913386792112117263e-01 1.652635117253656583e-01 -7.033767116269573627e-01
-6.352977160049290140e-01 2.358543257158079720e-01 -7.353703456222754342e-01
-5.454497208800995756e-01 2.996743090762631345e-01 -7.827387218044337125e-01
-4.218397915980576784e-01 3.529024827192126512e-01 -8.351712543275957579e-01
-2.680483377330271644e-01 3.912818811809181674e-01 -8.803684309630852578e-01
-9.294374284528045260e-02 4.109263398131220990e-01 -9.069184087055530696e-01
8.964659796137669501e-02 4.094434931117197363e-01 -9.079204312901912877e-01
2.638048002894325950e-01 3.867888853325637810e-01 -8.836296631826746628e-01
4.155860112698023245e-01 3.453003963995113779e-01 -8.414605751968398106e-01
5.359261150868319667e-01 2.888933355643222289e-01 -7.932993356618077696e-01
6.209726315740121683e-01 2.219530507729564894e-01 -7.517511757328351196e-01
6.702729952608375008e-01 1.485348717715714584e-01 -7.270979987725749716e-01
6.842988608707868403e-01 7.213980131591742062e-02 -7.256244994515992364e-01
6.626325985026869647e-01 -4.016867590510659822e-03 -7.489338424078786360e-01
6.035406162534004970e-01 -7.648737835484520353e-02 -7.936550898296808043e-01
5.051737066971880852e-01 -1.411130647934336624e-01 -8.514027396797311242e-01
