0.000000000000000000e+00 0.000000000000000000e+00 1.000000000000000000e+00
7.163162467906686079e-07 -7.039271143440226108e-05 9.999999975221764981e-01
2.173721843203093276e-06 -2.111776286731428961e-04 9.999999776996417733e-01
4.396989619962174512e-06 -4.223542307395257412e-04 9.999999107987811442e-01
7.410892116390313043e-06 -7.039219708433587606e-04 9.999997522194381538e-01
1.124020154268279522e-05 -1.055880260680880237e-03 9.999994424951110794e-01
1.590968971638827723e-05 -1.478228449501693079e-03 9.999989072931694256e-01
2.144412796572818991e-05 -1.970965797942946830e-03 9.999980574150995061e-01
2.786828699238936823e-05 -2.534091446631028637e-03 9.999967887967934344e-01
3.520693668642485677e-05 -3.167604379551063401e-03 9.999949825088955135e-01
4.348484588589857010e-05 -3.871503382184562740e-03 9.999925047572255643e-01
5.272678207391065384e-05 -4.645786994415618265e-03 9.999892068832987313e-01
6.295751100564155620e-05 -5.490453458206107779e-03 9.999849253649651937e-01
7.420179625805469349e-05 -6.405500660040456054e-03 9.999794818171958699e-01
8.648439869489976119e-05 -7.390926068140603322e-03 9.999726829930425387e-01
9.983007583966138534e-05 -8.446726664451939537e-03 9.999643207848027959e-01
1.142635811491014440e-04 -9.572898871401107346e-03 9.999541722254234877e-01
1.298096631800474887e-04 -1.076943847342673455e-02 9.999419994901795894e-01
1.464930646420848520e-04 -1.203634053328432943e-02 9.999275498986657240e-01
1.643385213288161466e-04 -1.337359930312679614e-02 9.999105559171428403e-01
1.833707609203595731e-04 -1.478120813036222676e-02 9.998907351612829064e-01
2.036145016497654752e-04 -1.625915935829092343e-02 9.998677903993589133e-01
2.250944508260418185e-04 -1.780744422152386736e-02 9.998414095559282622e-01
2.478353032064899326e-04 -1.942605273618517106e-02 9.998112657160617145e-01
2.718617392110666306e-04 -2.111497358490142459e-02 9.997770171301716413e-01
2.971984229715042124e-04 -2.287419399658119357e-02 9.997383072194963027e-01
3.238700002079374280e-04 -2.470369962098840563e-02 9.996947645822992223e-01
3.519010959258078285e-04 -2.660347439811375572e-02 9.996460030008459396e-01
3.813163119258378944e-04 -2.857350042234879650e-02 9.995916214492216456e-01
4.121402241198947021e-04 -3.061375780146794248e-02 9.995312041020573135e-01
4.443973796455902682e-04 -3.272422451042413666e-02 9.994643203442332702e-01
4.781122937724997541e-04 -3.490487623996458427e-02 9.993905247816327053e-01
5.133094465929136790e-04 -3.715568624007367649e-02 9.993093572530186153e-01
5.500132794900801890e-04 -3.947662515825083041e-02 9.992203428431124523e-01
5.882481913769385846e-04 -4.186766087263187053e-02 9.991229918969533053e-01
6.280385346983917167e-04 -4.432875831996326704e-02 9.990168000356195455e-01
6.694086111902199879e-04 -4.685987931843955262e-02 9.989012481733979820e-01
7.123826673877958629e-04 -4.946098238541499215e-02 9.987758025364875669e-01
7.569848898778229473e-04 -5.213202255000171093e-02 9.986399146833269125e-01
8.032394002863904852e-04 -5.487295116056745831e-02 9.984930215266382136e-01
8.511702499967109927e-04 -5.768371568714721065e-02 9.983345453572813888e-01
9.008014145899877851e-04 -6.056425951878412206e-02 9.981638938700160280e-01
9.521567880029483842e-04 -6.351452175581633053e-02 9.979804601912708462e-01
1.005260176395672165e-03 -6.653443699712763282e-02 9.977836229090216724e-01
1.060135291723444473e-03 -6.962393512238118642e-02 9.975727461048830014e-01
1.116805745006476227e-03 -7.278294106925690954e-02 9.973471793885200221e-01
1.175295039291447512e-03 -7.601137460571469329e-02 9.971062579344891486e-01
1.235626562298955530e-03 -7.930915009730699072e-02 9.968493025216204062e-01
1.297823578751085500e-03 -8.267617626956619281e-02 9.965756195750534729e-01
1.361909222373462432e-03 -8.611235596549354776e-02 9.962845012110455034e-01
1.427906487566295984e-03 -8.961758589817846177e-02 9.959752252846678644e-01
1.495838220739091704e-03 -9.319175639857851801e-02 9.956470554405134621e-01
1.565727111303873934e-03 -9.683475115849279891e-02 9.952992411665374517e-01
1.637595682321951480e-03 -1.005464469687627621e-01 9.949310178511566738e-01
1.711466280799444489e-03 -1.043267134527371687e-01 9.945416068437357149e-01
1.787361067627003287e-03 -1.081754127950396299e-01 9.941302155185890443e-01
1.865302007159360884e-03 -1.120923994656795458e-01 9.936960373426313442e-01
1.945310856430592034e-03 -1.160775199395495394e-01 9.932382519468100357e-01
2.027409154001194157e-03 -1.201306124113548368e-01 9.927560252014563380e-01
2.111618208433356080e-03 -1.242515065060224855e-01 9.922485092956930819e-01
2.197959086391051194e-03 -1.284400229846409669e-01 9.917148428210393885e-01
2.286452600361872211e-03 -1.326959734459832174e-01 9.911541508593547656e-01
2.377119295997816122e-03 -1.370191600236689844e-01 9.905655450752666180e-01
2.469979439072546301e-03 -1.414093750790250403e-01 9.899481238132276095e-01
2.565053002052969638e-03 -1.458664008897049280e-01 9.893009721993503147e-01
2.662359650283323276e-03 -1.503900093341326571e-01 9.886231622481698178e-01
2.761918727780302962e-03 -1.549799615718380763e-01 9.879137529744850266e-01
2.863749242638151393e-03 -1.596360077197544747e-01 9.871717905104323565e-01
2.967869852043002275e-03 -1.643578865245528542e-01 9.863963082279468830e-01
3.074298846896187775e-03 -1.691453250310899492e-01 9.855863268667672816e-01
3.183054136046629522e-03 -1.739980382470509290e-01 9.847408546681426511e-01
3.294153230132880819e-03 -1.789157288038712990e-01 9.838588875144012036e-01
3.407613225035840097e-03 -1.838980866140260684e-01 9.829394090745410262e-01
3.523450784943627477e-03 -1.889447885247778069e-01 9.819813909560060061e-01
3.641682125030615454e-03 -1.940554979684794290e-01 9.809837928628102333e-01
3.762322993753109551e-03 -1.992298646095312653e-01 9.799455627601758589e-01
3.885388654764707766e-03 -2.044675239880958395e-01 9.788656370458501677e-01
4.010893868454917105e-03 -2.097680971606783740e-01 9.777429407282689500e-01
4.138852873115175801e-03 -2.151311903376847134e-01 9.765763876117343756e-01
4.269279365737009210e-03 -2.205563945180732954e-01 9.753648804887758983e-01
4.402186482447670128e-03 -2.260432851212214878e-01 9.741073113398639460e-01
4.537586778589224913e-03 -2.315914216161319150e-01 9.728025615406470372e-01
4.675492208447708589e-03 -2.372003471481084758e-01 9.714495020768830758e-01
4.815914104639631294e-03 -2.428695881630365538e-01 9.700469937672360210e-01
4.958863157163808863e-03 -2.485986540294070068e-01 9.685938874941105725e-01
5.104349392127202449e-03 -2.543870366582281495e-01 9.670890244426963989e-01
5.252382150154171966e-03 -2.602342101209750846e-01 9.655312363483941063e-01
5.402970064489304516e-03 -2.661396302657309532e-01 9.639193457527966968e-01
5.556121038804747413e-03 -2.721027343316793634e-01 9.622521662683970467e-01
5.711842224723759527e-03 -2.781229405621135631e-01 9.605285028521952650e-01
5.870139999073007396e-03 -2.841996478161319395e-01 9.587471520883773524e-01
6.031019940876964323e-03 -2.903322351791965961e-01 9.569069024802362433e-01
6.194486808108612061e-03 -2.965200615727353606e-01 9.550065347515067637e-01
6.360544514211517210e-03 -3.027624653629752971e-01 9.530448221572850320e-01
6.529196104409248740e-03 -3.090587639691997346e-01 9.510205308047010586e-01
6.700443731818988592e-03 -3.154082534716280972e-01 9.489324199835139639e-01
6.874288633387138844e-03 -3.218102082191229840e-01 9.467792425067964590e-01
7.050731105665644823e-03 -3.282638804369347740e-01 9.445597450618751223e-01
7.229770480448734563e-03 -3.347684998347011942e-01 9.422726685716911188e-01
7.411405100290738637e-03 -3.413232732149240611e-01 9.399167485667447863e-01
7.595632293926646642e-03 -3.479273840821529018e-01 9.374907155677844051e-01
7.782448351618079241e-03 -3.545799922531108206e-01 9.349932954793997997e-01
7.971848500448358230e-03 -3.612802334680045302e-01 9.324232099946777597e-01
8.163826879591409152e-03 -3.680272190032670143e-01 9.297791770110735987e-01
8.358376515580273614e-03 -3.748200352859877293e-01 9.270599110576519530e-01
8.555489297602072649e-03 -3.816577435102923022e-01 9.242641237338470317e-01
8.755155952847341536e-03 -3.885393792559395654e-01 9.213905241598888685e-01
8.957366021942728476e-03 -3.954639521094112653e-01 9.184378194390391270e-01
9.162107834497152867e-03 -4.024304452877763838e-01 9.154047151317783459e-01
9.369368484792623894e-03 -4.094378152656186209e-01 9.122899157420807370e-01
9.579133807652002661e-03 -4.164849914053228019e-01 9.090921252159106514e-01
9.791388354517130757e-03 -4.235708755910226331e-01 9.058100474520699441e-01
1.000611536977185669e-02 -4.306943418665196144e-01 9.024423868255225800e-01
1.022329676734559309e-02 -4.378542360774896891e-01 8.989878487233163851e-01
1.044291310763417920e-02 -4.450493755183012046e-01 8.954451400932197380e-01
1.066494357477592095e-02 -4.522785485837751418e-01 8.918129700051842246e-01
1.088936595432180542e-02 -4.595405144262255659e-01 8.880900502257399465e-01
1.111615661133999108e-02 -4.668340026181251878e-01 8.842750958054252930e-01
1.134529046899577891e-02 -4.741577128207483116e-01 8.803668256793468760e-01
1.157674098764935322e-02 -4.815103144591509898e-01 8.763639632809588909e-01
1.181048014451467620e-02 -4.888904464038541509e-01 8.722652371691470563e-01
1.204647841392398125e-02 -4.962967166596042867e-01 8.680693816686935183e-01
1.228470474824335142e-02 -5.037277020615918977e-01 8.637751375241946583e-01
1.252512655948592214e-02 -5.111819479795163268e-01 8.593812525674950908e-01
1.276770970167024483e-02 -5.186579680298916140e-01 8.548864823986951356e-01
1.301241845397234365e-02 -5.261542437969961572e-01 8.502895910807810598e-01
1.325921550472096075e-02 -5.336692245628752440e-01 8.455893518479203896e-01
1.350806193628640781e-02 -5.412013270468122306e-01 8.407845478274544870e-01
1.375891721091437002e-02 -5.487489351546930294e-01 8.358739727756155924e-01
1.401173915755683785e-02 -5.563103997386930066e-01 8.308564318269837656e-01
1.426648395975320914e-02 -5.638840383677232726e-01 8.257307422576921629e-01
1.452310614461536052e-02 -5.714681351090812322e-01 8.204957342623786509e-01
1.478155857297125050e-02 -5.790609403217549245e-01 8.151502517448736551e-01
1.504179243072229985e-02 -5.866606704618387846e-01 8.096931531226022605e-01
1.530375722147044905e-02 -5.942655079005242369e-01 8.041233121446708099e-01
1.556740076047137371e-02 -6.018736007551354072e-01 7.984396187235953679e-01
1.583266916997087131e-02 -6.094830627336856876e-01 7.926409797806203139e-01
1.609950687598189420e-02 -6.170919729934384312e-01 7.867263201045635590e-01
1.636785660656014593e-02 -6.246983760139597219e-01 7.806945832241132255e-01
1.663765939163641336e-02 -6.323002814851572673e-01 7.745447322934889689e-01
1.690885456446414997e-02 -6.398956642108061255e-01 7.682757509913693550e-01
1.718137976474097203e-02 -6.474824640280665289e-01 7.618866444329733811e-01
1.745517094346279649e-02 -6.550585857435045067e-01 7.553764400951724634e-01
1.773016236956944172e-02 -6.626218990861316716e-01 7.487441887544947772e-01
1.800628663844036290e-02 -6.701702386779855303e-01 7.419889654378718502e-01
1.828347468229908970e-02 -6.777014040227749003e-01 7.351098703859617611e-01
1.856165578258459417e-02 -6.852131595131228936e-01 7.281060300288707543e-01
1.884075758434755610e-02 -6.927032344569398203e-01 7.209765979740796471e-01
1.912070611272888992e-02 -7.001693231234663584e-01 7.137207560063659750e-01
1.940142579157742853e-02 -7.076090848095283325e-01 7.063377150994989417e-01
1.968283946426289260e-02 -7.150201439265503334e-01 6.988267164394676989e-01
1.996486841673949034e-02 -7.224000901088757365e-01 6.911870324589880488e-01
2.024743240291451349e-02 -7.297464783439465696e-01 6.834179678830160087e-01
2.053044967237529009e-02 -7.370568291248971171e-01 6.755188607849800242e-01
2.081383700052659436e-02 -7.443286286261187046e-01 6.674890836534275174e-01
2.109750972118932047e-02 -7.515593289023538848e-01 6.593280444687625863e-01
2.138138176170972446e-02 -7.587463481118813524e-01 6.510351877897362360e-01
2.166536568062697385e-02 -7.658870707643520293e-01 6.426099958493300957e-01
2.194937270794489886e-02 -7.729788479938398682e-01 6.340519896596583660e-01
2.223331278805200720e-02 -7.800189978576690386e-01 6.253607301254929807e-01
2.251709462533172182e-02 -7.870048056615814858e-01 6.165358191659978671e-01
2.280062573250254618e-02 -7.939335243118061936e-01 6.075769008442406527e-01
2.308381248172553316e-02 -8.008023746945918120e-01 5.984836625040276248e-01
2.336656015851384938e-02 -8.076085460837625352e-01 5.892558359135909862e-01
2.364877301847647523e-02 -8.143491965768558938e-01 5.798931984156351360e-01
2.393035434692527066e-02 -8.210214535603976849e-01 5.703955740832290511e-01
2.421120652137149706e-02 -8.276224142048672627e-01 5.607628348810113073e-01
2.449123107693467610e-02 -8.341491459899021965e-01 5.509949018311521840e-01
2.477032877468327357e-02 -8.405986872602884130e-01 5.410917461834978681e-01
2.504839967292303918e-02 -8.469680478132767254e-01 5.310533905892974582e-01
2.532534320144511769e-02 -8.532542095177613195e-01 5.208799102778948198e-01
2.560105823874204642e-02 -8.594541269658506621e-01 5.105714342357424718e-01
2.587544319219562197e-02 -8.655647281573545238e-01 5.001281463870741462e-01
2.614839608123627201e-02 -8.715829152177042571e-01 4.895502867755495147e-01
2.641981462346907825e-02 -8.775055651498153697e-01 4.788381527461617604e-01
2.668959632375687493e-02 -8.833295306203935437e-01 4.679921001266756919e-01
2.695763856624595195e-02 -8.890516407811760446e-01 4.570125444078416144e-01
2.722383870931485705e-02 -8.946687021255910199e-01 4.458999619216060806e-01
2.748809418342145969e-02 -9.001774993813063119e-01 4.346548910165175528e-01
2.775030259181811634e-02 -9.055747964391293037e-01 4.232779332295016350e-01
2.801036181409901488e-02 -9.108573373187055511e-01 4.117697544531566112e-01
2.826817011253811990e-02 -9.160218471714537403e-01 4.001310860976958206e-01
2.852362624117006293e-02 -9.210650333211588547e-01 3.883627262466408658e-01
2.877662955756022517e-02 -9.259835863426323366e-01 3.764655408053436680e-01
2.902708013720395330e-02 -9.307741811788329267e-01 3.644404646413935689e-01
2.927487889048836431e-02 -9.354334782968253270e-01 3.522885027159396998e-01
2.951992768214354440e-02 -9.399581248829370628e-01 3.400107312049361896e-01
2.976212945310320948e-02 -9.443447560774576033e-01 3.276082986092933025e-01
3.000138834468791052e-02 -9.485899962492029269e-01 3.150824268528932270e-01
3.023760982501686248e-02 -9.526904603102510638e-01 3.024344123674059803e-01
3.047070081754719301e-02 -9.566427550711337213e-01 2.896656271628166301e-01
3.070056983163218026e-02 -9.604434806367458943e-01 2.767775198825515592e-01
3.092712709498251708e-02 -9.640892318432152663e-01 2.637716168420677354e-01
3.115028468790717250e-02 -9.675765997359493387e-01 2.506495230497457483e-01
3.136995667920274011e-02 -9.709021730890529112e-01 2.374129232089037533e-01
3.158605926355245036e-02 -9.740625399662842243e-01 2.240635826997272595e-01
3.179851090028826266e-02 -9.770542893236925375e-01 2.106033485398861038e-01
3.200723245336153933e-02 -9.798740126540508300e-01 1.970341503225879476e-01
3.221214733236000410e-02 -9.825183056731703335e-01 1.833580011307956448e-01
3.241318163440060768e-02 -9.849837700481544056e-01 1.695769984263136021e-01
3.261026428672016142e-02 -9.872670151676175010e-01 1.556933249124272944e-01
3.280194452953449913e-02 -9.893447443355148918e-01 1.418485434813736290e-01
3.298820550782070177e-02 -9.912194759188400761e-01 1.280458076372119336e-01
3.316903462774089401e-02 -9.928937627820970668e-01 1.142881925969979617e-01
3.334442347097450743e-02 -9.943701903330943725e-01 1.005786955425284901e-01
3.351436770629070278e-02 -9.956513746001429688e-01 8.692023591043387953e-02
3.367886699857648020e-02 -9.967399603410486142e-01 7.331565571937091741e-02
3.383792491553217624e-02 -9.976386191842570028e-01 5.976771993307879172e-02
3.399154883224179968e-02 -9.983500478024722735e-01 4.627911685807205300e-02
3.413974983382159906e-02 -9.988769661190382010e-01 3.285245857475652120e-02
3.428254261634568895e-02 -9.992221155473370864e-01 1.949028140076639742e-02
3.441994538624288530e-02 -9.993882572634295025e-01 6.195046385333882050e-03
3.455197975835430646e-02 -9.993781705121278502e-01 -7.030860166483750284e-03
3.467867065283614797e-02 -9.991946509466652637e-01 -2.018512614088063817e-02
3.480004619108719582e-02 -9.988405090020922028e-01 -3.326551303482885164e-02
3.491613759087540403e-02 -9.983185683025057600e-01 -4.626985534918628962e-02
3.502697906083263035e-02 -9.976316641021867326e-01 -5.919605995650200486e-02
3.513260769448137144e-02 -9.967826417606949763e-01 -7.204210544461903121e-02
3.523306336395184285e-02 -9.957743552519457975e-01 -8.480604143715861354e-02
3.532838861354250376e-02 -9.946096657072661662e-01 -9.748598789195329906e-02
3.541862855327142928e-02 -9.932914399924043236e-01 -1.100801343784792719e-01
3.550383075256065279e-02 -9.918225493184431585e-01 -1.225867393353213680e-01
3.558404513418995246e-02 -9.902058678865454100e-01 -1.350041293086866878e-01
3.565932386865105358e-02 -9.884442715664355505e-01 -1.473306981729650411e-01
3.572972126902779211e-02 -9.865406366085043288e-01 -1.595649063343167195e-01
3.579529368652217131e-02 -9.844978383893984164e-01 -1.717052799182497147e-01
3.585609940674084478e-02 -9.823187501909416142e-01 -1.837504099421307935e-01
3.591219854685114010e-02 -9.800062420122120921e-01 -1.956989514735558988e-01
3.596365295371022758e-02 -9.775631794145844822e-01 -2.075496227754870249e-01
3.601052610306586244e-02 -9.749924223995262151e-01 -2.193012044390444393e-01
3.605288299992166073e-02 -9.722968243189231696e-01 -2.309525385048237234e-01
3.609079008015479706e-02 -9.694792308176917173e-01 -2.425025275735889219e-01
3.612431511346878704e-02 -9.665424788084203689e-01 -2.539501339071740804e-01
3.615352710775890377e-02 -9.634893954777697944e-01 -2.652943785204062155e-01
3.617849621496290607e-02 -9.603227973243446680e-01 -2.765343402648446358e-01
3.619929363846471210e-02 -9.570454892277401315e-01 -2.876691549051118013e-01
3.621599154211397470e-02 -9.536602635484512369e-01 -2.986980141885728912e-01
3.622866296091969973e-02 -9.501698992583222925e-01 -3.096201649091012698e-01
3.623738171347146847e-02 -9.465771611012029352e-01 -3.204349079656498844e-01
3.624222231613737077e-02 -9.428847987834654276e-01 -3.311415974163279818e-01
3.624325989908327300e-02 -9.390955461940295734e-01 -3.417396395286657063e-01
3.624057012415381890e-02 -9.352121206535309872e-01 -3.522284918267291065e-01
3.623422910465138452e-02 -9.312372221922595728e-01 -3.626076621357305352e-01
3.622431332704510731e-02 -9.271735328564884027e-01 -3.728767076247607171e-01
3.621089957463825143e-02 -9.230237160428036436e-01 -3.830352338482503338e-01
3.619406485321825795e-02 -9.187904158600400661e-01 -3.930828937867515971e-01
3.617388631871022719e-02 -9.144762565184201275e-01 -4.030193868876111307e-01
3.615044120685093065e-02 -9.100838417454878426e-01 -4.128444581060890517e-01
3.612380676489703596e-02 -9.056157542284241080e-01 -4.225578969474602098e-01
3.609406018537789085e-02 -9.010745550823239247e-01 -4.321595365106174480e-01
3.606127854189998538e-02 -8.964627833440120819e-01 -4.416492525336777608e-01
3.602623433846206813e-02 -8.917511819210368618e-01 -4.510897249731259384e-01
3.598899019186482806e-02 -8.869402756001772969e-01 -4.604799019476726318e-01
3.594960969848151611e-02 -8.820306002368982767e-01 -4.698187371771490040e-01
3.590815740591271621e-02 -8.770227026969360518e-01 -4.791051900995454971e-01
3.586469878421640056e-02 -8.719171407966451737e-01 -4.883382259874284870e-01
3.581930019672607823e-02 -8.667144832421126432e-01 -4.975168160637216119e-01
3.577202887047010310e-02 -8.614153095670437077e-01 -5.066399376168377877e-01
3.572295286620521398e-02 -8.560202100694258576e-01 -5.157065741151494187e-01
3.567214104807769209e-02 -8.505297857469750200e-01 -5.247157153207823166e-01
3.561966305292566665e-02 -8.449446482313719420e-01 -5.336663574027210588e-01
3.556558925923624520e-02 -8.392654197212924272e-01 -5.425575030492122419e-01
3.550999075577122160e-02 -8.334927329142388652e-01 -5.513881615794523627e-01
3.545293930987548220e-02 -8.276272309371789371e-01 -5.601573490545471712e-01
3.539450733548209910e-02 -8.216695672759979363e-01 -5.688640883877298382e-01
3.533476786082846710e-02 -8.156204057037709232e-01 -5.775074094538248382e-01
3.527379449589781307e-02 -8.094804202078618172e-01 -5.860863491979444451e-01
3.521166139960067720e-02 -8.032502949158559780e-01 -5.945999517434058523e-01
3.514844324671091008e-02 -7.969307240203337139e-01 -6.030472684988547050e-01
3.508421519457101401e-02 -7.905224117024912678e-01 -6.114273582645841643e-01
3.501905284958162917e-02 -7.840260720546173845e-01 -6.197392873380356271e-01
3.495303223349015970e-02 -7.774424290014320116e-01 -6.279821296184693313e-01
3.488622974949354832e-02 -7.707722162202956806e-01 -6.361549667107921913e-01
3.481872214817036820e-02 -7.640161770602972302e-01 -6.442568880285306498e-01
3.475058649325740018e-02 -7.571750644602268654e-01 -6.522869908959363361e-01
3.468190012728602362e-02 -7.502496408654444338e-01 -6.602443806492120926e-01
3.461274063709371407e-02 -7.432406781436496912e-01 -6.681281707368473821e-01
3.454318581922610071e-02 -7.361489574995635499e-01 -6.759374828190494178e-01
3.447331364524500175e-02 -7.289752693885295232e-01 -6.836714468662602462e-01
3.440320222695793934e-02 -7.217204134290429174e-01 -6.913292012567459066e-01
3.433292978158472564e-02 -7.143851983142182061e-01 -6.989098928732482285e-01
3.426257459687657991e-02 -7.069704417222023585e-01 -7.064126771986857234e-01
3.419221499620346549e-02 -6.994769702255441146e-01 -7.138367184108934671e-01
3.412192930362521748e-02 -6.919056191995286431e-01 -7.211811894763904274e-01
3.405179580896201819e-02 -6.842572327294867973e-01 -7.284452722431625782e-01
3.398189273287995082e-02 -6.765326635170892944e-01 -7.356281575324512545e-01
3.391229819200712592e-02 -6.687327727856351434e-01 -7.427290452295352008e-01
3.384309016409605547e-02 -6.608584301843446474e-01 -7.497471443734963215e-01
3.377434645324783880e-02 -6.529105136916676377e-01 -7.566816732459574757e-01
3.370614465521366149e-02 -6.448899095176162666e-01 -7.635318594587819918e-01
3.363856212278920621e-02 -6.367975120051342364e-01 -7.702969400407250200e-01
3.357167593131741429e-02 -6.286342235305120152e-01 -7.769761615230253993e-01
3.350556284431499554e-02 -6.204009544028598055e-01 -7.835687800239283796e-01
3.344029927923815315e-02 -6.120986227626484810e-01 -7.900740613321288741e-01
3.337596127340274749e-02 -6.037281544793303700e-01 -7.964912809891254719e-01
3.331262445007419221e-02 -5.952904830480508780e-01 -8.028197243704752184e-01
3.325036398474227189e-02 -5.867865494854622721e-01 -8.090586867659390613e-01
3.318925457159593861e-02 -5.782173022246512861e-01 -8.152074734585091909e-01
3.312937039021308927e-02 -5.695836970091932017e-01 -8.212653998023081714e-01
3.307078507248025628e-02 -5.608866967863425090e-01 -8.272317912993504274e-01
3.301357166975701224e-02 -5.521272715993743585e-01 -8.331059836751580905e-01
3.295709447899833333e-02 -5.433654611617778629e-01 -8.388490958053465008e-01
3.290141446477756054e-02 -5.346034412977586081e-01 -8.444623481673344534e-01
3.284659051937063173e-02 -5.258433475555500669e-01 -8.499469838268061128e-01
3.279267946916607224e-02 -5.170872753270782107e-01 -8.553042674168606085e-01
3.273973608290169091e-02 -5.083372799857072133e-01 -8.605354841326297022e-01
3.268781308165355504e-02 -4.995953770414826578e-01 -8.656419387414904243e-01
3.263696115050323393e-02 -4.908635423132969300e-01 -8.706249546089841473e-01
3.258722895181002943e-02 -4.821437121174059204e-01 -8.754858727405420149e-01
3.253866314001555016e-02 -4.734377834717346523e-01 -8.802260508390986615e-01
3.249130837790870086e-02 -4.647476143154153361e-01 -8.848468623786671650e-01
3.244520735428017139e-02 -4.560750237430089560e-01 -8.893496956939316300e-01
3.240040080289623148e-02 -4.474217922528690439e-01 -8.937359530859027013e-01
3.235692752272275458e-02 -4.387896620091128463e-01 -8.980070499436686449e-01
3.231482439933144185e-02 -4.301803371166736389e-01 -9.021644138822627612e-01
3.227412642742115423e-02 -4.215954839089154915e-01 -9.062094838966565646e-01
3.223486673438866190e-02 -4.130367312472987273e-01 -9.101437095318754000e-01
3.219707660488405759e-02 -4.045056708325936445e-01 -9.139685500692255049e-01
3.216078550628753696e-02 -3.960038575271469519e-01 -9.176854737286069819e-01
3.212602111504538754e-02 -3.875328096877141415e-01 -9.212959568868803739e-01
3.209280934380439460e-02 -3.790940095083786820e-01 -9.248014833122434331e-01
3.206117436928522524e-02 -3.706889033730880745e-01 -9.282035434145645691e-01
3.203113866083669159e-02 -3.623189022173440299e-01 -9.315036335116115840e-01
3.200272300961425065e-02 -3.539853818985929101e-01 -9.347032551111050802e-01
3.197594655832743105e-02 -3.456896835748715091e-01 -9.378039142085169422e-01
3.195082683150239633e-02 -3.374331140912705251e-01 -9.408071206005274023e-01
3.192737976620728391e-02 -3.292169463737873447e-01 -9.437143872140453249e-01
3.190561974318936733e-02 -3.210424198301485843e-01 -9.465272294506890116e-01
3.188555961837466479e-02 -3.129107407571898314e-01 -9.492471645466188379e-01
3.186721075468198355e-02 -3.048230827543905175e-01 -9.518757109476042588e-01
3.185058305410495838e-02 -2.967805871431683507e-01 -9.544143876992031705e-01
3.183568499001711294e-02 -2.887843633915478936e-01 -9.568647138519242867e-01
3.182252363965636099e-02 -2.808354895438250898e-01 -9.592282078812366386e-01
3.181110471674704343e-02 -2.729350126548588662e-01 -9.615063871222868652e-01
3.180143260421881141e-02 -2.650839492286285459e-01 -9.637007672191766350e-01
3.179351038698338683e-02 -2.572832856607047969e-01 -9.658128615886503177e-01
3.178733988473147337e-02 -2.495339786842898089e-01 -9.678441808980356997e-01
3.178292168471370110e-02 -2.418369558194908564e-01 -9.697962325572780928e-01
3.178025517447082005e-02 -2.341931158254994538e-01 -9.716705202249019679e-01
3.177933857447981514e-02 -2.266033291553565532e-01 -9.734685433277320277e-01
3.178016897068399599e-02 -2.190684384129923667e-01 -9.751917965941999666e-01
3.178274234687652328e-02 -2.115892588122373907e-01 -9.768417696010613938e-01
3.178705361690817299e-02 -2.041665786375090885e-01 -9.784199463333420610e-01
3.179309665669154128e-02 -1.968011597058869078e-01 -9.799278047573322104e-01
3.180086433597509310e-02 -1.894937378302955500e-01 -9.813668164064411892e-01
3.181034854986193594e-02 -1.822450232835247097e-01 -9.827384459797261496e-01
3.182154025004931691e-02 -1.750557012628207731e-01 -9.840441509529019859e-01
3.183442947576618082e-02 -1.679264323547938198e-01 -9.852853812016407753e-01
3.184900538438738271e-02 -1.608578530003904328e-01 -9.864635786369649884e-01
3.186525628170423785e-02 -1.538505759596903166e-01 -9.875801768525372948e-01
3.188316965183241730e-02 -1.469051907762921327e-01 -9.886366007836490111e-01
3.190273218673926603e-02 -1.400222642410610396e-01 -9.896342663777062398e-01
3.192392981537372360e-02 -1.332023408550173649e-01 -9.905745802760126395e-01
3.194674773238321414e-02 -1.264459432911530512e-01 -9.914589395066466526e-01
3.197117042640286455e-02 -1.197535728549693201e-01 -9.922887311882286898e-01
3.199718170790353394e-02 -1.131257099435354907e-01 -9.930653322443748765e-01
3.202476473658601858e-02 -1.065628145028760521e-01 -9.937901091286324151e-01
3.205390204830997625e-02 -1.000653264834991674e-01 -9.944644175596903946e-01
3.208457558154688416e-02 -9.363366629388646112e-02 -9.950896022666614327e-01
3.211676670334741995e-02 -8.726823525177021534e-02 -9.956669967442272062e-01
3.215045623481445347e-02 -8.096941603303023371e-02 -9.961979230174429212e-01
3.218562447607379445e-02 -7.473757311804889170e-02 -9.966836914159941108e-01
3.222225123073563929e-02 -6.857305323536860842e-02 -9.971256003577008142e-01
3.226031582984047186e-02 -6.247618580250206832e-02 -9.975249361410631899e-01
3.229979715528402684e-02 -5.644728336375121058e-02 -9.978829727466449473e-01
3.234067366271659028e-02 -5.048664202489648589e-02 -9.982009716470889860e-01
3.238292340391275143e-02 -4.459454188462357027e-02 -9.984801816255630680e-01
3.242652404860834475e-02 -3.877124746255999205e-02 -9.987218386024319106e-01
3.247145290580203542e-02 -3.301700812379947114e-02 -9.989271654699550806e-01
3.251768694451970254e-02 -2.733205849979686991e-02 -9.990973719348086313e-01
3.256520281404027412e-02 -2.171661890552167157e-02 -9.992336543682323047e-01
3.261397686358245146e-02 -1.617089575276291213e-02 -9.993371956636027953e-01
3.266398516145217062e-02 -1.069508195948317732e-02 -9.994091651012367850e-01
3.271520351365132806e-02 -5.289357355123993319e-03 -9.994507182202275741e-01
3.276760748194868650e-02 4.611091823046500199e-05 -9.994629966971216861e-01
3.282117240141458475e-02 5.311168008920032040e-03 -9.994471282312417104e-01
3.287587339742134573e-02 1.050567096308991852e-02 -9.994042264364656480e-01
3.293168540211186684e-02 1.562948833646690683e-02 -9.993353907392726887e-01
3.298858317033925153e-02 2.068249981060640147e-02 -9.992417062828673480e-01
3.304654129508081267e-02 2.566459581368242537e-02 -9.991242438371972234e-01
3.310553422233006998e-02 3.057567714588870292e-02 -9.989840597146797396e-01
3.316553626547089073e-02 3.541565460951529021e-02 -9.988221956914561384e-01
3.322652161913807606e-02 4.018444864376156250e-02 -9.986396789339927471e-01
3.328846437256921531e-02 4.488198896434278384e-02 -9.984375219308512239e-01
3.335133852245279751e-02 4.950821420794414979e-02 -9.982167224294528074e-01
3.341511798527797145e-02 5.406307158157278719e-02 -9.979782633776618228e-01
3.347977660919154025e-02 5.854651651685510716e-02 -9.977231128700178031e-01
3.354528818536806067e-02 6.295851232932367370e-02 -9.974522240984462496e-01
3.361162645889916728e-02 6.729902988273489539e-02 -9.971665353072817206e-01
3.367876513920849135e-02 7.156804725845589132e-02 -9.968669697524377149e-01
3.374667790999864858e-02 7.576554942995604447e-02 -9.965544356645621438e-01
3.381533843873708173e-02 7.989152794243624400e-02 -9.962298262160167450e-01
3.388472038568765554e-02 8.394598059762603537e-02 -9.958940194915245625e-01
3.395479741249510242e-02 8.792891114377660022e-02 -9.955478784623291721e-01
3.402554319032946584e-02 9.184032897087490710e-02 -9.951922509637134429e-01
3.409693140759802871e-02 9.568024881110233359e-02 -9.948279696757271751e-01
3.416893577723206094e-02 9.944869044455859064e-02 -9.944558521069762902e-01
3.424153004355611624e-02 1.031456784102699059e-01 -9.940767005813283541e-01
3.431468798874746928e-02 1.067712417224983557e-01 -9.936913022273915486e-01
3.438838343889352028e-02 1.103254135923671525e-01 -9.933004289706268697e-01
3.446259026965504957e-02 1.138082311548151843e-01 -9.929048375279559968e-01
3.453728241154317702e-02 1.172197352008920029e-01 -9.925052694047306057e-01
3.461243385481808238e-02 1.205599699154031590e-01 -9.921024508939294551e-01
3.468801865401747314e-02 1.238289826199138466e-01 -9.916970930774550164e-01
3.476401093212288379e-02 1.270268235211176600e-01 -9.912898918294007489e-01
3.484038488437194575e-02 1.301535454645756928e-01 -9.908815278211661193e-01
3.491711478172470490e-02 1.332092036938296864e-01 -9.904726665282967968e-01
3.499417497399216065e-02 1.361938556148923340e-01 -9.900639582389303417e-01
3.507153989263517985e-02 1.391075605661156733e-01 -9.896560380637319243e-01
3.514918405324197331e-02 1.419503795934384804e-01 -9.892495259472046110e-01
3.522708205769223277e-02 1.447223752310115574e-01 -9.888450266802649713e-01
3.530520859601614381e-02 1.474236112871997739e-01 -9.884431299139730953e-01
3.538353844795636555e-02 1.500541526359579214e-01 -9.880444101743128815e-01
3.546204648424114425e-02 1.526140650135772991e-01 -9.876494268779182351e-01
3.554070766757661676e-02 1.551034148207991181e-01 -9.872587243486452557e-01
3.561949705336640848e-02 1.575222689302894497e-01 -9.868728318348916062e-01
3.569838979016656810e-02 1.598706944994709722e-01 -9.864922635275684693e-01
3.577736111988381179e-02 1.621487587887049386e-01 -9.861175185786322794e-01
3.585638637772513293e-02 1.643565289848173960e-01 -9.857490811200858571e-01
3.593544099190663227e-02 1.664940720299623311e-01 -9.853874202833616813e-01
3.601450048312951346e-02 1.685614544558147188e-01 -9.850329902190030351e-01
3.609354046383110581e-02 1.705587422230855632e-01 -9.846862301165607567e-01
3.617253663721868573e-02 1.724860005663512164e-01 -9.843475642246255486e-01
3.625146479609389627e-02 1.743432938441884517e-01 -9.840174018709202386e-01
3.633030082147548773e-02 1.761306853946072726e-01 -9.836961374823764981e-01
3.640902068102801897e-02 1.778482373957726570e-01 -9.833841506051259618e-01
3.648760042730416625e-02 1.794960107320066056e-01 -9.830818059243352502e-01
3.656601619580822360e-02 1.810740648650620843e-01 -9.827894532838205022e-01
3.664424420288830281e-02 1.825824577106596736e-01 -9.825074277053755800e-01
3.672226074346470609e-02 1.840212455202787645e-01 -9.822360494077551074e-01
3.680004218860194465e-02 1.853904827681943646e-01 -9.819756238252519420e-01
3.687756498293171675e-02 1.866902220437510196e-01 -9.817264416258147941e-01
3.695480564193424911e-02 1.879205139488657472e-01 -9.814887787286520338e-01
3.703174074908525265e-02 1.890814070007514613e-01 -9.812628963212705058e-01
3.710834695287575785e-02 1.901729475398531155e-01 -9.810490408759029446e-01
3.718460096371199036e-02 1.911951796429886830e-01 -9.808474441652762499e-01
3.726047955070254519e-02 1.921481450416876735e-01 -9.806583232776796555e-01
3.733595953833983294e-02 1.930318830457197765e-01 -9.804818806312918245e-01
3.741101780308303537e-02 1.938464304718068854e-01 -9.803183039877283456e-01
3.748563126984948840e-02 1.945918215775119808e-01 -9.801677664647753252e-01
3.755977690842158406e-02 1.952680880002986286e-01 -9.800304265482765453e-01
3.763343172977611645e-02 1.958752587017552893e-01 -9.799064281031431012e-01
3.770657278234307991e-02 1.964133599169792521e-01 -9.797959003834587621e-01
3.777917714820074740e-02 1.968824151091150276e-01 -9.796989580416560761e-01
3.785122193921402339e-02 1.972824449290427051e-01 -9.796157011367402356e-01
3.792268429312287137e-02 1.976134671802123599e-01 -9.795462151415413876e-01
3.799354136958767864e-02 1.978754967886207639e-01 -9.794905709489772905e-01
3.806377034619842781e-02 1.980685457779272907e-01 -9.794488248773125516e-01
3.813334841445442658e-02 1.981926232497064067e-01 -9.794210186744009006e-01
3.820225277572147221e-02 1.982477353688346655e-01 -9.794071795209017273e-01
3.827046063717317453e-02 1.982338853540103196e-01 -9.794073200324628914e-01
3.833794920772329307e-02 1.981510734734047152e-01 -9.794214382608658065e-01
3.840469569395580512e-02 1.979992970454445833e-01 -9.794495176941301340e-01
3.847067729605951891e-02 1.977785504447252263e-01 -9.794915272555784203e-01
3.853587120377404557e-02 1.974888251130549055e-01 -9.795474213018638965e-01
3.860025459235384010e-02 1.971301095756313460e-01 -9.796171396199665482e-01
3.866380461855718764e-02 1.967023894623517455e-01 -9.797006074231654482e-01
3.872649841666687964e-02 1.962056475342581208e-01 -9.797977353459980110e-01
3.878831309454941478e-02 1.956398637151204045e-01 -9.799084194382189361e-01
3.884922572975956639e-02 1.950050151281601252e-01 -9.800325411577741619e-01
3.890921336569717198e-02 1.943010761379179996e-01 -9.801699673628088139e-01
3.896825300782297274e-02 1.935280183972692136e-01 -9.803205503027285772e-01
3.902632161994046278e-02 1.926858108995906371e-01 -9.804841276083382517e-01
3.908339612055058976e-02 1.917744200360845253e-01 -9.806605222810834688e-01
3.913945337928632917e-02 1.907938096582640630e-01 -9.808495426814229923e-01
3.919447021343405724e-02 1.897439411456058878e-01 -9.810509825163629127e-01
3.924842338454874457e-02 1.886247734783756680e-01 -9.812646208261860403e-01
3.930128959517004139e-02 1.874362633156329006e-01 -9.814902219704123576e-01
3.935304548564628330e-02 1.861783650784214206e-01 -9.817275356130288344e-01
3.940366763107359255e-02 1.848510310381525357e-01 -9.819762967070294613e-01
3.945313253835719403e-02 1.834542114101879173e-01 -9.822362254783097990e-01
3.950141664340215547e-02 1.819878544526296604e-01 -9.825070274089611200e-01
3.954849630844081004e-02 1.804519065703250325e-01 -9.827883932200136563e-01
3.959434781950413318e-02 1.788463124240939062e-01 -9.830799988536801370e-01
3.963894738404441509e-02 1.771710150451867027e-01 -9.833815054551531265e-01
3.968227112871658413e-02 1.754259559549809500e-01 -9.836925593540128965e-01
3.972429509732566116e-02 1.736110752899248932e-01 -9.840127920453050070e-01
3.976499524894774873e-02 1.717263119317360698e-01 -9.843418201703487691e-01
3.980434745623214615e-02 1.697716036428633390e-01 -9.846792454973416486e-01
3.984232750389208461e-02 1.677468872072206685e-01 -9.850246549018255582e-01
3.987891108739177043e-02 1.656520985762005849e-01 -9.853776203470853146e-01
3.991407381183733477e-02 1.634871730199756734e-01 -9.857376988645507598e-01
3.994779119107946114e-02 1.612520452840957852e-01 -9.861044325342777084e-01
3.998003864703538607e-02 1.589466497513888632e-01 -9.864773484655848801e-01
4.001079150923812777e-02 1.565709206091725758e-01 -9.868559587779265341e-01
4.004002501462072816e-02 1.541247920217842793e-01 -9.872397605820839583e-01
4.006771430754344637e-02 1.516081983084356655e-01 -9.876282359617607476e-01
4.009383444007176556e-02 1.490210741263987837e-01 -9.880208519556693547e-01
4.011836037251324122e-02 1.463633546595292101e-01 -9.884170605402003984e-01
4.014126697422112922e-02 1.436349758121317488e-01 -9.888162986127669862e-01
4.016252902467282865e-02 1.408358744081735781e-01 -9.892179879759200878e-01
4.018212121483120958e-02 1.379659883958486433e-01 -9.896215353223338784e-01
4.020001814879687468e-02 1.350252570574972666e-01 -9.900263322207613070e-01
4.021619434575946644e-02 1.320136212248831931e-01 -9.904317551030646927e-01
4.023062424225611750e-02 1.289310234998299887e-01 -9.908371652524265993e-01
4.024328219474518353e-02 1.257774084802179837e-01 -9.912419087928507899e-01
4.025414248250333560e-02 1.225527229913413313e-01 -9.916453166800646146e-01
4.026317931085422741e-02 1.192569163226243067e-01 -9.920467046939374089e-01
4.027036681473673135e-02 1.158899404696945579e-01 -9.924453734325314747e-01
4.027567906262095876e-02 1.124517503818099756e-01 -9.928406083079053257e-01
4.027909006078009974e-02 1.089423042146342863e-01 -9.932316795437916568e-01
4.028200350489204162e-02 1.055014435852891092e-01 -9.936029416160921945e-01
4.028444176842840146e-02 1.021292883888075126e-01 -9.939551157862720476e-01
4.028642738697375131e-02 9.882595202451341376e-02 -9.942889092049363997e-01
4.028798304945611225e-02 9.559154164310523782e-02 -9.946050148582605832e-01
4.028913158970304914e-02 9.242615838893275537e-02 -9.949041115174421801e-01
4.028989597831827973e-02 8.932989763743567901e-02 -9.951868636910562449e-01
4.029029931487350391e-02 8.630284922771438993e-02 -9.954539215801984087e-01
4.029036482041003370e-02 8.334509769020474745e-02 -9.957059210363007340e-01
4.029011583024462440e-02 8.045672246943097461e-02 -9.959434835215108528e-01
4.028957578707379611e-02 7.763779814181179240e-02 -9.961672160715230318e-01
4.028876823437075455e-02 7.488839462849691819e-02 -9.963777112607563602e-01
4.028771681006895755e-02 7.220857740321216800e-02 -9.965755471697744783e-01
4.028644524052622800e-02 6.959840769509309522e-02 -9.967612873548455932e-01
4.028497733476324449e-02 6.705794268648826439e-02 -9.969354808195426410e-01
4.028333697896999827e-02 6.458723570571459072e-02 -9.970986619882872271e-01
4.028154813127397121e-02 6.218633641474843876e-02 -9.972513506817420881e-01
4.027963481676342244e-02 5.985529099183724971e-02 -9.973940520939604815e-01
4.027762112275930922e-02 5.759414230901766657e-02 -9.975272567712019089e-01
4.027553119432912554e-02 5.540293010452709832e-02 -9.976514405923276874e-01
4.027338923003603161e-02 5.328169115009664947e-02 -9.977670647506916568e-01
4.027121947791643952e-02 5.123045941311440282e-02 -9.978745757374429814e-01
4.026904623167926189e-02 4.924926621364870971e-02 -9.979744053261622172e-01
4.026689382711990534e-02 4.733814037632219640e-02 -9.980669705587527085e-01
4.026478663874213243e-02 4.549710837702787558e-02 -9.981526737325130405e-01
4.026274907658072139e-02 4.372619448447942481e-02 -9.982319023883181597e-01
4.026080558321801228e-02 4.202542089658858893e-02 -9.983050292998397746e-01
4.025898063098719282e-02 4.039480787166308678e-02 -9.983724124637380903e-01
4.025729871935525978e-02 3.883437385441913803e-02 -9.984343950907615950e-01
4.025578437247855773e-02 3.734413559680331562e-02 -9.984913055976918361e-01
4.025446213692372710e-02 3.592410827361881831e-02 -9.985434576000743467e-01
4.025335657954682428e-02 3.457430559295188860e-02 -9.985911499056779883e-01
4.025249228552355008e-02 3.329473990139449752e-02 -9.986346665086294205e-01
4.025189385652321733e-02 3.208542228405983354e-02 -9.986742765841702951e-01
4.025158590901931760e-02 3.094636265938747674e-02 -9.987102344839876578e-01
4.025159307272938719e-02 2.987756986873561088e-02 -9.987427797320715950e-01
4.025193998917694915e-02 2.887905176075783453e-02 -9.987721370210556060e-01
4.025265131036818295e-02 2.795081527056247905e-02 -9.987985162089979552e-01
4.025375169757607757e-02 2.709286649365260508e-02 -9.988221123165657023e-01
4.025526582022478234e-02 2.630521075464511277e-02 -9.988431055245843293e-01
4.025721835486677919e-02 2.558785267076758504e-02 -9.988616611719196570e-01
4.025963398424561857e-02 2.494079621013171183e-02 -9.988779297536602986e-01
4.026253739643689128e-02 2.436404474478232399e-02 -9.988920469195726737e-01
4.026595328406006036e-02 2.385760109852123195e-02 -9.989041334728016031e-01
4.026990634355388093e-02 2.342146758950516827e-02 -9.989142953687939475e-01
4.027442127450803905e-02 2.305564606761733790e-02 -9.989226237144231968e-01
4.027952277904365413e-02 2.276013794661213910e-02 -9.989291947672981342e-01
4.028523556123536631e-02 2.253494423103274968e-02 -9.989340699352380337e-01
4.029158432656756994e-02 2.238006553790135994e-02 -9.989372957759027338e-01
4.029859378141754933e-02 2.229550211318193781e-02 -9.989389039965659300e-01
4.030628863255809186e-02 2.228125384301547079e-02 -9.989389114540242476e-01
4.031397844670303598e-02 2.226700291823168268e-02 -9.989389189114302736e-01
4.032166322293696814e-02 2.225274934061097915e-02 -9.989389263687840081e-01
4.032934296034510618e-02 2.223849311193408160e-02 -9.989389338260853402e-01
4.033701765801329941e-02 2.222423423398202716e-02 -9.989389412833343806e-01
4.034468731502802857e-02 2.220997270853617214e-02 -9.989389487405311296e-01
4.035235193047639890e-02 2.219570853737818164e-02 -9.989389561976755871e-01
4.036001150344614014e-02 2.218144172229003994e-02 -9.989389636547676421e-01
4.036766603302562734e-02 2.216717226505404356e-02 -9.989389711118074056e-01
4.037531551830385312e-02 2.215290016745280477e-02 -9.989389785687948775e-01
4.038295995837044156e-02 2.213862543126924806e-02 -9.989389860257299469e-01
4.039059935231564813e-02 2.212434805828661366e-02 -9.989389934826127249e-01
4.039823369923035978e-02 2.211006805028845057e-02 -9.989390009394432113e-01
4.040586299820609489e-02 2.209578540905862698e-02 -9.989390083962212952e-01
4.041348724833499634e-02 2.208150013638132333e-02 -9.989390158529470876e-01
4.042110644870984537e-02 2.206721223404102886e-02 -9.989390233096205884e-01
4.042872059842404775e-02 2.205292170382254849e-02 -9.989390307662417978e-01
4.043632969657164067e-02 2.203862854751099942e-02 -9.989390382228106047e-01
4.044393374224729970e-02 2.202433276689181110e-02 -9.989390456793271200e-01
4.045153273454631798e-02 2.201003436375072175e-02 -9.989390531357913439e-01
4.045912667256463396e-02 2.199573333987378532e-02 -9.989390605922031652e-01
4.046671555539880366e-02 2.198142969704736799e-02 -9.989390680485626950e-01
4.047429938214602146e-02 2.196712343705814474e-02 -9.989390755048699333e-01
4.048187815190412014e-02 2.195281456169309933e-02 -9.989390829611248801e-01
4.048945186377155003e-02 2.193850307273953124e-02 -9.989390904173274244e-01
4.049702051684739984e-02 2.192418897198504871e-02 -9.989390978734776771e-01
4.050458411023139665e-02 2.190987226121756878e-02 -9.989391053295756384e-01
4.051214264302388512e-02 2.189555294222532075e-02 -9.989391127856213082e-01
4.051969611432585522e-02 2.188123101679684615e-02 -9.989391202416145754e-01
4.052724452323891446e-02 2.186690648672098836e-02 -9.989391276975555511e-01
4.053478786886531571e-02 2.185257935378690994e-02 -9.989391351534442354e-01
4.054232615030794323e-02 2.183824961978407531e-02 -9.989391426092806281e-01
4.054985936667030583e-02 2.182391728650225765e-02 -9.989391500650647293e-01
4.055738751705655065e-02 2.180958235573154588e-02 -9.989391575207964280e-01
4.056491060057144937e-02 2.179524482926233422e-02 -9.989391649764758352e-01
4.057242861632041897e-02 2.178090470888532221e-02 -9.989391724321029509e-01
4.057994156340950093e-02 2.176656199639152162e-02 -9.989391798876777750e-01
4.058744944094536816e-02 2.175221669357224955e-02 -9.989391873432001967e-01
4.059495224803533198e-02 2.173786880221913187e-02 -9.989391947986703268e-01
4.060244998378733511e-02 2.172351832412410325e-02 -9.989392022540881655e-01
4.060994264730995174e-02 2.170916526107940364e-02 -9.989392097094537126e-01
4.061743023771239441e-02 2.169480961487757834e-02 -9.989392171647669683e-01
4.062491275410450020e-02 2.168045138731148486e-02 -9.989392246200278214e-01
4.063239019559675147e-02 2.166609058017428258e-02 -9.989392320752363830e-01
4.063986256130024816e-02 2.165172719525943965e-02 -9.989392395303926531e-01
4.064732985032673551e-02 2.163736123436072953e-02 -9.989392469854966317e-01
4.065479206178859717e-02 2.162299269927223447e-02 -9.989392544405483187e-01
4.066224919479883432e-02 2.160862159178833508e-02 -9.989392618955477143e-01
4.066970124847110041e-02 2.159424791370372770e-02 -9.989392693504947074e-01
4.067714822191966645e-02 2.157987166681340357e-02 -9.989392768053894089e-01
4.068459011425944877e-02 2.156549285291266618e-02 -9.989392842602318190e-01
4.069202692460599513e-02 2.155111147379712086e-02 -9.989392917150219375e-01
4.069945865207548474e-02 2.153672753126267478e-02 -9.989392991697597646e-01
4.070688529578474213e-02 2.152234102710554736e-02 -9.989393066244453001e-01
4.071430685485120937e-02 2.150795196312225641e-02 -9.989393140790784331e-01
4.072172332839297387e-02 2.149356034110962502e-02 -9.989393215336592746e-01
4.072913471552876141e-02 2.147916616286477814e-02 -9.989393289881878246e-01
4.073654101537792227e-02 2.146476943018514605e-02 -9.989393364426640831e-01
4.074394222706045204e-02 2.145037014486846430e-02 -9.989393438970880501e-01
4.075133834969697083e-02 2.143596830871276684e-02 -9.989393513514597256e-01
4.075872938240874405e-02 2.142156392351639294e-02 -9.989393588057791096e-01
4.076611532431766854e-02 2.140715699107798367e-02 -9.989393662600460910e-01
4.077349617454627956e-02 2.139274751319648546e-02 -9.989393737142607810e-01
4.078087193221773682e-02 2.137833549167114308e-02 -9.989393811684231794e-01
4.078824259645585232e-02 2.136392092830150316e-02 -9.989393886225332864e-01
4.079560816638506254e-02 2.134950382488741763e-02 -9.989393960765911018e-01
4.080296864113044236e-02 2.133508418322903680e-02 -9.989394035305966257e-01
4.081032401981769808e-02 2.132066200512681281e-02 -9.989394109845498582e-01
4.081767430157318133e-02 2.130623729238149966e-02 -9.989394184384507991e-01
4.082501948552387516e-02 2.129181004679414971e-02 -9.989394258922993375e-01
4.083235957079740103e-02 2.127738027016612063e-02 -9.989394333460955844e-01
4.083969455652201874e-02 2.126294796429906500e-02 -9.989394407998395398e-01
4.084702444182661263e-02 2.124851313099494071e-02 -9.989394482535312036e-01
4.085434922584071926e-02 2.123407577205600055e-02 -9.989394557071705760e-01
4.086166890769449972e-02 2.121963588928479916e-02 -9.989394631607576569e-01
4.086898348651876040e-02 2.120519348448418953e-02 -9.989394706142924463e-01
4.087629296144494606e-02 2.119074855945732652e-02 -9.989394780677749441e-01
4.088359733160512599e-02 2.117630111600766335e-02 -9.989394855212051505e-01
4.089089659613202171e-02 2.116185115593894814e-02 -9.989394929745830654e-01
4.089819075415897925e-02 2.114739868105523085e-02 -9.989395004279086887e-01
4.090547980481998996e-02 2.113294369316086330e-02 -9.989395078811820206e-01
4.091276374724967663e-02 2.111848619406048524e-02 -9.989395153344029499e-01
4.092004258058330735e-02 2.110402618555904525e-02 -9.989395227875715877e-01
4.092731630395678166e-02 2.108956366946178329e-02 -9.989395302406879340e-01
4.093458491650664444e-02 2.107509864757423773e-02 -9.989395376937519888e-01
4.094184841737006503e-02 2.106063112170224530e-02 -9.989395451467637521e-01
4.094910680568486505e-02 2.104616109365193763e-02 -9.989395525997232239e-01
4.095636008058949756e-02 2.103168856522974473e-02 -9.989395600526304042e-01
4.096360824122304706e-02 2.101721353824239150e-02 -9.989395675054852930e-01
4.097085128672525028e-02 2.100273601449690122e-02 -9.989395749582878903e-01
4.097808921623647543e-02 2.098825599580059209e-02 -9.989395824110381961e-01
4.098532202889772907e-02 2.097377348396108065e-02 -9.989395898637362103e-01
4.099254972385065615e-02 2.095928848078627491e-02 -9.989395973163819331e-01
4.099977230023753999e-02 2.094480098808437774e-02 -9.989396047689753644e-01
4.100698975720130229e-02 2.093031100766389388e-02 -9.989396122215165041e-01
4.101420209388550314e-02 2.091581854133361604e-02 -9.989396196740053524e-01
4.102140930943434793e-02 2.090132359090263181e-02 -9.989396271264419092e-01
4.102861140299267351e-02 2.088682615818033064e-02 -9.989396345788261744e-01
4.103580837370596202e-02 2.087232624497638647e-02 -9.989396420311581481e-01
4.104300022072033399e-02 2.085782385310077508e-02 -9.989396494834378304e-01
4.105018694318254141e-02 2.084331898436376368e-02 -9.989396569356652211e-01
4.105736854023998156e-02 2.082881164057591092e-02 -9.989396643878403204e-01
4.106454501104069704e-02 2.081430182354806688e-02 -9.989396718399631281e-01
4.107171635473336191e-02 2.079978953509138348e-02 -9.989396792920336443e-01
4.107888257046728858e-02 2.078527477701729714e-02 -9.989396867440518690e-01
4.108604365739243480e-02 2.077075755113753919e-02 -9.989396941960178022e-01
4.109319961465940363e-02 2.075623785926413584e-02 -9.989397016479314440e-01
4.110035044141942262e-02 2.074171570320940128e-02 -9.989397090997927942e-01
4.110749613682437159e-02 2.072719108478594807e-02 -9.989397165516018529e-01
4.111463670002676873e-02 2.071266400580667327e-02 -9.989397240033586201e-01
4.112177213017977062e-02 2.069813446808476884e-02 -9.989397314550630957e-01
4.112890242643717914e-02 2.068360247343371816e-02 -9.989397389067152799e-01
4.113602758795342762e-02 2.066906802366729606e-02 -9.989397463583151726e-01
4.114314761388359470e-02 2.065453112059956881e-02 -9.989397538098627738e-01
4.115026250338340436e-02 2.063999176604489061e-02 -9.989397612613580835e-01
4.115737225560921198e-02 2.062544996181791060e-02 -9.989397687128011016e-01
4.116447686971802522e-02 2.061090570973356240e-02 -9.989397761641918283e-01
4.117157634486748319e-02 2.059635901160707105e-02 -9.989397836155302635e-01
4.117867068021587029e-02 2.058180986925395653e-02 -9.989397910668164071e-01
4.118575987492211626e-02 2.056725828449001980e-02 -9.989397985180502593e-01
4.119284392814578227e-02 2.055270425913135676e-02 -9.989398059692318199e-01
4.119992283904708175e-02 2.053814779499435472e-02 -9.989398134203612001e-01
4.120699660678685955e-02 2.052358889389568203e-02 -9.989398208714382887e-01
4.121406523052661280e-02 2.050902755765230193e-02 -9.989398283224630859e-01
4.122112870942847007e-02 2.049446378808146216e-02 -9.989398357734355915e-01
4.122818704265521217e-02 2.047989758700070190e-02 -9.989398432243558057e-01
4.123524022937025135e-02 2.046532895622784828e-02 -9.989398506752237283e-01
4.124228826873765213e-02 2.045075789758101295e-02 -9.989398581260393595e-01
4.124933115992211741e-02 2.043618441287859550e-02 -9.989398655768026991e-01
4.125636890208898844e-02 2.042160850393928348e-02 -9.989398730275137472e-01
4.126340149440425181e-02 2.040703017258205590e-02 -9.989398804781725039e-01
4.127042893603453250e-02 2.039244942062616930e-02 -9.989398879287789690e-01
4.127745122614710771e-02 2.037786624989117515e-02 -9.989398953793331426e-01
4.128446836390988611e-02 2.036328066219690591e-02 -9.989399028298351357e-01
4.129148034849142862e-02 2.034869265936348551e-02 -9.989399102802848374e-01
4.129848717906093453e-02 2.033410224321131887e-02 -9.989399177306822475e-01
4.130548885478824844e-02 2.031950941556109544e-02 -9.989399251810273661e-01
4.131248537484385336e-02 2.030491417823379607e-02 -9.989399326313201932e-01
4.131947673839888452e-02 2.029031653305068267e-02 -9.989399400815607288e-01
4.132646294462510861e-02 2.027571648183330161e-02 -9.989399475317489729e-01
4.133344399269494457e-02 2.026111402640348724e-02 -9.989399549818849255e-01
4.134041988178144972e-02 2.024650916858335495e-02 -9.989399624319686977e-01
4.134739061105832669e-02 2.023190191019530806e-02 -9.989399698820001783e-01
4.135435617969992345e-02 2.021729225306203095e-02 -9.989399773319793674e-01
4.136131658688122631e-02 2.020268019900648901e-02 -9.989399847819062650e-01
4.136827183177787387e-02 2.018806574985193905e-02 -9.989399922317808711e-01
4.137522191356614309e-02 2.017344890742191546e-02 -9.989399996816031857e-01
4.138216683142295627e-02 2.015882967354024058e-02 -9.989400071313732088e-01
4.138910658452588098e-02 2.014420805003101084e-02 -9.989400145810910514e-01
4.139604117205313016e-02 2.012958403871861410e-02 -9.989400220307566025e-01
4.140297059318355510e-02 2.011495764142771925e-02 -9.989400294803698621e-01
4.140989484709665935e-02 2.010032885998327273e-02 -9.989400369299308302e-01
4.141681393297258484e-02 2.008569769621050896e-02 -9.989400443794395068e-01
4.142372784999211882e-02 2.007106415193493990e-02 -9.989400518288958919e-01
4.143063659733669385e-02 2.005642822898235852e-02 -9.989400592783000965e-01
4.143754017418838781e-02 2.004178992917884233e-02 -9.989400667276520096e-01
4.144443857972993084e-02 2.002714925435074636e-02 -9.989400741769516312e-01
4.145133181314468451e-02 2.001250620632471014e-02 -9.989400816261989613e-01
4.145821987361666267e-02 1.999786078692765423e-02 -9.989400890753939999e-01
4.146510276033052445e-02 1.998321299798677675e-02 -9.989400965245367470e-01
4.147198047247157432e-02 1.996856284132955683e-02 -9.989401039736273136e-01
4.147885300922576207e-02 1.995391031878375118e-02 -9.989401114226655887e-01
4.148572036977968280e-02 1.993925543217740098e-02 -9.989401188716515723e-01
4.149258255332057693e-02 1.992459818333882499e-02 -9.989401263205852644e-01
4.149943955903633019e-02 1.990993857409661949e-02 -9.989401337694667760e-01
4.150629138611547364e-02 1.989527660627966182e-02 -9.989401412182959961e-01
4.151313803374719058e-02 1.988061228171710687e-02 -9.989401486670729247e-01
4.151997950112129576e-02 1.986594560223839054e-02 -9.989401561157975618e-01
4.152681578742827007e-02 1.985127656967322282e-02 -9.989401635644699073e-01
4.153364689185921887e-02 1.983660518585159474e-02 -9.989401710130900724e-01
4.154047281360591370e-02 1.982193145260377834e-02 -9.989401784616579461e-01
4.154729355186075751e-02 1.980725537176031628e-02 -9.989401859101735281e-01
4.155410910581680550e-02 1.979257694515203225e-02 -9.989401933586368187e-01
4.156091947466776515e-02 1.977789617461002750e-02 -9.989402008070479289e-01
4.156772465760798230e-02 1.976321306196568081e-02 -9.989402082554067475e-01
4.157452465383244811e-02 1.974852760905064508e-02 -9.989402157037132746e-01
4.158131946253680600e-02 1.973383981769685075e-02 -9.989402231519675102e-01
4.158810908291735164e-02 1.971914968973650581e-02 -9.989402306001695653e-01
4.159489351417101216e-02 1.970445722700209581e-02 -9.989402380483193289e-01
4.160167275549538080e-02 1.968976243132637693e-02 -9.989402454964168010e-01
4.160844680608868223e-02 1.967506530454238636e-02 -9.989402529444619816e-01
4.161521566514979342e-02 1.966036584848343191e-02 -9.989402603924549817e-01
4.162197933187823662e-02 1.964566406498310241e-02 -9.989402678403956903e-01
4.162873780547419328e-02 1.963095995587525733e-02 -9.989402752882841074e-01
4.163549108513847630e-02 1.961625352299403019e-02 -9.989402827361202331e-01
4.164223917007255776e-02 1.960154476817383210e-02 -9.989402901839041782e-01
4.164898205947855508e-02 1.958683369324934476e-02 -9.989402976316358318e-01
4.165571975255923098e-02 1.957212030005552744e-02 -9.989403050793151939e-01
4.166245224851799350e-02 1.955740459042761004e-02 -9.989403125269422645e-01
4.166917954655890294e-02 1.954268656620109998e-02 -9.989403199745171547e-01
4.167590164588667184e-02 1.952796622921177186e-02 -9.989403274220397533e-01
4.168261854570665115e-02 1.951324358129568129e-02 -9.989403348695100604e-01
4.168933024522485098e-02 1.949851862428915103e-02 -9.989403423169281870e-01
4.169603674364791984e-02 1.948379136002877793e-02 -9.989403497642940222e-01
4.170273804018316544e-02 1.946906179035143292e-02 -9.989403572116075658e-01
4.170943413403853384e-02 1.945432991709425755e-02 -9.989403646588689289e-01
4.171612502442262338e-02 1.943959574209466398e-02 -9.989403721060780006e-01
4.172281071054467771e-02 1.942485926719033848e-02 -9.989403795532347807e-01
4.172949119161459969e-02 1.941012049421923444e-02 -9.989403870003393804e-01
4.173616646684293746e-02 1.939537942501958281e-02 -9.989403944473916885e-01
4.174283653544087758e-02 1.938063606142988518e-02 -9.989404018943917052e-01
4.174950139662027271e-02 1.936589040528890679e-02 -9.989404093413395413e-01
4.175616104959361391e-02 1.935114245843569045e-02 -9.989404167882350860e-01
4.176281549357404449e-02 1.933639222270954611e-02 -9.989404242350783392e-01
4.176946472777535307e-02 1.932163969995005781e-02 -9.989404316818694118e-01
4.177610875141198055e-02 1.930688489199707328e-02 -9.989404391286081930e-01
4.178274756369902004e-02 1.929212780069071431e-02 -9.989404465752946827e-01
4.178938116385221696e-02 1.927736842787136987e-02 -9.989404540219289919e-01
4.179600955108796201e-02 1.926260677537969951e-02 -9.989404614685110095e-01
4.180263272462329122e-02 1.924784284505662996e-02 -9.989404689150407357e-01
4.180925068367589981e-02 1.923307663874336201e-02 -9.989404763615182814e-01
4.181586342746412832e-02 1.921830815828135669e-02 -9.989404838079435356e-01
4.182247095520696956e-02 1.920353740551234908e-02 -9.989404912543164983e-01
4.182907326612406163e-02 1.918876438227834144e-02 -9.989404987006372805e-01
4.183567035943569490e-02 1.917398909042160315e-02 -9.989405061469057712e-01
4.184226223436281894e-02 1.915921153178467076e-02 -9.989405135931219704e-01
4.184884889012702169e-02 1.914443170821035142e-02 -9.989405210392859891e-01
4.185543032595055030e-02 1.912964962154171250e-02 -9.989405284853977163e-01
4.186200654105629720e-02 1.911486527362209545e-02 -9.989405359314572630e-01
4.186857753466780713e-02 1.910007866629510540e-02 -9.989405433774645182e-01
4.187514330600927703e-02 1.908528980140461462e-02 -9.989405508234194819e-01
4.188170385430555615e-02 1.907049868079475907e-02 -9.989405582693222652e-01
4.188825917878214594e-02 1.905570530630994186e-02 -9.989405657151727569e-01
4.189480927866519322e-02 1.904090967979483323e-02 -9.989405731609710681e-01
4.190135415318149703e-02 1.902611180309437058e-02 -9.989405806067170879e-01
4.190789380155851562e-02 1.901131167805375152e-02 -9.989405880524108161e-01
4.191442822302434562e-02 1.899650930651844427e-02 -9.989405954980523639e-01
4.192095741680774978e-02 1.898170469033417726e-02 -9.989406029436416201e-01
4.192748138213812925e-02 1.896689783134694607e-02 -9.989406103891786959e-01
4.193400011824555129e-02 1.895208873140300995e-02 -9.989406178346634801e-01
4.194051362436072156e-02 1.893727739234889185e-02 -9.989406252800960839e-01
4.194702189971500489e-02 1.892246381603138183e-02 -9.989406327254763962e-01
4.195352494354041145e-02 1.890764800429752673e-02 -9.989406401708044170e-01
4.196002275506961060e-02 1.889282995899464399e-02 -9.989406476160802573e-01
4.196651533353592395e-02 1.887800968197031123e-02 -9.989406550613038061e-01
4.197300267817332536e-02 1.886318717507236981e-02 -9.989406625064751744e-01
4.197948478821643403e-02 1.884836244014892123e-02 -9.989406699515942512e-01
4.198596166290052834e-02 1.883353547904833072e-02 -9.989406773966611475e-01
4.199243330146153891e-02 1.881870629361923064e-02 -9.989406848416757523e-01
4.199889970313604864e-02 1.880387488571051008e-02 -9.989406922866380656e-01
4.200536086716128575e-02 1.878904125717131834e-02 -9.989406997315481984e-01
4.201181679277514458e-02 1.877420540985107189e-02 -9.989407071764060397e-01
4.201826747921616478e-02 1.875936734559944391e-02 -9.989407146212117006e-01
4.202471292572353828e-02 1.874452706626637474e-02 -9.989407220659650699e-01
4.203115313153710925e-02 1.872968457370205800e-02 -9.989407295106662588e-01
4.203758809589738105e-02 1.871483986975695443e-02 -9.989407369553151561e-01
4.204401781804550930e-02 1.869999295628178154e-02 -9.989407443999118730e-01
4.205044229722329496e-02 1.868514383512751703e-02 -9.989407518444562983e-01
4.205686153267319816e-02 1.867029250814540228e-02 -9.989407592889485432e-01
4.206327552363833822e-02 1.865543897718693195e-02 -9.989407667333884966e-01
4.206968426936247979e-02 1.864058324410386783e-02 -9.989407741777762695e-01
4.207608776909003978e-02 1.862572531074822499e-02 -9.989407816221117509e-01
4.208248602206609429e-02 1.861086517897227871e-02 -9.989407890663950518e-01
4.208887902753637861e-02 1.859600285062856795e-02 -9.989407965106260612e-01
4.209526678474726641e-02 1.858113832756988493e-02 -9.989408039548048901e-01
4.210164929294579750e-02 1.856627161164928208e-02 -9.989408113989314275e-01
4.210802655137966394e-02 1.855140270472006858e-02 -9.989408188430057844e-01
4.211439855929721698e-02 1.853653160863581381e-02 -9.989408262870278499e-01
4.212076531594744627e-02 1.852165832525034389e-02 -9.989408337309977348e-01
4.212712682058001451e-02 1.850678285641774168e-02 -9.989408411749153283e-01
4.213348307244522278e-02 1.849190520399235024e-02 -9.989408486187807412e-01
4.213983407079403831e-02 1.847702536982876592e-02 -9.989408560625938627e-01
4.214617981487808057e-02 1.846214335578184179e-02 -9.989408635063548036e-01
4.215252030394962129e-02 1.844725916370669114e-02 -9.989408709500634531e-01
4.215885553726158447e-02 1.843237279545868051e-02 -9.989408783937199221e-01
4.216518551406756021e-02 1.841748425289343322e-02 -9.989408858373240996e-01
4.217151023362177703e-02 1.840259353786682581e-02 -9.989408932808760966e-01
4.217782969517913649e-02 1.838770065223499853e-02 -9.989409007243759131e-01
4.218414389799518549e-02 1.837280559785433795e-02 -9.989409081678234381e-01
4.219045284132612317e-02 1.835790837658149086e-02 -9.989409156112187826e-01
4.219675652442880787e-02 1.834300899027335729e-02 -9.989409230545618357e-01
4.220305494656075712e-02 1.832810744078709059e-02 -9.989409304978527082e-01
4.220934810698014072e-02 1.831320372998010426e-02 -9.989409379410912893e-01
4.221563600494578766e-02 1.829829785971005818e-02 -9.989409453842776898e-01
4.222191863971717918e-02 1.828338983183487240e-02 -9.989409528274117989e-01
4.222819601055444877e-02 1.826847964821271680e-02 -9.989409602704937274e-01
4.223446811671838913e-02 1.825356731070201799e-02 -9.989409677135234755e-01
4.224073495747045215e-02 1.823865282116145237e-02 -9.989409751565009321e-01
4.224699653207274197e-02 1.822373618144995308e-02 -9.989409825994262082e-01
4.225325283978802193e-02 1.820881739342670308e-02 -9.989409900422991928e-01
4.225950387987970763e-02 1.819389645895113858e-02 -9.989409974851199969e-01
4.226574965161187386e-02 1.817897337988294906e-02 -9.989410049278886206e-01
4.227199015424925460e-02 1.816404815808207729e-02 -9.989410123706049527e-01
4.227822538705723610e-02 1.814912079540871581e-02 -9.989410198132691043e-01
4.228445534930186378e-02 1.813419129372331046e-02 -9.989410272558809645e-01
4.229068004024983535e-02 1.811925965488655685e-02 -9.989410346984406441e-01
4.229689945916850768e-02 1.810432588075940041e-02 -9.989410421409481433e-01
4.230311360532589687e-02 1.808938997320304332e-02 -9.989410495834033510e-01
4.230932247799067125e-02 1.807445193407893058e-02 -9.989410570258063782e-01
4.231552607643216529e-02 1.805951176524876398e-02 -9.989410644681571139e-01
4.232172439992035878e-02 1.804456946857449506e-02 -9.989410719104556691e-01
4.232791744772589765e-02 1.802962504591832521e-02 -9.989410793527020438e-01
4.233410521912008700e-02 1.801467849914270211e-02 -9.989410867948961270e-01
4.234028771337487729e-02 1.799972983011032326e-02 -9.989410942370380297e-01
4.234646492976288507e-02 1.798477904068413943e-02 -9.989411016791277520e-01
4.235263686755738610e-02 1.796982613272735119e-02 -9.989411091211651827e-01
4.235880352603230842e-02 1.795487110810340195e-02 -9.989411165631504330e-01
4.236496490446223923e-02 1.793991396867598842e-02 -9.989411240050833918e-01
4.237112100212242494e-02 1.792495471630905363e-02 -9.989411314469641701e-01
4.237727181828877115e-02 1.790999335286679039e-02 -9.989411388887927679e-01
4.238341735223783574e-02 1.789502988021364135e-02 -9.989411463305690742e-01
4.238955760324684269e-02 1.788006430021429199e-02 -9.989411537722932000e-01
4.239569257059366825e-02 1.786509661473367760e-02 -9.989411612139651453e-01
4.240182225355685480e-02 1.785012682563698327e-02 -9.989411686555847991e-01
4.240794665141559006e-02 1.783515493478963695e-02 -9.989411760971522725e-01
4.241406576344972784e-02 1.782018094405731293e-02 -9.989411835386675653e-01
4.242017958893978119e-02 1.780520485530593874e-02 -9.989411909801305667e-01
4.242628812716692233e-02 1.779022667040168135e-02 -9.989411984215413876e-01
4.243239137741297573e-02 1.777524639121095748e-02 -9.989412058629000279e-01
4.243848933896043202e-02 1.776026401960042675e-02 -9.989412133042063768e-01
4.244458201109244100e-02 1.774527955743699509e-02 -9.989412207454605452e-01
4.245066939309280474e-02 1.773029300658781823e-02 -9.989412281866625332e-01
4.245675148424598450e-02 1.771530436892029131e-02 -9.989412356278123406e-01
4.246282828383710767e-02 1.770031364630205925e-02 -9.989412430689098565e-01
4.246889979115195390e-02 1.768532084060100984e-02 -9.989412505099551920e-01
4.247496600547696899e-02 1.767032595368527373e-02 -9.989412579509483470e-01
4.248102692609925790e-02 1.765532898742322443e-02 -9.989412653918892104e-01
4.248708255230657094e-02 1.764032994368348525e-02 -9.989412728327778934e-01
4.249313288338733841e-02 1.762532882433491890e-02 -9.989412802736143959e-01
4.249917791863063593e-02 1.761032563124663095e-02 -9.989412877143987179e-01
4.250521765732620527e-02 1.759532036628797674e-02 -9.989412951551307485e-01
4.251125209876444044e-02 1.758031303132854412e-02 -9.989413025958105985e-01
4.251728124223640853e-02 1.756530362823817415e-02 -9.989413100364382680e-01
4.252330508703382195e-02 1.755029215888694386e-02 -9.989413174770136461e-01
4.252932363244906616e-02 1.753527862514517657e-02 -9.989413249175368437e-01
4.253533687777517891e-02 1.752026302888343504e-02 -9.989413323580078607e-01
4.254134482230585712e-02 1.750524537197252484e-02 -9.989413397984266973e-01
4.254734746533546386e-02 1.749022565628349443e-02 -9.989413472387932424e-01
4.255334480615901444e-02 1.747520388368763167e-02 -9.989413546791076071e-01
4.255933684407219725e-02 1.746018005605646725e-02 -9.989413621193697912e-01
4.256532357837134600e-02 1.744515417526177128e-02 -9.989413695595797948e-01
4.257130500835346748e-02 1.743012624317555326e-02 -9.989413769997375070e-01
4.257728113331622072e-02 1.741509626167006899e-02 -9.989413844398430387e-01
4.258325195255793089e-02 1.740006423261781024e-02 -9.989413918798963898e-01
4.258921746537758235e-02 1.738503015789151160e-02 -9.989413993198975605e-01
4.259517767107481867e-02 1.736999403936414360e-02 -9.989414067598464397e-01
4.260113256894994260e-02 1.735495587890891617e-02 -9.989414141997431384e-01
4.260708215830392998e-02 1.733991567839928208e-02 -9.989414216395876567e-01
4.261302643843840193e-02 1.732487343970893351e-02 -9.989414290793799944e-01
4.261896540865564575e-02 1.730982916471179855e-02 -9.989414365191201517e-01
4.262489906825862179e-02 1.729478285528204470e-02 -9.989414439588080175e-01
4.263082741655093572e-02 1.727973451329407883e-02 -9.989414513984437027e-01
4.263675045283685933e-02 1.726468414062254722e-02 -9.989414588380272075e-01
4.264266817642133056e-02 1.724963173914233205e-02 -9.989414662775585318e-01
4.264858058660994655e-02 1.723457731072855145e-02 -9.989414737170376757e-01
4.265448768270897056e-02 1.721952085725656639e-02 -9.989414811564645280e-01
4.266038946402531812e-02 1.720446238060197031e-02 -9.989414885958391999e-01
4.266628592986657087e-02 1.718940188264059254e-02 -9.989414960351616912e-01
4.267217707954097661e-02 1.717433936524850532e-02 -9.989415034744320021e-01
4.267806291235744232e-02 1.715927483030201331e-02 -9.989415109136501325e-01
4.268394342762553417e-02 1.714420827967766056e-02 -9.989415183528159714e-01
4.268981862465548449e-02 1.712913971525222012e-02 -9.989415257919296298e-01
4.269568850275818478e-02 1.711406913890271136e-02 -9.989415332309911078e-01
4.270155306124519268e-02 1.709899655250637918e-02 -9.989415406700004052e-01
4.270741229942872502e-02 1.708392195794070784e-02 -9.989415481089575222e-01
4.271326621662165784e-02 1.706884535708342102e-02 -9.989415555478624587e-01
4.271911481213754025e-02 1.705376675181247137e-02 -9.989415629867151036e-01
4.272495808529058053e-02 1.703868614400604747e-02 -9.989415704255155681e-01
4.273079603539563925e-02 1.702360353554257383e-02 -9.989415778642638521e-01
4.273662866176825698e-02 1.700851892830071085e-02 -9.989415853029599557e-01
4.274245596372461958e-02 1.699343232415934796e-02 -9.989415927416038787e-01
4.274827794058159297e-02 1.697834372499761046e-02 -9.989416001801956213e-01
4.275409459165668835e-02 1.696325313269485963e-02 -9.989416076187350724e-01
4.275990591626809695e-02 1.694816054913068568e-02 -9.989416150572223430e-01
4.276571191373466224e-02 1.693306597618491824e-02 -9.989416224956574331e-01
4.277151258337590078e-02 1.691796941573761245e-02 -9.989416299340403427e-01
4.277730792451198139e-02 1.690287086966905938e-02 -9.989416373723710718e-01
4.278309793646374593e-02 1.688777033985978601e-02 -9.989416448106496205e-01
4.278888261855268854e-02 1.687266782819054484e-02 -9.989416522488759886e-01
4.279466197010097644e-02 1.685756333654232428e-02 -9.989416596870501763e-01
4.280043599043144298e-02 1.684245686679634174e-02 -9.989416671251720725e-01
4.280620467886757374e-02 1.682734842083404708e-02 -9.989416745632417882e-01
4.281196803473352741e-02 1.681223800053712608e-02 -9.989416820012593234e-01
4.281772605735412185e-02 1.679712560778748656e-02 -9.989416894392246782e-01
4.282347874605484800e-02 1.678201124446727574e-02 -9.989416968771378524e-01
4.282922610016184906e-02 1.676689491245886635e-02 -9.989417043149988462e-01
4.283496811900194129e-02 1.675177661364486009e-02 -9.989417117528076595e-01
4.284070480190260016e-02 1.673665634990809115e-02 -9.989417191905642923e-01
4.284643614819196034e-02 1.672153412313162613e-02 -9.989417266282687446e-01
4.285216215719883648e-02 1.670640993519875717e-02 -9.989417340659210165e-01
4.285788282825269552e-02 1.669128378799300538e-02 -9.989417415035211079e-01
4.286359816068367051e-02 1.667615568339812435e-02 -9.989417489410689077e-01
4.286930815382256760e-02 1.666102562329809314e-02 -9.989417563785645271e-01
4.287501280700084516e-02 1.664589360957711983e-02 -9.989417638160079660e-01
4.288071211955063466e-02 1.663075964411964147e-02 -9.989417712533992244e-01
4.288640609080472677e-02 1.661562372881032756e-02 -9.989417786907383023e-01
4.289209472009658519e-02 1.660048586553406966e-02 -9.989417861280251998e-01
4.289777800676033287e-02 1.658534605617598828e-02 -9.989417935652599168e-01
4.290345595013075886e-02 1.657020430262142949e-02 -9.989418010024424532e-01
4.290912854954331140e-02 1.655506060675597177e-02 -9.989418084395728092e-01
4.291479580433411878e-02 1.653991497046541914e-02 -9.989418158766509848e-01
4.292045771383996150e-02 1.652476739563579766e-02 -9.989418233136769798e-01
4.292611427739829316e-02 1.650961788415336584e-02 -9.989418307506507944e-01
4.293176549434723349e-02 1.649446643790460423e-02 -9.989418381875724284e-01
4.293741136402556141e-02 1.647931305877621891e-02 -9.989418456244418820e-01
4.294305188577272198e-02 1.646415774865514839e-02 -9.989418530612591551e-01
4.294868705892882638e-02 1.644900050942854977e-02 -9.989418604980242478e-01
4.295431688283465888e-02 1.643384134298380567e-02 -9.989418679347371599e-01
4.295994135683166293e-02 1.641868025120852767e-02 -9.989418753713978916e-01
4.296556048026195507e-02 1.640351723599055289e-02 -9.989418828080064428e-01
4.297117425246830408e-02 1.638835229921793701e-02 -9.989418902445628135e-01
4.297678267279415876e-02 1.637318544277896470e-02 -9.989418976810670037e-01
4.298238574058362710e-02 1.635801666856214615e-02 -9.989419051175190134e-01
4.298798345518148323e-02 1.634284597845621009e-02 -9.989419125539188427e-01
4.299357581593317434e-02 1.632767337435011082e-02 -9.989419199902664914e-01
4.299916282218480684e-02 1.631249885813302811e-02 -9.989419274265619597e-01
4.300474447328315325e-02 1.629732243169436726e-02 -9.989419348628052475e-01
4.301032076857565917e-02 1.628214409692374867e-02 -9.989419422989963548e-01
4.301589170741043633e-02 1.626696385571102174e-02 -9.989419497351352817e-01
4.302145728913625566e-02 1.625178170994625790e-02 -9.989419571712220280e-01
4.302701751310256117e-02 1.623659766151974715e-02 -9.989419646072565939e-01
4.303257237865945606e-02 1.622141171232200502e-02 -9.989419720432389793e-01
4.303812188515772352e-02 1.620622386424376560e-02 -9.989419794791691842e-01
4.304366603194880597e-02 1.619103411917598850e-02 -9.989419869150472087e-01
4.304920481838481194e-02 1.617584247900985192e-02 -9.989419943508730526e-01
4.305473824381851611e-02 1.616064894563675955e-02 -9.989420017866467161e-01
4.306026630760337315e-02 1.614545352094832673e-02 -9.989420092223681991e-01
4.306578900909349000e-02 1.613025620683639777e-02 -9.989420166580375016e-01
4.307130634764363974e-02 1.611505700519303558e-02 -9.989420240936546236e-01
4.307681832260928240e-02 1.609985591791052162e-02 -9.989420315292195651e-01
4.308232493334652330e-02 1.608465294688135594e-02 -9.989420389647323262e-01
4.308782617921214780e-02 1.606944809399826063e-02 -9.989420464001929068e-01
4.309332205956360740e-02 1.605424136115417635e-02 -9.989420538356013068e-01
4.309881257375901970e-02 1.603903275024226582e-02 -9.989420612709575265e-01
4.310429772115716845e-02 1.602382226315590685e-02 -9.989420687062615656e-01
4.310977750111751050e-02 1.600860990178869583e-02 -9.989420761415134242e-01
4.311525191300016879e-02 1.599339566803445120e-02 -9.989420835767131024e-01
4.312072095616593242e-02 1.597817956378720650e-02 -9.989420910118606001e-01
4.312618462997626356e-02 1.596296159094121384e-02 -9.989420984469559173e-01
4.313164293379328357e-02 1.594774175139094391e-02 -9.989421058819991650e-01
4.313709586697978687e-02 1.593252004703108599e-02 -9.989421133169902323e-01
4.314254342889924099e-02 1.591729647975654444e-02 -9.989421207519291190e-01
4.314798561891577261e-02 1.590207105146244221e-02 -9.989421281868158253e-01
4.315342243639418846e-02 1.588684376404411736e-02 -9.989421356216503511e-01
4.315885388069995443e-02 1.587161461939712651e-02 -9.989421430564326965e-01
4.316427995119920952e-02 1.585638361941724139e-02 -9.989421504911628613e-01
4.316970064725875883e-02 1.584115076600044886e-02 -9.989421579258408457e-01
4.317511596824608056e-02 1.582591606104295431e-02 -9.989421653604666496e-01
4.318052591352931208e-02 1.581067950644117828e-02 -9.989421727950402730e-01
4.318593048247727773e-02 1.579544110409175639e-02 -9.989421802295618269e-01
4.319132967445945409e-02 1.578020085589153937e-02 -9.989421876640312004e-01
4.319672348884599083e-02 1.576495876373758959e-02 -9.989421950984483933e-01
4.320211192500771069e-02 1.574971482952718799e-02 -9.989422025328134058e-01
4.320749498231610947e-02 1.573446905515783062e-02 -9.989422099671262378e-01
4.321287266014334216e-02 1.571922144252722517e-02 -9.989422174013868894e-01
4.321824495786223685e-02 1.570397199353329443e-02 -9.989422248355953604e-01
4.322361187484628775e-02 1.568872071007417629e-02 -9.989422322697516510e-01
4.322897341046966907e-02 1.567346759404822029e-02 -9.989422397038558721e-01
4.323432956410722117e-02 1.565821264735398760e-02 -9.989422471379079127e-01
4.323968033513445053e-02 1.564295587189025796e-02 -9.989422545719077728e-01
4.324502572292752978e-02 1.562769726955601929e-02 -9.989422620058554525e-01
