0.000000000000000000e+00 0.000000000000000000e+00 1.000000000000000000e+00
-2.031209302247046686e-06 1.758313049138911170e-05 9.999999998433544146e-01
-9.869738241019649304e-06 5.271571476805776951e-05 9.999999985618235332e-01
-2.728407883170403449e-05 1.053607996571450875e-04 9.999999940773482976e-01
-5.803440171351953203e-05 1.754781680009304037e-04 9.999999829197275814e-01
-1.058718556522679553e-04 2.630243515987540121e-04 9.999999598047024651e-01
-1.745378695741699399e-04 3.679526445548995288e-04 9.999999170737445819e-01
-2.677634570378525144e-04 4.902131169619343637e-04 9.999998439969927100e-01
-3.892685229701954835e-04 6.297526288330282081e-04 9.999997259409184602e-01
-5.427611723935269741e-04 7.865148441813232458e-04 9.999995434024437913e-01
-7.319370207571324451e-04 9.604402451295877569e-04 9.999992709113693090e-01
-9.604785053558182427e-04 1.151466145919211254e-03 9.999988758031086444e-01
-1.232054197173004491e-03 1.359526706674166240e-03 9.999983168638566511e-01
-1.550318112326233566e-03 1.584552946762928828e-03 9.999975428504547237e-01
-1.918909022119820408e-03 1.826472757589578085e-03 9.999964908873445468e-01
-2.341449760523459968e-03 2.085210914634450310e-03 9.999950847431342549e-01
-2.821546527697791577e-03 2.360689088554848800e-03 9.999932329894286598e-01
-3.362788187979106041e-03 2.652825855147477718e-03 9.999908270447044334e-01
-3.968745560516517834e-03 2.961536703966507339e-03 9.999877391061405829e-01
-4.642970700526979910e-03 3.286734045384553677e-03 9.999838199724419008e-01
-5.388996168897553993e-03 3.628327215878404764e-03 9.999788967608235213e-01
-6.210334287621395964e-03 3.986222481317088819e-03 9.999727705214552786e-01
-7.110476378305122594e-03 4.360323038026904692e-03 9.999652137527982321e-01
-8.092891980731700338e-03 4.750529011406337543e-03 9.999559678213998382e-01
-9.161028048205982488e-03 5.156737451863435337e-03 9.999447402898532511e-01
-1.031830811615067067e-02 5.578842327849191894e-03 9.999312021567698938e-01
-1.156813144016017106e-02 6.016734515762876996e-03 9.999149850127597716e-01
-1.291387209945973370e-02 6.470301786509008446e-03 9.998956781165704299e-01
-1.435887806145887471e-02 6.939428788490888123e-03 9.998728253956906675e-01
-1.590647020283273566e-02 7.423997026832245515e-03 9.998459223758970893e-01
-1.755994128231413987e-02 7.923884838626658531e-03 9.998144130443925581e-01
-1.932255486013426116e-02 8.438967364023979706e-03 9.997776866513745642e-01
-2.119754415881238904e-02 8.969116512974054795e-03 9.997350744550629331e-01
-2.318811085976710262e-02 9.514200927460532420e-03 9.996858464154253499e-01
-2.529742383000357919e-02 1.007408593907160692e-02 9.996292078420555560e-01
-2.752861777292680071e-02 1.064863352176998769e-02 9.995642960018926715e-01
-2.988479179713950454e-02 1.123770223974136437e-02 9.994901766927134501e-01
-3.236900789690901753e-02 1.184114719021905557e-02 9.994058407885910711e-01
-3.498428933783013367e-02 1.245881994120235335e-02 9.993102007637896245e-01
-3.773361894107420816e-02 1.309056846400739015e-02 9.992020872018547717e-01
-4.061993725949942374e-02 1.373623706061197734e-02 9.990802452969711478e-01
-4.364614063880596639e-02 1.439566628577989768e-02 9.989433313549834770e-01
-4.681507915685452492e-02 1.506869286397546567e-02 9.987899093018220986e-01
-5.012955443422977692e-02 1.575514960110577928e-02 9.986184472074369767e-01
-5.359231730912387276e-02 1.645486529115587279e-02 9.984273138337246278e-01
-5.720606536964145672e-02 1.716766461781099595e-02 9.982147752153319731e-01
-6.097344033668936764e-02 1.789336805119021503e-02 9.979789912826384501e-01
-6.489702529071325610e-02 1.863179173984666481e-02 9.977180125366518215e-01
-6.897934173568286143e-02 1.938274739822163154e-02 9.974297767860071939e-01
-7.322284649390935207e-02 2.014604218977245759e-02 9.971121059567251699e-01
-7.762992842550534012e-02 2.092147860602767973e-02 9.967627029858694421e-01
-8.220290496657269019e-02 2.170885434185677518e-02 9.963791488107420768e-01
-8.694401848052803194e-02 2.250796216727633803e-02 9.959588994657639915e-01
-9.185543241735337483e-02 2.331858979614918545e-02 9.954992832997079377e-01
-9.693922727599181555e-02 2.414051975216763984e-02 9.949974983264791017e-01
-1.021973963655984641e-01 2.497352923254693435e-02 9.944506097231734509e-01
-1.076318413619066494e-01 2.581738996988913043e-02 9.938555474896780817e-01
-1.132443676555815459e-01 2.667186809271177364e-02 9.932091042846141749e-01
-1.190366794901097924e-01 2.753672398516871650e-02 9.925079334529548492e-01
-1.250103748875155407e-01 2.841171214652274402e-02 9.917485472611717867e-01
-1.311669403610038476e-01 2.929658105096056425e-02 9.909273153562756509e-01
-1.375077454145112177e-01 3.019107300837015409e-02 9.900404634656078118e-01
-1.440340368300928042e-01 3.109492402672808797e-02 9.890840723547112967e-01
-1.507469327450970398e-01 3.200786367676993621e-02 9.880540770610504175e-01
-1.576474165221701806e-01 3.292961495963989127e-02 9.869462664217598658e-01
-1.647363304162987319e-01 3.385989417823601771e-02 9.857562829139683291e-01
-1.720143690443329265e-01 3.479841081298471611e-02 9.844796228265689786e-01
-1.794820726637411934e-01 3.574486740279154279e-02 9.831116367825746272e-01
-1.871398202687214185e-01 3.669895943192547777e-02 9.816475306314061955e-01
-1.949878225132376242e-01 3.766037522359930168e-02 9.800823667306038933e-01
-2.030261144720586219e-01 3.862879584100976232e-02 9.784110656365183623e-01
-2.112545482524438023e-01 3.960389499659747181e-02 9.766284082235220376e-01
-2.196727854707481720e-01 4.058533897027723214e-02 9.747290382511752949e-01
-2.282802896098971857e-01 4.157278653737484647e-02 9.727074653985796626e-01
-2.370763182754084264e-01 4.256588890698580208e-02 9.705580687848396337e-01
-2.460599153694041086e-01 4.356428967144430897e-02 9.682751009941341636e-01
-2.552299032038586879e-01 4.456762476755782992e-02 9.658526926233564902e-01
-2.645848745761524290e-01 4.557552245022215842e-02 9.632848573696115579e-01
-2.741231848318446684e-01 4.658760327898510412e-02 9.605654976740586326e-01
-2.838429439414307254e-01 4.760348011807266633e-02 9.576884109376426757e-01
-2.937420086196937952e-01 4.862275815033052784e-02 9.546472963231719122e-01
-3.038179745180949465e-01 4.964503490546511716e-02 9.514357621569591306e-01
-3.140681685224506192e-01 5.066990030289302699e-02 9.480473339418535872e-01
-3.244896411899131361e-01 5.169693670942498986e-02 9.444754629919392963e-01
-3.350791593609834806e-01 5.272571901192110028e-02 9.407135356974661855e-01
-3.458331989839320553e-01 5.375581470495815334e-02 9.367548834267119817e-01
-3.567479381905694358e-01 5.478678399344769773e-02 9.325927930694384305e-01
-3.678192506637779080e-01 5.581817991003566043e-02 9.282205182244185337e-01
-3.790426993385730414e-01 5.684954844700142174e-02 9.236312910311609281e-01
-3.904135304796965689e-01 5.788042870225693082e-02 9.188183346434601884e-01
-4.019266681798314145e-01 5.891035303892538932e-02 9.137748763397522955e-01
-4.135767093234626324e-01 5.993884725785552509e-02 9.084941612624676255e-01
-4.253579190621696315e-01 6.096543078230200891e-02 9.029694667756533732e-01
-4.372642268477089922e-01 6.198961685387677917e-02 8.971941174270970931e-01
-4.492892230696224898e-01 6.301091273875088217e-02 8.911615004980277810e-01
-4.614261563442665359e-01 6.402881994296323598e-02 8.848650821202249661e-01
-4.736679315020949632e-01 6.504283443557329347e-02 8.782984239370296153e-01
-4.860071083197273767e-01 6.605244687827975525e-02 8.714552002813528153e-01
-4.984359010427896752e-01 6.705714286001975000e-02 8.643292158403250713e-01
-5.109461787447119319e-01 6.805640313496302829e-02 8.569144237727460700e-01
-5.235294665656088364e-01 6.904970386222621104e-02 8.492049442419974392e-01
-5.361755095842382079e-01 7.002166124459860419e-02 8.411972368052980098e-01
-5.488725828780001148e-01 7.097206155618993040e-02 8.328876608596567088e-01
-5.616087984368675068e-01 7.190070697950934342e-02 8.242729203736330890e-01
-5.743721205679886976e-01 7.280741601280459052e-02 8.153500774099651238e-01
-5.871503820508128246e-01 7.369202382500594783e-02 8.061165647495901476e-01
-5.999313009905330452e-01 7.455438255520234481e-02 7.965701975665853141e-01
-6.127024983133197988e-01 7.539436155388860861e-02 7.867091841077643588e-01
-6.254515158428881616e-01 7.621184756356093326e-02 7.765321353352542255e-01
-6.381658348944438952e-01 7.700674483659876446e-02 7.660380734952937365e-01
-6.508328953190232191e-01 7.777897518875408200e-02 7.552264395817117615e-01
-6.634401149287006971e-01 7.852847798696843684e-02 7.440970996680008609e-01
-6.759749092311266860e-01 7.925521007065257362e-02 7.326503500875569674e-01
-6.884247114003710921e-01 7.995914560598818555e-02 7.208869214474535880e-01
-7.007769924101249215e-01 8.064027587324311408e-02 7.088079814670011913e-01
-7.130192812549307479e-01 8.129860898752665210e-02 6.964151366382608233e-01
-7.251391851852987402e-01 8.193416955384585920e-02 6.837104327115681723e-01
-7.371244098832873126e-01 8.254699825775432820e-02 6.706963540149356584e-01
-7.489627795063934501e-01 8.313715139330637993e-02 6.573758216218700268e-01
-7.606422565293707860e-01 8.370470033044039027e-02 6.437521903876269880e-01
-7.721509613158610286e-01 8.424973092430940169e-02 6.298292448791666942e-01
-7.834771913544470445e-01 8.477234286945356523e-02 6.156111942290286576e-01
-7.946094400968808369e-01 8.527264900206359133e-02 6.011026659479719036e-01
-8.055364153397684968e-01 8.575077455391388881e-02 5.863086987354811930e-01
-8.162470570948576754e-01 8.620685636184738376e-02 5.712347343310978376e-01
-8.267305548972287976e-01 8.664104203696693096e-02 5.558866084529552332e-01
-8.369763645050859457e-01 8.705348909793098056e-02 5.402705408728756264e-01
-8.469742239494270075e-01 8.744436407296021785e-02 5.243931246798853030e-01
-8.567141688965919100e-01 8.781384157533782264e-02 5.082613147860325364e-01
-8.661865472914902497e-01 8.816210335732672931e-02 4.918824157299321320e-01
-8.753820332541428773e-01 8.848933734753296199e-02 4.752640688345213804e-01
-8.842916402069825876e-01 8.879573667681482652e-02 4.584142387760973270e-01
-8.929067332151036096e-01 8.908149869787283792e-02 4.413411996218291611e-01
-9.012190405262722193e-01 8.934682400365669130e-02 4.240535203926220631e-01
-9.092206643019763446e-01 8.959191544969258292e-02 4.065600502074693812e-01
-9.169040905350539505e-01 8.981697718536946207e-02 3.888699030643008592e-01
-9.242621981534652198e-01 9.002221369912637161e-02 3.709924423108427738e-01
-9.312882673135295386e-01 9.020782888235735764e-02 3.529372648571887372e-01
-9.379759868894037567e-01 9.037402511669706540e-02 3.347141851796740508e-01
-9.443194611687203421e-01 9.052100238917050457e-02 3.163332191632912127e-01
-9.503132157670997060e-01 9.064895743948758744e-02 2.978045678273213981e-01
-9.559522027767052288e-01 9.075808294353787664e-02 2.791386009761273601e-01
-9.612318051660985185e-01 9.084856673689663265e-02 2.603458408142018676e-01
-9.661478404503861528e-01 9.092059108189153027e-02 2.414369455616305615e-01
-9.706965636520197283e-01 9.097433198150237099e-02 2.224226931031569876e-01
-9.748746695736327794e-01 9.100995854307650235e-02 2.033139647010627493e-01
-9.786792944049750309e-01 9.102763239454196575e-02 1.841217287991436247e-01
-9.821080166863588312e-01 9.102750715549118299e-02 1.648570249422026401e-01
-9.851588576510740269e-01 9.100972796519220254e-02 1.455309478327327100e-01
-9.878302809689863961e-01 9.097443106926403344e-02 1.261546315438508703e-01
-9.901211919130301631e-01 9.092174346642907523e-02 1.067392339051045635e-01
-9.920309359695659301e-01 9.085178261643153674e-02 8.729592107551996383e-02
-9.935592969126300078e-01 9.076465620988671823e-02 6.783585231622418776e-02
-9.947064943609840171e-01 9.066046200050446868e-02 4.837016497316493080e-02
-9.954731808356087619e-01 9.053928769981213487e-02 2.890995967888488477e-02
-9.958604383339166866e-01 9.040121093418936049e-02 9.466285780993663468e-03
-9.958697744355059500e-01 9.024629926372003397e-02 -9.949872996077080423e-03
-9.955031179527862317e-01 9.007461026206772803e-02 -2.932761265024841010e-02
-9.947628141383003664e-01 8.988619165628987384e-02 -4.865612275665393699e-02
-9.936516194590787610e-01 8.968108152522479004e-02 -6.792470007323073156e-02
-9.921726959469274743e-01 8.945930855481498689e-02 -8.712276189213692679e-02
-9.903296051321901494e-01 8.922089234847092876e-02 -1.062398591319110297e-01
-9.881263015672706596e-01 8.896584379033249668e-02 -1.252656891648934179e-01
-9.855671259450770050e-01 8.869416545905163540e-02 -1.441901083738396927e-01
-9.826567978165722250e-01 8.840585208949977569e-02 -1.630031444308886468e-01
-9.794004079108141747e-01 8.810089107959825916e-02 -1.816950082911277797e-01
-9.758034100602464012e-01 8.777926303928047791e-02 -2.002561058919502812e-01
-9.718716127335864652e-01 8.744094237842012229e-02 -2.186770495482457388e-01
-9.676111701784479990e-01 8.708589793040322213e-02 -2.369486690322393785e-01
-9.630285731758437828e-01 8.671409360788168152e-02 -2.550620223255191110e-01
-9.581306394089459388e-01 8.632548908712392444e-02 -2.730084060294948878e-01
-9.529245034489318700e-01 8.592004051727507308e-02 -2.907793654192485922e-01
-9.474176063614137000e-01 8.549770125075417671e-02 -3.083667041244840812e-01
-9.416176849378314895e-01 8.505842259095100499e-02 -3.257624934201026057e-01
-9.355327605572775207e-01 8.460215455333923440e-02 -3.429590811078358503e-01
-9.291711276854931478e-01 8.412884663609752900e-02 -3.599490999693931159e-01
-9.225413420192354330e-01 8.363844859632478534e-02 -3.767254757707429458e-01
-9.156522082858220557e-01 8.313091122795092380e-02 -3.932814347964755375e-01
-9.085127677094119170e-01 8.260618713748037190e-02 -4.096105108927018956e-01
-9.011322851574491422e-01 8.206423151376135428e-02 -4.257065519966518052e-01
-8.935202359826567298e-01 8.150500288805016813e-02 -4.415637261310547124e-01
-8.856862925779946938e-01 8.092846388073589303e-02 -4.571765268415342587e-01
-8.776403106640681129e-01 8.033458193120633639e-02 -4.725397780556283012e-01
-8.693923153305515017e-01 7.972333000747035270e-02 -4.876486383426679172e-01
-8.609524868552671517e-01 7.909468729230409445e-02 -5.024986045546119273e-01
-8.523311463265805799e-01 7.844863984285871394e-02 -5.170855148290409709e-01
-8.435387410967356558e-01 7.778518122085274766e-02 -5.314055509368585950e-01
-8.345858300956106035e-01 7.710431309067378169e-02 -5.454552399588227241e-01
-8.254830690361161238e-01 7.640604578292913007e-02 -5.592314552768287150e-01
-8.162411955440462830e-01 7.569039882121246510e-02 -5.727314168678708795e-01
-8.068710142466137825e-01 7.495740141009224478e-02 -5.859526908908095910e-01
-7.973833818551282482e-01 7.420709288257548719e-02 -5.988931885584443116e-01
-7.877891922782944700e-01 7.343952310555593166e-02 -6.115511642899232880e-01
-7.780993618033972270e-01 7.265475284201734774e-02 -6.239252131411837654e-01
-7.683248143831878929e-01 7.185285406902790217e-02 -6.360142675138852342e-01
-7.584764670665855579e-01 7.103391025082937682e-02 -6.478175931461567227e-01
-7.485652156113412614e-01 7.019801656659287181e-02 -6.593347843913871520e-01
-7.386019203165851144e-01 6.934528009267881821e-02 -6.705657587942345232e-01
-7.285973921126799313e-01 6.847581993950171975e-02 -6.815107509759722459e-01
-7.185623789450434895e-01 6.758976734335746250e-02 -6.921703058442149059e-01
-7.085075524875759090e-01 6.668726571382085910e-02 -7.025452711449370335e-01
-6.984424813374325858e-01 6.578091988036095794e-02 -7.126366340310057446e-01
-6.883756609911846347e-01 6.487122378077120333e-02 -7.224476970497080153e-01
-6.783153210032032421e-01 6.395866462172219991e-02 -7.319819777679221762e-01
-6.682694206231298839e-01 6.304372289339432722e-02 -7.412431933594927358e-01
-6.582456452209451969e-01 6.212687237604485463e-02 -7.502352454317485764e-01
-6.482514034673955150e-01 6.120858013930575298e-02 -7.589622051232747246e-01
-6.382938252368247634e-01 6.028930653503680043e-02 -7.674282985024603043e-01
-6.283797601989109527e-01 5.936950518457568410e-02 -7.756378922937894327e-01
-6.185157770654126086e-01 5.844962296123258627e-02 -7.835954799563267237e-01
-6.087081634577830025e-01 5.753009996887297611e-02 -7.913056681363823675e-01
-5.989629263614052457e-01 5.661136951741940759e-02 -7.987731635139279085e-01
-5.892857931322310616e-01 5.569385809608249499e-02 -8.060027600599826147e-01
-5.796822130217619273e-01 5.477798534510330136e-02 -8.129993267199027152e-01
-5.701573591865896073e-01 5.386416402675571480e-02 -8.197677955352939971e-01
-5.607161311491013489e-01 5.295279999631839762e-02 -8.263131502151287444e-01
-5.513631576764510545e-01 5.204429217368263666e-02 -8.326404151645933061e-01
-5.421028000454879425e-01 5.113903251621580021e-02 -8.387546449782199431e-01
-5.329391556620182158e-01 5.023740599345088986e-02 -8.446609144019738835e-01
-5.238760620035353144e-01 4.933979056412142461e-02 -8.503643087671736156e-01
-5.149171008553926621e-01 4.844655715600856144e-02 -8.558699148974235893e-01
-5.060656028112950899e-01 4.755806964901446166e-02 -8.611828124881325541e-01
-4.973246520099453560e-01 4.667468486182291265e-02 -8.663080659566839703e-01
-4.886970910806921475e-01 4.579675254245596516e-02 -8.712507167599105040e-01
-4.801855262720809980e-01 4.492461536298385932e-02 -8.760157761742102256e-01
-4.717923327382978482e-01 4.405860891859570555e-02 -8.806082185324222156e-01
-4.635196599596124734e-01 4.319906173119018866e-02 -8.850329749104550725e-01
-4.553694372740689222e-01 4.234629525759959351e-02 -8.892949272556321949e-01
-4.473433794988236900e-01 4.150062390251670758e-02 -8.933989029477794608e-01
-4.394429926206959158e-01 4.066235503615311941e-02 -8.973496697832356039e-01
-4.316695795366594091e-01 3.983178901661911520e-02 -9.011519313712044177e-01
-4.240242458261706537e-01 3.900921921697977912e-02 -9.048103229311967866e-01
-4.165079055383811291e-01 3.819493205690947801e-02 -9.083294074797182427e-01
-4.091212869784265904e-01 3.738920703883730906e-02 -9.117136723938458198e-01
-4.018649384781107781e-01 3.659231678844959007e-02 -9.149675263389047686e-01
-3.947392341374063029e-01 3.580452709939192790e-02 -9.180952965470896565e-01
-3.877443795242748736e-01 3.502609698199287552e-02 -9.211012264335826094e-01
-3.808804173213614641e-01 3.425727871581345924e-02 -9.239894735364910794e-01
-3.741472329091368731e-01 3.349831790581209168e-02 -9.267641077667601035e-01
-3.675445598760515020e-01 3.274945354190209740e-02 -9.294291099541046597e-01
-3.610719854472138057e-01 3.201091806166964787e-02 -9.319883706749496621e-01
-3.547289558240213636e-01 3.128293741601270023e-02 -9.344456893483596982e-01
-3.485147814280475931e-01 3.056573113745676348e-02 -9.368047735859792446e-01
-3.424286420433210187e-01 2.985951241090070013e-02 -9.390692387820867015e-01
-3.364695918519292617e-01 2.916448814654508392e-02 -9.412426079299841541e-01
-3.306365643586301473e-01 2.848085905475694624e-02 -9.433283116511033128e-01
-3.249283772008635385e-01 2.780881972262757781e-02 -9.453296884233927111e-01
-3.193437368412252453e-01 2.714855869198451802e-02 -9.472499849957686235e-01
-3.138812431400895830e-01 2.650025853862468875e-02 -9.490923569756537503e-01
-3.085393938066530173e-01 2.586409595254259008e-02 -9.508598695768903930e-01
-3.033165887272134542e-01 2.524024181893557914e-02 -9.525554985155986198e-01
-2.982111341700038887e-01 2.462886129977718414e-02 -9.541821310418500124e-01
-2.932212468663629723e-01 2.403011391575913397e-02 -9.557425670953415553e-01
-2.883450579684502801e-01 2.344415362841308081e-02 -9.572395205735803048e-01
-2.835806168841029651e-01 2.287112892223385971e-02 -9.586756207014266451e-01
-2.789258949897832074e-01 2.231118288663718960e-02 -9.600534134911848927e-01
-2.743787892228832237e-01 2.176445329759621114e-02 -9.613753632827828355e-01
-2.699371255549410376e-01 2.123107269881267453e-02 -9.626438543539319603e-01
-2.655986623475721786e-01 2.071116848229017857e-02 -9.638611925905179456e-01
-2.613610935931468537e-01 2.020486296818825231e-02 -9.650296072078272669e-01
-2.572220520424369217e-01 1.971227348384737427e-02 -9.661512525135719232e-01
-2.531791122216250356e-01 1.923351244188601511e-02 -9.672282097040301174e-01
-2.492297933412115918e-01 1.876868741728148285e-02 -9.682624886849726664e-01
-2.453715620994737778e-01 1.831790122335663976e-02 -9.692560299093946341e-01
-2.416018353832296572e-01 1.788125198660441700e-02 -9.702107062244158531e-01
-2.379179828687364440e-01 1.745883322029134072e-02 -9.711283247200550583e-01
-2.343173295256110178e-01 1.705073389679015797e-02 -9.720106285729159801e-01
-2.307971580267019485e-01 1.665703851859973855e-02 -9.728592988781520345e-01
-2.273547110668685811e-01 1.627782718801812009e-02 -9.736759564633997721e-01
-2.239871935936340319e-01 1.591317567544142664e-02 -9.744621636786841012e-01
-2.206917749526783601e-01 1.556315548626770184e-02 -9.752194261566077271e-01
-2.174655909511269414e-01 1.522783392639029919e-02 -9.759491945374383359e-01
-2.143057458415667527e-01 1.490727416627037234e-02 -9.766528661539984890e-01
-2.112093142296942450e-01 1.460153530358225711e-02 -9.773317866715514057e-01
-2.081733429084610953e-01 1.431067242442905958e-02 -9.779872516781509262e-01
-2.051948526215418844e-01 1.403473666312864652e-02 -9.786205082211968387e-01
-2.022708397589000895e-01 1.377377526057242153e-02 -9.792327562861983248e-01
-1.993982779871788236e-01 1.352783162116079352e-02 -9.798251502140028490e-01
-1.965741198175885718e-01 1.329694536832018090e-02 -9.803988000529972879e-01
-1.937952981139109132e-01 1.308115239860663075e-02 -9.809547728430259017e-01
-1.910587275431815391e-01 1.288048493440085811e-02 -9.814940938280052318e-01
-1.883613059715618376e-01 1.269497157519862938e-02 -9.820177475944406043e-01
-1.856999158078553869e-01 1.252463734749898264e-02 -9.825266791332669669e-01
-1.830714252970749023e-01 1.236950375329087630e-02 -9.830217948226517288e-01
-1.804726897664166718e-01 1.222958881713647090e-02 -9.835039633295999950e-01
-1.779005528259560986e-01 1.210490713184641902e-02 -9.839740164284033197e-01
-1.753518475263365628e-01 1.199546990273931031e-02 -9.844327497341665012e-01
-1.728233974756890612e-01 1.190128499047385206e-02 -9.848809233498330151e-01
-1.703120179179895832e-01 1.182235695243846751e-02 -9.853192624253120924e-01
-1.678145167750361155e-01 1.175868708267878253e-02 -9.857484576274861965e-01
-1.653276956542092946e-01 1.171027345033911690e-02 -9.861691655200484075e-01
-1.628483508241677091e-01 1.167711093658942156e-02 -9.865820088522856413e-01
-1.603732741606243017e-01 1.165919127000440703e-02 -9.869875767560840618e-01
-1.578992540643510412e-01 1.165650306035670263e-02 -9.873864248505911378e-01
-1.554230763535678905e-01 1.166903183078097858e-02 -9.877790752541205643e-01
-1.529415251328882230e-01 1.169676004826101894e-02 -9.881660165030358156e-01
-1.504513836410157346e-01 1.173966715238681374e-02 -9.885477033774940914e-01
-1.479494350794187674e-01 1.179772958232388688e-02 -9.889245566340734150e-01
-1.454324634242458447e-01 1.187092080193235741e-02 -9.892969626454474197e-01
-1.428972542237919308e-01 1.195921132296863879e-02 -9.896652729474075816e-01
-1.403405953838774700e-01 1.206256872629832277e-02 -9.900298036936692192e-01
-1.377612695480519289e-01 1.216354642268068463e-02 -9.903907719835125523e-01
-1.351597792121468911e-01 1.226212678287794122e-02 -9.907479370706280264e-01
-1.325366319991494457e-01 1.235829262596898140e-02 -9.911010615783644173e-01
-1.298923405670664444e-01 1.245202722672467122e-02 -9.914499116750482566e-01
-1.272274225128533220e-01 1.254331432290272524e-02 -9.917942572466680318e-01
-1.245424002724262180e-01 1.263213812245252317e-02 -9.921338720667673972e-01
-1.218378010167817799e-01 1.271848331062025092e-02 -9.924685339633915193e-01
-1.191141565442553063e-01 1.280233505694480280e-02 -9.927980249829339021e-01
-1.163720031689544077e-01 1.288367902213492441e-02 -9.931221315507304803e-01
-1.136118816054110386e-01 1.296250136481813878e-02 -9.934406446282512126e-01
-1.108343368495013498e-01 1.303878874815209837e-02 -9.937533598667404044e-01
-1.080399180556885358e-01 1.311252834628910333e-02 -9.940600777571610980e-01
-1.052291784106502009e-01 1.318370785068464016e-02 -9.943606037762980909e-01
-1.024026750033574518e-01 1.325231547624095875e-02 -9.946547485288812496e-01
-9.956096869167907482e-02 1.331833996727681615e-02 -9.949423278855898944e-01
-9.670462396558973661e-02 1.338177060331474134e-02 -9.952231631168045878e-01
-9.383420880706694334e-02 1.344259720467731213e-02 -9.954970810219757604e-01
-9.095029454676697989e-02 1.350081013788417827e-02 -9.957639140544813916e-01
-8.805345571757565437e-02 1.355640032084176258e-02 -9.960235004418516169e-01
-8.514426990513469795e-02 1.360935922781781812e-02 -9.962756843012401387e-01
-8.222331759545008223e-02 1.365967889419325218e-02 -9.965203157500285291e-01
-7.929118201969327651e-02 1.370735192098392757e-02 -9.967572510114534046e-01
-7.634844899631146320e-02 1.375237147912538975e-02 -9.969863525151506645e-01
-7.339570677056711512e-02 1.379473131351379236e-02 -9.972074889925173213e-01
-7.043354585163197346e-02 1.383442574679658033e-02 -9.974205355667949968e-01
-6.746255884736454544e-02 1.387144968290682755e-02 -9.976253738377858227e-01
-6.448334029690432068e-02 1.390579861033542676e-02 -9.978218919611165916e-01
-6.149648650121949250e-02 1.393746860513571037e-02 -9.980099847219719988e-01
-5.850259535174883591e-02 1.396645633365539187e-02 -9.981895536032249217e-01
-5.550226615728133528e-02 1.399275905499111280e-02 -9.983605068478964562e-01
-5.249609946922046549e-02 1.401637462316123947e-02 -9.985227595158852054e-01
-4.948469690538266630e-02 1.403730148899291590e-02 -9.986762335349114172e-01
-4.646866097248220084e-02 1.405553870171981530e-02 -9.988208577456283432e-01
-4.344859488745672627e-02 1.407108591028735992e-02 -9.989565679408575205e-01
-4.042510239779001369e-02 1.408394336436264403e-02 -9.990833068989153354e-01
-3.739878760098991339e-02 1.409411191504665768e-02 -9.992010244109997830e-01
-3.437025476338112506e-02 1.410159301528683684e-02 -9.993096773026174384e-01
-3.134010813837345005e-02 1.410638871998837543e-02 -9.994092294490343198e-01
-2.830895178436709098e-02 1.410850168582316287e-02 -9.994996517847424267e-01
-2.527738938245718825e-02 1.410793517073559433e-02 -9.995809223069411775e-01
-2.224602405410001926e-02 1.410469303314497089e-02 -9.996530260730369655e-01
-1.921545817890329619e-02 1.409877973084458849e-02 -9.997159551921748211e-01
-1.618629321270277643e-02 1.409020031959803271e-02 -9.997697088108195018e-01
-1.315912950608676482e-02 1.407896045143365409e-02 -9.998142930924115435e-01
-1.013456612352925737e-02 1.406506637263854956e-02 -9.998497211911309135e-01
-7.113200663291366355e-03 1.404852492145385219e-02 -9.998760132198063477e-01
-4.095629078249223010e-03 1.402934352547348558e-02 -9.998931962120164441e-01
-1.082445497804871565e-03 1.400753019874897282e-02 -9.999013040784334727e-01
1.925757948965272845e-03 1.398309353860327335e-02 -9.999003775574686337e-01
4.928391308772080669e-03 1.395604272215700964e-02 -9.998904641602834875e-01
7.924866978035616932e-03 1.392638750257083405e-02 -9.998716181102376144e-01
1.091459987512018691e-02 1.389413820500805426e-02 -9.998439002768502171e-01
1.389700761073840544e-02 1.385930572232199273e-02 -9.998073781043574915e-01
1.687151065638334974e-02 1.382190151047293404e-02 -9.997621255349551372e-01
1.983753251065135600e-02 1.378193758367982427e-02 -9.997082229268194897e-01
2.279449986332168429e-02 1.373942650931225459e-02 -9.996457569670076371e-01
2.574184275706313529e-02 1.369438140252855068e-02 -9.995748205793407726e-01
2.867899474664182408e-02 1.364681592066612631e-02 -9.994955128273814715e-01
3.160539305550860018e-02 1.359674425739053165e-02 -9.994079388126192454e-01
3.452047872964902897e-02 1.354418113660993406e-02 -9.993122095679846106e-01
3.742369678858355891e-02 1.348914180616201351e-02 -9.992084419468157952e-01
4.031449637341025932e-02 1.343164203128052910e-02 -9.990967585074060908e-01
4.319233089178740881e-02 1.337169808784904185e-02 -9.989772873932655228e-01
4.605665815975846372e-02 1.330932675544950483e-02 -9.988501622092317289e-01
4.890694054032695970e-02 1.324454531021365851e-02 -9.987155218935719336e-01
5.174264507869438812e-02 1.317737151748532218e-02 -9.985735105862177940e-01
5.456324363407944605e-02 1.310782362430190640e-02 -9.984242774932809983e-01
5.736821300804258172e-02 1.303592035170358238e-02 -9.982679767479987198e-01
6.015703506924539173e-02 1.296168088687871082e-02 -9.981047672682604732e-01
6.292919687458009559e-02 1.288512487515427844e-02 -9.979348126108728012e-01
6.568419078661001664e-02 1.280627241184017009e-02 -9.977582808227162259e-01
6.842151458726777880e-02 1.272514403393621568e-02 -9.975753442889553346e-01
7.114067158776370137e-02 1.264176071171103748e-02 -9.973861795784614293e-01
7.384117073466270331e-02 1.255614384016177747e-02 -9.971909672866093866e-01
7.652252671209391899e-02 1.246831523036382415e-02 -9.969898918756129325e-01
7.918426004006277885e-02 1.237829710071970679e-02 -9.967831415125613104e-01
8.182589716884151876e-02 1.228611206811631301e-02 -9.965709079053226560e-01
8.444697056941942448e-02 1.219178313899960987e-02 -9.963533861364792799e-01
8.704701882000007163e-02 1.209533370037600870e-02 -9.961307744954601695e-01
8.962558668853852495e-02 1.199678751074949139e-02 -9.959032743090368012e-01
9.218222521131681779e-02 1.189616869100355856e-02 -9.956710897703469065e-01
9.471649176756183341e-02 1.179350171523700988e-02 -9.954344277666115071e-01
9.722795015011508057e-02 1.168881140156246071e-02 -9.951934977057094178e-01
9.971617063216905996e-02 1.158212290287643706e-02 -9.949485113417728677e-01
1.021807300300903998e-01 1.147346169760976066e-02 -9.946996825999657732e-01
1.046212117623549348e-01 1.136285358046682653e-02 -9.944472274006073143e-01
1.070372059046249824e-01 1.125032465316222995e-02 -9.941913634827985735e-01
1.094283092410039127e-01 1.113590131516307112e-02 -9.939323102277118904e-01
1.117941253115079664e-01 1.101961025444508913e-02 -9.936702884816985826e-01
1.141342644557998137e-01 1.090147843827060821e-02 -9.934055203793690225e-01
1.164483438532327997e-01 1.078153310399611146e-02 -9.931382291667975037e-01
1.187359875592592651e-01 1.065980174991705901e-02 -9.928686390250021088e-01
1.209968265382602992e-01 1.053631212615734232e-02 -9.925969748938464621e-01
1.232304986928584589e-01 1.041109222561059644e-02 -9.923234622965083629e-01
1.254366488897786236e-01 1.028417027494033659e-02 -9.920483271646578505e-01
1.276149289823260147e-01 1.015557472564566910e-02 -9.917717956644833688e-01
1.297649978295535300e-01 1.002533424519910094e-02 -9.914940940237033651e-01
1.318865213121943047e-01 9.893477708262691031e-03 -9.912154483596958832e-01
1.339791723454380468e-01 9.760034187988592472e-03 -9.909360845088770464e-01
1.360426308886327484e-01 9.625032947409720499e-03 -9.906562278574549962e-01
1.380765839519963734e-01 9.488503430926057552e-03 -9.903761031736836307e-01
1.400807256004250601e-01 9.350475255891827278e-03 -9.900959344417358254e-01
1.420547569544873268e-01 9.210978204308483200e-03 -9.898159446973139319e-01
1.439983861886954819e-01 9.070042214628218358e-03 -9.895363558651106839e-01
1.459113285271474991e-01 8.927697373672379560e-03 -9.892573885982303139e-01
1.477933062366343364e-01 8.783973908668928771e-03 -9.889792621196767941e-01
1.496440486173095663e-01 8.638902179412781893e-03 -9.887021940660113417e-01
1.514632919910187114e-01 8.492512670552591555e-03 -9.884264003332796644e-01
1.532507796873879280e-01 8.344835984007235169e-03 -9.881520949253029817e-01
1.550062620277717074e-01 8.195902831515002387e-03 -9.878794898044261918e-01
1.567294963071605984e-01 8.045744027318186414e-03 -9.876087947448107807e-01
1.584202467741504250e-01 7.894390480985476535e-03 -9.873402171883571832e-01
1.600782846090747502e-01 7.741873190374302070e-03 -9.870739621033379763e-01
1.617033879004028674e-01 7.588223234734966550e-03 -9.868102318458196187e-01
1.632953416195050689e-01 7.433471767958141178e-03 -9.865492260239457911e-01
1.648539375938877782e-01 7.277650011967003868e-03 -9.862911413651535009e-01
1.663789744789997416e-01 7.120789250255045617e-03 -9.860361715863882326e-01
1.678702577287107811e-01 6.962920821570281471e-03 -9.857845072673824260e-01
1.693275995645638632e-01 6.804076113746338784e-03 -9.855363357270555680e-01
1.707508189438999846e-01 6.644286557680633559e-03 -9.852918409030942959e-01
1.721397415269551867e-01 6.483583621459589746e-03 -9.850512032347644720e-01
1.734941996430270361e-01 6.321998804630586666e-03 -9.848145995490052984e-01
1.748140322558076609e-01 6.159563632620090705e-03 -9.845822029498526584e-01
1.760990849279780723e-01 5.996309651297161182e-03 -9.843541827112345377e-01
1.773492097851576688e-01 5.832268421681297346e-03 -9.841307041731797156e-01
1.785642654793008766e-01 5.667471514793356695e-03 -9.839119286414762522e-01
1.797441171516311331e-01 5.501950506648044074e-03 -9.836980132908150765e-01
1.808886363952005305e-01 5.335736973386255057e-03 -9.834891110714490958e-01
1.819977012171614672e-01 5.168862486545339370e-03 -9.832853706193978027e-01
1.830711960008343520e-01 5.001358608465153281e-03 -9.830869361702221365e-01
1.841090114676535161e-01 4.833256887827559918e-03 -9.828939474763939144e-01
1.851110446390706044e-01 4.664588855326848305e-03 -9.827065397282794823e-01
1.860771987984929654e-01 4.495386019468363206e-03 -9.825248434787564600e-01
1.870073834533312329e-01 4.325679862492447930e-03 -9.823489845714787894e-01
1.879015142972285946e-01 4.155501836420651303e-03 -9.821790840728038541e-01
1.887595131725406938e-01 3.984883359220973108e-03 -9.820152582073922165e-01
1.895813080331327782e-01 3.813855811088773945e-03 -9.818576182974888544e-01
1.903668329075580978e-01 3.642450530839838000e-03 -9.817062707058925586e-01
1.911160278626779785e-01 3.470698812411929322e-03 -9.815613167826179319e-01
1.918288389677816619e-01 3.298631901471059912e-03 -9.814228528152526554e-01
1.925052182592607575e-01 3.126280992118569101e-03 -9.812909699830101307e-01
1.931451237058900150e-01 2.953677223694994424e-03 -9.811657543144765015e-01
1.937485191747631008e-01 2.780851677676621399e-03 -9.810472866490489441e-01
1.943153743979290360e-01 2.607835374660495958e-03 -9.809356426020600095e-01
1.948456649397714568e-01 2.434659271433599163e-03 -9.808308925335817996e-01
1.953393721651701109e-01 2.261354258121808791e-03 -9.807331015209012071e-01
1.957964832084801987e-01 2.087951155414198654e-03 -9.806423293346568926e-01
1.962169909433625903e-01 1.914480711858166252e-03 -9.805586304186262314e-01
1.966008939534941158e-01 1.740973601220830325e-03 -9.804820538731500168e-01
1.969481965041840477e-01 1.567460419912088728e-03 -9.804126434421801539e-01
1.972589085149197841e-01 1.393971684464696001e-03 -9.803504375039346908e-01
1.975330455328613011e-01 1.220537829066689704e-03 -9.802954690651435321e-01
1.977706287073004721e-01 1.047189203141476749e-03 -9.802477657588667403e-01
1.979716847650987155e-01 8.739560689708768130e-04 -9.802073498458654388e-01
1.981362459871122972e-01 7.008685993564184443e-04 -9.801742382195048897e-01
1.982643501856122259e-01 5.279568753141877747e-04 -9.801484424141677643e-01
1.983560406827017675e-01 3.552508837985408506e-04 -9.801299686171548453e-01
1.984113662897320496e-01 1.827805154500117290e-04 -9.801188176840480715e-01
1.984303812877123707e-01 1.057556236277719473e-05 -9.801149851575119420e-01
1.984131454087094126e-01 -1.613342841329272123e-04 -9.801184612895056381e-01
1.983597238182257805e-01 -3.329194356780009346e-04 -9.801292310668786589e-01
1.982701870985457970e-01 -5.041504090857927773e-04 -9.801472742403223304e-01
1.981446112330331466e-01 -6.749978285419892376e-04 -9.801725653566460972e-01
1.979830775913620500e-01 -8.454324278074651453e-04 -9.802050737943489578e-01
1.977856729156607929e-01 -1.015425052428412661e-03 -9.802447638024540666e-01
1.975524893075435440e-01 -1.184946661957986995e-03 -9.802915945425736410e-01
1.972836242160035947e-01 -1.353968332193619716e-03 -9.803455201341703118e-01
1.969791804261383228e-01 -1.522461257434062042e-03 -9.804064897029806103e-01
1.966392660486737665e-01 -1.690396752760116002e-03 -9.804744474325637338e-01
1.962639945102536421e-01 -1.857746256342913006e-03 -9.805493326189400616e-01
1.958534845444556138e-01 -2.024481331783484217e-03 -9.806310797282795644e-01
1.954078601834947082e-01 -2.190573670487251570e-03 -9.807196184576030262e-01
1.949272507505715735e-01 -2.355995094076943335e-03 -9.808148737984545562e-01
1.944117908528210648e-01 -2.520717556847315664e-03 -9.809167661035042007e-01
1.938616203748141642e-01 -2.684713148264920336e-03 -9.810252111560391342e-01
1.932768844725643032e-01 -2.847954095516021938e-03 -9.811401202422994627e-01
1.926577335679869607e-01 -3.010412766105630827e-03 -9.812614002266131230e-01
1.920043233437595254e-01 -3.172061670510455643e-03 -9.813889536292856874e-01
1.913168147385264917e-01 -3.332873464888436426e-03 -9.815226787071966719e-01
1.905953739423932591e-01 -3.492820953847359383e-03 -9.816624695370546050e-01
1.898401723926502194e-01 -3.651877093274886067e-03 -9.818082161012617881e-01
1.890513867696670403e-01 -3.810014993232170143e-03 -9.819598043763367867e-01
1.882291989928957243e-01 -3.967207920913058856e-03 -9.821171164238443607e-01
1.873737962169197135e-01 -4.123429303670708874e-03 -9.822800304837777663e-01
1.864853708274847865e-01 -4.278652732113260616e-03 -9.824484210703402498e-01
1.855641204374464392e-01 -4.432851963270043397e-03 -9.826221590700685571e-01
1.846102478825676074e-01 -4.586000923829594220e-03 -9.828011118422420589e-01
1.836239612170993130e-01 -4.738073713450586567e-03 -9.829851433215179846e-01
1.826054737090759827e-01 -4.889044608146581213e-03 -9.831741141227332559e-01
1.815550038352570228e-01 -5.038888063745325038e-03 -9.833678816478109708e-01
1.804727752756447590e-01 -5.187578719423110475e-03 -9.835663001947088091e-01
1.793590169075091334e-01 -5.335091401314544235e-03 -9.837692210683443017e-01
1.782139627988487685e-01 -5.481401126197852844e-03 -9.839764926934321254e-01
1.770378522012180100e-01 -5.626483105255670331e-03 -9.841879607291647014e-01
1.758309295418490070e-01 -5.770312747911050463e-03 -9.844034681856685953e-01
1.745934444149986053e-01 -5.912865665738250773e-03 -9.846228555421652207e-01
1.733256515724491964e-01 -6.054117676447635238e-03 -9.848459608667644583e-01
1.720278109130934652e-01 -6.194044807943846487e-03 -9.850726199378182502e-01
1.707001874715329270e-01 -6.332623302456198873e-03 -9.853026663667581175e-01
1.693430514056210867e-01 -6.469829620740052099e-03 -9.855359317223415516e-01
1.679566779828821355e-01 -6.605640446347713426e-03 -9.857722456562287849e-01
1.665413475657373799e-01 -6.740032689967250835e-03 -9.860114360298104508e-01
1.650973455954719560e-01 -6.872983493827370532e-03 -9.862533290422059729e-01
1.636249625748758540e-01 -7.004470236166353454e-03 -9.864977493593495295e-01
1.621244940494937781e-01 -7.134470535762830329e-03 -9.867445202440813246e-01
1.605962405874203081e-01 -7.262962256526009179e-03 -9.869934636871575684e-01
1.590405077575775816e-01 -7.389923512142768797e-03 -9.872444005390939026e-01
1.574576061064143495e-01 -7.515332670778862578e-03 -9.874971506427536738e-01
1.558478511329670912e-01 -7.639168359831293234e-03 -9.877515329665926824e-01
1.542115632622250709e-01 -7.761409470728744542e-03 -9.880073657384697006e-01
1.525490678167435998e-01 -7.882035163776798456e-03 -9.882644665799311667e-01
1.508606949864511326e-01 -8.001024873044475932e-03 -9.885226526408772418e-01
1.491467797965982389e-01 -8.118358311288516663e-03 -9.887817407345155241e-01
1.474076620737985455e-01 -8.234015474911610816e-03 -9.890415474725076095e-01
1.456436864101136319e-01 -8.347976648950690068e-03 -9.893018894002121311e-01
1.438552021251369162e-01 -8.460222412091209995e-03 -9.895625831319273535e-01
1.420425632260332582e-01 -8.570733641703231001e-03 -9.898234454860365128e-01
1.402061283654938706e-01 -8.679491518894966173e-03 -9.900842936199554245e-01
1.383462607975689262e-01 -8.786477533579334365e-03 -9.903449451647853286e-01
1.364633283313425038e-01 -8.891673489548957907e-03 -9.906052183595684957e-01
1.345577032824177288e-01 -8.995061509554891713e-03 -9.908649321850484526e-01
1.326297624221826066e-01 -9.096624040384308080e-03 -9.911239064968317969e-01
1.306798869248299577e-01 -9.196343857932229651e-03 -9.913819621578512375e-01
1.287084623121080851e-01 -9.294204072262330155e-03 -9.916389211700278317e-01
1.267158783957816337e-01 -9.390188132651728845e-03 -9.918946068050306097e-01
1.247025292177854350e-01 -9.484279832614631728e-03 -9.921488437340306721e-01
1.226688129880572631e-01 -9.576463314899622339e-03 -9.924014581563490589e-01
1.206151320200385402e-01 -9.666723076455299019e-03 -9.926522779268953656e-01
1.185418926638355519e-01 -9.755043973358971249e-03 -9.929011326822956285e-01
1.164495052370368849e-01 -9.841411225703025276e-03 -9.931478539656081184e-01
1.143383839531862400e-01 -9.925810422433574420e-03 -9.933922753495260105e-01
1.122089468479131880e-01 -1.000822752613596441e-02 -9.936342325579663459e-01
1.100616157027276554e-01 -1.008864887776170574e-02 -9.938735635859456963e-01
1.078968159664877718e-01 -1.016706120129138094e-02 -9.941101088176435008e-01
1.057149766745535957e-01 -1.024345160832809513e-02 -9.943437111425544872e-01
1.035165303656432056e-01 -1.031780760261603869e-02 -9.945742160696340317e-01
1.013019129964107257e-01 -1.039011708447874945e-02 -9.948014718393396461e-01
9.907156385376944541e-02 -1.046036835517171956e-02 -9.950253295334743342e-01
9.682592546498666741e-02 -1.052855012114398484e-02 -9.952456431827390038e-01
9.456544350558007683e-02 -1.059465149820342997e-02 -9.954622698719013396e-01
9.229056670504907911e-02 -1.065866201558058474e-02 -9.956750698424914336e-01
9.000174675047778461e-02 -1.072057161988573121e-02 -9.958839065929362411e-01
8.769943818804945557e-02 -1.078037067895426526e-02 -9.960886469760463768e-01
8.538409832251581122e-02 -1.083804998557529910e-02 -9.962891612937696539e-01
8.305618711466748738e-02 -1.089360076109860583e-02 -9.964853233891310946e-01
8.071616707685524972e-02 -1.094701465891511141e-02 -9.966770107352778130e-01
7.836450316661457138e-02 -1.099828376780624499e-02 -9.968641045215517194e-01
7.600166267844923884e-02 -1.104740061515758001e-02 -9.970464897365148849e-01
7.362811513383257789e-02 -1.109435817003233404e-02 -9.972240552478549569e-01
7.124433216948766745e-02 -1.113914984610041813e-02 -9.973966938791004599e-01
6.885078742401075369e-02 -1.118176950441888973e-02 -9.975643024830794792e-01
6.644795642290469984e-02 -1.122221145605978472e-02 -9.977267820120570008e-01
6.403631646209191619e-02 -1.126047046458151547e-02 -9.978840375844901800e-01
6.161634648997862257e-02 -1.129654174834012099e-02 -9.980359785483431390e-01
5.918852698814466157e-02 -1.133042098263688582e-02 -9.981825185409067824e-01
5.675333985073541254e-02 -1.136210430169899005e-02 -9.983235755450718951e-01
5.431126826263434765e-02 -1.139158830049005235e-02 -9.984590719420074478e-01
5.186279657649683211e-02 -1.141887003634761873e-02 -9.985889345601988154e-01
4.940841018872774160e-02 -1.144394703044483187e-02 -9.987130947208059384e-01
4.694859541448699602e-02 -1.146681726907373793e-02 -9.988314882793020155e-01
4.448383936180897585e-02 -1.148747920474788194e-02 -9.989440556633605306e-01
4.201462980492307042e-02 -1.150593175712205304e-02 -9.990507419069590833e-01
3.954145505686403744e-02 -1.152217431372726079e-02 -9.991514966806736009e-01
3.706480384146204621e-02 -1.153620673051922868e-02 -9.992462743181410589e-01
3.458516516480328318e-02 -1.154802933223894254e-02 -9.993350338386709497e-01
3.210302818625295623e-02 -1.155764291258396317e-02 -9.994177389659905097e-01
2.961888208913325896e-02 -1.156504873418949357e-02 -9.994943581431130486e-01
2.713321595114947388e-02 -1.157024852841838022e-02 -9.995648645433222734e-01
2.464651861465783425e-02 -1.157324449495946914e-02 -9.996292360772681684e-01
2.215927855686911779e-02 -1.157403930123397477e-02 -9.996874553961767607e-01
1.967198376008203950e-02 -1.157263608160972838e-02 -9.997395098911774358e-01
1.718512158204056617e-02 -1.156903843642342888e-02 -9.997853916887560199e-01
1.469917862650909138e-02 -1.156325043081123105e-02 -9.998250976423475045e-01
1.221464061415912863e-02 -1.155527659334822446e-02 -9.998586293200831809e-01
9.731992253860734590e-03 -1.154512191449762713e-02 -9.998859929887139453e-01
7.251717114471272277e-03 -1.153279184487068440e-02 -9.999071995937327539e-01
4.774297497213385311e-03 -1.151829229329853418e-02 -9.999222647357252081e-01
2.300214308733153270e-03 -1.150162962471749581e-02 -9.999312086429793522e-01
-1.700530650715977206e-04 -1.148281065786946852e-02 -9.999340561403906591e-01
-2.636026884364073373e-03 -1.146184266281932880e-02 -9.999308366147010574e-01
-5.097231179734882170e-03 -1.143873335829144293e-02 -9.999215839761151914e-01
-7.553191875535982154e-03 -1.141349090882759487e-02 -9.999063366163395417e-01
-1.000343691209772991e-02 -1.138612392176885542e-02 -9.998851373630956996e-01
-1.244749636674627631e-02 -1.135664144406409864e-02 -9.998580334311594209e-01
-1.488490257354036991e-02 -1.132505295890806618e-02 -9.998250763699831900e-01
-1.731519024164856341e-02 -1.129136838221207403e-02 -9.997863220079614699e-01
-1.973789657228988345e-02 -1.125559805891062325e-02 -9.997418303934024753e-01
-2.215256137416319465e-02 -1.121775275910735954e-02 -9.996916657322711952e-01
-2.455872717729272112e-02 -1.117784367406399193e-02 -9.996358963227743866e-01
-2.695593934521963927e-02 -1.113588241203594502e-02 -9.995745944868573707e-01
-2.934374618547201663e-02 -1.109188099395864817e-02 -9.995078364986894615e-01
-3.172169905824803043e-02 -1.104585184898855717e-02 -9.994357025102129644e-01
-3.408935248324993644e-02 -1.099780780990309605e-02 -9.993582764738377922e-01
-3.644626424460908898e-02 -1.094776210836386106e-02 -9.992756460623617443e-01
-3.879199549384500928e-02 -1.089572837004755199e-02 -9.991879025862023811e-01
-4.112611085080436490e-02 -1.084172060964920178e-02 -9.990951409080264245e-01
-4.344817850252873787e-02 -1.078575322576238657e-02 -9.989974593548652804e-01
-4.575777030000287293e-02 -1.072784099564119339e-02 -9.988949596278079435e-01
-4.805446185273826165e-02 -1.066799906984881863e-02 -9.987877467093621009e-01
-5.033783262114990831e-02 -1.060624296679774439e-02 -9.986759287685792463e-01
-5.260746600668721878e-02 -1.054258856718651508e-02 -9.985596170640377300e-01
-5.486294943968309662e-02 -1.047705210833820184e-02 -9.984389258447819993e-01
-5.710387446488852936e-02 -1.040965017844568477e-02 -9.983139722493143964e-01
-5.932983682466302228e-02 -1.034039971072896365e-02 -9.981848762027408783e-01
-6.154043653979447692e-02 -1.026931797750969301e-02 -9.980517603121692449e-01
-6.373527798792531784e-02 -1.019642258420821145e-02 -9.979147497604617945e-01
-6.591396997956482096e-02 -1.012173146326833008e-02 -9.977739721984439925e-01
-6.807612583167076126e-02 -1.004526286801517114e-02 -9.976295576356718486e-01
-7.022136343878668252e-02 -9.967035366451338849e-03 -9.974816383298602540e-01
-7.234930534172435979e-02 -9.887067834996701374e-03 -9.973303486750770830e-01
-7.445957879378382882e-02 -9.805379452177053964e-03 -9.971758250888040909e-01
-7.655181582450686084e-02 -9.721989692266909053e-03 -9.970182058979711881e-01
-7.862565330096250860e-02 -9.636918318891624438e-03 -9.968576312240647885e-01
-8.068073298656652792e-02 -9.550185378594047703e-03 -9.966942428674158139e-01
-8.271670159743936546e-02 -9.461811194370815109e-03 -9.965281841907691618e-01
-8.473321085631042859e-02 -9.371816359183359965e-03 -9.963596000022383326e-01
-8.672991754397915698e-02 -9.280221729448671561e-03 -9.961886364377467995e-01
-8.870648354834619054e-02 -9.187048418514743436e-03 -9.960154408430584860e-01
-9.066257591103075997e-02 -9.092317790125571675e-03 -9.958401616554973801e-01
-9.259786687159313190e-02 -8.996051451880515346e-03 -9.956629482854578717e-01
-9.451203390938332782e-02 -8.898271248692708052e-03 -9.954839509978037349e-01
-9.640475978304022253e-02 -8.798999256251134951e-03 -9.953033207932550086e-01
-9.827573256766729271e-02 -8.698257774490882055e-03 -9.951212092898593653e-01
-1.001246456897136594e-01 -8.596069321075965747e-03 -9.949377686046444458e-01
-1.019511979595917051e-01 -8.492456624899023809e-03 -9.947531512355457517e-01
-1.037550936020641967e-01 -8.387442619602046914e-03 -9.945675099437033539e-01
-1.055360422844364848e-01 -8.281050437122211560e-03 -9.943809976362197878e-01
-1.072937591425909415e-01 -8.173303401266731466e-03 -9.941937672494691736e-01
-1.090279648049030659e-01 -8.064225021320529929e-03 -9.940059716330469364e-01
-1.107383854140801538e-01 -7.953838985690388219e-03 -9.938177634344476097e-01
-1.124247526469655117e-01 -7.842169155589112303e-03 -9.936292949845555444e-01
-1.140868037323525402e-01 -7.729239558763079804e-03 -9.934407181840333445e-01
-1.157242814668546088e-01 -7.615074383266423261e-03 -9.932521843906897407e-01
-1.173369342288781425e-01 -7.499697971284934907e-03 -9.930638443079071731e-01
-1.189245159907475757e-01 -7.383134813012635043e-03 -9.928758478742075733e-01
-1.204867863290319530e-01 -7.265409540583796059e-03 -9.926883441540327313e-01
-1.220235104331242881e-01 -7.146546922063064071e-03 -9.925014812298140754e-01
-1.235344591121255164e-01 -7.026571855496151903e-03 -9.923154060954035849e-01
-1.250194088000859682e-01 -6.905509363023433142e-03 -9.921302645509378904e-01
-1.264781415596579195e-01 -6.783384585058610007e-03 -9.919462010992017298e-01
-1.279104450842136753e-01 -6.660222774534456033e-03 -9.917633588435595948e-01
-1.293161126984838927e-01 -6.536049291217491466e-03 -9.915818793875181836e-01
-1.306949433577715702e-01 -6.410889596093283585e-03 -9.914019027359823877e-01
-1.320467416457974941e-01 -6.284769245823903713e-03 -9.912235671982650986e-01
-1.333713177712329556e-01 -6.157713887278919163e-03 -9.910470092929086761e-01
-1.346684875629760025e-01 -6.029749252141137009e-03 -9.908723636543738111e-01
-1.359380724642274829e-01 -5.900901151588163092e-03 -9.906997629416495199e-01
-1.371798995254227549e-01 -5.771195471050686102e-03 -9.905293377488361140e-01
-1.383938013960755165e-01 -5.640658165048229207e-03 -9.903612165177506643e-01
-1.395796163155892111e-01 -5.509315252102985061e-03 -9.901955254526015882e-01
-1.407371881030916871e-01 -5.377192809732169593e-03 -9.900323884367787652e-01
-1.418663661463480108e-01 -5.244316969519204237e-03 -9.898719269518015951e-01
-1.429670053898062509e-01 -5.110713912263884461e-03 -9.897142599984661837e-01
-1.440389663218300254e-01 -4.976409863211540656e-03 -9.895595040202308512e-01
-1.450821149611711269e-01 -4.841431087361066504e-03 -9.894077728288770412e-01
-1.460963228427349936e-01 -4.705803884851547658e-03 -9.892591775324802716e-01
-1.470814670026904247e-01 -4.569554586427096096e-03 -9.891138264657240997e-01
-1.480374299629745871e-01 -4.432709548979345444e-03 -9.889718251225887435e-01
-1.489640997152432145e-01 -4.295295151166960215e-03 -9.888332760914421149e-01
-1.498613697043145176e-01 -4.157337789111366193e-03 -9.886982789925617965e-01
-1.507291388111546560e-01 -4.018863872167800777e-03 -9.885669304181115002e-01
-1.515673113354512047e-01 -3.879899818770660234e-03 -9.884393238745973198e-01
-1.523757969778197774e-01 -3.740472052352008039e-03 -9.883155497278227619e-01
-1.531545108216878226e-01 -3.600606997332003126e-03 -9.881956951503644282e-01
-1.539033733148979233e-01 -3.460331075179899716e-03 -9.880798440715845565e-01
-1.546223102510719816e-01 -3.319670700544171110e-03 -9.879680771301971864e-01
-1.553112527507756468e-01 -3.178652277450213105e-03 -9.878604716294023813e-01
-1.559701372425212895e-01 -3.037302195563995090e-03 -9.877571014946001648e-01
-1.565989054436460193e-01 -2.895646826519936677e-03 -9.876580372336962732e-01
-1.571975043410996919e-01 -2.753712520311208788e-03 -9.875633459000081604e-01
-1.577658861721760453e-01 -2.611525601740577029e-03 -9.874730910577789178e-01
-1.583040084052188823e-01 -2.469112366929841415e-03 -9.873873327503059905e-01
-1.588118337203328900e-01 -2.326499079885849339e-03 -9.873061274706876889e-01
-1.592893299901274040e-01 -2.183711969121003137e-03 -9.872295281351921581e-01
-1.597364702605193754e-01 -2.040777224326123344e-03 -9.871575840592486939e-01
-1.601532327316203541e-01 -1.897720993093478421e-03 -9.870903409360627379e-01
-1.605396007387298318e-01 -1.754569377687740335e-03 -9.870278408178519980e-01
-1.608955627334563987e-01 -1.611348431862589820e-03 -9.869701220997014746e-01
-1.612211122649853112e-01 -1.468084157720651352e-03 -9.869172195060329500e-01
-1.615162479615100677e-01 -1.324802502614407266e-03 -9.868691640796832809e-01
-1.617809735118430903e-01 -1.181529356085717075e-03 -9.868259831735843868e-01
-1.620152976472191142e-01 -1.038290546841539805e-03 -9.867877004450367195e-01
-1.622192341233029689e-01 -8.951118397634450635e-04 -9.867543358525668884e-01
-1.623928017024113823e-01 -7.520189329484824881e-04 -9.867259056553581154e-01
-1.625360241359566638e-01 -6.090374547789751021e-04 -9.867024224152417533e-01
-1.626489301471183424e-01 -4.661929610187972401e-04 -9.866838950012362108e-01
-1.627315534137469544e-01 -3.235109319337008886e-04 -9.866703285966189618e-01
-1.627839325515021418e-01 -1.810167694332632680e-04 -9.866617247085158748e-01
-1.628061110972257308e-01 -3.873579423203747912e-05 -9.866580811799903206e-01
-1.627981374925482616e-01 1.033067569724927751e-04 -9.866593922046152931e-01
-1.627600650677260008e-01 2.450857343075327774e-04 -9.866656483435074509e-01
-1.626919520257034679e-01 3.865760775205227904e-04 -9.866768365448043143e-01
-1.625938614263949811e-01 5.277528187649327364e-04 -9.866929401655621934e-01
-1.624658611711765066e-01 6.685910853785920639e-04 -9.867139389960524198e-01
-1.623080239875783204e-01 8.090661026568018912e-04 -9.867398092864320125e-01
-1.621204274141662127e-01 9.491531966224339353e-04 -9.867705237757646852e-01
-1.619031537855984137e-01 1.088827796795172054e-03 -9.868060517233647744e-01
-1.616562902178429462e-01 1.228065438962000185e-03 -9.868463589424391058e-01
-1.613799285935392236e-01 1.366841767950985722e-03 -9.868914078359968256e-01
-1.610741655474857426e-01 1.505132540410346201e-03 -9.869411574349994387e-01
-1.607391024522346612e-01 1.642913627594725506e-03 -9.869955634387201915e-01
-1.603748454037722815e-01 1.780161018160535732e-03 -9.870545782572819338e-01
-1.599815052072632304e-01 1.916850820972154732e-03 -9.871181510563414863e-01
-1.595591973628348592e-01 2.052959267920689140e-03 -9.871862278038859850e-01
-1.591080420513771576e-01 2.188462716756941952e-03 -9.872587513191087849e-01
-1.586281641203319548e-01 2.323337653940136388e-03 -9.873356613233278400e-01
-1.581196930694444558e-01 2.457560697503870326e-03 -9.874168944929113678e-01
-1.575827630364487197e-01 2.591108599940685625e-03 -9.875023845141729373e-01
-1.570175127826577144e-01 2.723958251106545561e-03 -9.875920621401976796e-01
-1.564240856784278044e-01 2.856086681146427757e-03 -9.876858552495599852e-01
-1.558026296884661432e-01 2.987471063442138485e-03 -9.877836889068926096e-01
-1.551532973569491880e-01 3.118088717583362719e-03 -9.878854854252656637e-01
-1.544762457924191423e-01 3.247917112362864577e-03 -9.879911644303331908e-01
-1.537716366524247980e-01 3.376933868796646102e-03 -9.881006429262031432e-01
-1.530396361278724415e-01 3.505116763169779503e-03 -9.882138353629875693e-01
-1.522804149270518270e-01 3.632443730108515702e-03 -9.883306537059866059e-01
-1.514941482593018529e-01 3.758892865679165293e-03 -9.884510075064604218e-01
-1.506810158182798065e-01 3.884442430514150908e-03 -9.885748039739410409e-01
-1.498412017647980377e-01 4.009070852965504646e-03 -9.887019480500370827e-01
-1.489748947091912024e-01 4.132756732285991844e-03 -9.888323424836802378e-01
-1.480822876931771892e-01 4.255478841837919725e-03 -9.889658879077650733e-01
-1.471635781711747859e-01 4.377216132329578464e-03 -9.891024829171293220e-01
-1.462189679910404216e-01 4.497947735079164608e-03 -9.892420241478238063e-01
-1.452486633741870703e-01 4.617652965305902787e-03 -9.893844063576180403e-01
-1.442528748950479556e-01 4.736311325447985394e-03 -9.895295225076879975e-01
-1.432318174598476435e-01 4.853902508506834079e-03 -9.896772638454309767e-01
-1.421857102846439680e-01 4.970406401417068118e-03 -9.898275199883520559e-01
-1.411147768726035978e-01 5.085803088441464941e-03 -9.899801790089647335e-01
-1.400192449904750225e-01 5.200072854590073214e-03 -9.901351275206494718e-01
-1.388993466442230429e-01 5.313196189062537392e-03 -9.902922507644106309e-01
-1.377553180537887667e-01 5.425153788712581623e-03 -9.904514326964735105e-01
-1.365873996269404977e-01 5.535926561533492489e-03 -9.906125560766614324e-01
-1.353958359321807414e-01 5.645495630163324674e-03 -9.907755025574916941e-01
-1.341808756706757699e-01 5.753842335408463488e-03 -9.909401527739295501e-01
-1.329427716471745236e-01 5.860948239784059301e-03 -9.911063864337380513e-01
-1.316817807398846796e-01 5.966795131069757910e-03 -9.912740824083605684e-01
-1.303981638692746081e-01 6.071365025879034601e-03 -9.914431188242729398e-01
-1.290921859657706838e-01 6.174640173240367701e-03 -9.916133731547411845e-01
-1.277641159363205603e-01 6.276603058188358168e-03 -9.917847223119197198e-01
-1.264142266297942352e-01 6.377236405362841920e-03 -9.919570427392255807e-01
-1.250427948011954282e-01 6.476523182613922770e-03 -9.921302105039221386e-01
-1.236501010746574036e-01 6.574446604610787934e-03 -9.923041013898473706e-01
-1.222364299051986181e-01 6.670990136452062229e-03 -9.924785909902185121e-01
-1.208020695392144350e-01 6.766137497275399003e-03 -9.926535548004473686e-01
-1.193473119736831040e-01 6.859872663863904318e-03 -9.928288683108990043e-01
-1.178724529140651039e-01 6.952179874246933698e-03 -9.930044070995251992e-01
-1.163777917308768534e-01 7.043043631292720923e-03 -9.931800469243059482e-01
-1.148636314149209942e-01 7.132448706290227258e-03 -9.933556638154303897e-01
-1.133302785311570693e-01 7.220380142517549178e-03 -9.935311341671493324e-01
-1.117780431711982159e-01 7.306823258794148054e-03 -9.937063348292312082e-01
-1.102072389044209538e-01 7.391763653014116718e-03 -9.938811431979525102e-01
-1.086181827276768014e-01 7.475187205657653558e-03 -9.940554373065558780e-01
-1.070111950135964052e-01 7.557080083277848033e-03 -9.942290959151058871e-01
-1.053865994574783999e-01 7.637428741959862398e-03 -9.944019985996764843e-01
-1.037447230227571265e-01 7.716219930749540663e-03 -9.945740258408010126e-01
-1.020858958850450748e-01 7.793440695048444583e-03 -9.947450591111174356e-01
-1.004104513747478417e-01 7.869078379972299989e-03 -9.949149809621421481e-01
-9.871872591825117671e-02 7.943120633669791680e-03 -9.950836751101055366e-01
-9.701105897768164121e-02 8.015555410598651162e-03 -9.952510265207820117e-01
-9.528779298924426600e-02 8.086370974755943339e-03 -9.954169214932505616e-01
-9.354927330014249642e-02 8.155555902859467840e-03 -9.955812477425186602e-01
-9.179584810408758511e-02 8.223099087477179353e-03 -9.957438944809463566e-01
-9.002786837540673048e-02 8.288989740101532222e-03 -9.959047524984062649e-01
-8.824568780176079985e-02 8.353217394165659768e-03 -9.960637142411165046e-01
-8.644966271548489012e-02 8.415771907998312665e-03 -9.962206738890845292e-01
-8.464015202356640899e-02 8.476643467714499794e-03 -9.963755274321004496e-01
-8.281751713627763523e-02 8.535822590038790597e-03 -9.965281727442201198e-01
-8.098212189448150689e-02 8.593300125058263988e-03 -9.966785096566781466e-01
-7.913433249563112115e-02 8.649067258902127034e-03 -9.968264400291731997e-01
-7.727451741848563593e-02 8.703115516345066513e-03 -9.969718678194693373e-01
-7.540304734656674834e-02 8.755436763331410355e-03 -9.971146991512566116e-01
-7.352029509038199295e-02 8.806023209417271347e-03 -9.972548423802182205e-01
-7.162663550844286520e-02 8.854867410127848990e-03 -9.973922081582498045e-01
-6.972244542710738513e-02 8.901962269227146896e-03 -9.975267094957809277e-01
-6.780810355927872901e-02 8.947301040897422120e-03 -9.976582618221482290e-01
-6.588399042199295785e-02 8.990877331825743515e-03 -9.977867830439725028e-01
-6.395048825293075945e-02 9.032685103195098666e-03 -9.979121936014920813e-01
-6.200798092588957755e-02 9.072718672577593027e-03 -9.980344165228088871e-01
-6.005685386525416031e-02 9.110972715727321328e-03 -9.981533774760035227e-01
-5.809749395950504491e-02 9.147442268270605803e-03 -9.982690048190778764e-01
-5.613028947380594574e-02 9.182122727291370384e-03 -9.983812296476861636e-01
-5.415562996171247728e-02 9.215009852809517149e-03 -9.984899858406166562e-01
-5.217390617604589220e-02 9.246099769150252848e-03 -9.985952101029887951e-01
-5.018550997897695820e-02 9.275388966202429558e-03 -9.986968420071318242e-01
-4.819083425136616583e-02 9.302874300564048515e-03 -9.987948240311138592e-01
-4.619027280140779873e-02 9.328552996573185457e-03 -9.988891015948917484e-01
-4.418422027262627894e-02 9.352422647222715518e-03 -9.989796230940548583e-01
-4.217307205127449055e-02 9.374481214957307643e-03 -9.990663399311370263e-01
-4.015722417318452753e-02 9.394727032351281662e-03 -9.991492065444746995e-01
-3.813707323012229672e-02 9.413158802666040867e-03 -9.992281804345903851e-01
-3.611301627569826062e-02 9.429775600285893525e-03 -9.993032221880826516e-01
-3.408545073088723593e-02 9.444576871031225979e-03 -9.993742954990072480e-01
-3.205477428921090638e-02 9.457562432348071493e-03 -9.994413671877354632e-01
-3.002138482163729805e-02 9.468732473373294226e-03 -9.995044072172781791e-01
-2.798568028125191301e-02 9.478087554874671875e-03 -9.995633887070669577e-01
-2.594805860775569253e-02 9.485628609065344455e-03 -9.996182879441851687e-01
-2.390891763184532434e-02 9.491356939292176428e-03 -9.996690843920452707e-01
-2.186865497953162721e-02 9.495274219597751170e-03 -9.997157606965096921e-01
-1.982766797645202708e-02 9.497382494155796537e-03 -9.997583026894569791e-01
-1.778635355223311815e-02 9.497684176580013793e-03 -9.997966993897947630e-01
-1.574510814495943406e-02 9.496182049106377532e-03 -9.998309430019258759e-01
-1.370432760580442971e-02 9.492879261649123449e-03 -9.998610289116747207e-01
-1.166440710387955590e-02 9.487779330730760491e-03 -9.998869556796838864e-01
-9.625741031357087224e-03 9.480886138286570564e-03 -9.999087250322937770e-01
-7.588722908922061750e-03 9.472203930344183856e-03 -9.999263418499194644e-01
-5.553745291608310972e-03 9.461737315578949703e-03 -9.999398141529421968e-01
-3.521199675073098580e-03 9.449491263745944322e-03 -9.999491530851344345e-01
-1.491476402364348697e-03 9.435471103989572991e-03 -9.999543728946402865e-01
5.350354287661511672e-04 9.419682523031854340e-03 -9.999554909125351054e-01
2.557948057950896244e-03 9.402131563240595860e-03 -9.999525275289901094e-01
4.576875153644224294e-03 9.382824620578763403e-03 -9.999455061670704525e-01
6.591431903858194913e-03 9.361768442436493171e-03 -9.999344532541963870e-01
8.601235106146583320e-03 9.338970125347288362e-03 -9.999193981913008233e-01
1.060590325678775758e-02 9.314437112590048459e-03 -9.999003733197168176e-01
1.260505663911823740e-02 9.288177191678709255e-03 -9.998774138858325111e-01
1.459831741096984103e-02 9.260198491741337620e-03 -9.998505580035501605e-01
1.658530969116446194e-02 9.230509480790665550e-03 -9.998198466145914454e-01
1.856565964502173913e-02 9.199118962888103504e-03 -9.997853234466899108e-01
2.053899556883618388e-02 9.166036075203417080e-03 -9.997470349697145098e-01
2.250494797328159852e-02 9.131270284972280507e-03 -9.997050303497705404e-01
2.446314966570205945e-02 9.094831386354055788e-03 -9.996593614013246087e-01
2.641323583125010366e-02 9.056729497192208753e-03 -9.996100825374030219e-01
2.835484411283428069e-02 9.016975055679844406e-03 -9.995572507179132371e-01
3.028761468983968974e-02 8.975578816932930706e-03 -9.995009253961411044e-01
3.221119035558672045e-02 8.932551849473835404e-03 -9.994411684634771920e-01
3.412521659349477404e-02 8.887905531627892514e-03 -9.993780441924258184e-01
3.602934165191939986e-02 8.841651547835728889e-03 -9.993116191779541913e-01
3.792321661763284335e-02 8.793801884884197562e-03 -9.992419622772377163e-01
3.980649548791979214e-02 8.744368828058748933e-03 -9.991691445478603217e-01
4.167883524126177186e-02 8.693364957220188829e-03 -9.990932391845284144e-01
4.353989590658528114e-02 8.640803142808753390e-03 -9.990143214543601990e-01
4.538934063105063560e-02 8.586696541778501834e-03 -9.989324686308095336e-01
4.722683574636013515e-02 8.531058593465057696e-03 -9.988477599262882700e-01
4.905205083356599383e-02 8.473903015389748147e-03 -9.987602764235491426e-01
5.086465878636020621e-02 8.415243799003227498e-03 -9.986701010058923744e-01
5.266433587283030071e-02 8.355095205371665737e-03 -9.985773182862610620e-01
5.445076179566680358e-02 8.293471760808631549e-03 -9.984820145352887311e-01
5.622361975080981955e-02 8.230388252455783649e-03 -9.983842776083658999e-01
5.798259648452414733e-02 8.165859723815494658e-03 -9.982841968717897085e-01
5.972738234889388154e-02 8.099901470238531770e-03 -9.981818631280633403e-01
6.145767135572939577e-02 8.032529034369928836e-03 -9.980773685404110696e-01
6.317316122888122498e-02 7.963758201556151578e-03 -9.979708065565753294e-01
6.487355345495711412e-02 7.893604995216652390e-03 -9.978622718319626328e-01
6.655855333244024841e-02 7.822085672182918156e-03 -9.977518601522036290e-01
6.822787001920832539e-02 7.749216718008049461e-03 -9.976396683551953526e-01
6.988121657845472456e-02 7.675014842249920817e-03 -9.975257942526910560e-01
7.151831002301488327e-02 7.599496973730922138e-03 -9.974103365515037956e-01
7.313887135810218099e-02 7.522680255777255617e-03 -9.972933947743900518e-01
7.474262562245975738e-02 7.444582041440721450e-03 -9.971750691806794409e-01
7.632930192793566104e-02 7.365219888705880694e-03 -9.970554606867148006e-01
7.789863349749059918e-02 7.284611555685452378e-03 -9.969346707861685974e-01
7.945035770164891875e-02 7.202774995806731674e-03 -9.968128014702999362e-01
8.098421609340476779e-02 7.119728352991783020e-03 -9.966899551482155672e-01
8.249995444159689828e-02 7.035489956834100472e-03 -9.965662345671989497e-01
8.399732276276683507e-02 6.950078317774363405e-03 -9.964417427331697663e-01
8.547607535151635627e-02 6.863512122277861012e-03 -9.963165828313359507e-01
8.693597080938170185e-02 6.775810228016098356e-03 -9.961908581470996227e-01
8.837677207224275966e-02 6.686991659055011722e-03 -9.960646719872778831e-01
8.979824643628689373e-02 6.597075601052182839e-03 -9.959381276016969764e-01
9.120016558254812056e-02 6.506081396465334017e-03 -9.958113281052204391e-01
9.258230560004324095e-02 6.414028539774340246e-03 -9.956843764002674124e-01
9.394444700752760391e-02 6.320936672718907579e-03 -9.955573750998797378e-01
9.528637477389417798e-02 6.226825579553982130e-03 -9.954304264513922362e-01
9.660787833724024387e-02 6.131715182324894153e-03 -9.953036322607627939e-01
9.790875162262716036e-02 6.035625536164135850e-03 -9.951770938176148773e-01
9.918879305855902995e-02 5.938576824611609996e-03 -9.950509118210456583e-01
1.004478055922071178e-01 5.840589354960092766e-03 -9.949251863062522627e-01
1.016855967034073216e-01 5.741683553627567431e-03 -9.948000165720254362e-01
1.029019784174586560e-01 5.641879961558005779e-03 -9.946755011091611420e-01
1.040967673167511875e-01 5.541199229652083932e-03 -9.945517375298376095e-01
1.052697845512522989e-01 5.439662114229235935e-03 -9.944288224980052382e-01
1.064208558478807326e-01 5.337289472522352245e-03 -9.943068516608344343e-01
1.075498115187979442e-01 5.234102258206354760e-03 -9.941859195812674521e-01
1.086564864686468401e-01 5.130121516961778580e-03 -9.940661196717152093e-01
1.097407202007680133e-01 5.025368382074413449e-03 -9.939475441289430391e-01
1.108023568224239253e-01 4.919864070071966813e-03 -9.938302838701850161e-01
1.118412450490614551e-01 4.813629876398621034e-03 -9.937144284705262676e-01
1.128572382076434150e-01 4.706687171128265401e-03 -9.936000661015915725e-01
1.138501942390796329e-01 4.599057394717113306e-03 -9.934872834715767764e-01
1.148199756997879822e-01 4.490762053796311729e-03 -9.933761657666584366e-01
1.157664497624159711e-01 4.381822717005072997e-03 -9.932667965938154486e-01
1.166894882157530344e-01 4.272261010864776380e-03 -9.931592579250960728e-01
1.175889674638635890e-01 4.162098615694398603e-03 -9.930536300433606689e-01
1.184647685244707843e-01 4.051357261567561235e-03 -9.929499914895312251e-01
1.193167770266203714e-01 3.940058724311388400e-03 -9.928484190113753272e-01
1.201448832076538187e-01 3.828224821547298803e-03 -9.927489875138524322e-01
1.209489819095195956e-01 3.715877408773783294e-03 -9.926517700110485398e-01
1.217289725744508111e-01 3.603038375491130624e-03 -9.925568375797232390e-01
1.224847592400371693e-01 3.489729641368000384e-03 -9.924642593144935576e-01
1.232162505337184161e-01 3.375973152449670937e-03 -9.923741022846749305e-01
1.239233596667262405e-01 3.261790877407712546e-03 -9.922864314928018237e-01
1.246060044275005274e-01 3.147204803830778216e-03 -9.922013098348457794e-01
1.252641071746057322e-01 3.032236934556128884e-03 -9.921187980621498648e-01
1.258975948291719549e-01 2.916909284041460573e-03 -9.920389547450958467e-01
1.265063988668850559e-01 2.801243874776522622e-03 -9.919618362385197452e-01
1.270904553095489053e-01 2.685262733733973645e-03 -9.918874966488899769e-01
1.276497047162426235e-01 2.568987888858858919e-03 -9.918159878032603016e-01
1.281840921740944050e-01 2.452441365596035299e-03 -9.917473592200107824e-01
1.286935672886929394e-01 2.335645183454831963e-03 -9.916816580813851978e-01
1.291780841741564656e-01 2.218621352610169409e-03 -9.916189292078358974e-01
1.296376014428787249e-01 2.101391870539333524e-03 -9.915592150341826505e-01
1.300720821949699901e-01 1.983978718693540401e-03 -9.915025555875931484e-01
1.304814940074106588e-01 1.866403859203400687e-03 -9.914489884673903797e-01
1.308658089229337018e-01 1.748689231617348017e-03 -9.913985488266912061e-01
1.312250034386514552e-01 1.630856749672067235e-03 -9.913512693558793609e-01
1.315590584944413277e-01 1.512928298093919963e-03 -9.913071802679150890e-01
1.318679594611036898e-01 1.394925729430343802e-03 -9.912663092854822056e-01
1.321516961283046299e-01 1.276870860910168720e-03 -9.912286816299719083e-01
1.324102626923149562e-01 1.158785471331779228e-03 -9.911943200123032316e-01
1.326436577435557984e-01 1.040691297978023171e-03 -9.911632446255760343e-01
1.328518842539604672e-01 9.226100335567580983e-04 -9.911354731395543016e-01
1.330349495641606483e-01 8.045633231659060376e-04 -9.911110206969742098e-01
1.331928653705046206e-01 6.865727612818817030e-04 -9.910898999116724006e-01
1.333256477119135475e-01 5.686598887702478322e-04 -9.910721208685259187e-01
1.334333169565812827e-01 4.508461899174471925e-04 -9.910576911251981480e-01
1.335158977885219644e-01 3.331530894824575630e-04 -9.910466157156798683e-01
1.335734191939685622e-01 2.156019497672182665e-04 -9.910388971556173265e-01
1.336059144476246796e-01 9.821406770467799668e-05 -9.910345354494153325e-01
1.336134210987707793e-01 -1.898932803667909605e-05 -9.910335280991038331e-01
1.335959809572251356e-01 -1.359870799329628748e-04 -9.910358701149551974e-01
1.335536400791586531e-01 -2.527581044707861426e-04 -9.910415540278387780e-01
1.334864487527618881e-01 -3.692813950000602792e-04 -9.910505699032969851e-01
1.333944614837615228e-01 -4.855360245747708287e-04 -9.910629053573281055e-01
1.332777369807826573e-01 -6.015011487828035141e-04 -9.910785455738592153e-01
1.331363381405525070e-01 -7.171560085658722303e-04 -9.910974733238904211e-01
1.329703320329397032e-01 -8.324799330305740356e-04 -9.911196689862935560e-01
1.327797898858232017e-01 -9.474523422515700698e-04 -9.911451105702447917e-01
1.325647870697833630e-01 -1.062052750067861298e-03 -9.911737737392711800e-01
1.323254030826072347e-01 -1.176260766873097512e-03 -9.912056318368902552e-01
1.320617215335990469e-01 -1.290056102400822993e-03 -9.912406559138199347e-01
1.317738301276863977e-01 -1.403418568505526536e-03 -9.912788147567367369e-01
1.314618206493116948e-01 -1.516328081940325999e-03 -9.913200749185572258e-01
1.311257889460975268e-01 -1.628764667132076354e-03 -9.913644007502199207e-01
1.307658349122743091e-01 -1.740708458954648473e-03 -9.914117544339399180e-01
1.303820624718574905e-01 -1.852139705501082510e-03 -9.914620960179122422e-01
1.299745795615612487e-01 -1.963038770855272692e-03 -9.915153834524348397e-01
1.295434981134349073e-01 -2.073386137863793277e-03 -9.915715726274246800e-01
1.290889340372076144e-01 -2.183162410908429021e-03 -9.916306174112978766e-01
1.286110072023263495e-01 -2.292348318679914964e-03 -9.916924696911838533e-01
1.281098414196720492e-01 -2.400924716953350881e-03 -9.917570794144440205e-01
1.275855644229377805e-01 -2.508872591365687420e-03 -9.918243946314634352e-01
1.270383078496526985e-01 -2.616173060195639121e-03 -9.918943615396841329e-01
1.264682072218351050e-01 -2.722807377146317480e-03 -9.919669245288473824e-01
1.258754019262575685e-01 -2.828756934130818249e-03 -9.920420262274114442e-01
1.252600351943066181e-01 -2.934003264060945550e-03 -9.921196075501114153e-01
1.246222540814195673e-01 -3.038528043639190761e-03 -9.921996077466260777e-01
1.239622094460803708e-01 -3.142313096154029060e-03 -9.922819644513165560e-01
1.232800559283564884e-01 -3.245340394278533637e-03 -9.923666137340013682e-01
1.225759519279585874e-01 -3.347592062872245533e-03 -9.924534901517299001e-01
1.218500595818046428e-01 -3.449050381786181608e-03 -9.925425268015187763e-01
1.211025447410700451e-01 -3.549697788670794132e-03 -9.926336553740116031e-01
1.203335769477052453e-01 -3.649516881786640885e-03 -9.927268062080246702e-01
1.195433294104025213e-01 -3.748490422817457417e-03 -9.928219083459387528e-01
1.187319789799933800e-01 -3.846601339685262830e-03 -9.929188895898980460e-01
1.178997061242584299e-01 -3.943832729367070626e-03 -9.930176765587754861e-01
1.170466949021314179e-01 -4.040167860712712798e-03 -9.931181947458636028e-01
1.161731329372795440e-01 -4.135590177263220348e-03 -9.932203685772501567e-01
1.152792113910422467e-01 -4.230083300069152619e-03 -9.933241214708361522e-01
1.143651249347109461e-01 -4.323631030508194584e-03 -9.934293758959539256e-01
1.134310717211325231e-01 -4.416217353101293923e-03 -9.935360534335435645e-01
1.124772533556197412e-01 -4.507826438326538628e-03 -9.936440748368429166e-01
1.115038748661520002e-01 -4.598442645429929448e-03 -9.937533600925487764e-01
1.105111446728505031e-01 -4.688050525232132122e-03 -9.938638284824050650e-01
1.094992745567121006e-01 -4.776634822930250941e-03 -9.939753986451730361e-01
1.084684796275867946e-01 -4.864180480893599313e-03 -9.940879886389395459e-01
1.074189782913842900e-01 -4.950672641452390915e-03 -9.942015160037178667e-01
1.063509922164956045e-01 -5.036096649678235143e-03 -9.943158978242960799e-01
1.052647462994163452e-01 -5.120438056155244243e-03 -9.944310507932876408e-01
1.041604686295589111e-01 -5.203682619740536940e-03 -9.945468912743374856e-01
1.030383904532415351e-01 -5.285816310312859215e-03 -9.946633353654389387e-01
1.018987461368428132e-01 -5.366825311507997763e-03 -9.947802989623140135e-01
1.007417731291111312e-01 -5.446696023439626111e-03 -9.948976978218120326e-01
9.956771192261905379e-02 -5.525415065404167859e-03 -9.950154476252790481e-01
9.837680601435377925e-02 -5.602969278568237232e-03 -9.951334640418522115e-01
9.716930186543529246e-02 -5.679345728637155526e-03 -9.952516627916329073e-01
9.594544885995498484e-02 -5.754531708503035116e-03 -9.953699597086911321e-01
9.470549926292821941e-02 -5.828514740870861972e-03 -9.954882708038552686e-01
9.344970817735524793e-02 -5.901282580860987663e-03 -9.956065123272411777e-01
9.217833350038596996e-02 -5.972823218586417564e-03 -9.957246008304732054e-01
9.089163587858470339e-02 -6.043124881703238610e-03 -9.958424532285519160e-01
8.958987866229238539e-02 -6.112176037932520387e-03 -9.959599868613221441e-01
8.827332785908444113e-02 -6.179965397551995601e-03 -9.960771195544951828e-01
8.694225208632364033e-02 -6.246481915855806033e-03 -9.961937696801804742e-01
8.559692252280823310e-02 -6.311714795580576631e-03 -9.963098562168800632e-01
8.423761285951678057e-02 -6.375653489296082173e-03 -9.964252988089024043e-01
8.286459924945201172e-02 -6.438287701758741398e-03 -9.965400178251500041e-01
8.147816025658720374e-02 -6.499607392226177879e-03 -9.966539344172364867e-01
8.007857680391970712e-02 -6.559602776731067800e-03 -9.967669705768904542e-01
7.866613212063706950e-02 -6.618264330312508686e-03 -9.968790491926011743e-01
7.724111168840254449e-02 -6.675582789203123209e-03 -9.969900941054652410e-01
7.580380318676775697e-02 -6.731549152970128617e-03 -9.971000301641901320e-01
7.435449643772133743e-02 -6.786154686608598073e-03 -9.972087832792144724e-01
7.289348334938344776e-02 -6.839390922585155720e-03 -9.973162804759033717e-01
7.142105785885727309e-02 -6.891249662830349100e-03 -9.974224499467783112e-01
6.993751587424949789e-02 -6.941722980677968516e-03 -9.975272211027429448e-01
6.844315521587299167e-02 -6.990803222749581228e-03 -9.976305246232647361e-01
6.693827555664584594e-02 -7.038483010782583919e-03 -9.977322925054755709e-01
6.542317836170209733e-02 -7.084755243400091620e-03 -9.978324581121531534e-01
6.389816682723042929e-02 -7.129613097821003824e-03 -9.979309562185476601e-01
