0.000000000000000000e+00 0.000000000000000000e+00 1.000000000000000000e+00
6.956254576095607673e-05 7.121812966865550068e-05 9.999999950445150887e-01
2.084341019310059979e-04 2.138962650650361500e-04 9.999999554018054182e-01
4.163602792179357782e-04 4.282753665517866873e-04 9.999998216121481764e-01
6.930858170000827895e-04 7.145954546254288265e-04 9.999995044925704679e-01
1.038354555863154130e-03 1.073095574937564826e-03 9.999988851422302316e-01
1.451909400218907853e-03 1.504013752368826319e-03 9.999978149484759493e-01
1.933492271163284731e-03 2.007586934019301578e-03 9.999961155936255564e-01
2.482844049733231966e-03 2.584050920981108279e-03 9.999935790625170684e-01
3.099704510723113975e-03 3.233640288760756057e-03 9.999899676508905433e-01
3.783812247223278420e-03 3.956588296220998717e-03 9.999850139746755406e-01
4.534904586045036476e-03 4.753126782913978318e-03 9.999784209802634605e-01
5.352717494198022674e-03 5.623486054679661429e-03 9.999698619558592405e-01
6.236985476587637856e-03 6.567894757385844481e-03 9.999589805440125545e-01
7.187441465102028214e-03 7.586579738688375638e-03 9.999453907554424203e-01
8.203816699259855807e-03 8.679765897692719515e-03 9.999286769842768985e-01
9.285840598591910480e-03 9.847676022400584511e-03 9.999083940248404412e-01
1.043324062693148924e-02 1.109053061482806468e-02 9.998840670901314454e-01
1.164574214879031053e-02 1.240854770368456442e-02 9.998551918321421095e-01
1.292306827799867552e-02 1.380194264450482731e-02 9.998212343641840194e-01
1.426493971879049839e-02 1.527092790712950184e-02 9.997816312853898824e-01
1.567107459951581905e-02 1.681571285043300876e-02 9.997357897075752620e-01
1.714118829916539202e-02 1.843650348420100213e-02 9.996830872846508287e-01
1.867499326689397304e-02 2.013350221806335660e-02 9.996228722447871862e-01
2.027219883473099088e-02 2.190690759739255533e-02 9.995544634255435490e-01
2.193251102366931132e-02 2.375691402608140143e-02 9.994771503121800960e-01
2.365563234332495463e-02 2.568371147611833369e-02 9.993901930793855914e-01
2.544126158536266086e-02 2.768748518388317037e-02 9.992928226366586397e-01
2.728909361088435390e-02 2.976841533309090501e-02 9.991842406775922614e-01
2.919881913197963294e-02 3.192667672431622611e-02 9.990636197333196966e-01
3.117012448763955071e-02 3.416243843103676514e-02 9.989301032303891104e-01
3.320269141423703996e-02 3.647586344213871179e-02 9.987828055533433114e-01
3.529619681077943161e-02 3.886710829083422913e-02 9.986208121122904791e-01
3.745031249914056171e-02 4.133632266994647503e-02 9.984431794157598850e-01
3.966470497948205998e-02 4.388364903352431901e-02 9.982489351491455887e-01
4.193903518107529316e-02 4.650922218475590092e-02 9.980370782590500811e-01
4.427295820873759780e-02 4.921316885015720316e-02 9.978065790438479521e-01
4.666612308509807128e-02 5.199560724001934392e-02 9.975563792507988747e-01
4.911817248891031662e-02 5.485664659510627872e-02 9.972853921800455268e-01
5.162874248963102153e-02 5.779638671960267426e-02 9.969925027958425057e-01
5.419746227848517423e-02 6.081491750032048255e-02 9.966765678453692878e-01
5.682395389624017579e-02 6.391231841218170118e-02 9.963364159854867230e-01
5.950783195791253810e-02 6.708865801000420126e-02 9.959708479178074336e-01
6.224870337463241088e-02 7.034399340662732258e-02 9.955786365324541531e-01
6.504616707289222199e-02 7.367836973742419859e-02 9.951585270608902523e-01
6.789981371140686728e-02 7.709181961125848026e-02 9.947092372382124736e-01
7.080922539581391284e-02 8.058436254795403597e-02 9.942294574753031133e-01
7.377397539144282812e-02 8.415600440235808388e-02 9.937178510412451038e-01
7.679362783438313522e-02 8.780673677508978037e-02 9.931730542564113362e-01
7.986773744108151274e-02 9.153653641007913899e-02 9.925936766966434455e-01
8.299584921669815596e-02 9.534536457901385265e-02 9.919783014089443851e-01
8.617749816245272310e-02 9.923316645282499737e-02 9.913254851391122280e-01
8.941220898218980861e-02 1.031998704603565992e-01 9.906337585717492900e-01
9.269949578839345450e-02 1.072453876343781726e-01 9.899016265830866690e-01
9.603886180787932214e-02 1.113696109451144667e-01 9.891275685070678447e-01
9.942979908739227324e-02 1.155724146214817671e-01 9.883100384151409790e-01
1.028717881993353733e-01 1.198536534602360343e-01 9.874474654102137761e-01
1.063642979478551659e-01 1.242131621232544225e-01 9.865382539352278712e-01
1.099067850755055809e-01 1.286507544231887956e-01 9.855807840968155986e-01
1.134986939707109121e-01 1.331662225977466862e-01 9.845734120045042115e-01
1.171394563762453711e-01 1.377593365728737862e-01 9.835144701259356248e-01
1.208284910989437522e-01 1.424298432151294147e-01 9.824022676585736358e-01
1.245652037208545004e-01 1.471774655735662019e-01 9.812350909183731318e-01
1.283489863120424179e-01 1.520019021114440150e-01 9.800112037458871272e-01
1.321792171452442488e-01 1.569028259281280702e-01 9.787288479302899136e-01
1.360552604125757348e-01 1.618798839715418214e-01 9.773862436517966046e-01
1.399764659444836523e-01 1.669326962415657312e-01 9.759815899429592490e-01
1.439421689311310704e-01 1.720608549847944257e-01 9.745130651693223456e-01
1.479516896463979048e-01 1.772639238810869156e-01 9.729788275299185996e-01
1.520043331746729065e-01 1.825414372223661819e-01 9.713770155780870885e-01
1.560993891406061429e-01 1.878928990841478575e-01 9.697057487630966754e-01
1.602361314419837868e-01 1.933177824903005715e-01 9.679631279930530630e-01
1.644138179858796456e-01 1.988155285715642040e-01 9.661472362195706598e-01
1.686316904282293694e-01 2.043855457183766655e-01 9.642561390446861003e-01
1.728889739169649220e-01 2.100272087285840472e-01 9.622878853504879260e-01
1.771848768388376016e-01 2.157398579506340508e-01 9.602405079519366060e-01
1.815185905700484326e-01 2.215227984228781699e-01 9.581120242733425219e-01
1.858892892307950351e-01 2.273752990096333804e-01 9.559004370489688762e-01
1.902961294438328399e-01 2.332965915346807972e-01 9.536037350482209352e-01
1.947382500971386876e-01 2.392858699129045419e-01 9.512198938258779046e-01
1.992147721107525304e-01 2.453422892808016231e-01 9.487468764978200797e-01
2.037247982078618513e-01 2.514649651266200325e-01 9.461826345426966878e-01
2.082674126901808143e-01 2.576529724209104533e-01 9.435251086299752954e-01
2.128416812176638639e-01 2.639053447483036274e-01 9.407722294748048775e-01
2.174466505925803927e-01 2.702210734413548754e-01 9.379219187201190966e-01
2.220813485479637417e-01 2.765991067173239060e-01 9.349720898463982355e-01
2.267447835404343692e-01 2.830383488187876995e-01 9.319206491094992328e-01
2.314359445473827825e-01 2.895376591590119175e-01 9.287654965069538360e-01
2.361538008684838930e-01 2.960958514730360203e-01 9.255045267731277780e-01
2.408973019314996633e-01 3.027116929754550823e-01 9.221356304036211204e-01
2.456653771023125377e-01 3.093839035259116632e-01 9.186566947092797975e-01
2.504569354991170727e-01 3.161111548033385121e-01 9.150656049001791859e-01
2.552708658106825346e-01 3.228920694900239141e-01 9.113602451999247567e-01
2.601060361185834058e-01 3.297252204665989672e-01 9.075384999906068728e-01
2.649612937232808663e-01 3.366091300190764413e-01 9.035982549887292548e-01
2.698354649739218014e-01 3.435422690590996808e-01 8.995373984524202005e-01
2.747273551017083704e-01 3.505230563585884918e-01 8.953538224202195472e-01
2.796357480566749043e-01 3.575498577999990379e-01 8.910454239817190425e-01
2.845594063476953872e-01 3.646209856434423635e-01 8.866101065803194681e-01
2.894970708855294506e-01 3.717346978119361323e-01 8.820457813483498777e-01
2.944474608287012685e-01 3.788891971960914873e-01 8.773503684747783193e-01
2.994092734319922511e-01 3.860826309795655220e-01 8.725217986057242081e-01
3.043811838973142780e-01 3.933130899866382202e-01 8.675580142779659720e-01
3.093618452267189456e-01 4.005786080532996452e-01 8.624569713856163888e-01
3.143498880772852000e-01 4.078771614232608589e-01 8.572166406801188243e-01
3.193439206176171274e-01 4.152066681703286410e-01 8.518350093036972659e-01
3.243425283856728458e-01 4.225649876486107792e-01 8.463100823563709518e-01
3.293442741476366176e-01 4.299499199720441256e-01 8.406398844966215256e-01
3.343476977575373099e-01 4.373592055247634280e-01 8.348224615757792177e-01
3.393513160173089460e-01 4.447905245038536459e-01 8.288558823061689118e-01
3.443536225369836501e-01 4.522414964960525530e-01 8.227382399630327470e-01
3.493530875947021830e-01 4.597096800899939106e-01 8.164676541202213755e-01
3.543481579962235450e-01 4.671925725256046436e-01 8.100422724196176816e-01
3.593372569336146793e-01 4.746876093822910425e-01 8.034602723742301222e-01
3.643187838427999758e-01 4.821921643075702257e-01 7.967198632048657636e-01
3.692911142596529972e-01 4.897035487878242943e-01 7.898192877102615528e-01
3.742525996743162886e-01 4.972190119628724925e-01 7.827568241705241681e-01
3.792015673834410183e-01 5.047357404860767227e-01 7.755307882836958155e-01
3.841363203400461890e-01 5.122508584317121416e-01 7.681395351352334755e-01
3.890551370007075405e-01 5.197614272513506606e-01 7.605814612001523534e-01
3.939562711697991437e-01 5.272644457810219398e-01 7.528550063775538703e-01
3.988379518405257840e-01 5.347568503009276775e-01 7.449586560572191152e-01
4.036983830325024947e-01 5.422355146494999278e-01 7.368909432179155949e-01
4.085357436256588093e-01 5.496972503936041754e-01 7.286504505570239321e-01
4.133481871902683902e-01 5.571388070566981598e-01 7.202358126510546299e-01
4.181338418129325607e-01 5.645568724067644428e-01 7.116457181465831727e-01
4.228908099183757985e-01 5.719480728058434771e-01 7.028789119810908703e-01
4.276171680869451097e-01 5.793089736229966036e-01 6.939341976331545592e-01
4.323109668677422857e-01 5.866360797125327320e-01 6.848104394013856400e-01
4.369702305873583992e-01 5.939258359593333481e-01 6.755065647114709693e-01
4.415929571542244192e-01 6.011746278931093812e-01 6.660215664506223820e-01
4.461771178586401709e-01 6.083787823734212452e-01 6.563545053286917730e-01
4.507206571685949958e-01 6.155345683472879248e-01 6.465045122651577048e-01
4.552214925215512520e-01 6.226381976812028762e-01 6.364707908011392190e-01
4.596775141124200825e-01 6.296858260693664056e-01 6.262526195355353487e-01
4.640865846780247717e-01 6.366735540199298660e-01 6.158493545843364281e-01
4.684465392784152304e-01 6.435974279210333604e-01 6.052604320620940115e-01
4.727551850754699303e-01 6.504534411883999834e-01 5.944853705844765912e-01
4.770103011092994838e-01 6.572375354962292082e-01 5.835237737907783551e-01
4.812096380730481182e-01 6.639456020931077118e-01 5.723753328851840516e-01
4.853509180867754402e-01 6.705734832046289506e-01 5.610398291955276395e-01
4.894318344711917068e-01 6.771169735243819376e-01 5.495171367482153402e-01
4.934500515221161288e-01 6.835718217949355857e-01 5.378072248579146564e-01
4.974032042866270986e-01 6.899337324804071248e-01 5.259101607305383119e-01
5.012888983419778732e-01 6.961983675321600229e-01 5.138261120779783475e-01
5.051047095784608754e-01 7.023613482491325444e-01 5.015553497429706686e-01
5.088481839875163004e-01 7.084182572342460071e-01 4.890982503323896280e-01
5.125168374564994522e-01 7.143646404482872914e-01 4.764552988571933989e-01
5.161081555716430236e-01 7.201960093626010861e-01 4.636270913771564639e-01
5.196195934308758257e-01 7.259078432118614144e-01 4.506143376484401664e-01
5.230485754682920874e-01 7.314955913481232530e-01 4.374178637719643992e-01
5.262808166083075001e-01 7.369911143643872453e-01 4.241138991189248864e-01
5.293172569537032413e-01 7.423910752172452332e-01 4.107051654611114655e-01
5.321588976575102325e-01 7.476921329845485076e-01 3.971943880827236151e-01
5.348068000666412747e-01 7.528909443914476585e-01 3.835842964239566388e-01
5.372620848650914160e-01 7.579841653294899784e-01 3.698776247398024020e-01
5.395259312169269350e-01 7.629684523690325459e-01 3.560771127731129360e-01
5.415995759092865347e-01 7.678404642652414402e-01 3.421855064409723424e-01
5.434843124956181271e-01 7.725968634579609695e-01 3.282055585334205383e-01
5.451814904393776917e-01 7.772343175657474568e-01 3.141400294235699442e-01
5.466925142584202479e-01 7.817495008743722273e-01 2.999916877881542709e-01
5.480188426703141991e-01 7.861390958201092127e-01 2.857633113375454004e-01
5.491619877388135285e-01 7.903997944681280252e-01 2.714576875542715761e-01
5.501235140217276554e-01 7.945282999863242379e-01 2.570776144390672924e-01
5.509050377204304239e-01 7.985213281149209363e-01 2.426259012634824630e-01
5.515082258312554719e-01 8.023756086321848224e-01 2.281053693280739036e-01
5.519347952990284467e-01 8.060878868166022615e-01 2.135188527252002699e-01
5.521865121729921944e-01 8.096549249058651032e-01 1.988691991054366837e-01
5.522651907653858272e-01 8.130735035530205490e-01 1.841592704466224473e-01
5.521726928129435663e-01 8.163404232801387828e-01 1.693919438245503617e-01
5.519109266415851422e-01 8.194525059298567449e-01 1.545701121843032488e-01
5.514818463345750876e-01 8.224065961151548754e-01 1.396966851112382835e-01
5.508874509044342505e-01 8.251995626677253171e-01 1.247745896006158262e-01
5.501297834688928523e-01 8.278283000852894036e-01 1.098067708248652297e-01
5.492109304311806328e-01 8.302897299782210361e-01 9.479619289747541477e-02
5.481330206649565051e-01 8.325808025158304426e-01 7.974583963249379237e-02
5.468982247041850320e-01 8.346984978726628146e-01 6.465871529861233480e-02
5.455087539382751372e-01 8.366398276751610963e-01 4.953784536681531125e-02
5.439668598128019061e-01 8.384018364490408715e-01 3.438627725055819206e-02
5.422748330361384372e-01 8.399816030677219603e-01 1.920708103744304951e-02
5.404350027923314759e-01 8.413762422021554555e-01 4.003350211350818061e-03
5.384497359605597833e-01 8.425829057723831506e-01 -1.122179763601364143e-02
5.363214363415215180e-01 8.435987844011597625e-01 -2.646522010521245444e-02
5.340525438911000178e-01 8.444211088699637990e-01 -4.172374930185479558e-02
5.316455339616644737e-01 8.450471515777180365e-01 -5.699419116312388206e-02
5.291029165513667643e-01 8.454742280025334678e-01 -7.227332479911303953e-02
5.264272355617982679e-01 8.456996981667863622e-01 -8.755790185003724246e-02
5.236210680643768045e-01 8.457209681058301953e-01 -1.028446458603909097e-01
5.206870235758342957e-01 8.455354913406383233e-01 -1.181302516711265210e-01
5.176277433431812902e-01 8.451407703546661709e-01 -1.334113848309329831e-01
5.144458996385241623e-01 8.445343580752147084e-01 -1.486846810276960529e-01
5.111441950641126830e-01 8.437138593595701064e-01 -1.639467455412269570e-01
5.077253618679955505e-01 8.426769324861858035e-01 -1.791941527183488481e-01
5.041921612706616873e-01 8.414212906511666645e-01 -1.944234454714336424e-01
5.005473828030422290e-01 8.399447034703062531e-01 -2.096311348014852916e-01
4.967938436562456817e-01 8.382449984869206894e-01 -2.248136993468675959e-01
4.929343880433946223e-01 8.363200626857135722e-01 -2.399675849587779852e-01
4.889718865739275944e-01 8.341678440128987848e-01 -2.550892043045702162e-01
4.849092356407224136e-01 8.317863529027992309e-01 -2.701749365000314373e-01
4.807493568203891621e-01 8.291736638111300017e-01 -2.852211267717202348e-01
4.764951962870721536e-01 8.263279167551672577e-01 -3.002240861504740232e-01
4.721509968821275827e-01 8.232909997859616524e-01 -3.150640662048145302e-01
4.677200981534599955e-01 8.200671953055462815e-01 -3.297388435812493301e-01
4.632058184407166768e-01 8.166607803571721558e-01 -3.442463356214777725e-01
4.586114541677515088e-01 8.130760236258538498e-01 -3.585845979836813080e-01
4.539402791812442439e-01 8.093171825452362134e-01 -3.727518222284089688e-01
4.491955441330445220e-01 8.053885005109668871e-01 -3.867463333723238361e-01
4.443804759039114982e-01 8.012942042006058196e-01 -4.005665874129917259e-01
4.394982770664189742e-01 7.970385009999607639e-01 -4.142111688278063975e-01
4.345521253848952381e-01 7.926255765355938454e-01 -4.276787880500613759e-01
4.295451733503651837e-01 7.880595923131141767e-01 -4.409682789250906620e-01
4.244805477485572576e-01 7.833446834607404874e-01 -4.540785961493163936e-01
4.193613492591332093e-01 7.784849565774968339e-01 -4.670088126949558105e-01
4.141906520843899320e-01 7.734844876852866591e-01 -4.797581172230533930e-01
4.089715036057737230e-01 7.683473202839810057e-01 -4.923258114874210500e-01
4.037069240666341097e-01 7.630774635085493252e-01 -5.047113077319828056e-01
3.983999062797291546e-01 7.576788903871622960e-01 -5.169141260839379415e-01
3.930534153580778067e-01 7.521555361991022481e-01 -5.289338919450717880e-01
3.876703884678323053e-01 7.465112969312259761e-01 -5.407703333834610326e-01
3.822537346019219129e-01 7.407500278316431208e-01 -5.524232785277386482e-01
3.768063343732916404e-01 7.348755420591923659e-01 -5.638926529660004405e-01
3.713310398266302936e-01 7.288916094272264168e-01 -5.751784771513560601e-01
3.658306742675494494e-01 7.228019552401466763e-01 -5.862808638160461605e-01
3.603080321082392512e-01 7.166102592210659150e-01 -5.972000153959691193e-01
3.547658787286875337e-01 7.103201545289175023e-01 -6.079362214673809106e-01
3.492069503526067376e-01 7.039352268632772525e-01 -6.184898561974573328e-01
3.436339539372680330e-01 6.974590136551126474e-01 -6.288613758103274165e-01
3.380495670764925853e-01 6.908950033416301206e-01 -6.390513160701160045e-01
3.324564379160998007e-01 6.842466347233511215e-01 -6.490602897824551132e-01
3.268571850811565760e-01 6.775172964015087063e-01 -6.588889843158537429e-01
3.212543976144144331e-01 6.707103262938273192e-01 -6.685381591442419724e-01
3.156506349253609400e-01 6.638290112267165588e-01 -6.780086434119350081e-01
3.100484267493484047e-01 6.568765866018881905e-01 -6.873013335221932474e-01
3.044502731162967990e-01 6.498562361353827921e-01 -6.964171907504862480e-01
2.988586443284987348e-01 6.427710916669752139e-01 -7.053572388835002149e-01
2.932759809470831813e-01 6.356242330379152650e-01 -7.141225618848643375e-01
2.877046937867206999e-01 6.284186880349491577e-01 -7.227143015885062471e-01
2.821471639181762359e-01 6.211574323985582513e-01 -7.311336554204821425e-01
2.766057426783374296e-01 6.138433898933504107e-01 -7.393818741500685077e-01
2.710827516873650644e-01 6.064794324385348601e-01 -7.474602596708384006e-01
2.655804828726294753e-01 5.990683802964154037e-01 -7.553701628123884459e-01
2.601011984991119519e-01 5.916130023168388874e-01 -7.631129811833243792e-01
2.546471312059625514e-01 5.841160162355447660e-01 -7.706901570460559237e-01
2.492204840489184170e-01 5.765800890243680810e-01 -7.781031752238988242e-01
2.438234305482948339e-01 5.690078372912628080e-01 -7.853535610409260181e-01
2.384581147422704384e-01 5.614018277281229707e-01 -7.924428782949605177e-01
2.331266512451940776e-01 5.537645776043966794e-01 -7.993727272640499537e-01
2.278311253106461709e-01 5.460985553045062391e-01 -8.061447427467153259e-01
2.225735928989913126e-01 5.384061809071041260e-01 -8.127605921362175412e-01
2.173560807491619062e-01 5.306898268042193889e-01 -8.192219735290413585e-01
2.121805864544139275e-01 5.229518183583697910e-01 -8.255306138677492855e-01
2.070490785417970214e-01 5.151944345957388816e-01 -8.316882671183165598e-01
2.019634965550806405e-01 5.074199089335441615e-01 -8.376967124820171584e-01
1.969257511408774308e-01 4.996304299397489879e-01 -8.435577526418883698e-01
1.919377241377030474e-01 4.918281421232980621e-01 -8.492732120437658239e-01
1.870012686677093861e-01 4.840151467530865448e-01 -8.548449352118414613e-01
1.821182092308256395e-01 4.761935027039019275e-01 -8.602747850986621758e-01
1.772903418010378651e-01 4.683652273276099343e-01 -8.655646414694525559e-01
1.725194339245345876e-01 4.605322973478859772e-01 -8.707163993206127328e-01
1.678072248194415472e-01 4.526966497768268316e-01 -8.757319673322100373e-01
1.631554254768644852e-01 4.448601828518102264e-01 -8.806132663542542982e-01
1.585657187629548326e-01 4.370247569910031271e-01 -8.853622279265179751e-01
1.540397595217079807e-01 4.291921957659529108e-01 -8.899807928316343375e-01
1.495791746781995335e-01 4.213642868897310989e-01 -8.944709096811829241e-01
1.451855633419601721e-01 4.135427832191318487e-01 -8.988345335344457565e-01
1.408604969101851512e-01 4.057294037694639255e-01 -9.030736245494950243e-01
1.366055191704696470e-01 3.979258347405079110e-01 -9.071901466662528613e-01
1.324221464027570128e-01 3.901337305522462051e-01 -9.111860663211419631e-01
1.283118674801824177e-01 3.823547148890072411e-01 -9.150633511929268105e-01
1.242761439684905295e-01 3.745903817507009181e-01 -9.188239689793296083e-01
1.203164102237015282e-01 3.668422965098555588e-01 -9.224698862039862890e-01
1.164340734876965905e-01 3.591119969732018413e-01 -9.260030670532946040e-01
1.126305139813904010e-01 3.514009944465824598e-01 -9.294254722426916748e-01
1.089070849951550707e-01 3.437107748020005737e-01 -9.327390579118849390e-01
1.052651129761574406e-01 3.360427995456525263e-01 -9.359457745485517677e-01
1.017058976122690861e-01 3.283985068858243928e-01 -9.390475659400088215e-01
9.823071191220648923e-02 3.207793127995630655e-01 -9.420463681523462141e-01
9.484080228155716830e-02 3.131866120970653311e-01 -9.449441085365122284e-01
9.153738859434647213e-02 3.056217794827600365e-01 -9.477427047608276700e-01
8.832166425979860735e-02 2.980861706120883081e-01 -9.504440638694021670e-01
8.519479628394548143e-02 2.905811231430182606e-01 -9.530500813659216197e-01
8.215792532573663876e-02 2.831079577813594983e-01 -9.555626403222711174e-01
7.921216574730415017e-02 2.756679793189720229e-01 -9.579836105114547529e-01
7.635860565803714861e-02 2.682624776639928044e-01 -9.603148475642722115e-01
7.359830695212210561e-02 2.608927288622303609e-01 -9.625581921492115667e-01
7.093230533920649727e-02 2.535599961089053389e-01 -9.647154691750173816e-01
6.836161036784584033e-02 2.462655307499408697e-01 -9.667884870153934385e-01
6.588720544139665958e-02 2.390105732720325948e-01 -9.687790367553034132e-01
6.351004782602080734e-02 2.317963542807521815e-01 -9.706888914583327033e-01
6.123106865047017039e-02 2.246240954659631806e-01 -9.725198054545803883e-01
5.905117289732464414e-02 2.174950105538507039e-01 -9.742735136485538572e-01
5.697123938536035465e-02 2.104103062448892669e-01 -9.759517308465435192e-01
5.499212074272995243e-02 2.033711831370946799e-01 -9.775561511029610129e-01
5.311464337064181196e-02 1.963788366339270786e-01 -9.790884470851313193e-01
5.133960739723029271e-02 1.894344578362321951e-01 -9.805502694560361832e-01
4.966778662131525468e-02 1.825392344176276493e-01 -9.819432462745141255e-01
4.809992844575499554e-02 1.756943514827594144e-01 -9.832689824124314359e-01
4.663675380010352811e-02 1.689009924078718194e-01 -9.845290589883473054e-01
4.527895705228978523e-02 1.621603396631515204e-01 -9.857250328172072473e-01
4.402720590904384695e-02 1.554735756163219684e-01 -9.868584358756078423e-01
4.288214130480257763e-02 1.488418833169810884e-01 -9.879307747821883812e-01
4.177478988253122139e-02 1.422668769394185850e-01 -9.889464104238261388e-01
4.070559541457263730e-02 1.357492181768560346e-01 -9.899066644387948255e-01
3.967499002364069383e-02 1.292895579382176419e-01 -9.908128508496505393e-01
3.868339389472349316e-02 1.228885368723319632e-01 -9.916662758086676188e-01
3.773121498879525998e-02 1.165467858838788590e-01 -9.924682373505435695e-01
3.681884875828737858e-02 1.102649266407616790e-01 -9.932200251520941769e-01
3.594667786426890277e-02 1.040435720725928076e-01 -9.939229202986600287e-01
3.511507189528723094e-02 9.788332685998851757e-02 -9.945781950569497765e-01
3.432438708782025588e-02 9.178478791437691409e-02 -9.951871126540468016e-01
3.357496604829238868e-02 8.574854484803035026e-02 -9.957509270623094988e-01
3.286713747660808399e-02 7.977518043404112358e-02 -9.962708827898980601e-01
3.220121589115831906e-02 7.386527105596660259e-02 -9.967482146766635243e-01
3.157750135525737994e-02 6.801938714687696952e-02 -9.971841476951387451e-01
3.099627920496972333e-02 6.223809361754585601e-02 -9.975798967563748176e-01
3.045781977828927387e-02 5.652195027353087986e-02 -9.979366665203691644e-01
2.996237814563649723e-02 5.087151222089777297e-02 -9.982556512108361479e-01
2.951019384164176376e-02 4.528733026034843095e-02 -9.985380344340760717e-01
2.910149059818710124e-02 3.976995126951943238e-02 -9.987849890017005405e-01
2.873647607868216186e-02 3.431991857322400086e-02 -9.989976767569797023e-01
2.841534161355432214e-02 2.893777230141634030e-02 -9.991772484045783331e-01
2.813826193693710204e-02 2.362404973466342845e-02 -9.993248433434551714e-01
2.790539492454564841e-02 1.837928563691507491e-02 -9.994415895027034535e-01
2.771688133273282617e-02 1.320401257536891679e-02 -9.995286031801161597e-01
2.757284453872441837e-02 8.098761227232593313e-03 -9.995869888832652483e-01
2.747339028203719946e-02 3.064060673190913131e-03 -9.996178391728883783e-01
2.741860640708904118e-02 -1.899561322608752344e-03 -9.996222345083836114e-01
2.740856260701581698e-02 -6.791578046234252042e-03 -9.996012430952175842e-01
2.744331016871571008e-02 -1.161146358148579597e-02 -9.995559207340577457e-01
2.752288171914744203e-02 -1.635869257142343047e-02 -9.994873106714475819e-01
2.764729097291511450e-02 -2.103273999407073366e-02 -9.993964434518468609e-01
2.781653248117866434e-02 -2.563308095245559609e-02 -9.992843367708673652e-01
2.803058138193528781e-02 -3.015919047914393525e-02 -9.991519953295400214e-01
2.828939315172385519e-02 -3.461054335541734195e-02 -9.990004106894557756e-01
2.859290335881092479e-02 -3.898661394524070845e-02 -9.988305611286296681e-01
2.894102741792385983e-02 -4.328687604416109336e-02 -9.986434114979432231e-01
2.933366034660339627e-02 -4.751080274327428021e-02 -9.984399130780283738e-01
2.977067652325501163e-02 -5.165786630839066390e-02 -9.982210034364615847e-01
3.025192944698556000e-02 -5.572753807452741903e-02 -9.979876062851451568e-01
3.077725149931877929e-02 -5.971928835584906781e-02 -9.977406313377585878e-01
3.134645370789045093e-02 -6.363258637117384653e-02 -9.974809741671707419e-01
3.195932551223135826e-02 -6.746690018515856535e-02 -9.972095160627110211e-01
3.261563453175337496e-02 -7.122169666526988185e-02 -9.969271238872038365e-01
3.331512633606152629e-02 -7.489644145464501024e-02 -9.966346499336794507e-01
3.405752421772208910e-02 -7.849059896094037758e-02 -9.963329317816814745e-01
3.484252896762426999e-02 -8.200363236126154143e-02 -9.960227921530974138e-01
3.566981865308039429e-02 -8.543500362326308939e-02 -9.957050387674488690e-01
3.653904839881689376e-02 -8.878417354250234261e-02 -9.953804641965835476e-01
3.744985017101580549e-02 -9.205060179612543914e-02 -9.950498457187193502e-01
3.840183256457384287e-02 -9.523374701295975187e-02 -9.947139451718002290e-01
3.939458059375338522e-02 -9.833306686008125297e-02 -9.943735088061287364e-01
4.035766667332537500e-02 -1.013476989413480966e-01 -9.940321436923678089e-01
4.129066827800380313e-02 -1.042778653183169674e-01 -9.936907001433913367e-01
4.219314670781450921e-02 -1.071238019500070499e-01 -9.933500035034522613e-01
4.306464704785811781e-02 -1.098857586832863997e-01 -9.930108540428298491e-01
4.390469814553436823e-02 -1.125639992567073616e-01 -9.926740268515655830e-01
4.471281260530054341e-02 -1.151588013176647746e-01 -9.923402717322362676e-01
4.548848680104136677e-02 -1.176704564527414065e-01 -9.920103130917297118e-01
4.623120090613248162e-02 -1.200992702310962612e-01 -9.916848498320028904e-01
4.694041894128397896e-02 -1.224455622607421024e-01 -9.913645552398198113e-01
4.761558884025502564e-02 -1.247096662575500059e-01 -9.910500768754807455e-01
4.825614253353472521e-02 -1.268919301268095212e-01 -9.907420364605704632e-01
4.886149605008858338e-02 -1.289927160571647247e-01 -9.904410297647698869e-01
4.943104963727378703e-02 -1.310124006267372465e-01 -9.901476264917897785e-01
4.996418789903026708e-02 -1.329513749212392903e-01 -9.898623701645014039e-01
5.046027995245805364e-02 -1.348100446638705596e-01 -9.895857780093553213e-01
5.091867960289477718e-02 -1.365888303567846240e-01 -9.893183408401939882e-01
5.133872553761015950e-02 -1.382881674339020150e-01 -9.890605229415807553e-01
5.171974153823724607e-02 -1.399085064248383747e-01 -9.888127619517815825e-01
5.206103671206266381e-02 -1.414503131297077110e-01 -9.885754687455534651e-01
5.236190574230047828e-02 -1.429140688045525964e-01 -9.883490273169071028e-01
5.262162915747626429e-02 -1.443002703571441558e-01 -9.881337946620282198e-01
5.283947362004964149e-02 -1.456094305528865540e-01 -9.879301006625562653e-01
5.301469223440496981e-02 -1.468420782305522587e-01 -9.877382479694352124e-01
5.314652487434096129e-02 -1.479987585275654161e-01 -9.875585118875660484e-01
5.323419853019067949e-02 -1.490800331145427093e-01 -9.873911402615057620e-01
5.327692767570377935e-02 -1.500864804387918860e-01 -9.872363533624730625e-01
5.327391465482290978e-02 -1.510186959764600323e-01 -9.870943437769352791e-01
5.322435008848583338e-02 -1.518772924930144042e-01 -9.869652762970674287e-01
5.312741330158406855e-02 -1.526629003117305206e-01 -9.868492878133869883e-01
5.298227277020789439e-02 -1.533761675898526189e-01 -9.867464872098848927e-01
5.278808658930586595e-02 -1.540177606020834145e-01 -9.866569552619862682e-01
5.254400296088528044e-02 -1.545883640310504181e-01 -9.865807445376901796e-01
5.224916070287761310e-02 -1.550886812643871848e-01 -9.865178793022509884e-01
5.190268977879020085e-02 -1.555194346980589559e-01 -9.864683554267793530e-01
5.150371184826234294e-02 -1.558813660455520000e-01 -9.864321403011537814e-01
5.105134083864038691e-02 -1.561752366525371305e-01 -9.864091727516486330e-01
5.054468353768219041e-02 -1.564018278166079412e-01 -9.863993629636983451e-01
4.998284020749700629e-02 -1.565619411116844495e-01 -9.864025924102303167e-01
4.936490521982175861e-02 -1.566563987166627037e-01 -9.864187137860134236e-01
4.868996771272917495e-02 -1.566860437478811985e-01 -9.864475509484824656e-01
4.795711226885749495e-02 -1.566517405949640063e-01 -9.864888988655108326e-01
4.716541961524478577e-02 -1.565543752595902061e-01 -9.865425235706184459e-01
4.631396734484419936e-02 -1.563948556967284242e-01 -9.866081621261129087e-01
4.540183065978889432e-02 -1.561741121578640590e-01 -9.866855225946754571e-01
4.442808313646751800e-02 -1.558930975357357973e-01 -9.867742840199152932e-01
4.339179751246253353e-02 -1.555527877100860157e-01 -9.868740964164277596e-01
4.229204649539470423e-02 -1.551541818939183304e-01 -9.869845807699029194e-01
4.112790359370753490e-02 -1.546983029797429632e-01 -9.871053290478444264e-01
3.989844396941514409e-02 -1.541861978852787363e-01 -9.872359042214671199e-01
3.860274531282655019e-02 -1.536189378980671594e-01 -9.873758402993547678e-01
3.737892570550026272e-02 -1.529980070210349707e-01 -9.875193293268571537e-01
3.622614484545087776e-02 -1.523225337470521246e-01 -9.876667009553293797e-01
3.514353815776253415e-02 -1.515916427225057483e-01 -9.878182553566791091e-01
3.413021670156758669e-02 -1.508044552502998403e-01 -9.879742631354470062e-01
3.318526707332466325e-02 -1.499600898143497174e-01 -9.881349652479701762e-01
3.230775130679264945e-02 -1.490576626255683268e-01 -9.883005729288845131e-01
3.149670677010664444e-02 -1.480962881893365668e-01 -9.884712676252341845e-01
3.075114606037152379e-02 -1.470750798944429893e-01 -9.886472009384708048e-01
3.007005689619828698e-02 -1.459931506234721232e-01 -9.888284945746381727e-01
2.945240200861786589e-02 -1.448496133846136902e-01 -9.890152403030509909e-01
2.889711903081671265e-02 -1.436435819648581025e-01 -9.892074999237884247e-01
2.840312038714805712e-02 -1.423741716045358596e-01 -9.894053052443372298e-01
2.796929318188239727e-02 -1.410404996931510779e-01 -9.896086580657292853e-01
2.759449908817049671e-02 -1.396416864864508389e-01 -9.898175301785325786e-01
2.727757423770195422e-02 -1.381768558446637429e-01 -9.900318633690650127e-01
2.701732911155228442e-02 -1.366451359918322006e-01 -9.902515694362117316e-01
2.681254843272141974e-02 -1.350456602961533636e-01 -9.904765302192387599e-01
2.666199106087663306e-02 -1.333775680712342149e-01 -9.907065976370053040e-01
2.656438988982306321e-02 -1.316400053981558460e-01 -9.909415937389887130e-01
2.651845174823540263e-02 -1.298321259682317097e-01 -9.911813107685449875e-01
2.652285730419474616e-02 -1.279530919463331140e-01 -9.914255112388384861e-01
2.657626097408529245e-02 -1.260020748546442082e-01 -9.916739280218833663e-01
2.667729083641640075e-02 -1.239782564766962331e-01 -9.919262644511477323e-01
2.682454855114647929e-02 -1.218808297815183878e-01 -9.921821944381820080e-01
2.701660928509644344e-02 -1.197089998677298983e-01 -9.924413626037380531e-01
2.725202164405185132e-02 -1.174619849273838001e-01 -9.927033844238567495e-01
2.752930761216445393e-02 -1.151390172293592223e-01 -9.929678463914064501e-01
2.784696249927580414e-02 -1.127393441220839454e-01 -9.932343061935627881e-01
2.820345489679758691e-02 -1.102622290553537804e-01 -9.935022929057264474e-01
2.859722664279578178e-02 -1.077069526209994133e-01 -9.937713072023810490e-01
2.902669279693826862e-02 -1.050728136121346912e-01 -9.940408215853990814e-01
2.949024162597842572e-02 -1.023591301007031884e-01 -9.943102806303087959e-01
2.998623460046038677e-02 -9.956524053302179267e-02 -9.945791012510377671e-01
3.051300640334500547e-02 -9.669050484300163728e-02 -9.948466729836550337e-01
3.106886495126929756e-02 -9.373430558270715030e-02 -9.951123582896338471e-01
3.165209142916610568e-02 -9.069604906989400805e-02 -9.953754928791621603e-01
3.226094033898493224e-02 -8.757516655214579726e-02 -9.956353860550282153e-01
3.289363956326946115e-02 -8.437111538720747095e-02 -9.958913210776102476e-01
3.354839044436210699e-02 -8.108338023909118786e-02 -9.961425555514993313e-01
3.422336788002097729e-02 -7.771147428950665736e-02 -9.963883218342851622e-01
3.491672043624999278e-02 -7.425494046414377047e-02 -9.966278274680324678e-01
3.562657047815857847e-02 -7.071335267331012309e-02 -9.968602556339748455e-01
3.635101431968308650e-02 -6.708631706639968384e-02 -9.970847656309490548e-01
3.708812239301829267e-02 -6.337347329964183873e-02 -9.973004933780912351e-01
3.783593943862363640e-02 -5.957449581655162307e-02 -9.975065519423107485e-01
3.859248471668525610e-02 -5.568909514047275938e-02 -9.977020320910523488e-01
3.935575224093168512e-02 -5.171701917857472741e-02 -9.978860028708527175e-01
4.012371103571784475e-02 -4.765805453663348595e-02 -9.980575122121884135e-01
4.089430541730891544e-02 -4.351202784389284622e-02 -9.982155875611062879e-01
4.166545530031270234e-02 -3.927880708726957937e-02 -9.983592365381163125e-01
4.236460392291072768e-02 -3.509880837373262341e-02 -9.984855101691193502e-01
4.299210896693729522e-02 -3.097328062359199288e-02 -9.985951804842697621e-01
4.354836077549438522e-02 -2.690347536139073986e-02 -9.986890123154493759e-01
4.403378281632304436e-02 -2.289064629921463284e-02 -9.987677629535248736e-01
4.444883213729405175e-02 -1.893604889634065147e-02 -9.988321818033618626e-01
4.479399981333726660e-02 -1.504093989505253179e-02 -9.988830100366979936e-01
4.506981138411603888e-02 -1.120657683247048425e-02 -9.989209802429903640e-01
4.527682728174033805e-02 -7.434217528261932370e-03 -9.989468160783647743e-01
4.541564324780000828e-02 -3.725119548120292470e-03 -9.989612319128025053e-01
4.548689073898776886e-02 -8.053964291979175474e-05 -9.989649324757162718e-01
4.549123732057017838e-02 3.498266836524146269e-03 -9.989586125000755601e-01
4.542938704695409502e-02 7.010046549137192995e-03 -9.989429563652547639e-01
4.530208082858584034e-02 1.045354879773650013e-02 -9.989186377387897497e-01
4.511009678441056658e-02 1.382752618765112004e-02 -9.988863192172398042e-01
4.485425057911039681e-02 1.713073530979032644e-02 -9.988466519663650178e-01
4.453539574433124093e-02 2.036193744811296003e-02 -9.988002753608404838e-01
4.415442398310062688e-02 2.351989931142567034e-02 -9.987478166237407917e-01
4.371226545663163543e-02 2.660339378941202135e-02 -9.986898904660428400e-01
4.320988905270176095e-02 2.961120073276789916e-02 -9.986270987264036503e-01
4.264830263478977534e-02 3.254210775729174387e-02 -9.985600300114851890e-01
4.202855327114887046e-02 3.539491107175041923e-02 -9.984892593371093028e-01
4.135172744299031589e-02 3.816841632931356615e-02 -9.984153477705378643e-01
4.061895123094848292e-02 4.086143950232048322e-02 -9.983388420741866609e-01
3.983139047899575402e-02 4.347280778011466951e-02 -9.982602743510916588e-01
3.899025093497433120e-02 4.600136048965135921e-02 -9.981801616924601550e-01
3.809677836691113817e-02 4.844595003855353688e-02 -9.980990058276514310e-01
3.715225865428239266e-02 5.080544288026120348e-02 -9.980172927769405122e-01
3.615801785339554236e-02 5.307872050088804222e-02 -9.979354925074349625e-01
3.511542223605830515e-02 5.526468042736805419e-02 -9.978540585925214090e-01
3.402587830070777364e-02 5.736223725644337690e-02 -9.977734278752332653e-01
3.289083275517643706e-02 5.937032370401226777e-02 -9.976940201359407734e-01
3.171177247027717749e-02 6.128789167432410062e-02 -9.976162377647752599e-01
3.049022440339525450e-02 6.311391334847557544e-02 -9.975404654392119319e-01
2.922775549128239780e-02 6.484738229162950729e-02 -9.974670698072427566e-01
2.792597251125631536e-02 6.648731457834447522e-02 -9.973963991765849579e-01
2.658652191001799683e-02 6.803274993537032633e-02 -9.973287832103774342e-01
2.521108959930948301e-02 6.948275290123116787e-02 -9.972645326298289481e-01
2.380140071764601239e-02 7.083641400188371573e-02 -9.972039389242896013e-01
2.235921935736882860e-02 7.209285094170531094e-02 -9.971472740692274295e-01
2.088634825627832398e-02 7.325120980903203349e-02 -9.970947902525989504e-01
1.938462845312174249e-02 7.431066629543348068e-02 -9.970467196101124863e-01
1.785593890622515223e-02 7.527042692787695721e-02 -9.970032739698879709e-01
1.630219607457615918e-02 7.612973031289979597e-02 -9.969646446070266066e-01
1.472535346068146872e-02 7.688784839187486064e-02 -9.969310020086097346e-01
1.312740111454223889e-02 7.754408770642030879e-02 -9.969024956496510548e-01
1.151036509811006504e-02 7.809779067297117905e-02 -9.968792537805347687e-01
9.876306909607338730e-03 7.854833686549653193e-02 -9.968613832264744401e-01
8.227322867117765198e-03 7.889514430531265055e-02 -9.968489691995341406e-01
6.565543450875845413e-03 7.913767075690947284e-02 -9.968420751237563326e-01
4.893132603708261023e-03 7.927541502867430090e-02 -9.968407424739450517e-01
3.282426566548827564e-03 7.937814272920347414e-02 -9.968391726669512121e-01
1.734152179579967522e-03 7.944693581184393560e-02 -9.968375881440991737e-01
2.490205429189046825e-04 7.948290483283589059e-02 -9.968361981081476086e-01
-1.172273850763065834e-03 7.948718882158574417e-02 -9.968351983241005021e-01
-2.529053995946692161e-03 7.946095512575894471e-02 -9.968347709259358647e-01
-3.820661265732382648e-03 7.940539923058669014e-02 -9.968350842296267444e-01
-5.046456314477249308e-03 7.932174455178934991e-02 -9.968362925528340135e-01
-6.205819990981145673e-03 7.921124220152928053e-02 -9.968385360416563978e-01
-7.298154261572723824e-03 7.907517072681695403e-02 -9.968419405048287718e-01
-8.322883142417863631e-03 7.891483581980554551e-02 -9.968466172557622906e-01
-9.279453640344012197e-03 7.873156999942243495e-02 -9.968526629628277069e-01
-1.016733670144509202e-02 7.852673226379928983e-02 -9.968601595082837719e-01
-1.098602816670267608e-02 7.830170771297736976e-02 -9.968691738562579507e-01
-1.173504973383011386e-02 7.805790714138002850e-02 -9.968797579301897915e-01
-1.241394992451730697e-02 7.779676659956134832e-02 -9.968919485001482839e-01
-1.302230505622481958e-02 7.751974692475697981e-02 -9.969057670804387650e-01
-1.355972021764706784e-02 7.722833323978223197e-02 -9.969212198379142631e-01
-1.402583024693546468e-02 7.692403441984169143e-02 -9.969382975114092771e-01
-1.442030071174359510e-02 7.660838252683545291e-02 -9.969569753427129921e-01
-1.474282889012790664e-02 7.628293221076838659e-02 -9.969772130194991533e-01
-1.499314475130885879e-02 7.594926007789157274e-02 -9.969989546306302630e-01
-1.517101193526923693e-02 7.560896402522848669e-02 -9.970221286342508815e-01
-1.527622873013824607e-02 7.526366254116315102e-02 -9.970466478390840326e-01
-1.530862904628219577e-02 7.491499397179292308e-02 -9.970724093993417192e-01
-1.526808338599503802e-02 7.456461575277524567e-02 -9.970992948236585551e-01
-1.515449980765483894e-02 7.421420360642527747e-02 -9.971271699984513015e-01
-1.496782488318536102e-02 7.386545070384967215e-02 -9.971558852261057648e-01
-1.470804464763545046e-02 7.352006679193164029e-02 -9.971852752783840756e-01
-1.437518553966285473e-02 7.317977728501268153e-02 -9.972151594654423690e-01
-1.396931533168342850e-02 7.284632232114825190e-02 -9.972453417208406723e-01
-1.349054404842153602e-02 7.252145578284673044e-02 -9.972756107029190353e-01
-1.293902487257278522e-02 7.220694428223511929e-02 -9.973057399129071632e-01
-1.231495503626612274e-02 7.190456611062888415e-02 -9.973354878301254889e-01
-1.161857669698873954e-02 7.161611015251927170e-02 -9.973645980646247411e-01
-1.085017779661433951e-02 7.134337476402756451e-02 -9.973927995276018477e-01
-1.001009290215299809e-02 7.108816661591343955e-02 -9.974198066199189139e-01
-9.098704026819212642e-03 7.085229950126273324e-02 -9.974453194390381361e-01
-8.116441429993865447e-03 7.063759310801959179e-02 -9.974690240046746315e-01
-7.063784394635652317e-03 7.044587175656798206e-02 -9.974905925034532883e-01
-5.941261980678149562e-03 7.027896310260907387e-02 -9.975096835528428629e-01
-4.749453752930165099e-03 7.013869680562305475e-02 -9.975259424846233403e-01
-3.488990481979336623e-03 7.002690316324719499e-02 -9.975390016481276989e-01
-2.160554816582152884e-03 6.994541171194613993e-02 -9.975484807334795700e-01
-7.648819260077715718e-04 6.989604979439525967e-02 -9.975539871150331805e-01
6.972398892118726425e-04 6.988064109404414082e-02 -9.975551162151992113e-01
2.224968619686950103e-03 6.990100413737396212e-02 -9.975514518888232152e-01
3.817408004303641644e-03 6.995895076441045746e-02 -9.975425668282599245e-01
5.473607023672721027e-03 7.005628456810295002e-02 -9.975280229892659056e-01
7.192559431488883097e-03 7.019479930322958250e-02 -9.975073720378104802e-01
8.973203325406135106e-03 7.037627726553927210e-02 -9.974801558178797434e-01
1.067397306446293825e-02 7.060215284210266673e-02 -9.974474433989896083e-01
1.229372827327434789e-02 7.087068874435344112e-02 -9.974097501789883635e-01
1.383136557970179176e-02 7.118010248435967247e-02 -9.973675783614355250e-01
1.528582004474290761e-02 7.152856696372206224e-02 -9.973214165171053747e-01
1.665606659761204381e-02 7.191421111323863247e-02 -9.972717391540985021e-01
1.794112147460327419e-02 7.233512058407166878e-02 -9.972190062971532099e-01
1.914004366028075610e-02 7.278933849111257626e-02 -9.971636630767528597e-01
2.025193632949498154e-02 7.327486620919819449e-02 -9.971061393286323460e-01
2.127594828867786225e-02 7.378966422278794568e-02 -9.970468492042929842e-01
2.221127541482500675e-02 7.433165302966489307e-02 -9.969861907931378830e-01
2.305716209052969395e-02 7.489871409917589484e-02 -9.969245457568460811e-01
2.381290263339042729e-02 7.548869088547563444e-02 -9.968622789766047321e-01
2.447784271807220899e-02 7.609938989618758587e-02 -9.967997382138231721e-01
2.505138078926129330e-02 7.672858181684073797e-02 -9.967372537849514824e-01
2.553296946371392401e-02 7.737400269138550168e-02 -9.966751382510293800e-01
2.592211691956164410e-02 7.803335515903409014e-02 -9.966136861225890486e-01
2.621838827099933281e-02 7.870430974761186138e-02 -9.965531735805357449e-01
2.642140692644702818e-02 7.938450622354441266e-02 -9.964938582136261269e-01
2.653085592824318967e-02 8.007155499854273772e-02 -9.964359787731625895e-01
2.654647927189513965e-02 8.076303859298411547e-02 -9.963797549455171154e-01
2.646808320288226990e-02 8.145651315592028485e-02 -9.963253871430917119e-01
2.629553748897920165e-02 8.214951004157684811e-02 -9.962730563143189499e-01
2.602877666603943194e-02 8.283953744213873316e-02 -9.962229237732956877e-01
2.566780125515535221e-02 8.352408207654589412e-02 -9.961751310496360645e-01
2.521267894908768570e-02 8.420061093495159743e-02 -9.961297997591201936e-01
2.466354576583669120e-02 8.486657307842222775e-02 -9.960870314957043226e-01
2.402060716720872194e-02 8.551940149338324582e-02 -9.960469077454449094e-01
2.328413914021518552e-02 8.615651500024006093e-02 -9.960094898228777360e-01
2.245448923912656339e-02 8.677532021552593344e-02 -9.959748188303776395e-01
2.153207758599191834e-02 8.737321356685105733e-02 -9.959429156410093409e-01
2.051739782742446200e-02 8.794758335984829978e-02 -9.959137809053630885e-01
1.941101804544616283e-02 8.849581189623113853e-02 -9.958873950828500687e-01
1.821358162017918877e-02 8.901527764199905490e-02 -9.958637184979152179e-01
1.692580804216915064e-02 8.950335744474413602e-02 -9.958426914216021997e-01
1.554849367212482285e-02 8.995742879893059429e-02 -9.958242341788847707e-01
1.408251244586114503e-02 9.037487215793647832e-02 -9.958082472821566666e-01
1.252881652223703825e-02 9.075307329156351299e-02 -9.957946115912453822e-01
1.088843687188681582e-02 9.108942568763736536e-02 -9.957831885002923489e-01
9.162483804553851405e-03 9.138133299623674155e-02 -9.957738201518141485e-01
7.352147432847702842e-03 9.162621151500507932e-02 -9.957663296782299778e-01
5.458698070261063136e-03 9.182149271391419620e-02 -9.957605214711146013e-01
3.483486561300829214e-03 9.196462579776439050e-02 -9.957561814784019472e-01
1.427944541608209671e-03 9.205308030462031055e-02 -9.957530775297352976e-01
-7.064153740337967245e-04 9.208434873829737799e-02 -9.957509596901259474e-01
-2.917999477881009617e-03 9.205594923292806375e-02 -9.957495606420476708e-01
-5.205132931643182206e-03 9.196542824755281342e-02 -9.957485960960609228e-01
-7.566059807148155583e-03 9.181036328859558393e-02 -9.957477652300207316e-01
-9.998943207234791547e-03 9.158836565799935436e-02 -9.957467511568888208e-01
-1.250186546881671378e-02 9.129708322471290216e-02 -9.957452214211273134e-01
-1.507282845001824655e-02 9.093420321713628629e-02 -9.957428285236151755e-01
-1.756954842490118796e-02 9.049803867518908806e-02 -9.957416411863074801e-01
-1.998990113449624142e-02 8.999034404137673526e-02 -9.957420056722261492e-01
-2.233179667072832109e-02 8.941294987084505430e-02 -9.957442519447166074e-01
-2.459318206446131291e-02 8.876776244534953508e-02 -9.957486930819338111e-01
-2.677204389568656542e-02 8.805676329896670873e-02 -9.957556247045994402e-01
-2.886641092325832603e-02 8.728200865382444718e-02 -9.957653244181373653e-01
-3.087435673147722812e-02 8.644562876420354425e-02 -9.957780512703034992e-01
-3.279400239072208234e-02 8.554982716744236049e-02 -9.957940452254347985e-01
-3.462351912923090913e-02 8.459687984016074636e-02 -9.958135266564475119e-01
-3.636113101303453665e-02 8.358913425840816536e-02 -9.958366958557197668e-01
-3.800511763095035939e-02 8.252900836043437771e-02 -9.958637325659969175e-01
-3.955381678145027113e-02 8.141898941087871711e-02 -9.958947955324579659e-01
-4.100562715812544612e-02 8.026163276527602253e-02 -9.959300220770817003e-01
-4.235901103038190729e-02 7.905956053388403515e-02 -9.959695276964479760e-01
-4.361249691591467803e-02 7.781546014394731536e-02 -9.960134056841047911e-01
-4.476468224142512997e-02 7.653208279962790683e-02 -9.960617267786254780e-01
-4.581423598796597468e-02 7.521224183895158788e-02 -9.961145388384712307e-01
-4.675990131722162352e-02 7.385881098724143834e-02 -9.961718665447638621e-01
-4.760049817495805302e-02 7.247472250663701543e-02 -9.962337111330602513e-01
-4.833492586780672312e-02 7.106296524142775850e-02 -9.963000501552041754e-01
-4.896216560948104396e-02 6.962658255906306604e-02 -9.963708372723155682e-01
-4.948128303246194376e-02 6.816867018683890611e-02 -9.964460020799551510e-01
-4.989143066113119890e-02 6.669237394440140354e-02 -9.965254499664822907e-01
-5.019185034227776482e-02 6.520088737235149590e-02 -9.966090620055984006e-01
-5.038187562885318438e-02 6.369744925738173025e-02 -9.966966948840416674e-01
-5.046093411280765800e-02 6.218534105452567379e-02 -9.967881808653699105e-01
-5.042854970279875976e-02 6.066788420725281739e-02 -9.968833277907365176e-01
-5.028434484252981146e-02 5.914843736629651905e-02 -9.969819191175306461e-01
-5.002804266544520068e-02 5.763039350825981816e-02 -9.970837139967154705e-01
-4.965946908148517747e-02 5.611717695520299781e-02 -9.971884473896611700e-01
-4.917855479158328436e-02 5.461224029657826828e-02 -9.972958302252249441e-01
-4.858533722557550893e-02 5.311906121503985612e-02 -9.974055495977899310e-01
-4.787996239918165808e-02 5.164113921782252647e-02 -9.975172690069249448e-01
-4.706268668571639974e-02 5.018199227554771824e-02 -9.976306286392810918e-01
-4.613387849819015896e-02 4.874515337048387909e-02 -9.977452456932880409e-01
-4.509401987746843032e-02 4.733416695645593225e-02 -9.978607147471592054e-01
-4.394370798217227952e-02 4.595258533276844887e-02 -9.979766081706602510e-01
-4.268365647602306162e-02 4.460396493467682494e-02 -9.980924765810341714e-01
-4.131469680836049457e-02 4.329186254311172960e-02 -9.982078493434177746e-01
-3.983777938359547854e-02 4.201983141653279491e-02 -9.983222351160194741e-01
-3.825397461539736810e-02 4.079141734795880408e-02 -9.984351224402626679e-01
-3.656447386146005618e-02 3.961015465039273431e-02 -9.985459803760322606e-01
-3.477059023474188271e-02 3.847956207403101236e-02 -9.986542591820893877e-01
-3.287375928713160561e-02 3.740313865881688543e-02 -9.987593910416497911e-01
-3.087553956155612150e-02 3.638435952606806217e-02 -9.988607908330445762e-01
-2.877761300861546995e-02 3.542667161307804652e-02 -9.989578569453068102e-01
-2.658178526390710117e-02 3.453348935475931969e-02 -9.990499721384478171e-01
-2.428998578228423744e-02 3.370819031656396153e-02 -9.991365044481081981e-01
-2.190426782538263534e-02 3.295411078308385644e-02 -9.992168081341837871e-01
-1.942680829884623275e-02 3.227454130689758061e-02 -9.992902246729449267e-01
-1.700062288623935963e-02 3.167189480878065261e-02 -9.993537261273829353e-01
-1.462810557747700781e-02 3.114486856963117820e-02 -9.994078325252474526e-01
-1.231162048456742493e-02 3.069207293601416281e-02 -9.994530607705377490e-01
-1.005349886273748487e-02 3.031203159555539636e-02 -9.994899238735127645e-01
-7.856036109962608732e-03 3.000318195926105977e-02 -9.995189301820807115e-01
-5.721488748174904243e-03 2.976387565282726660e-02 -9.995405826157671703e-01
-3.652071389548529074e-03 2.959237911890261197e-02 -9.995553779034772601e-01
-1.649953691384736798e-03 2.948687433215903958e-02 -9.995638058262875658e-01
2.827426967596090995e-04 2.944545962891196092e-02 -9.995663484665215925e-01
2.143947189937453132e-03 2.946615065290969157e-02 -9.995634794643758481e-01
3.931643324792277565e-03 2.954688141878492394e-02 -9.995556632833798583e-01
5.643871812662633325e-03 2.968550549452706605e-02 -9.995433544859841923e-01
7.278733584709528096e-03 2.987979730419406191e-02 -9.995269970205794552e-01
8.834392824860058668e-03 3.012745355193587396e-02 -9.995070235212606402e-01
1.030907998625915471e-02 3.042609476824901030e-02 -9.994838546216532338e-01
1.170109478682412711e-02 3.077326697922280058e-02 -9.994578982841240133e-01
1.300880917940440071e-02 3.116644349937345085e-02 -9.994295491457007019e-01
1.423067029196146277e-02 3.160302684849140148e-02 -9.993991878820224217e-01
1.536520333310216480e-02 3.208035079275153856e-02 -9.993671805906420014e-01
1.641101445822230193e-02 3.259568251015437096e-02 -9.993338781949943073e-01
1.736679359144713969e-02 3.314622488017952839e-02 -9.992996158703372211e-01
1.823131719849169566e-02 3.372911889734155066e-02 -9.992647124929611158e-01
1.900345100550621114e-02 3.434144620814127274e-02 -9.992294701139503577e-01
1.968215265892178656e-02 3.498023177070559014e-02 -9.991941734587632684e-01
2.026647432126791812e-02 3.564244663620303594e-02 -9.991590894538803225e-01
2.075556519789767407e-02 3.632501085091383031e-02 -9.991244667817466008e-01
2.114867398952812588e-02 3.702479647762025455e-02 -9.990905354652130921e-01
2.144515126548323866e-02 3.773863073476735330e-02 -9.990575064826527907e-01
2.164445175251431680e-02 3.846329925162488006e-02 -9.990255714148983390e-01
2.174613653406923253e-02 3.919554943745979375e-02 -9.989949021251157690e-01
2.174987515488642498e-02 3.993209396250464727e-02 -9.989656504726927011e-01
2.165544762580311547e-02 4.066961434828113980e-02 -9.989379480621819463e-01
2.146274632368967358e-02 4.140476466461057853e-02 -9.989119060282980467e-01
2.117177778145350880e-02 4.213417533041418500e-02 -9.988876148579234338e-01
2.078266436309667703e-02 4.285445701517637263e-02 -9.988651442500303679e-01
2.029564581886148314e-02 4.356220463771411089e-02 -9.988445430143769732e-01
1.971108071555802838e-02 4.425400145866505153e-02 -9.988258390097815020e-01
1.902944773723684938e-02 4.492642326287733801e-02 -9.988090391227244513e-01
1.825134685144866667e-02 4.557604262765463377e-02 -9.987941292869678689e-01
1.737750033642199848e-02 4.619943327258199672e-02 -9.987810745448221228e-01
1.640875366458776491e-02 4.679317448643142280e-02 -9.987698191506234613e-01
1.534607623798838263e-02 4.735385562642156765e-02 -9.987602867169218523e-01
1.419056197122699203e-02 4.787808068488363239e-02 -9.987523804038066499e-01
1.294342971774054343e-02 4.836247291816607452e-02 -9.987459831517278008e-01
1.160602353531839728e-02 4.880367953239447831e-02 -9.987409579580939223e-01
1.017981278693586705e-02 4.919837642049016552e-02 -9.987371481978533083e-01
8.666392073129774998e-03 4.954327294464239140e-02 -9.987343779881838746e-01
7.067480992310422316e-03 4.983511675822479420e-02 -9.987324525973368949e-01
5.384923725581495721e-03 5.007069866094712024e-02 -9.987311588975962273e-01
3.620688442826135514e-03 5.024685748083897174e-02 -9.987302658622284612e-01
1.847180349751310511e-03 5.036102286475901274e-02 -9.987293704109149184e-01
6.657470335077932816e-05 5.041263460029062754e-02 -9.987284725394340867e-01
-1.718920823583808873e-03 5.040120804167601970e-02 -9.987275722435513536e-01
-3.507068690660297954e-03 5.032633585781574881e-02 -9.987266695190187837e-01
-5.295604126532983506e-03 5.018768969993260554e-02 -9.987257643615752301e-01
-7.082237851825380973e-03 4.998502178467001400e-02 -9.987248567669463339e-01
-8.864658885963685314e-03 4.971816638843102459e-02 -9.987239467308443031e-01
-1.064053743536339663e-02 4.938704124880829993e-02 -9.987230342489680224e-01
-1.240752786021851947e-02 4.899164886900782279e-02 -9.987221193170030542e-01
-1.416327171694923941e-02 4.853207772122997143e-02 -9.987212019306215272e-01
-1.590540087317052209e-02 4.800850334504115635e-02 -9.987202820854820251e-01
-1.763154069185088671e-02 4.742118933684719845e-02 -9.987193597772296982e-01
-1.933931328113809925e-02 4.677048822666671213e-02 -9.987184350014962630e-01
-2.102634080613710599e-02 4.605684223849843689e-02 -9.987175077538997803e-01
-2.269024885873549210e-02 4.528078393068142582e-02 -9.987165780300447659e-01
-2.432866988138359179e-02 4.444293671276066532e-02 -9.987156458255220803e-01
-2.593924664055036189e-02 4.354401523549373404e-02 -9.987147111359089280e-01
-2.751963574539285223e-02 4.258482565076605192e-02 -9.987137739567688577e-01
-2.906751120699675034e-02 4.156626573832353927e-02 -9.987128342836517625e-01
-3.058056803336866095e-02 4.048932489638174675e-02 -9.987118921120935466e-01
-3.205652585518788122e-02 3.935508399332995899e-02 -9.987109474376164586e-01
-3.349313257715674091e-02 3.816471507791733414e-02 -9.987100002557289802e-01
-3.488816804962478063e-02 3.691948094548560405e-02 -9.987090505619256042e-01
-3.623944775500333865e-02 3.562073455799946026e-02 -9.987080983516870569e-01
-3.754482650333416938e-02 3.426991831582103243e-02 -9.987071436204799646e-01
-3.880220213122877182e-02 3.286856317937903588e-02 -9.987061863637570758e-01
-4.000951919825473241e-02 3.141828763909583488e-02 -9.987052265769570392e-01
-4.116477267471212176e-02 2.992079653215691179e-02 -9.987042642555046257e-01
-4.226601161461693984e-02 2.837787970493658649e-02 -9.987032993948103954e-01
-4.331134280759074695e-02 2.679141052013152627e-02 -9.987023319902708085e-01
-4.429893440324582377e-02 2.516334420789879608e-02 -9.987013620372681144e-01
-4.522701950155444406e-02 2.349571606054836129e-02 -9.987003895311704627e-01
-4.609389970259913927e-02 2.179063947060020170e-02 -9.986994144673317919e-01
-4.689794860901894819e-02 2.005030381228364508e-02 -9.986984368410917190e-01
-4.763761527439471649e-02 1.827697216683067324e-02 -9.986974566477755388e-01
-4.831142759075521959e-02 1.647297889219549033e-02 -9.986964738826942245e-01
-4.891799560833549193e-02 1.464072703811925696e-02 -9.986954885411444272e-01
-4.945601478067966628e-02 1.278268560775114825e-02 -9.986945006184083651e-01
-4.992426912815339096e-02 1.090138666733440204e-02 -9.986935101097537126e-01
-5.032163431291557937e-02 8.999422305768401895e-03 -9.986925170104338223e-01
-5.064708061839668513e-02 7.079441446164531221e-03 -9.986915213156872806e-01
-5.089967582634080667e-02 5.144146511824182477e-03 -9.986905230207383521e-01
-5.107858798449219778e-02 3.196289949381333692e-03 -9.986895221207966467e-01
-5.118308805804375888e-02 1.238670612169032355e-03 -9.986885186110570078e-01
-5.121255245801559219e-02 -7.258699928116168522e-04 -9.986875124866997355e-01
-5.116646543979665174e-02 -2.694451590620296211e-03 -9.986865037428903635e-01
-5.104442136516150474e-02 -4.664159152782241038e-03 -9.986854923747796597e-01
-5.084612682116815968e-02 -6.632047036024150098e-03 -9.986844783775036261e-01
-5.057140258945135025e-02 -8.595143240673640272e-03 -9.986834617461833874e-01
-5.022018545954942681e-02 -1.055045378373245177e-02 -9.986824424759253027e-01
-4.979252988004179842e-02 -1.249496718131277821e-02 -9.986814205618207430e-01
-4.928860944142809952e-02 -1.442565903480722174e-02 -9.986803959989460910e-01
-4.870871818484989735e-02 -1.633949671484671157e-02 -9.986793687823627419e-01
-4.805327173094103149e-02 -1.823344413678795392e-02 -9.986783389071172135e-01
-4.732280822329351655e-02 -2.010446662116330274e-02 -9.986773063682408136e-01
-4.651798908124240434e-02 -2.194953583222218271e-02 -9.986762711607497511e-01
-4.563959955690528869e-02 -2.376563478739491392e-02 -9.986752332796451359e-01
-4.468854909165977801e-02 -2.554976293021798961e-02 -9.986741927199129787e-01
-4.366587146750559867e-02 -2.729894125897511584e-02 -9.986731494765238581e-01
-4.257272474903678328e-02 -2.901021750303143035e-02 -9.986721035444332539e-01
-4.141039101204343348e-02 -3.068067133857021317e-02 -9.986710549185812136e-01
-4.018027585507162602e-02 -3.230741963518263954e-02 -9.986700035938925746e-01
-3.888390769059418134e-02 -3.388762172451265792e-02 -9.986689495652766313e-01
-3.752293681278366655e-02 -3.541848468192174137e-02 -9.986678928276274680e-01
-3.609913423923206272e-02 -3.689726861191244822e-02 -9.986668333758235150e-01
-3.461439032432859358e-02 -3.832129192783704369e-02 -9.986657712047276592e-01
-3.307071314238798493e-02 -3.968793661621750068e-02 -9.986647063091874665e-01
-3.147022663901532374e-02 -4.099465347581810609e-02 -9.986636386840346269e-01
-2.981516854960043414e-02 -4.223896732144118149e-02 -9.986625683240853979e-01
-2.810788808425378899e-02 -4.341848214226184249e-02 -9.986614952241403831e-01
-2.635084337892663192e-02 -4.453088620437935241e-02 -9.986604193789843098e-01
-2.454659871290005430e-02 -4.557395708714153532e-02 -9.986593407833862512e-01
-2.269782149328019097e-02 -4.654556664269556693e-02 -9.986582594320994044e-01
-2.080727900759914845e-02 -4.744368586813387662e-02 -9.986571753198612011e-01
-1.887783494609285295e-02 -4.826638967953866127e-02 -9.986560884413931971e-01
-1.691244569570703876e-02 -4.901186157718324249e-02 -9.986549987914009607e-01
-1.491415640837033887e-02 -4.967839819112379596e-02 -9.986539063645740733e-01
-1.288609684656793000e-02 -5.026441369641153345e-02 -9.986528111555862397e-01
-1.083147700974979900e-02 -5.076844408717374330e-02 -9.986517131590949559e-01
-8.753582545613251831e-03 -5.118915129885279192e-02 -9.986506123697416193e-01
-6.655769950809079655e-03 -5.152532716795568679e-02 -9.986495087821516403e-01
-4.541461566133709465e-03 -5.177589721875371087e-02 -9.986484023909341090e-01
-2.414140371784767418e-03 -5.193992426648233462e-02 -9.986472931906819062e-01
-2.773445887736748945e-04 -5.201661182672645545e-02 -9.986461811759715923e-01
1.865337906894868562e-03 -5.200530732083535890e-02 -9.986450663413635187e-01
4.010275350151502188e-03 -5.190550506739621123e-02 -9.986439486814017163e-01
6.153798025260949836e-03 -5.171684905000425297e-02 -9.986428281906136739e-01
8.292204368543391185e-03 -5.143913545180257146e-02 -9.986417048635104488e-01
1.042176722676593087e-02 -5.107231494752482309e-02 -9.986405786945866669e-01
1.253874026205249390e-02 -5.061649474406006849e-02 -9.986394496783204122e-01
1.463936449366828180e-02 -5.007194036087068284e-02 -9.986383178091731150e-01
1.671987496655111954e-02 -4.943907714193163105e-02 -9.986371830815897743e-01
1.877650753598770691e-02 -4.871849149122255834e-02 -9.986360454899984029e-01
2.080550575736940522e-02 -4.791093182419268320e-02 -9.986349050288105822e-01
2.280312786951099735e-02 -4.701730922803256524e-02 -9.986337616924209071e-01
2.476565385957809132e-02 -4.603869782402596200e-02 -9.986326154752074302e-01
2.668939259724595336e-02 -4.497633482571904151e-02 -9.986314663715309958e-01
2.857068902530582669e-02 -4.383162028713265962e-02 -9.986303143757359058e-01
3.040593139354550237e-02 -4.260611653575605701e-02 -9.986291594821492534e-01
3.219155852236044862e-02 -4.130154728559635308e-02 -9.986280016850813679e-01
3.392406708220144923e-02 -3.991979642611736406e-02 -9.986268409788253697e-01
3.560001887463590947e-02 -3.846290648348265478e-02 -9.986256773576572821e-01
3.721604810049368439e-02 -3.693307675112086907e-02 -9.986245108158361417e-01
3.876886860028638110e-02 -3.533266108725517662e-02 -9.986233413476036658e-01
4.025528105183207722e-02 -3.366416537768268658e-02 -9.986221689471844742e-01
4.167218010978732123e-02 -3.193024466275266871e-02 -9.986209936087857564e-01
4.301656147158564730e-02 -3.013369992817336099e-02 -9.986198153265974931e-01
4.428552885410837886e-02 -2.827747455997540668e-02 -9.986186340947923457e-01
4.547630086527004040e-02 -2.636465046467378892e-02 -9.986174499075255451e-01
4.658621775458844649e-02 -2.439844385639883956e-02 -9.986162627589346696e-01
4.761274802672970513e-02 -2.238220071350892001e-02 -9.986150726431400892e-01
4.855349490197167356e-02 -2.031939190795148745e-02 -9.986138795542444102e-01
4.940620260751719256e-02 -1.821360801140398458e-02 -9.986126834863325863e-01
5.016876248361133023e-02 -1.606855378299992809e-02 -9.986114844334721408e-01
5.083921888847593024e-02 -1.388804234422712572e-02 -9.986102823897127223e-01
5.141577488617062736e-02 -1.167598904737255153e-02 -9.986090773490863270e-01
5.189679770162315686e-02 -9.436405044680335960e-03 -9.986078693056070765e-01
5.228082392724354988e-02 -7.173390566183985087e-03 -9.986066582532713287e-01
5.256656446574772823e-02 -4.891127914969410455e-03 -9.986054441860573450e-01
5.275290919406611101e-02 -2.593874189419907630e-03 -9.986042270979257340e-01
5.283893133350305721e-02 -2.859537427859523522e-04 -9.986030069828188971e-01
5.282389151164313540e-02 2.028249608790337784e-03 -9.986017838346612496e-01
5.270724150187119234e-02 4.344300617885953064e-03 -9.986005576473591105e-01
5.248862762678449534e-02 6.657720864361263771e-03 -9.985993284148007021e-01
5.216789381222766003e-02 8.963997227435313228e-03 -9.985980961308560389e-01
5.174508427917383357e-02 1.125859055708164011e-02 -9.985968607893767057e-01
5.122044586120946125e-02 1.353694452982106070e-02 -9.985956223841963020e-01
5.059442993595377608e-02 1.579449467327181597e-02 -9.985943809091297751e-01
4.986769395935840982e-02 1.802667754312060541e-02 -9.985931363579739761e-01
4.904110259248625758e-02 2.022894003550253575e-02 -9.985918887245069930e-01
4.811572841106165344e-02 2.239674881712588883e-02 -9.985906380024885953e-01
4.709285218881531510e-02 2.452559985485129601e-02 -9.985893841856601227e-01
4.597396274641654679e-02 2.661102802583619614e-02 -9.985881272677440412e-01
4.476075635859123880e-02 2.864861678878687784e-02 -9.985868672424442760e-01
4.345513571286583471e-02 3.063400789632377691e-02 -9.985856041034461006e-01
4.205920841425404150e-02 3.256291112796331350e-02 -9.985843378444159146e-01
4.057528503111292040e-02 3.443111402275347843e-02 -9.985830684590013551e-01
3.900587667833727706e-02 3.623449159017261972e-02 -9.985817959408312960e-01
3.735369213503389463e-02 3.796901597751338453e-02 -9.985805202835156269e-01
3.562163449481916405e-02 3.963076607162882570e-02 -9.985792414806451411e-01
3.381279734791295399e-02 4.121593701261664494e-02 -9.985779595257918695e-01
3.193046049525635061e-02 4.272084959676299143e-02 -9.985766744125085248e-01
2.997808519595943078e-02 4.414195954586015713e-02 -9.985753861343287241e-01
2.795930895048531761e-02 4.547586661985548312e-02 -9.985740946847670996e-01
2.587793982309629162e-02 4.671932354968261203e-02 -9.985728000573188545e-01
2.373795030822438770e-02 4.786924476707313247e-02 -9.985715022454598744e-01
2.154347074658039332e-02 4.892271490814782686e-02 -9.985702012426469487e-01
1.929878229797892669e-02 4.987699706764335550e-02 -9.985688970423171051e-01
1.700830947903080731e-02 5.072954078074401463e-02 -9.985675896378882754e-01
1.467661227503449725e-02 5.147798970965990900e-02 -9.985662790227586294e-01
1.230837783658321298e-02 5.212018901232369494e-02 -9.985649651903069079e-01
9.908411772590698663e-03 5.265419237086895604e-02 -9.985636481338922010e-01
7.481629052623369261e-03 5.307826865790488124e-02 -9.985623278468539477e-01
5.033044532606896493e-03 5.339090821901508466e-02 -9.985610043225118249e-01
2.567763119147989468e-03 5.359082875038326255e-02 -9.985596775541657477e-01
9.096958887412154651e-05 5.367698075098588373e-02 -9.985583475350956473e-01
-2.392081919658019338e-03 5.364855252939176866e-02 -9.985570142585618036e-01
-4.876078722803748114e-03 5.350497474587086882e-02 -9.985556777178044019e-01
-7.355660697629306730e-03 5.324592447123915190e-02 -9.985543379060436431e-01
-9.825431655790042851e-03 5.287132874465360483e-02 -9.985529948164797442e-01
-1.227997096355007769e-02 5.238136761341965347e-02 -9.985516484422926053e-01
-1.471384538497699790e-02 5.177647663878317402e-02 -9.985502987766421423e-01
-1.712162112435033912e-02 5.105734885264884976e-02 -9.985489458126679541e-01
-1.949787604286531278e-02 5.022493615119581062e-02 -9.985475895434894333e-01
-2.183721202379662607e-02 4.928045011244863022e-02 -9.985462299622054338e-01
-2.413426745941476756e-02 4.822536222600543737e-02 -9.985448670618944922e-01
-2.638372983212231015e-02 4.706140352432396784e-02 -9.985435008356148279e-01
-2.858034836150347147e-02 4.579056360621867883e-02 -9.985421312764038992e-01
-3.071894668826031724e-02 4.441508904452586698e-02 -9.985407583772787365e-01
-3.279443556534604454e-02 4.293748117124693980e-02 -9.985393821312357199e-01
-3.480182552600358942e-02 4.136049323488013435e-02 -9.985380025312504682e-01
-3.673623949787882537e-02 3.968712692609577958e-02 -9.985366195702778391e-01
-3.859292533190534363e-02 3.792062826939677361e-02 -9.985352332412519294e-01
-4.036726821425473677e-02 3.606448287993151147e-02 -9.985338435370858523e-01
-4.205480292931534220e-02 3.412241058618799283e-02 -9.985324504506719601e-01
-4.365122594140626033e-02 3.209835942089203642e-02 -9.985310539748815106e-01
-4.515240726275463606e-02 2.999649898405586795e-02 -9.985296541025647787e-01
-4.655440207516472334e-02 2.782121318377268199e-02 -9.985282508265507229e-01
-4.785346207279007891e-02 2.557709236202360126e-02 -9.985268441396473182e-01
-4.904604649348645595e-02 2.326892481445272387e-02 -9.985254340346412238e-01
-5.012883280637537436e-02 2.090168771476893367e-02 -9.985240205042978934e-01
-5.109872702348796508e-02 1.848053745614593180e-02 -9.985226035413612422e-01
-5.195287360368731899e-02 1.601079942371018416e-02 -9.985211831385539805e-01
-5.268866491748644409e-02 1.349795721392558351e-02 -9.985197592885771689e-01
-5.330375024188912375e-02 1.094764131839899915e-02 -9.985183319841104410e-01
-5.379604425498320242e-02 8.365617291337987260e-03 -9.985169012178117809e-01
-5.416373500071094971e-02 5.757773421585637812e-03 -9.985154669823174123e-01
-5.440529129502930106e-02 3.130107931833250347e-03 -9.985140292702420206e-01
-5.451946954555417918e-02 4.887157292640252788e-04 -9.985125880741784199e-01
-5.450531995775760585e-02 -2.160225266494675278e-03 -9.985111433866974417e-01
-5.436219210185351536e-02 -4.810468190641915484e-03 -9.985096952003481574e-01
-5.408973981566739253e-02 -7.455711666675421748e-03 -9.985082435076576557e-01
-5.368792542003512913e-02 -1.008961457553530366e-02 -9.985067883011309320e-01
-5.315702322461651752e-02 -1.270581112842896279e-02 -9.985053295732507772e-01
-5.249762230343728298e-02 -1.529792620994077645e-02 -9.985038673164779999e-01
-5.171062852098838591e-02 -1.785959095668320298e-02 -9.985024015232512040e-01
-5.079726579131048358e-02 -2.038445853546344555e-02 -9.985009321859864562e-01
-4.975907655417281111e-02 -2.286622008372662246e-02 -9.984994592970776184e-01
-4.859792145421606285e-02 -2.529862077389783553e-02 -9.984979828488961262e-01
-4.731597821076576754e-02 -2.767547596218628697e-02 -9.984965028337908777e-01
-4.591573966793222744e-02 -2.999068738143968044e-02 -9.984950192440882333e-01
-4.440001101659236254e-02 -3.223825933675138200e-02 -9.984935320720919050e-01
-4.277190618189325583e-02 -3.441231486173048498e-02 -9.984920413100830672e-01
-4.103484337202328164e-02 -3.650711179265087036e-02 -9.984905469503199127e-01
-3.919253978615939993e-02 -3.851705871710373041e-02 -9.984890489850379858e-01
-3.724900548171409392e-02 -4.043673075329272393e-02 -9.984875474064498491e-01
-3.520853640326753603e-02 -4.226088511573622419e-02 -9.984860422067451946e-01
-3.307570657787421708e-02 -4.398447642288048909e-02 -9.984845333780906218e-01
-3.085535948377352358e-02 -4.560267170198446102e-02 -9.984830209126297484e-01
-2.855259860190404592e-02 -4.711086504661456120e-02 -9.984815048024828776e-01
-2.617277716201660276e-02 -4.850469188218925476e-02 -9.984799850397472198e-01
-2.372148709759385257e-02 -4.978004279524074482e-02 -9.984784616164966708e-01
-2.120454722620928115e-02 -5.093307688241761194e-02 -9.984769345247818118e-01
-1.862799067438805981e-02 -5.196023457573918647e-02 -9.984754037566296869e-01
-1.599805156846015319e-02 -5.285824990123182132e-02 -9.984738693040440261e-01
-1.332115101531505807e-02 -5.362416212883040073e-02 -9.984723311590048000e-01
-1.060388239937031483e-02 -5.425532677231619666e-02 -9.984707893134685541e-01
-7.852996024445326947e-03 -5.474942589908524115e-02 -9.984692437593679637e-01
-5.075383131580447210e-03 -5.510447771069999084e-02 -9.984676944886120564e-01
-2.278059326151201346e-03 -5.531884535647096229e-02 -9.984661414930859902e-01
5.318525501086237769e-04 -5.539124494374356861e-02 -9.984645847646509420e-01
3.347140064351362965e-03 -5.532075271012781847e-02 -9.984630242951442192e-01
6.160519315155195061e-03 -5.510681132460296811e-02 -9.984614600763791481e-01
8.964653490307951736e-03 -5.474923528625435382e-02 -9.984598921001447414e-01
1.175217181578169096e-02 -5.424821539135250836e-02 -9.984583203582059197e-01
1.451568884992733219e-02 -5.360432224156314734e-02 -9.984567448423034008e-01
1.724782407509373866e-02 -5.281850876827689362e-02 -9.984551655441535889e-01
1.994122173715055790e-02 -5.189211175036660684e-02 -9.984535824554483519e-01
2.258857088177657763e-02 -5.082685230511319735e-02 -9.984519955678552439e-01
2.518262553487234448e-02 -4.962483533458379725e-02 -9.984504048730171721e-01
2.771622497307479546e-02 -4.828854791239362704e-02 -9.984488103625523969e-01
3.018231402909935315e-02 -4.682085659852969206e-02 -9.984472120280546426e-01
3.257396337551817650e-02 -4.522500367275462257e-02 -9.984456098610927643e-01
3.488438972960861834e-02 -4.350460228003585894e-02 -9.984440038532108597e-01
3.710697592107947002e-02 -4.166363048445265171e-02 -9.984423939959281569e-01
3.923529076381031960e-02 -3.970642423111341024e-02 -9.984407802807386823e-01
4.126310867222685030e-02 -3.763766921876144506e-02 -9.984391626991117041e-01
4.318442896258747193e-02 -3.546239168894985833e-02 -9.984375412424911778e-01
4.499349477927902519e-02 -3.318594814091804790e-02 -9.984359159022958563e-01
4.668481158621601984e-02 -3.081401398459417823e-02 -9.984342866699194019e-01
4.825316516361301267e-02 -2.835257114747086540e-02 -9.984326535367299416e-01
4.969363905075663973e-02 -2.580789465444588773e-02 -9.984310164940701782e-01
5.100163137594588419e-02 -2.318653820307619781e-02 -9.984293755332575016e-01
5.217287101549876460e-02 -2.049531876005183592e-02 -9.984277306455835443e-01
5.320343302464280999e-02 -1.774130020804624147e-02 -9.984260818223144041e-01
5.408975328421724432e-02 -1.493177607543052197e-02 -9.984244290546904210e-01
5.482864230841718450e-02 -1.207425138464054797e-02 -9.984227723339260674e-01
5.541729816030535605e-02 -9.176423658246675441e-03 -9.984211116512100581e-01
5.585331842350393233e-02 -6.246163124985132375e-03 -9.984194469977051289e-01
5.613471118035789215e-02 -3.291492171156744622e-03 -9.984177783645479254e-01
5.625990494892976063e-02 -3.205640858713206497e-04 -9.984161057428490027e-01
5.622775753344200905e-02 2.658358848396519692e-03 -9.984144291236928259e-01
5.603756374522465139e-02 5.636927865583326279e-03 -9.984127484981374367e-01
5.568906195384849128e-02 8.606730769004634213e-03 -9.984110638572146756e-01
5.518243943092478870e-02 1.155931546771035712e-02 -9.984093751919299597e-01
5.451833645202495970e-02 1.448621393388920334e-02 -9.984076824932621719e-01
5.369784912531420235e-02 1.737896651659029748e-02 -9.984059857521635495e-01
5.272253091879395420e-02 2.022914654478855448e-02 -9.984042849595599067e-01
5.159439286150351717e-02 2.302838515074106390e-02 -9.984025801063500793e-01
5.031590239763333167e-02 2.576839624267491038e-02 -9.984008711834061467e-01
4.888998087624291111e-02 2.844100155412256081e-02 -9.983991581815734317e-01
4.731999966314714978e-02 3.103815569568876831e-02 -9.983974410916700570e-01
4.560977486552524052e-02 3.355197113370202155e-02 -9.983957199044873887e-01
4.376356066390772043e-02 3.597474301908290539e-02 -9.983939946107893704e-01
4.178604125039765693e-02 3.829897378885940840e-02 -9.983922652013129673e-01
3.968232137627093065e-02 4.051739746208322251e-02 -9.983905316667677221e-01
3.745791551646603795e-02 4.262300355145860059e-02 -9.983887939978358661e-01
3.511873566290314025e-02 4.460906051179308607e-02 -9.983870521851719859e-01
3.267107776305284983e-02 4.646913864642331082e-02 -9.983853062194034678e-01
3.012160682469343029e-02 4.819713239306465391e-02 -9.983835560911298312e-01
2.747734071233761538e-02 4.978728191108539730e-02 -9.983818017909229514e-01
2.474563266536192185e-02 5.123419389301796939e-02 -9.983800433093268367e-01
2.193415257241847216e-02 5.253286152419532617e-02 -9.983782806368577400e-01
1.905086704123615596e-02 5.367868351574150987e-02 -9.983765137640040477e-01
1.610401830740964060e-02 5.466748213775382559e-02 -9.983747426812259462e-01
1.310210203021557225e-02 5.549552018139018023e-02 -9.983729673789554226e-01
1.005384402786943521e-02 5.615951678071907233e-02 -9.983711878475964863e-01
6.968176008928286466e-03 5.665666202760010622e-02 -9.983694040775248357e-01
3.854210360737677851e-03 5.698463031553771541e-02 -9.983676160590876369e-01
7.212140598995609754e-04 5.714159235138720899e-02 -9.983658237826036341e-01
-2.421418226314251028e-03 5.712622577698611703e-02 -9.983640272383631498e-01
-5.564191774877511563e-03 5.693772434623008832e-02 -9.983622264166277516e-01
-8.697540101890013919e-03 5.657580560680594561e-02 -9.983604213076303635e-01
-1.181185383759941407e-02 5.604071703972703100e-02 -9.983586119015750437e-01
-1.489751009847487331e-02 5.533324061398095517e-02 -9.983567981886369846e-01
-1.794490227018637543e-02 5.445469571798736141e-02 -9.983549801589624018e-01
-2.094447011251108007e-02 5.340694043416427395e-02 -9.983531578026685338e-01
-2.388673009459423360e-02 5.219237112770461207e-02 -9.983513311098434206e-01
-2.676230586665089006e-02 5.081392032565824196e-02 -9.983495000705457922e-01
-2.956195877211960366e-02 4.927505286758628728e-02 -9.983476646748050687e-01
-3.227661830248308023e-02 4.757976031439000580e-02 -9.983458249126213602e-01
-3.489741239546590573e-02 4.573255360740179770e-02 -9.983439807739652450e-01
-3.741569747611721980e-02 4.373845397544508240e-02 -9.983421322487775473e-01
-3.982308813939750003e-02 4.160298209330713648e-02 -9.983402793269695596e-01
-4.211148637232325215e-02 3.933214550090701617e-02 -9.983384219984228203e-01
-4.427311021349034786e-02 3.693242429836167406e-02 -9.983365602529890026e-01
-4.630052174790406927e-02 3.441075513813902226e-02 -9.983346940804896930e-01
-4.818665433549888105e-02 3.177451354151740459e-02 -9.983328234707166127e-01
-4.992483897253907621e-02 2.903149457262708955e-02 -9.983309484134311740e-01
-5.150882968625818126e-02 2.618989190941064041e-02 -9.983290688983647021e-01
