0.000000000000000000e+00 0.000000000000000000e+00 1.000000000000000000e+00
-9.516635264651464145e-07 7.038895371200194100e-05 9.999999975222447768e-01
-3.350405761954140446e-06 2.111576837782426974e-04 9.999999777006034485e-01
-7.691553609097869507e-06 4.222952633856755147e-04 9.999999108037712636e-01
-1.447033310316561917e-05 7.037890062603393811e-04 9.999997522357914059e-01
-2.418185646033170965e-05 1.055624451480915819e-03 9.999994425359722827e-01
-3.732110861489168187e-05 1.477785343117226377e-03 9.999989073782103999e-01
-5.438293309880049215e-05 1.970253604700551719e-03 9.999980575697284824e-01
-7.586201711704232105e-05 2.533009308533791526e-03 9.999967890492437173e-01
-1.022528756724930905e-04 3.166030639850627142e-03 9.999949828845829947e-01
-1.340498345941040759e-04 3.869293855834002836e-03 9.999925052697643535e-01
-1.717470123224187277e-04 4.642773239505406171e-03 9.999892075215667253e-01
-2.158383003066369958e-04 5.486441048497601655e-03 9.999849260756136227e-01
-2.668173418676632238e-04 6.400267458724667909e-03 9.999794824819977501e-01
-3.251775093818167362e-04 7.384220502964389254e-03 9.999726834004779574e-01
-3.914118796401514465e-04 8.438266004369279066e-03 9.999643205952809533e-01
-4.660132072386224066e-04 9.562367504923750816e-03 9.999541709295450831e-01
-5.494738958546583349e-04 1.075648618886622040e-02 9.999419963594435856e-01
-6.422859672660486503e-04 1.202058080109620272e-02 9.999275439280309596e-01
-7.449410279684381617e-04 1.335460756058775775e-02 9.999105457588554069e-01
-8.579302332481410914e-04 1.475852006883200673e-02 9.998907190493859787e-01
-9.817442485674462462e-04 1.623226921333274092e-02 9.998677660643044973e-01
-1.116873208120083231e-03 1.777580306618057812e-02 9.998413741287149881e-01
-1.263806670415068426e-03 1.938906677773248599e-02 9.998112156213279089e-01
-1.423033570747742451e-03 2.107200246542497227e-02 9.997769479676775761e-01
-1.595042170417460600e-03 2.282454909775064045e-02 9.997382136334348468e-01
-1.780320002552100624e-03 2.464664237342939490e-02 9.996946401178807839e-01
-1.979353814400320721e-03 2.653821459580700884e-02 9.996458399476091383e-01
-2.192629505953327170e-03 2.849919454251541653e-02 9.995914106705282576e-01
-2.420632064758813148e-03 3.052950733043060388e-02 9.995309348502376956e-01
-2.663845496790705116e-03 3.262907427596564020e-02 9.994639800608562386e-01
-2.922752753239402958e-03 3.479781275073805941e-02 9.993900988823815057e-01
-3.197835653088338184e-03 3.703563603265245391e-02 9.993088288966652799e-01
-3.489574801343897983e-03 3.934245315244085106e-02 9.992196926840912763e-01
-3.798449502787082117e-03 4.171816873570532991e-02 9.991221978210446109e-01
-4.124937671116673914e-03 4.416268284050892806e-02 9.990158368782667830e-01
-4.469515733355235339e-03 4.667589079056289753e-02 9.989000874201924285e-01
-4.832658529390855898e-03 4.925768300406013767e-02 9.987744120053673180e-01
-5.214839206529349805e-03 5.190794481820655559e-02 9.986382581880508535e-01
-5.616529108933446778e-03 5.462655630950401242e-02 9.984910585211088652e-01
-6.038197661827532370e-03 5.741339210984054697e-02 9.983322305603068436e-01
-6.480312250348615327e-03 6.026832121844546974e-02 9.981611768701165177e-01
-6.943338092926481034e-03 6.319120680976904325e-02 9.979772850311521282e-01
-7.427738109078389252e-03 6.618190603734847022e-02 9.977799276493558578e-01
-7.933972781506263422e-03 6.924026983372401356e-02 9.975684623670566520e-01
-8.462500012387031909e-03 7.236614270647123703e-02 9.973422318760282179e-01
-9.013774973749687225e-03 7.555936253041743711e-02 9.971005639326770975e-01
-9.588249951835678062e-03 7.881976033611259869e-02 9.968427713754942632e-01
-1.018637418534252409e-02 8.214716009462733060e-02 9.965681521449076818e-01
-1.080859369745393837e-02 8.554137849875254052e-02 9.962759893056766236e-01
-1.145535112156339380e-02 8.900222474067787104e-02 9.959655510719721550e-01
-1.212708552060188551e-02 9.252950028622805578e-02 9.956360908352918093e-01
-1.282423219988465708e-02 9.612299864573883856e-02 9.952868471953597584e-01
-1.354722251339592932e-02 9.978250514165636076e-02 9.949170439941684707e-01
-1.429648366343509551e-02 1.035077966729460591e-01 9.945258903533193973e-01
-1.507243849355258125e-02 1.072986414763997809e-01 9.941125807148259996e-01
-1.587550527470843811e-02 1.111547988849319463e-01 9.936762948855447641e-01
-1.670609748459196686e-02 1.150760190829579893e-01 9.932161980854036232e-01
-1.756462358004601265e-02 1.190620428589506952e-01 9.927314409996013111e-01
-1.845148676254527997e-02 1.231126013552724940e-01 9.922211598349544026e-01
-1.936708473668396005e-02 1.272274158153839096e-01 9.916844763805718888e-01
-2.031180946163407483e-02 1.314061973285310658e-01 9.911204980730415892e-01
-2.128604689554252846e-02 1.356486465720171120e-01 9.905283180663159159e-01
-2.229017673284148376e-02 1.399544535511651755e-01 9.899070153064879474e-01
-2.332457213445381095e-02 1.443232973370824346e-01 9.892556546116515470e-01
-2.438959945088261735e-02 1.487548458023374154e-01 9.885732867570447002e-01
-2.548561793818152760e-02 1.532487553546648673e-01 9.878589485656761315e-01
-2.661297946681030757e-02 1.578046706688149003e-01 9.871116630046405938e-01
-2.777202822338861038e-02 1.624222244166650120e-01 9.863304392873309956e-01
-2.896310040536927144e-02 1.671010369957163233e-01 9.855142729817574221e-01
-3.018652390866134738e-02 1.718407162560970924e-01 9.846621461251893193e-01
-3.144261800824233594e-02 1.766408572261988219e-01 9.837730273453365593e-01
-3.273169303180855499e-02 1.815010418370726353e-01 9.828458719882919858e-01
-3.405405002652243246e-02 1.864208386457149591e-01 9.818796222534568185e-01
-3.540998041892572806e-02 1.913998025573744044e-01 9.808732073356777326e-01
-3.679976566809820687e-02 1.964374745470129080e-01 9.798255435748229880e-01
-3.822367691215208113e-02 2.015333813800564700e-01 9.787355346130309774e-01
-3.968197460816388911e-02 2.066870353325724052e-01 9.776020715598652266e-01
-4.117490816565686634e-02 2.118979339110119708e-01 9.764240331656124372e-01
-4.270271557375888982e-02 2.171655595716585618e-01 9.752002860029640452e-01
-4.426562302217327410e-02 2.224893794399236124e-01 9.739296846573217703e-01
-4.586384451611231344e-02 2.278688450296333934e-01 9.726110719259716264e-01
-4.749758148535631469e-02 2.333033919624517283e-01 9.712432790263713089e-01
-4.916702238761435501e-02 2.387924396875844846e-01 9.698251258137986497e-01
-5.087234230637639049e-02 2.443353912019133878e-01 9.683554210086097180e-01
-5.261370254346049019e-02 2.499316327707073737e-01 9.668329624333569239e-01
-5.439125020647323644e-02 2.555805336490609703e-01 9.652565372600188098e-01
-5.620511779141595943e-02 2.612814458042101440e-01 9.636249222675928872e-01
-5.805542276068449692e-02 2.670337036388762408e-01 9.619368841103063117e-01
-5.994226711672542840e-02 2.728366237157904273e-01 9.601911795966966423e-01
-6.186573697162747743e-02 2.786895044835503432e-01 9.583865559798177003e-01
-6.382590211294257576e-02 2.845916260039620949e-01 9.565217512588242155e-01
-6.582281556604747952e-02 2.905422496810204369e-01 9.545954944921889451e-01
-6.785651315337325185e-02 2.965406179916804663e-01 9.526065061228070618e-01
-6.992701305084690622e-02 3.025859542185742046e-01 9.505534983152387207e-01
-7.203431534190653240e-02 3.086774621848251687e-01 9.484351753053429368e-01
-7.417840156946867158e-02 3.148143259911141967e-01 9.462502337625527948e-01
-7.635923428624422082e-02 3.209957097551491279e-01 9.439973631650405705e-01
-7.857675660381741034e-02 3.272207573536909386e-01 9.416752461880202318e-01
-8.083089174091993845e-02 3.334885921672877673e-01 9.392825591054310141e-01
-8.312154257135126456e-02 3.397983168278682631e-01 9.368179722052445424e-01
-8.544859117201419885e-02 3.461490129693443052e-01 9.342801502186347529e-01
-8.781189837155382871e-02 3.525397409813727512e-01 9.316677527632450939e-01
-9.021130330010659892e-02 3.589695397664244836e-01 9.289794348007857083e-01
-9.264662294068545800e-02 3.654374265003075828e-01 9.262138471091877490e-01
-9.511765168274605164e-02 3.719423963962915081e-01 9.233696367695380935e-01
-9.762416087849826174e-02 3.784834224729757279e-01 9.204454476680121733e-01
-1.001658984025464855e-01 3.850594553260469621e-01 9.174399210130180782e-01
-1.027425882154618109e-01 3.916694229040661446e-01 9.143516958677581075e-01
-1.053539299319081329e-01 3.983122302884253285e-01 9.111794096984086044e-01
-1.079995983939640164e-01 4.049867594776125346e-01 9.079216989381114766e-01
-1.106792432503013457e-01 4.116918691759217652e-01 9.045771995669640297e-01
-1.133924885419010375e-01 4.184263945867421897e-01 9.011445477081858613e-01
-1.161389322950053260e-01 4.251891472105601144e-01 8.976223802406325669e-01
-1.189181461220252395e-01 4.319789146478043018e-01 8.940093354278184634e-01
-1.217296748311408050e-01 4.387944604066640886e-01 8.903040535636010944e-01
-1.245730360453502356e-01 4.456345237160075912e-01 8.865051776346687396e-01
-1.274477198317428284e-01 4.524978193435253981e-01 8.826113539999645985e-01
-1.303531883417886061e-01 4.593830374192230948e-01 8.786212330871681075e-01
-1.332888754634556083e-01 4.662888432643849113e-01 8.745334701063440797e-01
-1.362541864859834195e-01 4.732138772261280102e-01 8.703467257808564783e-01
-1.392484977781586752e-01 4.801567545176663176e-01 8.660596670956333121e-01
-1.422711564809549523e-01 4.871160650644004164e-01 8.616709680628545920e-01
-1.453214802154161323e-01 4.940903733559492417e-01 8.571793105051213058e-01
-1.483987568066777174e-01 5.010782183042377103e-01 8.525833848561505945e-01
-1.515022440250359814e-01 5.080781131077535262e-01 8.478818909790258873e-01
-1.546311693449896330e-01 5.150885451220851285e-01 8.430735390020158704e-01
-1.577847297231922963e-01 5.221079757368526364e-01 8.381570501719606270e-01
-1.609620913962677147e-01 5.291348402591432576e-01 8.331311577252054068e-01
-1.641623896994519605e-01 5.361675478035614617e-01 8.279946077760466094e-01
-1.673847289070384825e-01 5.432044811890059943e-01 8.227461602226352477e-01
-1.706281820956129514e-01 5.502439968422844219e-01 8.173845896702662817e-01
-1.738917910310745774e-01 5.572844247086792269e-01 8.119086863719618963e-01
-1.771745660804494860e-01 5.643240681695776972e-01 8.063172571862368132e-01
-1.804754861495098672e-01 5.713612039672822940e-01 8.006091265519158506e-01
-1.837934986472192223e-01 5.783940821371188479e-01 7.947831374798498549e-01
-1.871275194780297191e-01 5.854209259469621562e-01 7.888381525613570311e-01
-1.904764330630623059e-01 5.924399318443037687e-01 7.827730549931937176e-01
-1.938390923912032826e-01 5.994492694109876396e-01 7.765867496188365582e-01
-1.972143191011529184e-01 6.064470813257459847e-01 7.702781639858338192e-01
-2.006009035954622322e-01 6.134314833346710127e-01 7.638462494189615093e-01
-2.039976051875930785e-01 6.204005642297645284e-01 7.572899821088944217e-01
-2.074031522830341034e-01 6.273523858357137328e-01 7.506083642160776837e-01
-2.108162425955012464e-01 6.342849830050469873e-01 7.438004249894591968e-01
-2.142355433992455260e-01 6.411963636218336315e-01 7.368652218997182590e-01
-2.176596918184834917e-01 6.480845086140976097e-01 7.298018417865977936e-01
-2.210872951549567866e-01 6.549473719751255363e-01 7.226094020199220758e-01
-2.245169312546156370e-01 6.617828807938597180e-01 7.152870516738540907e-01
-2.279471489144086760e-01 6.685889352945769692e-01 7.078339727139195681e-01
-2.313764683301463565e-01 6.753634088860660523e-01 7.002493811962956505e-01
-2.348033815863880269e-01 6.821041482205298934e-01 6.925325284788341751e-01
-2.382263531892841457e-01 6.888089732624512740e-01 6.846827024432614595e-01
-2.416438206432830471e-01 6.954756773676765702e-01 6.766992287279657292e-01
-2.450541950725892149e-01 7.021020273729858818e-01 6.685814719707553477e-01
-2.484558618882330427e-01 7.086857636964363216e-01 6.603288370609399216e-01
-2.518471815015846382e-01 7.152246004487813336e-01 6.519407704000576009e-01
-2.552264900851133889e-01 7.217162255562883377e-01 6.434167611705404743e-01
-2.585921003811615382e-01 7.281583008952953184e-01 6.347563426115803153e-01
-2.619423025594645460e-01 7.345484624388686212e-01 6.259590933014254066e-01
-2.652753651241127608e-01 7.408843204159459850e-01 6.170246384453103028e-01
-2.685895358706074099e-01 7.471634594833689302e-01 6.079526511681870860e-01
-2.718830428936201415e-01 7.533834389112357144e-01 5.987428538113978016e-01
-2.751540956460193366e-01 7.595417927820274917e-01 5.893950192323963444e-01
-2.784008860496758886e-01 7.656360302039874055e-01 5.799089721065966430e-01
-2.816215896585089751e-01 7.716636355392576530e-01 5.702845902303952386e-01
-2.848143668741776602e-01 7.776220686473084287e-01 5.605218058243829349e-01
-2.879773642147639978e-01 7.835087651442180778e-01 5.506206068357331063e-01
-2.911087156367334616e-01 7.893211366783958738e-01 5.405810382387215007e-01
-2.942065439103922486e-01 7.950565712233663707e-01 5.304032033323049511e-01
-2.972689620489940010e-01 8.007124333882644773e-01 5.200872650336553216e-01
-3.002940747915772146e-01 8.062860647467243735e-01 5.096334471665169286e-01
-3.032799801395392736e-01 8.117747841848726997e-01 4.990420357432274190e-01
-3.062247709468767787e-01 8.171758882691727566e-01 4.883133802392135570e-01
-3.091265365639394025e-01 8.224866516348966483e-01 4.774478948587472793e-01
-3.119833645344609052e-01 8.277043273960357217e-01 4.664460597907196804e-01
-3.147933423455427926e-01 8.328261475774938472e-01 4.553084224531654400e-01
-3.175545592301753373e-01 8.378493235704399522e-01 4.440355987252456726e-01
-3.202651080217857049e-01 8.427710466117310784e-01 4.326282741653720842e-01
-3.229230870602052828e-01 8.475884882883496507e-01 4.210872052141337307e-01
-3.255266021483470551e-01 8.522988010678327342e-01 4.094132203806645220e-01
-3.280737685587791774e-01 8.568991188557020244e-01 3.976072214110695224e-01
-3.305627130892725418e-01 8.613865575809379616e-01 3.856701844375085564e-01
-3.329915761662899931e-01 8.657582158105716630e-01 3.736031611065168678e-01
-3.353585139952688365e-01 8.700111753944991255e-01 3.614072796851264258e-01
-3.376617007564315376e-01 8.741425021416530106e-01 3.490837461433357047e-01
-3.398993308447386674e-01 8.781492465286954152e-01 3.366338452114620017e-01
-3.420696211524733021e-01 8.820284444424226766e-01 3.240589414108983046e-01
-3.441708133928200741e-01 8.857771179570997910e-01 3.113604800567866260e-01
-3.462011764626720667e-01 8.893922761479653438e-01 2.985399882311103870e-01
-3.481590088427655161e-01 8.928709159421711616e-01 2.855990757247027778e-01
-3.500426410331075044e-01 8.962100230084414365e-01 2.725394359466627447e-01
-3.518504380215242144e-01 8.994065726867529476e-01 2.593628467996677012e-01
-3.535808017830163741e-01 9.024575309593552142e-01 2.460711715196721716e-01
-3.552321738074669666e-01 9.053598554644604057e-01 2.326663594784829925e-01
-3.568030376531012293e-01 9.081104965539446017e-01 2.191504469477061900e-01
-3.582919215229529719e-01 9.107063983964074350e-01 2.055255578225671231e-01
-3.596974008614433616e-01 9.131445001269404838e-01 1.917939043041148595e-01
-3.610181009680292208e-01 9.154217370449555524e-01 1.779577875383331620e-01
-3.622526996247272257e-01 9.175350418614188763e-01 1.640195982106951167e-01
-3.633999297341693469e-01 9.194813459968284031e-01 1.499818170947150586e-01
-3.644585819646929958e-01 9.212575809312605335e-01 1.358470155530717705e-01
-3.654267007199488715e-01 9.228438556402661641e-01 1.217478728085095857e-01
-3.663040405479373041e-01 9.242427679677799324e-01 1.076877697917729693e-01
-3.670904367744227126e-01 9.254569357849580236e-01 9.367001260415995512e-02
-3.677858038148830166e-01 9.264889951105035326e-01 7.969783231767609000e-02
-3.683901334368321345e-01 9.273415982865100826e-01 6.577438481945344084e-02
-3.689034929766127902e-01 9.280174122093864941e-01 5.190275069997007940e-02
-3.693260235146731407e-01 9.285191166153549114e-01 3.808593518456737659e-02
-3.696579380132564152e-01 9.288494024199528409e-01 2.432686810772450095e-02
-3.698995194203426040e-01 9.290109701109117157e-01 1.062840392951329080e-02
-3.700511187435883698e-01 9.290065281937286423e-01 -3.006678206378631674e-03
-3.701131530979174245e-01 9.288387916891989171e-01 -1.657567437370261604e-02
-3.700861037303144196e-01 9.285104806821308232e-01 -3.007595572446035079e-02
-3.699705140252771973e-01 9.280243189204229193e-01 -4.350496831018174637e-02
-3.697669874942792756e-01 9.273830324636447298e-01 -5.686023286440901325e-02
-3.694761857524926363e-01 9.265893483802292163e-01 -7.013934454715482769e-02
-3.690988264859155210e-01 9.256459934923545463e-01 -8.333997265212905736e-02
-3.686356814119449710e-01 9.245556931675662504e-01 -9.645986027755364123e-02
-3.680875742363282077e-01 9.233211701561673257e-01 -1.094968239614086125e-01
-3.674553786093194829e-01 9.219451434733850759e-01 -1.224487532819740071e-01
-3.667400160837631096e-01 9.204303273253054973e-01 -1.353136104245526439e-01
-3.659424540777160284e-01 9.187794300775548040e-01 -1.480894297152770545e-01
-3.650637038441163496e-01 9.169951532656955839e-01 -1.607743171229208956e-01
-3.641048184498990037e-01 9.150801906462975310e-01 -1.733664497296502072e-01
-3.630668907668521128e-01 9.130372272876402517e-01 -1.858640751716632011e-01
-3.619510514764046061e-01 9.108689386989998749e-01 -1.982655110506799101e-01
-3.607584670904295798e-01 9.085779899974745222e-01 -2.105691443172522104e-01
-3.594903379900460383e-01 9.061670351113041422e-01 -2.227734306268744913e-01
-3.581478964842992330e-01 9.036387160186467593e-01 -2.348768936698818477e-01
-3.567324048904983447e-01 9.009956620207771882e-01 -2.468781244761283911e-01
-3.552451536378927743e-01 8.982404890486862525e-01 -2.587757806954426587e-01
-3.536874593962684443e-01 8.953757990020654312e-01 -2.705685858548593781e-01
-3.520606632309511430e-01 8.924041791196761775e-01 -2.822553285936286183e-01
-3.503661287856086881e-01 8.893282013801160346e-01 -2.938348618770029175e-01
-3.486052404941511473e-01 8.861504219320069931e-01 -3.053061021898018645e-01
-3.467794018229384267e-01 8.828733805526506329e-01 -3.166680287107505043e-01
-3.448900335444148313e-01 8.794996001342076930e-01 -3.279196824685842171e-01
-3.429385720432042151e-01 8.760315861964814710e-01 -3.390601654809079490e-01
-3.409264676556148510e-01 8.724718264254018862e-01 -3.500886398767907304e-01
-3.388551830434201051e-01 8.688227902363261368e-01 -3.610043270040692032e-01
-3.367261916027012858e-01 8.650869283612940830e-01 -3.718065065223259413e-01
-3.345409759084606582e-01 8.612666724593963652e-01 -3.824945154824982985e-01
-3.323010261956367284e-01 8.573644347494353557e-01 -3.930677473940633604e-01
-3.300078388770806836e-01 8.533826076640803615e-01 -4.035256512807331997e-01
-3.276629150989810446e-01 8.493235635247418092e-01 -4.138677307255828608e-01
-3.252677593341546936e-01 8.451896542364110143e-01 -4.240935429065197937e-01
-3.228238780135560537e-01 8.409832110017338991e-01 -4.342026976229904078e-01
-3.203327781962910237e-01 8.367065440536120002e-01 -4.441948563148047646e-01
-3.177959662783606531e-01 8.323619424056439842e-01 -4.540697310739448267e-01
-3.152149467402995398e-01 8.279516736197461979e-01 -4.638270836502070282e-01
-3.125912209338158054e-01 8.234779835903113243e-01 -4.734667244515123885e-01
-3.099262859074849996e-01 8.189430963442870803e-01 -4.829885115397013484e-01
-3.072216332714963194e-01 8.143492138565801008e-01 -4.923923496226132457e-01
-3.044787481013992436e-01 8.096985158802094684e-01 -5.016781890432318036e-01
-3.016991078807493287e-01 8.049931597906589964e-01 -5.108460247666606335e-01
-2.988841814825060617e-01 8.002352804438958023e-01 -5.198958953656734883e-01
-2.960354281889911454e-01 7.954269900475445798e-01 -5.288278820055664076e-01
-2.931542967501724606e-01 7.905703780447267404e-01 -5.376421074290179680e-01
-2.902422244800004214e-01 7.856675110100950210e-01 -5.463387349416454208e-01
-2.873006363904835325e-01 7.807204325576100334e-01 -5.549179673989256267e-01
-2.843309443631555355e-01 7.757311632596282092e-01 -5.633800461951282701e-01
-2.813345463575506744e-01 7.707017005768845852e-01 -5.717252502548901827e-01
-2.783128256562733549e-01 7.656340187989753021e-01 -5.799538950280385130e-01
-2.752671501462166104e-01 7.605300689949593407e-01 -5.880663314882524917e-01
-2.721988716354562521e-01 7.553917789737158994e-01 -5.960629451361295628e-01
-2.691093252053209373e-01 7.502210532537112453e-01 -6.039441550072057741e-01
-2.659998285971130749e-01 7.450197730418413045e-01 -6.117104126854574497e-01
-2.628716816329336181e-01 7.397897962210349121e-01 -6.193622013227908507e-01
-2.597261656700409760e-01 7.345329573463122985e-01 -6.269000346650090982e-01
-2.565645430881558497e-01 7.292510676490109311e-01 -6.343244560847217661e-01
-2.533880568091049224e-01 7.239459150489011563e-01 -6.416360376216470041e-01
-2.501979298481804559e-01 7.186192641739269638e-01 -6.488353790307318514e-01
-2.469953648965774462e-01 7.132728563873202976e-01 -6.559231068385005248e-01
-2.437815439342564117e-01 7.079084098218459964e-01 -6.628998734080194799e-01
-2.405576278725684025e-01 7.025276194209472136e-01 -6.697663560128479521e-01
-2.373247562259674370e-01 6.971321569865707168e-01 -6.765232559203252505e-01
-2.340840468121267448e-01 6.917236712334594584e-01 -6.831712974845270958e-01
-2.308365954797669817e-01 6.863037878497111333e-01 -6.897112272492035290e-01
-2.275834758634976140e-01 6.808741095634075480e-01 -6.961438130609935993e-01
-2.243257391649674248e-01 6.754362162151291704e-01 -7.024698431931946097e-01
-2.210644139596153745e-01 6.699916648361760041e-01 -7.086901254803447125e-01
-2.178005060283100258e-01 6.645419897323222580e-01 -7.148054864638602179e-01
-2.145349982131631306e-01 6.590887025729403881e-01 -7.208167705489541000e-01
-2.112688502968023685e-01 6.536332924853341941e-01 -7.267248391730422030e-01
-2.080029989043872540e-01 6.481772261541268731e-01 -7.325305699858297714e-01
-2.047383574276537277e-01 6.427219479255568135e-01 -7.382348560412534955e-01
-2.014758159702741691e-01 6.372688799165352469e-01 -7.438386050014389461e-01
-1.982162413138220114e-01 6.318194221283277567e-01 -7.493427383528178387e-01
-1.949604769036339669e-01 6.263749525647231975e-01 -7.547481906345346880e-01
-1.917093428538662880e-01 6.209368273545587957e-01 -7.600559086792573193e-01
-1.884636359710470943e-01 6.155063808784726476e-01 -7.652668508664919322e-01
-1.852241297954317356e-01 6.100849258997586011e-01 -7.703819863884890928e-01
-1.819915746594748529e-01 6.046737536992004003e-01 -7.754022945288141511e-01
-1.787666977627394294e-01 5.992741342137656302e-01 -7.803287639536410358e-01
-1.755502032625707032e-01 5.938873161790411137e-01 -7.851623920158179448e-01
-1.723427723798707789e-01 5.885145272752940748e-01 -7.899041840717382357e-01
-1.691450635193183505e-01 5.831569742770457143e-01 -7.945551528110403883e-01
-1.659577124033870810e-01 5.778158432060430671e-01 -7.991163175991479184e-01
-1.627813322195255652e-01 5.724922994875202287e-01 -8.035887038326490206e-01
-1.596165137798717382e-01 5.671874881096374832e-01 -8.079733423075057264e-01
-1.564638256928851112e-01 5.619025337859898661e-01 -8.122712686000705951e-01
-1.533245889315229815e-01 5.565810276021593284e-01 -8.165225839870275948e-01
-1.501995158543283915e-01 5.512232234807510345e-01 -8.207271552416016691e-01
-1.470893158018422575e-01 5.458293804407089445e-01 -8.248848529599870361e-01
-1.439946949295776157e-01 5.403997625950153205e-01 -8.289955515184339596e-01
-1.409163560417109884e-01 5.349346391464943062e-01 -8.330591290292052031e-01
-1.378549984255417193e-01 5.294342843817242406e-01 -8.370754672954306974e-01
-1.348113176867703489e-01 5.238989776630619266e-01 -8.410444517648912877e-01
-1.317860055856462098e-01 5.183290034187855166e-01 -8.449659714827634227e-01
-1.287797498740339552e-01 5.127246511313625632e-01 -8.488399190433570940e-01
-1.257932341334482007e-01 5.070862153238501202e-01 -8.526661905408797759e-01
-1.228271376141053389e-01 5.014139955444362196e-01 -8.564446855192617836e-01
-1.198821350750401415e-01 4.957082963491323269e-01 -8.601753069210769098e-01
-1.169588966253350265e-01 4.899694272826264352e-01 -8.638579610355953120e-01
-1.140580875665087451e-01 4.841977028573092312e-01 -8.674925574460042865e-01
-1.111803682361105494e-01 4.783934425304846583e-01 -8.710790089758352339e-01
-1.083263938525655945e-01 4.725569706797785874e-01 -8.746172316346342290e-01
-1.054968143613161657e-01 4.666886165767593075e-01 -8.781071445629160532e-01
-1.026922742823029033e-01 4.607887143587845458e-01 -8.815486699764401024e-01
-9.991341255882929540e-02 4.548576029990910041e-01 -8.849417331098491379e-01
-9.716086240785203054e-02 4.488956262751422344e-01 -8.882862621597112929e-01
-9.443525117173885708e-02 4.429031327352522807e-01 -8.915821882270070775e-01
-9.173720017153501327e-02 4.368804756635027986e-01 -8.948294452591029069e-01
-8.906732456177821056e-02 4.308280130429724131e-01 -8.980279699912534497e-01
-8.642623318690152712e-02 4.247461075172970779e-01 -9.011777018876763190e-01
-8.381452843926265328e-02 4.186351263505818099e-01 -9.042785830822418491e-01
-8.123280611883695879e-02 4.124954413856838920e-01 -9.073305583188215895e-01
-7.868165529461110252e-02 4.063274290008889733e-01 -9.103335748913402581e-01
-7.616165816771301722e-02 4.001314700650014933e-01 -9.132875825835747863e-01
-7.367338993631313004e-02 3.939079498908717447e-01 -9.161925336087455296e-01
-7.121741866233084750e-02 3.876572581873824475e-01 -9.190483825489443870e-01
-6.879430513997936147e-02 3.813797890099180909e-01 -9.218550862944453472e-01
-6.640460276618102842e-02 3.750759407093405828e-01 -9.246126039829423160e-01
-6.404885741288450507e-02 3.687461158794957949e-01 -9.273208969387596312e-01
-6.172760730131411633e-02 3.623907213032752650e-01 -9.299799286120812303e-01
-5.944138287818080679e-02 3.560101678972585337e-01 -9.325896645182437661e-01
-5.719070669388322259e-02 3.496048706549610419e-01 -9.351500721771393021e-01
-5.497609328272653334e-02 3.431752485887139548e-01 -9.376611210527729945e-01
-5.279804904518574371e-02 3.367217246702016165e-01 -9.401227824930218357e-01
-5.065707213223918232e-02 3.302447257696834448e-01 -9.425350296696387575e-01
-4.855365233179714801e-02 3.237446825939267470e-01 -9.448978375185490552e-01
-4.648827095724964581e-02 3.172220296228774883e-01 -9.472111826804824330e-01
-4.446140073815633281e-02 3.106772050450965494e-01 -9.494750434419864105e-01
-4.247350571310085782e-02 3.041106506919890040e-01 -9.516893996768660546e-01
-4.052504112473096637e-02 2.975228119708533958e-01 -9.538542327880936700e-01
-3.861645331700478551e-02 2.909141377967800479e-01 -9.559695256502324101e-01
-3.674817963466294607e-02 2.842850805234256595e-01 -9.580352625524179988e-01
-3.492064832494527760e-02 2.776360958726925565e-01 -9.600514291419414148e-01
-3.313427844157002672e-02 2.709676428633414069e-01 -9.620180123684748397e-01
-3.138947975099266874e-02 2.642801837385649888e-01 -9.639350004289841678e-01
-2.968665264096065695e-02 2.575741838925527105e-01 -9.658023827133689343e-01
-2.802526890139492993e-02 2.509182245867088157e-01 -9.676025159541672416e-01
-2.640527208805607678e-02 2.443131348938498704e-01 -9.693368112950706550e-01
-2.482658655540821713e-02 2.377597219138957996e-01 -9.710066710598163064e-01
-2.328911798508113973e-02 2.312587710774726690e-01 -9.726134883859501867e-01
-2.179275391055528546e-02 2.248110464524862573e-01 -9.741586468727015946e-01
-2.033736423765738349e-02 2.184172910534665779e-01 -9.756435202426686493e-01
-1.892280176047539050e-02 2.120782271534839003e-01 -9.770694720170149949e-01
-1.754890267232199139e-02 2.057945565984370673e-01 -9.784378552038752730e-01
-1.621548707139605291e-02 1.995669611235165175e-01 -9.797500119996676027e-01
-1.492235946081119091e-02 1.933961026716443377e-01 -9.810072735030109792e-01
-1.366930924267991537e-02 1.872826237136959171e-01 -9.822109594409453859e-01
-1.245611120596081846e-02 1.812271475703083334e-01 -9.833623779071533066e-01
-1.128252600779470864e-02 1.752302787350825397e-01 -9.844628251118817674e-01
-1.014830064807368745e-02 1.692926031989875901e-01 -9.855135851432659244e-01
-9.053168937004784853e-03 1.634146887757775279e-01 -9.865159297397555482e-01
-7.996851955446956928e-03 1.575970854282329192e-01 -9.874711180733481974e-01
-6.979058507816953208e-03 1.518403255950412922e-01 -9.883803965433348715e-01
-5.999485567375873428e-03 1.461449245181329348e-01 -9.892449985802651558e-01
-5.057818713724029913e-03 1.405113805702907226e-01 -9.900661444598419791e-01
-4.153732562347105771e-03 1.349401755828549265e-01 -9.908450411264587698e-01
-3.286891186071520289e-03 1.294317751733468358e-01 -9.915828820260940146e-01
-2.456948528301353650e-03 1.239866290728370984e-01 -9.922808469482812255e-01
-1.663548807923196380e-03 1.186051714528876810e-01 -9.929401018768754250e-01
-9.063269157788361686e-04 1.132878212518992067e-01 -9.935617988493412600e-01
-1.849088026187943557e-04 1.080349825006978876e-01 -9.941470758242897388e-01
5.010881415376194177e-04 1.028470446471996536e-01 -9.946970565569952516e-01
1.152054716697853420e-03 9.772438287999163364e-02 -9.952128504826281974e-01
1.768389550897602911e-03 9.266735845067450295e-02 -9.956955526069410922e-01
2.350498746947242250e-03 8.767631899481205526e-02 -9.961462434041512548e-01
2.898795537951283363e-03 8.275159885133770432e-02 -9.965659887217663826e-01
3.413699951618449913e-03 7.789351938027058719e-02 -9.969558396921034404e-01
3.895638483369871785e-03 7.310238927859730174e-02 -9.973168326502550585e-01
4.345043778243239639e-03 6.837850489417846012e-02 -9.976499890582629648e-01
4.762354321581479220e-03 6.372215053754255731e-02 -9.979563154352596444e-01
5.148014138485627715e-03 5.913359879143278292e-02 -9.982368032933476298e-01
5.502472502003106190e-03 5.461311081797588091e-02 -9.984924290789853885e-01
5.826183650014462798e-03 5.016093666334531936e-02 -9.987241541196573147e-01
6.119606510773911538e-03 4.577731555979433486e-02 -9.989329245756068953e-01
6.383204437051608407e-03 4.146247622493775403e-02 -9.991196713964176634e-01
6.617444948818579364e-03 3.721663715816472817e-02 -9.992853102822307765e-01
6.822799484408508149e-03 3.304000693406776434e-02 -9.994307416493921625e-01
6.999743160084254123e-03 2.893278449277677383e-02 -9.995568506003270626e-01
7.148754537930923116e-03 2.489515942708998147e-02 -9.996645068974440163e-01
7.270315401991616494e-03 2.092731226629683874e-02 -9.997545649408737800e-01
7.364910542556552323e-03 1.702941475659117826e-02 -9.998278637498547727e-01
7.433027548511173151e-03 1.320163013797609128e-02 -9.998852269475795307e-01
7.475156607644000382e-03 9.444113417565042079e-03 -9.999274627493222045e-01
7.491790314810484012e-03 5.757011639186859070e-03 -9.999553639536696847e-01
7.483423487844797009e-03 2.140464149205273912e-03 -9.999697079366853814e-01
7.450552991107526821e-03 -1.405397141533310749e-03 -9.999712566488377918e-01
7.393677566553450396e-03 -4.880447499707207468e-03 -9.999607566145292115e-01
7.313297672200066296e-03 -8.284569115562436664e-03 -9.999389389340669343e-01
7.209915327874253689e-03 -1.161765085306891779e-02 -9.999065192879207364e-01
7.084033968111389662e-03 -1.487958800426463640e-02 -9.998641979431155402e-01
6.936158302078389640e-03 -1.807028204785982375e-02 -9.998126597616131539e-01
6.766794180389505871e-03 -2.118964041217041849e-02 -9.997525742105390911e-01
6.576448468681261698e-03 -2.423757624244748943e-02 -9.996845953741166912e-01
6.365628927810661544e-03 -2.721400817266664621e-02 -9.996093619671723163e-01
6.134844100538720986e-03 -3.011886010183892348e-02 -9.995274973500822835e-01
5.884603204559473930e-03 -3.295206097490217118e-02 -9.994396095450325257e-01
5.615416031732860941e-03 -3.571354456824949591e-02 -9.993462912534689657e-01
5.327792853378320731e-03 -3.840324927994895332e-02 -9.992481198746184790e-01
5.022244331484471309e-03 -4.102111792470636287e-02 -9.991456575249645367e-01
4.699281435688965405e-03 -4.356709753362083409e-02 -9.990394510585660637e-01
4.359415365881433822e-03 -4.604113915878046276e-02 -9.989300320881095985e-01
4.003157480281398228e-03 -4.844319768274339688e-02 -9.988179170065913937e-01
3.631019228842098136e-03 -5.077323163294748115e-02 -9.987036070095267615e-01
3.243512091830363236e-03 -5.303120300108960655e-02 -9.985875881175896307e-01
2.841147523431960999e-03 -5.521707706751392136e-02 -9.984703311995869468e-01
2.424436900231214959e-03 -5.733082223064617233e-02 -9.983522919956773212e-01
1.993891474413177385e-03 -5.937240984150954359e-02 -9.982339111407466659e-01
1.550022331536192021e-03 -6.134181404335554977e-02 -9.981156141878548826e-01
1.093340352722315702e-03 -6.323901161644186752e-02 -9.979978116316737813e-01
6.243561811127768587e-04 -6.506398182798717178e-02 -9.978808989318374012e-01
1.435801924354183803e-04 -6.681670628733141215e-02 -9.977652565361305737e-01
-3.484775304690940841e-04 -6.849716880632855665e-02 -9.976512499034427828e-01
-8.513072193156337279e-04 -7.010535526499696302e-02 -9.975392295264203790e-01
-1.364399438390939516e-03 -7.164125348245124758e-02 -9.974295309537495324e-01
-1.887245099071326515e-03 -7.310485309313813351e-02 -9.973224748120095295e-01
-2.419335470995175909e-03 -7.449614542839706754e-02 -9.972183668270344636e-01
-2.960162190043544393e-03 -7.581512340336536704e-02 -9.971174978447285842e-01
-3.509217263282146324e-03 -7.706178140924611897e-02 -9.970201438512799053e-01
-4.065993071017850839e-03 -7.823611521095576171e-02 -9.969265659927222245e-01
-4.629982366122695030e-03 -7.933812185016729523e-02 -9.968370105937967018e-01
-5.200678270778264639e-03 -8.036779955376346929e-02 -9.967517091760677017e-01
-5.777574270793115960e-03 -8.132514764771354987e-02 -9.966708784752504879e-01
-6.360164207645735424e-03 -8.221016647638576536e-02 -9.965947204577110252e-01
-6.947942268405336505e-03 -8.302285732730668721e-02 -9.965234223360999177e-01
-7.540402973682602296e-03 -8.376322236137762056e-02 -9.964571565840866230e-01
-8.137041163762268742e-03 -8.443126454855706675e-02 -9.963960809501622995e-01
-8.737351983069255312e-03 -8.502698760901726549e-02 -9.963403384704810906e-01
-9.340830863119826966e-03 -8.555039595978190803e-02 -9.962900574807144194e-01
-9.946973504109115141e-03 -8.600149466685108601e-02 -9.962453516268927611e-01
-1.055527585528607051e-02 -8.638028940281861079e-02 -9.962063198752154625e-01
-1.116523409426680574e-02 -8.668678640998593588e-02 -9.961730465208072927e-01
-1.177634460543706095e-02 -8.692099246897590226e-02 -9.961456011954074041e-01
-1.238810395759437459e-02 -8.708291487284880450e-02 -9.961240388739757146e-01
-1.300000888098040361e-02 -8.717256140672227649e-02 -9.961083998802057193e-01
-1.361155624385366678e-02 -8.718994033289553802e-02 -9.960987098909348525e-01
-1.422224302875288796e-02 -8.713506038147784960e-02 -9.960949799394460680e-01
-1.483251401415056590e-02 -8.707804423838773344e-02 -9.960910654878174508e-01
-1.544235413203907600e-02 -8.701889356320101354e-02 -9.960869670199058445e-01
-1.605174832746671110e-02 -8.695761006932167803e-02 -9.960826850375832375e-01
-1.666068155894101510e-02 -8.689419552392385615e-02 -9.960782200606834724e-01
-1.726913879883149733e-02 -8.682865174789200502e-02 -9.960735726269458468e-01
-1.787710503377172924e-02 -8.676098061575950038e-02 -9.960687432919581585e-01
-1.848456526506080111e-02 -8.669118405564549268e-02 -9.960637326290970872e-01
-1.909150450906411944e-02 -8.661926404919012557e-02 -9.960585412294673535e-01
-1.969790779761352792e-02 -8.654522263148803352e-02 -9.960531697018388808e-01
-2.030376017840673439e-02 -8.646906189102024354e-02 -9.960476186725822911e-01
-2.090904671540602666e-02 -8.639078396958438377e-02 -9.960418887856025139e-01
-2.151375248923626318e-02 -8.631039106222321289e-02 -9.960359807022710621e-01
-2.211786259758211429e-02 -8.622788541715153965e-02 -9.960298951013557556e-01
-2.272136215558454367e-02 -8.614326933568150491e-02 -9.960236326789497774e-01
-2.332423629623651268e-02 -8.605654517214617050e-02 -9.960171941483981772e-01
-2.392647017077788318e-02 -8.596771533382151220e-02 -9.960105802402231534e-01
-2.452804894908951552e-02 -8.587678228084678900e-02 -9.960037917020472253e-01
-2.512895782008652684e-02 -8.578374852614327473e-02 -9.959968292985151850e-01
-2.572918199211072024e-02 -8.568861663533139383e-02 -9.959896938112139386e-01
-2.632870669332213268e-02 -8.559138922664621951e-02 -9.959823860385911276e-01
-2.692751717208971551e-02 -8.549206897085137591e-02 -9.959749067958716395e-01
-2.752559869738111994e-02 -8.539065859115133050e-02 -9.959672569149726762e-01
-2.812293655915156301e-02 -8.528716086310217381e-02 -9.959594372444171562e-01
-2.871951606873178117e-02 -8.518157861452066437e-02 -9.959514486492455632e-01
-2.931532255921502975e-02 -8.507391472539183042e-02 -9.959432920109259069e-01
-2.991034138584312482e-02 -8.496417212777493400e-02 -9.959349682272625737e-01
-3.050455792639151717e-02 -8.485235380570788077e-02 -9.959264782123028459e-01
-3.109795758155336695e-02 -8.473846279511007551e-02 -9.959178228962425328e-01
-3.169052577532262271e-02 -8.462250218368370935e-02 -9.959090032253296032e-01
-3.228224795537607689e-02 -8.450447511081352059e-02 -9.959000201617664860e-01
-3.287310959345438044e-02 -8.438438476746498718e-02 -9.958908746836102610e-01
-3.346309618574200978e-02 -8.426223439608104826e-02 -9.958815677846721837e-01
-3.405219325324617546e-02 -8.413802729047722972e-02 -9.958721004744148786e-01
-3.464038634217463802e-02 -8.401176679573528483e-02 -9.958624737778486447e-01
-3.522766102431242746e-02 -8.388345630809534992e-02 -9.958526887354254287e-01
-3.581400289739747334e-02 -8.375309927484654582e-02 -9.958427464029322440e-01
-3.639939758549508297e-02 -8.362069919421610820e-02 -9.958326478513822577e-01
-3.698383073937130949e-02 -8.348625961525707462e-02 -9.958223941669049895e-01
-3.756728803686514018e-02 -8.334978413773441730e-02 -9.958119864506348451e-01
-3.814975518325953302e-02 -8.321127641200974645e-02 -9.958014258185977630e-01
-3.873121791165126671e-02 -8.307074013892455644e-02 -9.957907134015971939e-01
-3.931166198331961098e-02 -8.292817906968198705e-02 -9.957798503450981942e-01
-3.989107318809376190e-02 -8.278359700572716917e-02 -9.957688378091098524e-01
-4.046943734471907667e-02 -8.263699779862611339e-02 -9.957576769680669404e-01
-4.104674030122207329e-02 -8.248838534994316907e-02 -9.957463690107096754e-01
-4.162296793527416744e-02 -8.233776361111709574e-02 -9.957349151399621512e-01
-4.219810615455416025e-02 -8.218513658333563565e-02 -9.957233165728096580e-01
-4.277214089710944939e-02 -8.203050831740879567e-02 -9.957115745401744489e-01
-4.334505813171596333e-02 -8.187388291364063042e-02 -9.956996902867899513e-01
-4.391684385823676345e-02 -8.171526452169970700e-02 -9.956876650710740906e-01
-4.448748410797937619e-02 -8.155465734048815418e-02 -9.956755001650010595e-01
-4.505696494405177915e-02 -8.139206561800935158e-02 -9.956631968539717548e-01
-4.562527246171704104e-02 -8.122749365123427268e-02 -9.956507564366831042e-01
-4.619239278874664317e-02 -8.106094578596644007e-02 -9.956381802249956170e-01
-4.675831208577241327e-02 -8.089242641670559009e-02 -9.956254695438004898e-01
-4.732301654663709223e-02 -8.072193998650992186e-02 -9.956126257308846039e-01
-4.788649239874354091e-02 -8.054949098685713904e-02 -9.955996501367949669e-01
-4.844872590340251750e-02 -8.037508395750406209e-02 -9.955865441247013781e-01
-4.900970335617908097e-02 -8.019872348634499160e-02 -9.955733090702585386e-01
-4.956941108723754430e-02 -8.002041420926878090e-02 -9.955599463614662747e-01
-5.012783546168503301e-02 -7.984016081001459042e-02 -9.955464573985289833e-01
-5.068496287991357957e-02 -7.965796802002637900e-02 -9.955328435937137455e-01
-5.124077977794078836e-02 -7.947384061830611857e-02 -9.955191063712076627e-01
-5.179527262774902968e-02 -7.928778343126580141e-02 -9.955052471669733061e-01
-5.234842793762315566e-02 -7.909980133257808743e-02 -9.954912674286040541e-01
-5.290023225248675909e-02 -7.890989924302582725e-02 -9.954771686151774324e-01
-5.345067215423692647e-02 -7.871808213035029478e-02 -9.954629521971077866e-01
-5.399973426207748534e-02 -7.852435500909821231e-02 -9.954486196559977351e-01
-5.454740523285075970e-02 -7.832872294046755446e-02 -9.954341724844889550e-01
-5.509367176136779898e-02 -7.813119103215218630e-02 -9.954196121861113022e-01
-5.563852058073706641e-02 -7.793176443818525256e-02 -9.954049402751313780e-01
-5.618193846269162184e-02 -7.773044835878144265e-02 -9.953901582763999834e-01
-5.672391221791471538e-02 -7.752724804017806226e-02 -9.953752677251982428e-01
-5.726442869636387545e-02 -7.732216877447495307e-02 -9.953602701670833941e-01
-5.780347478759337992e-02 -7.711521589947320510e-02 -9.953451671577332460e-01
-5.834103742107519391e-02 -7.690639479851284210e-02 -9.953299602627893039e-01
-5.887710356651831844e-02 -7.669571090030927185e-02 -9.953146510577000061e-01
-5.941166023418655018e-02 -7.648316967878866779e-02 -9.952992411275617402e-01
-5.994469447521463823e-02 -7.626877665292221276e-02 -9.952837320669601917e-01
-6.047619338192283117e-02 -7.605253738655928797e-02 -9.952681254798099175e-01
-6.100614408812983502e-02 -7.583445748825949628e-02 -9.952524229791935850e-01
-6.153453376946414061e-02 -7.561454261112371400e-02 -9.952366261872001019e-01
-6.206134964367371332e-02 -7.539279845262396307e-02 -9.952207367347621902e-01
-6.258657897093405920e-02 -7.516923075443229796e-02 -9.952047562614925180e-01
-6.311020905415466731e-02 -7.494384530224859620e-02 -9.951886864155198298e-01
-6.363222723928375901e-02 -7.471664792562733581e-02 -9.951725288533239677e-01
-6.415262091561144131e-02 -7.448764449780338748e-02 -9.951562852395698933e-01
-6.467137751607114626e-02 -7.425684093551668252e-02 -9.951399572469413757e-01
-6.518848451753943285e-02 -7.402424319883597892e-02 -9.951235465559735704e-01
-6.570392944113413736e-02 -7.378985729098155866e-02 -9.951070548548851535e-01
-6.621769985251078905e-02 -7.355368925814698144e-02 -9.950904838394097895e-01
-6.672978336215737438e-02 -7.331574518931985307e-02 -9.950738352126267117e-01
-6.724016762568740813e-02 -7.307603121610162233e-02 -9.950571106847907465e-01
-6.774884034413132528e-02 -7.283455351252639265e-02 -9.950403119731616730e-01
-6.825578926422613824e-02 -7.259131829487885934e-02 -9.950234408018332477e-01
-6.876100217870342868e-02 -7.234633182151126163e-02 -9.950064989015608985e-01
-6.926446692657554915e-02 -7.209960039265940479e-02 -9.949894880095897509e-01
-6.976617139342024265e-02 -7.185113035025780803e-02 -9.949724098694813224e-01
-7.026610351166338864e-02 -7.160092807775392254e-02 -9.949552662309402162e-01
-7.076425126086016704e-02 -7.134899999992144748e-02 -9.949380588496397060e-01
-7.126060266797439036e-02 -7.109535258267278557e-02 -9.949207894870476521e-01
-7.175514580765614270e-02 -7.083999233287062436e-02 -9.949034599102508647e-01
-7.224786880251765631e-02 -7.058292579813864320e-02 -9.948860718917796886e-01
-7.273875982340752278e-02 -7.032415956667138757e-02 -9.948686272094322547e-01
-7.322780708968305852e-02 -7.006370026704328291e-02 -9.948511276460976216e-01
-7.371499886948097713e-02 -6.980155456801681590e-02 -9.948335749895789171e-01
-7.420032347998632705e-02 -6.953772917834992462e-02 -9.948159710324161464e-01
-7.468376928769962508e-02 -6.927223084660254215e-02 -9.947983175717083348e-01
-7.516532470870225524e-02 -6.900506636094237700e-02 -9.947806164089354475e-01
-7.564497820892013280e-02 -6.873624254894986074e-02 -9.947628693497801988e-01
-7.612271830438556430e-02 -6.846576627742238796e-02 -9.947450782039487516e-01
-7.659853356149735892e-02 -6.819364445217769577e-02 -9.947272447849919708e-01
-7.707241259727917737e-02 -6.791988401785654939e-02 -9.947093709101259007e-01
-7.754434407963610443e-02 -6.764449195772466450e-02 -9.946914584000521309e-01
-7.801431672760944513e-02 -6.736747529347386632e-02 -9.946735090787777178e-01
-7.848231931162977237e-02 -6.708884108502255472e-02 -9.946555247734349958e-01
-7.894834065376817034e-02 -6.680859643031546169e-02 -9.946375073141011658e-01
-7.941236962798567389e-02 -6.652674846512264539e-02 -9.946194585336176619e-01
-7.987439516038101484e-02 -6.624330436283783208e-02 -9.946013802674091853e-01
-8.033440622943650855e-02 -6.595827133427605016e-02 -9.945832743533028486e-01
-8.079239186626219205e-02 -6.567165662747059818e-02 -9.945651426313466548e-01
-8.124834115483817176e-02 -6.538346752746934665e-02 -9.945469869436285304e-01
-8.170224323225518115e-02 -6.509371135613035986e-02 -9.945288091340945824e-01
-8.215408728895338963e-02 -6.480239547191687932e-02 -9.945106110483677986e-01
-8.260386256895939361e-02 -6.450952726969172435e-02 -9.944923945335663040e-01
-8.305155837012140330e-02 -6.421511418051094322e-02 -9.944741614381215067e-01
-8.349716404434269490e-02 -6.391916367141695088e-02 -9.944559136115964648e-01
-8.394066899781325863e-02 -6.362168324523104213e-02 -9.944376529045040325e-01
-8.438206269123961489e-02 -6.332268044034526644e-02 -9.944193811681251161e-01
-8.482133464007292345e-02 -6.302216283051371992e-02 -9.944011002543268196e-01
-8.525847441473524690e-02 -6.272013802464328214e-02 -9.943828120153807015e-01
-8.569347164084407942e-02 -6.241661366658378396e-02 -9.943645183037808088e-01
-8.612631599943500194e-02 -6.211159743491757868e-02 -9.943462209720623779e-01
-8.655699722718268596e-02 -6.180509704274859267e-02 -9.943279218726198687e-01
-8.698550511661999607e-02 -6.149712023749082102e-02 -9.943096228575254436e-01
-8.741182951635534382e-02 -6.118767480065630260e-02 -9.942913257783478898e-01
-8.783596033128830693e-02 -6.087676854764254714e-02 -9.942730324859709867e-01
-8.825788752282341665e-02 -6.056440932751946254e-02 -9.942547448304124291e-01
-8.867760110908219640e-02 -6.025060502281578967e-02 -9.942364646606429712e-01
-8.909509116511336868e-02 -5.993536354930501658e-02 -9.942181938244054606e-01
-8.951034782310136884e-02 -5.961869285579080718e-02 -9.941999341680345381e-01
-8.992336127257302691e-02 -5.930060092389197179e-02 -9.941816875362757822e-01
-9.033412176060247323e-02 -5.898109576782695901e-02 -9.941634557721059640e-01
-9.074261959201433692e-02 -5.866018543419787568e-02 -9.941452407165529692e-01
-9.114884512958507101e-02 -5.833787800177406280e-02 -9.941270442085161640e-01
-9.155278879424261218e-02 -5.801418158127523428e-02 -9.941088680845872050e-01
-9.195444106526422245e-02 -5.768910431515416465e-02 -9.940907141788707380e-01
-9.235379248047256850e-02 -5.736265437737897432e-02 -9.940725843228058745e-01
-9.275083363643008005e-02 -5.703483997321498467e-02 -9.940544803449876676e-01
-9.314555518863147643e-02 -5.670566933900614975e-02 -9.940364040709891436e-01
-9.353794785169462778e-02 -5.637515074195611348e-02 -9.940183573231838876e-01
-9.392800239954959829e-02 -5.604329247990886415e-02 -9.940003419205682977e-01
-9.431570966562598246e-02 -5.571010288112900055e-02 -9.939823596785850590e-01
-9.470106054303843723e-02 -5.537559030408162331e-02 -9.939644124089466182e-01
-9.508404598477056269e-02 -5.503976313721186536e-02 -9.939465019194592132e-01
-9.546465700385693698e-02 -5.470262979872406173e-02 -9.939286300138472363e-01
-9.584288467356348595e-02 -5.436419873636055833e-02 -9.939107984915782623e-01
-9.621872012756613191e-02 -5.402447842718018090e-02 -9.938930091476884110e-01
-9.659215456012762435e-02 -5.368347737733639158e-02 -9.938752637726083750e-01
-9.696317922627273322e-02 -5.334120412185506394e-02 -9.938575641519896697e-01
-9.733178544196166571e-02 -5.299766722441200811e-02 -9.938399120665319941e-01
-9.769796458426180386e-02 -5.265287527711010745e-02 -9.938223092918102575e-01
-9.806170809151769363e-02 -5.230683690025622612e-02 -9.938047575981031612e-01
-9.842300746351932694e-02 -5.195956074213775588e-02 -9.937872587502217803e-01
-9.878185426166873062e-02 -5.161105547879889927e-02 -9.937698145073388112e-01
-9.913824010914483453e-02 -5.126132981381668202e-02 -9.937524266228183745e-01
-9.949215669106664661e-02 -5.091039247807667423e-02 -9.937350968440469279e-01
-9.984359575465476255e-02 -5.055825222954844073e-02 -9.937178269122642904e-01
-1.001925491093910991e-01 -5.020491785306072791e-02 -9.937006185623956656e-01
-1.005390086271770317e-01 -4.985039816007642149e-02 -9.936834735228838866e-01
-1.008829662424898244e-01 -4.949470198846721986e-02 -9.936663935155232164e-01
-1.012244139525373121e-01 -4.913783820228809218e-02 -9.936493802552930354e-01
-1.015633438174110281e-01 -4.877981569155150771e-02 -9.936324354501925304e-01
-1.018997479602375550e-01 -4.842064337200140817e-02 -9.936155608010763807e-01
-1.022336185673282660e-01 -4.806033018488698599e-02 -9.935987580014908893e-01
-1.025649478883273874e-01 -4.769888509673624044e-02 -9.935820287375110027e-01
-1.028937282363584504e-01 -4.733631709912931862e-02 -9.935653746875782177e-01
-1.032199519881689814e-01 -4.697263520847167612e-02 -9.935487975223391555e-01
-1.035436115842736648e-01 -4.660784846576702251e-02 -9.935322989044850228e-01
-1.038646995290958275e-01 -4.624196593639007258e-02 -9.935158804885917405e-01
-1.041832083911072154e-01 -4.587499670985915184e-02 -9.934995439209615142e-01
-1.044991308029662724e-01 -4.550694989960857306e-02 -9.934832908394642947e-01
-1.048124594616546557e-01 -4.513783464276090174e-02 -9.934671228733812365e-01
-1.051231871286122388e-01 -4.476766009989899264e-02 -9.934510416432480451e-01
-1.054313066298704221e-01 -4.439643545483792225e-02 -9.934350487606998792e-01
-1.057368108561838743e-01 -4.402416991439674077e-02 -9.934191458283170295e-01
-1.060396927631606645e-01 -4.365087270817007842e-02 -9.934033344394714860e-01
-1.063399453713907428e-01 -4.327655308829961994e-02 -9.933876161781742820e-01
-1.066375617665729358e-01 -4.290122032924541251e-02 -9.933719926189241711e-01
-1.069325350996402080e-01 -4.252488372755710427e-02 -9.933564653265571920e-01
-1.072248585868834786e-01 -4.214755260164498168e-02 -9.933410358560968989e-01
-1.075145255100737329e-01 -4.176923629155095130e-02 -9.933257057526061473e-01
-1.078015292165826616e-01 -4.138994415871935506e-02 -9.933104765510393230e-01
-1.080858631195016628e-01 -4.100968558576770923e-02 -9.932953497760960149e-01
-1.083675206977593314e-01 -4.062846997625732537e-02 -9.932803269420756864e-01
-1.086464954962373247e-01 -4.024630675446383421e-02 -9.932654095527333471e-01
-1.089227811258847572e-01 -3.986320536514760537e-02 -9.932505991011361113e-01
-1.091963712638309714e-01 -3.947917527332407694e-02 -9.932358970695212008e-01
-1.094672596534968234e-01 -3.909422596403401562e-02 -9.932213049291549467e-01
-1.097354401047043876e-01 -3.870836694211367973e-02 -9.932068241401926789e-01
-1.100009064937851888e-01 -3.832160773196489900e-02 -9.931924561515399486e-01
-1.102636527636868119e-01 -3.793395787732509183e-02 -9.931782024007150822e-01
-1.105236729240781368e-01 -3.754542694103723405e-02 -9.931640643137122915e-01
-1.107809610514528809e-01 -3.715602450481970270e-02 -9.931500433048665588e-01
-1.110355112892317947e-01 -3.676576016903613381e-02 -9.931361407767195226e-01
-1.112873178478632485e-01 -3.637464355246516207e-02 -9.931223581198862504e-01
-1.115363750049223751e-01 -3.598268429207014674e-02 -9.931086967129237886e-01
-1.117826771052086998e-01 -3.558989204276883506e-02 -9.930951579222002668e-01
-1.120262185608422723e-01 -3.519627647720297708e-02 -9.930817431017657793e-01
-1.122669938513583682e-01 -3.480184728550791279e-02 -9.930684535932242651e-01
-1.125049975238006372e-01 -3.440661417508211056e-02 -9.930552907256064987e-01
-1.127402241928128351e-01 -3.401058687035667799e-02 -9.930422558152448564e-01
-1.129726685407290848e-01 -3.361377511256483097e-02 -9.930293501656485278e-01
-1.132023253176626804e-01 -3.321618865951136285e-02 -9.930165750673808356e-01
-1.134291893415934060e-01 -3.281783728534204414e-02 -9.930039317979374447e-01
-1.136532554984534399e-01 -3.241873078031307087e-02 -9.929914216216259026e-01
-1.138745187422117860e-01 -3.201887895056041572e-02 -9.929790457894464017e-01
-1.140929740949573334e-01 -3.161829161786924164e-02 -9.929668055389742065e-01
-1.143086166469803738e-01 -3.121697861944323915e-02 -9.929547020942429691e-01
-1.145214415568527877e-01 -3.081494980767400180e-02 -9.929427366656299325e-01
-1.147314440515067868e-01 -3.041221504991038424e-02 -9.929309104497419103e-01
-1.149386194263122135e-01 -3.000878422822784303e-02 -9.929192246293029323e-01
-1.151429630451524383e-01 -2.960466723919780163e-02 -9.929076803730434442e-01
-1.153444703404988558e-01 -2.919987399365699815e-02 -9.928962788355906177e-01
-1.155431368134840209e-01 -2.879441441647685382e-02 -9.928850211573598816e-01
-1.157389580339732993e-01 -2.838829844633284499e-02 -9.928739084644485624e-01
-1.159319296406352146e-01 -2.798153603547388901e-02 -9.928629418685300800e-01
-1.161220473410103649e-01 -2.757413714949173353e-02 -9.928521224667502532e-01
-1.163093069115789802e-01 -2.716611176709037012e-02 -9.928414513416246034e-01
-1.164937041978270638e-01 -2.675746987985547568e-02 -9.928309295609374363e-01
-1.166752351143112432e-01 -2.634822149202384681e-02 -9.928205581776419208e-01
-1.168538956447221777e-01 -2.593837662025288635e-02 -9.928103382297622792e-01
-1.170296818419466339e-01 -2.552794529339009327e-02 -9.928002707402969751e-01
-1.172025898281282424e-01 -2.511693755224259084e-02 -9.927903567171231236e-01
-1.173726157947268256e-01 -2.470536344934668241e-02 -9.927805971529032325e-01
-1.175397560025764621e-01 -2.429323304873742470e-02 -9.927709930249928316e-01
-1.177040067819421637e-01 -2.388055642571824955e-02 -9.927615452953494346e-01
-1.178653645325752203e-01 -2.346734366663061344e-02 -9.927522549104438321e-01
-1.180238257237672256e-01 -2.305360486862367830e-02 -9.927431228011717179e-01
-1.181793868944027714e-01 -2.263935013942403734e-02 -9.927341498827682020e-01
-1.183320446530108233e-01 -2.222458959710546869e-02 -9.927253370547226563e-01
-1.184817956778147635e-01 -2.180933336985874105e-02 -9.927166852006957809e-01
-1.186286367167811301e-01 -2.139359159576145752e-02 -9.927081951884380029e-01
-1.187725645876670649e-01 -2.097737442254793416e-02 -9.926998678697095402e-01
-1.189135761780664435e-01 -2.056069200737913050e-02 -9.926917040802016867e-01
-1.190516684454546725e-01 -2.014355451661262869e-02 -9.926837046394604291e-01
-1.191868384172322382e-01 -1.972597212557265431e-02 -9.926758703508105075e-01
-1.193190831907669641e-01 -1.930795501832014566e-02 -9.926682020012823626e-01
-1.194483999334349372e-01 -1.888951338742286476e-02 -9.926607003615393054e-01
-1.195747858826601839e-01 -1.847065743372558119e-02 -9.926533661858075730e-01
-1.196982383459530425e-01 -1.805139736612028020e-02 -9.926462002118069394e-01
-1.198187547009472997e-01 -1.763174340131644022e-02 -9.926392031606836586e-01
-1.199363323954360100e-01 -1.721170576361135893e-02 -9.926323757369446277e-01
-1.200509689474060782e-01 -1.679129468466052794e-02 -9.926257186283932166e-01
-1.201626619450715666e-01 -1.637052040324807681e-02 -9.926192325060669841e-01
-1.202714090469057112e-01 -1.594939316505724833e-02 -9.926129180241763938e-01
-1.203772079816717439e-01 -1.552792322244095531e-02 -9.926067758200460833e-01
-1.204800565484523966e-01 -1.510612083419238250e-02 -9.926008065140569103e-01
-1.205799526166781988e-01 -1.468399626531564396e-02 -9.925950107095902197e-01
-1.206768941261545103e-01 -1.426155978679650299e-02 -9.925893889929733316e-01
-1.207708790870872934e-01 -1.383882167537314918e-02 -9.925839419334270275e-01
-1.208619055801076897e-01 -1.341579221330703453e-02 -9.925786700830145914e-01
-1.209499717562952936e-01 -1.299248168815377372e-02 -9.925735739765922938e-01
-1.210350758372002594e-01 -1.256890039253409641e-02 -9.925686541317617628e-01
-1.211172161148641180e-01 -1.214505862390486551e-02 -9.925639110488242434e-01
-1.211963909518394139e-01 -1.172096668433015958e-02 -9.925593452107358550e-01
-1.212725987812080519e-01 -1.129663488025240727e-02 -9.925549570830651813e-01
-1.213458381065984915e-01 -1.087207352226359294e-02 -9.925507471139520810e-01
-1.214161075022016922e-01 -1.044729292487651777e-02 -9.925467157340687185e-01
-1.214834056127857970e-01 -1.002230340629612672e-02 -9.925428633565817060e-01
-1.215477311537096761e-01 -9.597115288190896307e-03 -9.925391903771161317e-01
-1.216090829109352095e-01 -9.171738895464284780e-03 -9.925356971737213652e-01
-1.216674597410383335e-01 -8.746184556026249945e-03 -9.925323841068386388e-01
-1.217228605712189632e-01 -8.320462600564819053e-03 -9.925292515192700726e-01
-1.217752843993096107e-01 -7.894583362317733263e-03 -9.925262997361494755e-01
-1.218247302937828513e-01 -7.468557176844151102e-03 -9.925235290649151443e-01
-1.218711973937575965e-01 -7.042394381796411758e-03 -9.925209397952836632e-01
-1.219146849090041035e-01 -6.616105316691866904e-03 -9.925185321992263665e-01
-1.219551921199478889e-01 -6.189700322684772368e-03 -9.925163065309465793e-01
-1.219927183776723101e-01 -5.763189742338244853e-03 -9.925142630268593003e-01
-1.220272631039200778e-01 -5.336583919396281975e-03 -9.925124019055721059e-01
-1.220588257910934782e-01 -4.909893198555847355e-03 -9.925107233678678309e-01
-1.220874060022534568e-01 -4.483127925239012088e-03 -9.925092275966893585e-01
-1.221130033711174956e-01 -4.056298445365169938e-03 -9.925079147571255200e-01
-1.221356176020562956e-01 -3.629415105123307179e-03 -9.925067849963993272e-01
-1.221552484700892532e-01 -3.202488250744340084e-03 -9.925058384438574244e-01
-1.221718958208787981e-01 -2.775528228273513136e-03 -9.925050752109614294e-01
-1.221855595707234676e-01 -2.348545383342863588e-03 -9.925044953912810497e-01
-1.221962397065498585e-01 -1.921550060943744143e-03 -9.925040990604887536e-01
-1.222039362859033557e-01 -1.494552605199413273e-03 -9.925038862763565506e-01
-1.222086494369377246e-01 -1.067563359137684974e-03 -9.925038570787539927e-01
-1.222103793584034398e-01 -6.405926644636429027e-04 -9.925040114896479526e-01
-1.222091263196348893e-01 -2.136508613324161060e-04 -9.925043495131046223e-01
-1.222048906605363860e-01 2.132517118779823657e-04 -9.925048711352926212e-01
-1.221976727915669719e-01 6.401047187937546155e-04 -9.925055763244881035e-01
-1.221874731937240555e-01 1.066897825272355039e-03 -9.925064650310816416e-01
-1.221742924185258705e-01 1.493620699629464796e-03 -9.925075371875865526e-01
-1.221581310879927551e-01 1.920263012865904917e-03 -9.925087927086493345e-01
-1.221389898946272229e-01 2.346814438894487612e-03 -9.925102314910613233e-01
-1.221168696013928551e-01 2.773264654766805556e-03 -9.925118534137724602e-01
-1.220917710416920543e-01 3.199603340899958952e-03 -9.925136583379066124e-01
-1.220636951193425496e-01 3.625820181303221219e-03 -9.925156461067784486e-01
-1.220326428085527631e-01 4.051904863804643535e-03 -9.925178165459125346e-01
-1.219986151538959562e-01 4.477847080277598014e-03 -9.925201694630634286e-01
-1.219616132702832645e-01 4.903636526867259302e-03 -9.925227046482378856e-01
-1.219216383429354150e-01 5.329262904217021979e-03 -9.925254218737187273e-01
-1.218786916273534165e-01 5.754715917694863334e-03 -9.925283208940903767e-01
-1.218327744492879172e-01 6.179985277619635432e-03 -9.925314014462659484e-01
-1.217838882047074800e-01 6.605060699487305155e-03 -9.925346632495163357e-01
-1.217320343597656229e-01 7.029931904197125707e-03 -9.925381060055007421e-01
-1.216772144507666520e-01 7.454588618277749150e-03 -9.925417293982988776e-01
-1.216194300841303561e-01 7.879020574113278219e-03 -9.925455330944448207e-01
-1.215586829363554666e-01 8.303217510169257423e-03 -9.925495167429628784e-01
-1.214949747539819380e-01 8.727169171218596491e-03 -9.925536799754046680e-01
-1.214283073535520202e-01 9.150865308567440043e-03 -9.925580224058881962e-01
-1.213586826215701520e-01 9.574295680280968737e-03 -9.925625436311383831e-01
-1.212861025144616745e-01 9.997450051409138838e-03 -9.925672432305294723e-01
-1.212105690585302958e-01 1.042031819421236627e-02 -9.925721207661288847e-01
-1.211320843499143762e-01 1.084288988838713781e-02 -9.925771757827427377e-01
-1.210506505545420330e-01 1.126515492129156679e-02 -9.925824078079632518e-01
-1.209662699080850112e-01 1.168710308817087762e-02 -9.925878163522174891e-01
-1.208789447159113462e-01 1.210872419238284009e-02 -9.925934009088178689e-01
-1.207886773530368607e-01 1.253000804562312553e-02 -9.925991609540144589e-01
-1.206954702640753996e-01 1.295094446815060404e-02 -9.926050959470485990e-01
-1.205993259631878561e-01 1.337152328901257924e-02 -9.926112053302085236e-01
-1.205002470340300336e-01 1.379173434626995362e-02 -9.926174885288859828e-01
-1.203982361296992154e-01 1.421156748722233153e-02 -9.926239449516351954e-01
-1.202932959726795842e-01 1.463101256863305437e-02 -9.926305739902330227e-01
-1.201854293547863772e-01 1.505005945695416653e-02 -9.926373750197408086e-01
-1.200746391371088073e-01 1.546869802855131704e-02 -9.926443473985677723e-01
-1.199609282499518176e-01 1.588691816992859190e-02 -9.926514904685359575e-01
-1.198442996927765319e-01 1.630470977795327875e-02 -9.926588035549470668e-01
-1.197247565341395259e-01 1.672206276008055340e-02 -9.926662859666502969e-01
-1.196023019116308067e-01 1.713896703457810922e-02 -9.926739369961122827e-01
-1.194769390318106417e-01 1.755541253075071015e-02 -9.926817559194885954e-01
-1.193486711701450403e-01 1.797138918916466044e-02 -9.926897419966962399e-01
-1.192175016709400986e-01 1.838688696187221888e-02 -9.926978944714882624e-01
-1.190834339472749692e-01 1.880189581263593326e-02 -9.927062125715298002e-01
-1.189464714809337353e-01 1.921640571715288459e-02 -9.927146955084753532e-01
-1.188066178223358832e-01 1.963040666327887582e-02 -9.927233424780479432e-01
-1.186638765904656084e-01 2.004388865125253730e-02 -9.927321526601196044e-01
-1.185182514727998460e-01 2.045684169391934204e-02 -9.927411252187935409e-01
-1.183697462252350091e-01 2.086925581695556198e-02 -9.927502593024876143e-01
-1.182183646720124937e-01 2.128112105909212015e-02 -9.927595540440192767e-01
-1.180641107056428635e-01 2.169242747233837351e-02 -9.927690085606922787e-01
-1.179069882868288427e-01 2.210316512220581939e-02 -9.927786219543847102e-01
-1.177470014443869478e-01 2.251332408793169440e-02 -9.927883933116384840e-01
-1.175841542751678848e-01 2.292289446270250747e-02 -9.927983217037501529e-01
-1.174184509439756413e-01 2.333186635387747218e-02 -9.928084061868633903e-01
-1.172498956834853029e-01 2.374022988321185940e-02 -9.928186458020630267e-01
-1.170784927941595915e-01 2.414797518708023880e-02 -9.928290395754701958e-01
-1.169042466441640449e-01 2.455509241669965800e-02 -9.928395865183391455e-01
-1.167271616692809877e-01 2.496157173835269680e-02 -9.928502856271552712e-01
-1.165472423728221019e-01 2.536740333361044153e-02 -9.928611358837348133e-01
-1.163644933255397612e-01 2.577257739955534852e-02 -9.928721362553257768e-01
-1.161789191655370479e-01 2.617708414900402070e-02 -9.928832856947102936e-01
-1.159905245981763949e-01 2.658091381072986634e-02 -9.928945831403084288e-01
-1.157993143959869797e-01 2.698405662968567098e-02 -9.929060275162830962e-01
-1.156052933985707437e-01 2.738650286722603758e-02 -9.929176177326468622e-01
-1.154084665125071074e-01 2.778824280132973987e-02 -9.929293526853695262e-01
-1.152088387112563395e-01 2.818926672682195433e-02 -9.929412312564873666e-01
-1.150064150350616210e-01 2.858956495559637073e-02 -9.929532523142137190e-01
-1.148012005908497224e-01 2.898912781683719853e-02 -9.929654147130505537e-01
-1.145932005521303615e-01 2.938794565724104843e-02 -9.929777172939020513e-01
-1.143824201588942158e-01 2.978600884123869252e-02 -9.929901588841887339e-01
-1.141688647175095606e-01 3.018330775121669945e-02 -9.930027382979632611e-01
-1.139525396006175750e-01 3.057983278773894129e-02 -9.930154543360274477e-01
-1.137334502470262743e-01 3.097557436976797543e-02 -9.930283057860505025e-01
-1.135116021616030535e-01 3.137052293488628435e-02 -9.930412914226889320e-01
-1.132870009151659002e-01 3.176466893951739034e-02 -9.930544100077066672e-01
-1.130596521443732044e-01 3.215800285914682810e-02 -9.930676602900978533e-01
-1.128295615516122091e-01 3.255051518854297499e-02 -9.930810410062094196e-01
-1.125967349048860450e-01 3.294219644197772523e-02 -9.930945508798658672e-01
-1.123611780376993913e-01 3.333303715344703572e-02 -9.931081886224950583e-01
-1.121228968489427769e-01 3.372302787689131220e-02 -9.931219529332547813e-01
-1.118818973027754238e-01 3.411215918641562900e-02 -9.931358424991609812e-01
-1.116381854285067310e-01 3.450042167650981678e-02 -9.931498559952169902e-01
-1.113917673204763287e-01 3.488780596226835617e-02 -9.931639920845435343e-01
-1.111426491379327725e-01 3.527430267961013249e-02 -9.931782494185106280e-01
-1.108908371049107111e-01 3.565990248549801012e-02 -9.931926266368699130e-01
-1.106363375101067775e-01 3.604459605815823336e-02 -9.932071223678886618e-01
-1.103791567067539253e-01 3.642837409729966086e-02 -9.932217352284844480e-01
-1.101193011124944332e-01 3.681122732433279171e-02 -9.932364638243609267e-01
-1.098567772092514105e-01 3.719314648258865291e-02 -9.932513067501451687e-01
-1.095915915430989152e-01 3.757412233753745778e-02 -9.932662625895254394e-01
-1.093237507241305723e-01 3.795414567700709091e-02 -9.932813299153905318e-01
-1.090532614263268196e-01 3.833320731140138493e-02 -9.932965072899697656e-01
-1.087801303874206260e-01 3.871129807391822386e-02 -9.933117932649743187e-01
-1.085043644087617942e-01 3.908840882076739659e-02 -9.933271863817393355e-01
-1.082259703551798347e-01 3.946453043138828387e-02 -9.933426851713670347e-01
-1.079449551548452985e-01 3.983965380866730244e-02 -9.933582881548712606e-01
-1.076613257991296813e-01 4.021376987915514095e-02 -9.933739938433221450e-01
-1.073750893424638975e-01 4.058686959328378085e-02 -9.933898007379926565e-01
-1.070862529021952003e-01 4.095894392558328129e-02 -9.934057073305052610e-01
-1.067948236584426586e-01 4.132998387489831421e-02 -9.934217121029802477e-01
-1.065008088539511483e-01 4.169998046460448443e-02 -9.934378135281844990e-01
-1.062042157939438597e-01 4.206892474282442063e-02 -9.934540100696813703e-01
-1.059050518459732915e-01 4.243680778264356801e-02 -9.934703001819811252e-01
-1.056033244397707599e-01 4.280362068232577283e-02 -9.934866823106928146e-01
-1.052990410670943955e-01 4.316935456552860317e-02 -9.935031548926765987e-01
-1.049922092815756408e-01 4.353400058151838531e-02 -9.935197163561970690e-01
-1.046828366985642356e-01 4.389754990538499019e-02 -9.935363651210772362e-01
-1.043709309949717029e-01 4.425999373825632854e-02 -9.935530995988535174e-01
-1.040564999091132953e-01 4.462132330751260312e-02 -9.935699181929315005e-01
-1.037395512405483999e-01 4.498152986700022782e-02 -9.935868192987423742e-01
-1.034200928499194733e-01 4.534060469724548320e-02 -9.936038013039002470e-01
-1.030981326587893931e-01 4.569853910566788052e-02 -9.936208625883602430e-01
-1.027736786494773125e-01 4.605532442679320659e-02 -9.936380015245772634e-01
-1.024467388648929583e-01 4.641095202246627721e-02 -9.936552164776654150e-01
-1.021173214083694047e-01 4.676541328206335751e-02 -9.936725058055583260e-01
-1.017854344434942493e-01 4.711869962270427703e-02 -9.936898678591700174e-01
-1.014510861939393049e-01 4.747080248946421860e-02 -9.937073009825563297e-01
-1.011142849432887375e-01 4.782171335558517422e-02 -9.937248035130775703e-01
-1.007750390348655933e-01 4.817142372268704009e-02 -9.937423737815611613e-01
-1.004333568715567865e-01 4.851992512097842020e-02 -9.937600101124651752e-01
-1.000892469156365872e-01 4.886720910946700663e-02 -9.937777108240426482e-01
-9.974271768858845866e-02 4.921326727616967545e-02 -9.937954742285061149e-01
-9.939377777092536781e-02 4.955809123832215918e-02 -9.938132986321932538e-01
-9.904243580200849939e-02 4.990167264258839330e-02 -9.938311823357326436e-01
-9.868870047986447180e-02 5.024400316526944632e-02 -9.938491236342102964e-01
-9.833258056100083189e-02 5.058507451251210291e-02 -9.938671208173365246e-01
-9.797408486022013419e-02 5.092487842051703073e-02 -9.938851721696136954e-01
-9.761322225043231327e-02 5.126340665574655869e-02 -9.939032759705043185e-01
-9.725000166246550171e-02 5.160065101513204577e-02 -9.939214304945993561e-01
-9.688443208487532154e-02 5.193660332628084741e-02 -9.939396340117874207e-01
-9.651652256375246874e-02 5.227125544768285864e-02 -9.939578847874241951e-01
-9.614628220252881274e-02 5.260459926891663390e-02 -9.939761810825024080e-01
-9.577372016178185843e-02 5.293662671085506283e-02 -9.939945211538220304e-01
-9.539884565903755664e-02 5.326732972587061576e-02 -9.940129032541612508e-01
-9.502166796857160203e-02 5.359670029804015218e-02 -9.940313256324475599e-01
-9.464219642120910714e-02 5.392473044334924331e-02 -9.940497865339291694e-01
-9.426044040412258351e-02 5.425141220989605773e-02 -9.940682842003470965e-01
-9.387640936062845165e-02 5.457673767809478882e-02 -9.940868168701071372e-01
-9.349011278998184404e-02 5.490069896087855505e-02 -9.941053827784526176e-01
-9.310156024716981227e-02 5.522328820390186993e-02 -9.941239801576371438e-01
-9.271076134270296587e-02 5.554449758574259155e-02 -9.941426072370980194e-01
-9.231772574240547369e-02 5.586431931810337259e-02 -9.941612622436294400e-01
-9.192246316720339983e-02 5.618274564601260374e-02 -9.941799434015562431e-01
-9.152498339291149920e-02 5.649976884802484361e-02 -9.941986489329078802e-01
-9.112529625001834777e-02 5.681538123642072835e-02 -9.942173770575927216e-01
-9.072341162346989063e-02 5.712957515740633985e-02 -9.942361259935720286e-01
-9.031933945245131101e-02 5.744234299131203286e-02 -9.942548939570351463e-01
-8.991308973016734485e-02 5.775367715279072778e-02 -9.942736791625735870e-01
-8.950467250362090232e-02 5.806357009101564132e-02 -9.942924798233565564e-01
-8.909409787339014897e-02 5.837201428987743440e-02 -9.943112941513055913e-01
-8.868137599340387978e-02 5.867900226818081877e-02 -9.943301203572698643e-01
-8.826651707071532516e-02 5.898452657984054603e-02 -9.943489566512015987e-01
-8.784953136527430539e-02 5.928857981407684857e-02 -9.943678012423310397e-01
-8.743042918969778921e-02 5.959115459561024203e-02 -9.943866523393424250e-01
-8.700922090903878692e-02 5.989224358485575883e-02 -9.944055081505490667e-01
-8.658591694055363386e-02 6.019183947811652946e-02 -9.944243668840692107e-01
-8.616052775346766390e-02 6.048993500777676696e-02 -9.944432267480014520e-01
-8.573306386873924545e-02 6.078652294249411309e-02 -9.944620859506001498e-01
-8.530353585882219369e-02 6.108159608739134605e-02 -9.944809427004513980e-01
-8.487195434742654532e-02 6.137514728424741522e-02 -9.944997952066479963e-01
-8.443833000927773724e-02 6.166716941168786520e-02 -9.945186416789654205e-01
-8.400267356987413392e-02 6.195765538537453820e-02 -9.945374803280371268e-01
-8.356499580524297255e-02 6.224659815819464509e-02 -9.945563093655295228e-01
-8.312530754169464298e-02 6.253399072044912854e-02 -9.945751270043178272e-01
-8.268361965557533000e-02 6.281982610004036016e-02 -9.945939314586605962e-01
-8.223994307301814299e-02 6.310409736265905345e-02 -9.946127209443750283e-01
-8.179428876969248308e-02 6.338679761197060780e-02 -9.946314936790118244e-01
-8.134666777055192532e-02 6.366791998980059208e-02 -9.946502478820297144e-01
-8.089709114958039404e-02 6.394745767631956901e-02 -9.946689817749699847e-01
-8.044557002953676983e-02 6.422540389022719787e-02 -9.946876935816307830e-01
-7.999211558169784519e-02 6.450175188893553235e-02 -9.947063815282413124e-01
-7.953673902559975362e-02 6.477649496875159674e-02 -9.947250438436352482e-01
-7.907945162877770551e-02 6.504962646505921264e-02 -9.947436787594248209e-01
-7.862026470650415599e-02 6.532113975249999316e-02 -9.947622845101736777e-01
-7.815918962152534899e-02 6.559102824515362917e-02 -9.947808593335702998e-01
-7.769623778379632084e-02 6.585928539671732918e-02 -9.947994014706003085e-01
-7.723142065021421088e-02 6.612590470068446802e-02 -9.948179091657192163e-01
-7.676474972435010091e-02 6.639087969052244464e-02 -9.948363806670242893e-01
-7.629623655617912004e-02 6.665420393984966552e-02 -9.948548142264261873e-01
-7.582589274180907835e-02 6.691587106261176476e-02 -9.948732080998203831e-01
-7.535372992320747698e-02 6.717587471325696391e-02 -9.948915605472580248e-01
-7.487975978792692222e-02 6.743420858691057118e-02 -9.949098698331166890e-01
-7.440399406882895750e-02 6.769086641954859263e-02 -9.949281342262700223e-01
-7.392644454380635499e-02 6.794584198817053833e-02 -9.949463520002577166e-01
-7.344712303550383903e-02 6.819912911097134045e-02 -9.949645214334548182e-01
-7.296604141103717189e-02 6.845072164751234145e-02 -9.949826408092400376e-01
-7.248321158171076861e-02 6.870061349889143576e-02 -9.950007084161643922e-01
-7.199864550273370190e-02 6.894879860791224002e-02 -9.950187225481186282e-01
-7.151235517293415278e-02 6.919527095925247229e-02 -9.950366815045005309e-01
-7.102435263447236247e-02 6.944002457963124875e-02 -9.950545835903816805e-01
-7.053464997255196045e-02 6.968305353797560331e-02 -9.950724271166733192e-01
-7.004325931512982162e-02 6.992435194558593858e-02 -9.950902104002921078e-01
-6.955019283262436902e-02 7.016391395630060257e-02 -9.951079317643248823e-01
-6.905546273762230847e-02 7.040173376665948002e-02 -9.951255895381930783e-01
-6.855908128458393369e-02 7.063780561606659847e-02 -9.951431820578162668e-01
-6.806106076954678008e-02 7.087212378695180448e-02 -9.951607076657754680e-01
-6.756141352982791837e-02 7.110468260493138515e-02 -9.951781647114751328e-01
-6.706015194372459687e-02 7.133547643896773205e-02 -9.951955515513053463e-01
-6.655728843021349594e-02 7.156449970152799211e-02 -9.952128665488024772e-01
-6.605283544864842815e-02 7.179174684874169154e-02 -9.952301080748098272e-01
-6.554680549845656734e-02 7.201721238055734664e-02 -9.952472745076367255e-01
-6.503921111883317896e-02 7.224089084089803381e-02 -9.952643642332180685e-01
-6.453006488843489319e-02 7.246277681781591873e-02 -9.952813756452718597e-01
-6.401937942507154866e-02 7.268286494364570305e-02 -9.952983071454567510e-01
-6.350716738539648187e-02 7.290114989515705801e-02 -9.953151571435285838e-01
-6.299344146459541494e-02 7.311762639370593397e-02 -9.953319240574961535e-01
-6.247821439607394167e-02 7.333228920538481521e-02 -9.953486063137761963e-01
-6.196149895114348022e-02 7.354513314117192002e-02 -9.953652023473473776e-01
-6.144330793870585866e-02 7.375615305707919345e-02 -9.953817106019035021e-01
-6.092365420493645045e-02 7.396534385429931469e-02 -9.953981295300059484e-01
-6.040255063296592203e-02 7.417270047935151100e-02 -9.954144575932352135e-01
-5.988001014256051635e-02 7.437821792422624756e-02 -9.954306932623414594e-01
-5.935604568980099027e-02 7.458189122652880698e-02 -9.954468350173942826e-01
-5.883067026676012945e-02 7.478371546962171712e-02 -9.954628813479313720e-01
-5.830389690117889628e-02 7.498368578276601304e-02 -9.954788307531063918e-01
-5.777573865614119009e-02 7.518179734126134717e-02 -9.954946817418357519e-01
-5.724620862974724028e-02 7.537804536658489207e-02 -9.955104328329447139e-01
-5.671531995478564653e-02 7.557242512652911914e-02 -9.955260825553121640e-01
-5.618308579840407269e-02 7.576493193533835602e-02 -9.955416294480144979e-01
-5.564951936177860159e-02 7.595556115384412277e-02 -9.955570720604686175e-01
-5.511463387978174366e-02 7.614430818959931624e-02 -9.955724089525737064e-01
-5.457844262064914798e-02 7.633116849701110374e-02 -9.955876386948521173e-01
-5.404095888564498795e-02 7.651613757747267874e-02 -9.956027598685891489e-01
-5.350219600872604259e-02 7.669921097949369826e-02 -9.956177710659717128e-01
-5.296216735620450089e-02 7.688038429882952662e-02 -9.956326708902257794e-01
-5.242088632640946877e-02 7.705965317860921648e-02 -9.956474579557532678e-01
-5.187836634934721303e-02 7.723701330946225463e-02 -9.956621308882670496e-01
-5.133462088636014942e-02 7.741246042964394780e-02 -9.956766883249253963e-01
-5.078966342978456783e-02 7.758599032515968441e-02 -9.956911289144650956e-01
-5.024350750260712234e-02 7.775759882988773908e-02 -9.957054513173333454e-01
-4.969616665812010003e-02 7.792728182570095308e-02 -9.957196542058187605e-01
-4.914765447957546857e-02 7.809503524258697149e-02 -9.957337362641806022e-01
-4.859798457983770248e-02 7.826085505876725912e-02 -9.957476961887776756e-01
-4.804717060103543685e-02 7.842473730081474248e-02 -9.957615326881950057e-01
-4.749522621421192053e-02 7.858667804377017507e-02 -9.957752444833704031e-01
-4.694216511897430361e-02 7.874667341125714259e-02 -9.957888303077186976e-01
-4.638800104314175915e-02 7.890471957559572203e-02 -9.958022889072555284e-01
-4.583274774239246008e-02 7.906081275791480845e-02 -9.958156190407195796e-01
-4.527641899990941105e-02 7.921494922826306795e-02 -9.958288194796934834e-01
-4.471902862602517015e-02 7.936712530571853053e-02 -9.958418890087236131e-01
-4.416059045786543957e-02 7.951733735849682294e-02 -9.958548264254383220e-01
-4.360111835899156685e-02 7.966558180405799994e-02 -9.958676305406650719e-01
-4.304062621904194974e-02 7.981185510921200155e-02 -9.958803001785463405e-01
-4.247912795337237951e-02 7.995615379022270874e-02 -9.958928341766538628e-01
-4.191663750269530864e-02 8.009847441291059744e-02 -9.959052313861018746e-01
-4.135316883271805688e-02 8.023881359275399083e-02 -9.959174906716586895e-01
-4.078873593378001816e-02 8.037716799498886844e-02 -9.959296109118572771e-01
-4.022335282048879190e-02 8.051353433470730125e-02 -9.959415909991039539e-01
-3.965703353135535680e-02 8.064790937695440198e-02 -9.959534298397861862e-01
-3.908979212842820378e-02 8.078028993682385972e-02 -9.959651263543787270e-01
-3.852164269692650439e-02 8.091067287955204523e-02 -9.959766794775485321e-01
-3.795259934487231479e-02 8.103905512061061744e-02 -9.959880881582577894e-01
-3.738267620272180125e-02 8.116543362579772825e-02 -9.959993513598661696e-01
-3.681188742299554284e-02 8.128980541132771465e-02 -9.960104680602311911e-01
-3.624024717990790428e-02 8.141216754391937538e-02 -9.960214372518072512e-01
