5.444634836172070359e-08 -4.399334448743037613e-06 9.999999999903214087e-01
8.189100687098772226e-06 -2.901931289342571016e-04 9.999999578604422679e-01
4.472260436324899046e-05 -1.014723955587597043e-03 9.999994841674580970e-01
1.304382828217573876e-04 -2.175939017340059074e-03 9.999976241348010886e-01
2.859882747466285379e-04 -3.770799009921745309e-03 9.999928496172026948e-01
5.318461859797716119e-04 -5.795282675928555005e-03 9.999830657757862173e-01
8.882594644423211575e-04 -8.244392487234901423e-03 9.999656199028243986e-01
1.375201395103353404e-03 -1.111216156970297464e-02 9.999373123783168449e-01
2.012322633672159865e-03 -1.439166201154354514e-02 9.998944097364298456e-01
2.818902221301869491e-03 -1.807501472127739581e-02 9.998326598151774380e-01
3.813798049853621853e-03 -2.215340102252347579e-02 9.997473089574036020e-01
5.015396777793394885e-03 -2.661707619032293096e-02 9.996331212251021725e-01
6.441563230132396622e-03 -3.145538514695529753e-02 9.994843995823092797e-01
8.109589351475066446e-03 -3.665678054381684564e-02 9.992950089941975422e-01
1.003614281865016812e-02 -4.220884345956199546e-02 9.990584013815861919e-01
1.223721545796331578e-02 -4.809830694306790888e-02 9.987676423608480292e-01
1.472807165116926664e-02 -5.431108262264502246e-02 9.984154396892086503e-01
1.752319695312440709e-02 -6.083229059013483403e-02 9.979941733247249536e-01
2.063624718201450409e-02 -6.764629275004398201e-02 9.974959269989127630e-01
2.407999827930605227e-02 -7.473672979968570829e-02 9.969125211881531001e-01
2.786629727037230608e-02 -8.208656197655928022e-02 9.962355473578075049e-01
3.200601468732745120e-02 -8.967811367411977763e-02 9.954564033405427503e-01
3.650899884220491776e-02 -9.749312198700886556e-02 9.945663296979089241e-01
4.138403236050787470e-02 -1.055127892021755359e-01 9.935564469019189104e-01
4.663879140165316101e-02 -1.137178392036639202e-01 9.924177931614522885e-01
5.227980800329746353e-02 -1.220885777068469735e-01 9.911413627069864951e-01
5.831243599042722908e-02 -1.306049561832959838e-01 9.897181443366728226e-01
6.474082088695783110e-02 -1.392466392811531339e-01 9.881391600173495826e-01
7.156787425708026340e-02 -1.479930754887478495e-01 9.863955033259789174e-01
7.879525288549947548e-02 -1.568235707322720163e-01 9.844783775103939094e-01
8.642334317995026272e-02 -1.657173645426442965e-01 9.823791329434113928e-01
9.445125114602802296e-02 -1.746537083733349927e-01 9.800893037414499798e-01
1.028767982436614437e-01 -1.836119456009591977e-01 9.776006433180023381e-01
1.116965233868735807e-01 -1.925715926949480017e-01 9.749051586437657013e-01
1.209056912943749507e-01 -2.015124210025834584e-01 9.719951429890568706e-01
1.304983073387123438e-01 -2.104145385620831976e-01 9.688632069303939609e-01
1.404671389770096035e-01 -2.192584713300883836e-01 9.655023074118558313e-01
1.508037437777611234e-01 -2.280252431915783529e-01 9.619057746630097494e-01
1.614985039867715688e-01 -2.366964541104877584e-01 9.580673367887923009e-01
1.725406675023583858e-01 -2.452543557785656358e-01 9.539811418626130690e-01
1.839183950566006254e-01 -2.536819241285390159e-01 9.496417773720050581e-01
1.956188133270149176e-01 -2.619629280954854922e-01 9.450442868861677059e-01
2.076280736328625642e-01 -2.700819940373538897e-01 9.401841838365125881e-01
2.199314158036136391e-01 -2.780246652614636882e-01 9.350574623245810901e-01
2.325132367451311355e-01 -2.857774561480620479e-01 9.296606048961428836e-01
2.453571631730225022e-01 -2.933279004139108248e-01 9.239905872456016800e-01
2.584461279333594708e-01 -3.006645931175727093e-01 9.180448798406957156e-01
2.717624492894645805e-01 -3.077772260725473163e-01 9.118214464835205924e-01
2.852879125204377808e-01 -3.146566164035674573e-01 9.053187398497896110e-01
2.990038531530798682e-01 -3.212947280539703576e-01 8.985356940736185516e-01
3.128912411342329447e-01 -3.276846861268440936e-01 8.914717144696487905e-01
3.269307652454526703e-01 -3.338207840182917385e-01 8.841266645076715225e-01
3.411029170663252286e-01 -3.396984833763558864e-01 8.765008501768115634e-01
3.553880738064166822e-01 -3.453144069926132875e-01 8.685950018964718744e-01
3.697665793483865815e-01 -3.506663248039718628e-01 8.604102541494360601e-01
3.842188228756373558e-01 -3.557531332486488229e-01 8.519481230285436135e-01
3.987253144962802920e-01 -3.605748282816560457e-01 8.432104819020737052e-01
4.132667573203333000e-01 -3.651324724104874631e-01 8.341995354142636154e-01
4.278241154979637306e-01 -3.694281561603547370e-01 8.249177920462003044e-01
4.423786777822348304e-01 -3.734649544196679827e-01 8.153680354686407838e-01
4.569121162391219793e-01 -3.772468781501057689e-01 8.055532949221428929e-01
4.714065397894427467e-01 -3.807788219713126865e-01 7.954768148613255985e-01
4.858445423307035105e-01 -3.840665081479170406e-01 7.851420240991892063e-01
5.002092452506422537e-01 -3.871164275162729540e-01 7.745525046843877437e-01
5.144843342074371106e-01 -3.899357778902977079e-01 7.637119607392939269e-01
5.286540901132221748e-01 -3.925324004803739664e-01 7.526241874798577092e-01
5.427034143168588676e-01 -3.949147148469779878e-01 7.412930406298137154e-01
5.566178480381203109e-01 -3.970916528920524491e-01 7.297224064320014802e-01
5.703835861579149569e-01 -3.990725923668148045e-01 7.179161724486424756e-01
5.839874855174160828e-01 -4.008672903453818215e-01 7.058781993306214586e-01
5.974170679225735414e-01 -4.024858170800507118e-01 6.936122937234053820e-01
6.106605180891928608e-01 -4.039384906170666034e-01 6.811221824644166922e-01
6.237066767974490666e-01 -4.052358125119939758e-01 6.684114882137148772e-01
6.365450295532875113e-01 -4.063884049421579991e-01 6.554837066469466622e-01
6.491656910777406919e-01 -4.074069494707485140e-01 6.423421853269072335e-01
6.615593859639109509e-01 -4.083021276737812677e-01 6.289901043579029238e-01
6.737174258554697870e-01 -4.090845637978225979e-01 6.154304589156071037e-01
6.856316835103205554e-01 -4.097647695737956508e-01 6.016660437343860357e-01
6.972945641189408628e-01 -4.103530912708135414e-01 5.876994396242988250e-01
7.086989742492622035e-01 -4.108596590342970534e-01 5.735330020812376972e-01
7.198382887892394999e-01 -4.112943385150218956e-01 5.591688520460732503e-01
7.307063162549469748e-01 -4.116666847605421342e-01 5.446088688622728879e-01
7.412972628266415454e-01 -4.119858983079214276e-01 5.298546854763099834e-01
7.516056954682167612e-01 -4.122607833870983729e-01 5.149076859213217450e-01
7.616265044773276038e-01 -4.124997081176838831e-01 4.997690051218960927e-01
7.713548658046825990e-01 -4.127105665586632277e-01 4.844395310565863255e-01
7.807862034719957878e-01 -4.129007424504486101e-01 4.689199093147084496e-01
7.899161524093287756e-01 -4.130770744720628218e-01 4.532105500851714708e-01
7.987405220243903869e-01 -4.132458228229767272e-01 4.373116376174156494e-01
8.072552608091857484e-01 -4.134126369292998593e-01 4.212231421979538148e-01
8.154564222835145593e-01 -4.135825240676773151e-01 4.049448346904075957e-01
8.233401325704954310e-01 -4.137598186973979741e-01 3.884763036922052049e-01
8.309025598967695325e-01 -4.139481522919202239e-01 3.718169753671344835e-01
8.381398863094857710e-01 -4.141504234653394234e-01 3.549661360195742743e-01
8.450482819037145044e-01 -4.143687681973418635e-01 3.379229574833044758e-01
8.516238818576683522e-01 -4.146045299720316213e-01 3.206865254051272096e-01
8.578627665789990697e-01 -4.148582296618423815e-01 3.032558705109189567e-01
8.637609452734685833e-01 -4.151295350077365276e-01 2.856300029489424186e-01
8.693143432572963958e-01 -4.154172295712950103e-01 2.678079498120145563e-01
8.745187933462759133e-01 -4.157191810633786844e-01 2.497887959461705665e-01
8.793700316680105322e-01 -4.160323089881110548e-01 2.315717281584570297e-01
8.838636982579689549e-01 -4.163525515803470634e-01 2.131560829400665769e-01
8.879953428149595096e-01 -4.166748320599241717e-01 1.945413978228017204e-01
8.917604360064785851e-01 -4.169930242772509343e-01 1.757274664863782976e-01
8.951543867284141864e-01 -4.172999178825748667e-01 1.567143977308654290e-01
8.981725657358735626e-01 -4.175871832159950836e-01 1.375026784220751974e-01
9.008103360713889396e-01 -4.178453361873195049e-01 1.180932405073816666e-01
9.030630907221819381e-01 -4.180637034945260400e-01 9.848753218463593417e-02
9.049262979381090810e-01 -4.182303886171205298e-01 7.868759328687539856e-02
9.063955546347293168e-01 -4.183322391161981568e-01 5.869613491969034869e-02
9.074666482898077202e-01 -4.183548158764563429e-01 3.851662335565221584e-02
9.081356277144605471e-01 -4.182823650365198320e-01 1.815336815035322252e-02
9.083988830398236347e-01 -4.180977934721679667e-01 -2.388385603434044300e-03
9.082532352041892132e-01 -4.177826488215236056e-01 -2.310236102397834196e-02
9.076960351514389291e-01 -4.173171051706842660e-01 -4.398114939842577564e-02
9.067252728566459474e-01 -4.166799556508634095e-01 -6.501610663463226747e-02
9.053396961762132378e-01 -4.158486133315336120e-01 -8.619724657954362657e-02
9.035389393751803722e-01 -4.147991219253201467e-01 -1.075131316763296846e-01
9.013236610108471547e-01 -4.135061779458040210e-01 -1.289507615439031696e-01
8.986956906473699824e-01 -4.119431660744509172e-01 -1.504954601856874907e-01
8.956581836386668938e-01 -4.100822095922687649e-01 -1.721307626692757387e-01
8.922156753700161147e-01 -4.079872264250705149e-01 -1.936430006432102724e-01
8.883776964535433640e-01 -4.057331598161591502e-01 -2.148619823737913104e-01
8.841559941230769937e-01 -4.033300985687042761e-01 -2.357816991305705934e-01
8.795626801709545139e-01 -4.007869293084170836e-01 -2.563968192979884653e-01
8.746101809754958101e-01 -3.981114103552502725e-01 -2.767026134301488471e-01
8.693111948149214729e-01 -3.953102470416005598e-01 -2.966948856206904628e-01
8.636786556975446505e-01 -3.923891678925487958e-01 -3.163699110427375394e-01
8.577257029473400740e-01 -3.893530011739721464e-01 -3.357243794847619700e-01
8.514656558013221632e-01 -3.862057513922326213e-01 -3.547553446849019410e-01
8.449119922989131171e-01 -3.829506753952832132e-01 -3.734601792479320670e-01
8.380783317723098369e-01 -3.795903577802883233e-01 -3.918365349148753007e-01
8.309784202796342001e-01 -3.761267853581090614e-01 -4.098823079444413597e-01
8.236261183584829837e-01 -3.725614204612317515e-01 -4.275956093574542760e-01
8.160353905156444432e-01 -3.688952729098832206e-01 -4.449747397896304246e-01
8.082202959086566274e-01 -3.651289704721617513e-01 -4.620181686940363908e-01
8.001949797160998745e-01 -3.612628276689822115e-01 -4.787245176318960516e-01
7.919736647356999670e-01 -3.572969127844368153e-01 -4.950925473888157513e-01
7.835706427922051187e-01 -3.532311129477120337e-01 -5.111211486527084125e-01
7.750002655803710505e-01 -3.490651971548648369e-01 -5.268093359895248406e-01
7.662769346120914538e-01 -3.447988770983645979e-01 -5.421562448532147860e-01
7.574150899805719428e-01 -3.404318656701434964e-01 -5.571611313670439269e-01
7.484291976983459271e-01 -3.359639330006960467e-01 -5.718233746144451013e-01
7.393337354097178071e-01 -3.313949598932049434e-01 -5.861424811789653910e-01
7.301431763217257620e-01 -3.267249885083672312e-01 -6.001180916746047256e-01
7.208719712407952729e-01 -3.219542701531016848e-01 -6.137499890099676891e-01
7.115345286446735917e-01 -3.170833100251443937e-01 -6.270381081322277117e-01
7.021451927608012289e-01 -3.121129087660928225e-01 -6.399825470000022332e-01
6.927182196627221789e-01 -3.070442006781110011e-01 -6.525835785379479059e-01
6.832677514351943593e-01 -3.018786884645331403e-01 -6.648416633302800527e-01
6.738077884960381736e-01 -2.966182743622137186e-01 -6.767574628156002303e-01
6.643521601981506874e-01 -2.912652875438032640e-01 -6.883318527514364904e-01
6.549144938681876749e-01 -2.858225076812296872e-01 -6.995659367238651338e-01
6.455081824688696512e-01 -2.802931845775233355e-01 -7.104610594855131911e-01
6.361463510993657922e-01 -2.746810537926423490e-01 -7.210188199142084642e-01
6.268418225724715631e-01 -2.689903482099604282e-01 -7.312410833945665045e-01
6.176070823280275235e-01 -2.632258055133507857e-01 -7.411299934358768216e-01
6.084542429590004131e-01 -2.573926715700248780e-01 -7.506879823517826900e-01
5.993950086396385712e-01 -2.514966997411219318e-01 -7.599177808403799750e-01
5.904406397539893048e-01 -2.455441461700876016e-01 -7.688224263174558981e-01
5.816019180276962297e-01 -2.395417611276909886e-01 -7.774052698705531395e-01
5.728891124663734180e-01 -2.334967765216355018e-01 -7.856699817172957401e-01
5.643119463999668461e-01 -2.274168897076437601e-01 -7.936205550678123721e-01
5.558795659244762932e-01 -2.213102437671340683e-01 -8.012613083080377674e-01
5.476005100203726883e-01 -2.151854044436788682e-01 -8.085968854379785853e-01
5.394826826112179008e-01 -2.090513339558641159e-01 -8.156322547165725245e-01
5.315333268066798622e-01 -2.029173619275123630e-01 -8.223727054823530835e-01
5.237590015516629949e-01 -1.967931536970815853e-01 -8.288238431366014014e-01
5.161655608780421067e-01 -1.906886762860452167e-01 -8.349915822928376530e-01
5.087581359279422788e-01 -1.846141623208926441e-01 -8.408821381132112194e-01
5.015411198881103427e-01 -1.785800722148171149e-01 -8.465020158684187779e-01
4.945181559441908514e-01 -1.725970549230038120e-01 -8.518579987730519054e-01
4.876921283321528078e-01 -1.666759075895847264e-01 -8.569571341626195382e-01
4.810651565322391354e-01 -1.608275344047540301e-01 -8.618067180917464709e-01
4.746385926191470928e-01 -1.550629049872720433e-01 -8.664142784451275281e-01
4.684130217511848771e-01 -1.493930126007309012e-01 -8.707875566636041897e-01
4.623882657513602723e-01 -1.438288325016789104e-01 -8.749344881971573562e-01
4.565633897051858403e-01 -1.383812807042325288e-01 -8.788631818046173105e-01
4.509367114738087601e-01 -1.330611734294273041e-01 -8.825818978264511339e-01
4.455058139972577491e-01 -1.278791874885977786e-01 -8.860990255620792011e-01
4.402675602414100609e-01 -1.228458218288996789e-01 -8.894230598868169135e-01
4.352181106239646491e-01 -1.179713604460881221e-01 -8.925625772457500551e-01
4.303529427394312545e-01 -1.132658368452525571e-01 -8.955262111627033672e-01
4.256668731910079884e-01 -1.087390002048150839e-01 -8.983226274019918689e-01
4.211540813282858009e-01 -1.044002833731375313e-01 -9.009604989189629043e-01
4.168081346839587753e-01 -1.002587728009778495e-01 -9.034484807325160460e-01
4.126220159000875132e-01 -9.632318048718871428e-02 -9.057951848489541602e-01
4.085881509348269214e-01 -9.260181798983870005e-02 -9.080091553617766209e-01
4.046984383437361998e-01 -8.910257253071175720e-02 -9.100988438464922003e-01
4.009442794356344875e-01 -8.583288519822207530e-02 -9.120725851633519898e-01
3.973166091112090292e-01 -8.279973123244943611e-02 -9.139385737741766436e-01
3.938059272029712510e-01 -8.000960235649645647e-02 -9.157048406723287126e-01
3.904023301473880658e-01 -7.746849110089094881e-02 -9.173792310174743170e-01
3.870955428338150317e-01 -7.518187705246366648e-02 -9.189693825591980225e-01
3.838749504898938958e-01 -7.315471494613461079e-02 -9.204827049259004523e-01
3.807296304790538377e-01 -7.139142450741368939e-02 -9.219263598478224520e-01
3.776483839023657696e-01 -6.989588194519763542e-02 -9.233072423755842584e-01
3.746197669139317843e-01 -6.867141298861652310e-02 -9.246319631484030133e-01
3.716321216759671531e-01 -6.772078735821247808e-02 -9.259068317592080710e-01
3.686736068964774904e-01 -6.704621456054811468e-02 -9.271378412572824912e-01
3.657322279086784311e-01 -6.664934089634048930e-02 -9.283306538228763838e-01
3.627958662668370193e-01 -6.653124757527537070e-02 -9.294905876424699454e-01
3.598523088477894594e-01 -6.669244983562652718e-02 -9.306226050080714796e-01
3.568892764608425083e-01 -6.713289697352184393e-02 -9.317313016591050046e-01
3.538944519809100742e-01 -6.785197319497990320e-02 -9.328208973810838689e-01
3.508555080304364693e-01 -6.884849921349646407e-02 -9.338952278713736899e-01
3.477601342447881327e-01 -7.012073452678573016e-02 -9.349577378789066806e-01
3.445960641632608845e-01 -7.166638031806843445e-02 -9.360114756216758591e-01
3.413511017935748626e-01 -7.348258293983449263e-02 -9.370590884832046275e-01
3.380131479016618701e-01 -7.556593795107478806e-02 -9.381028199868898243e-01
3.345702260806597828e-01 -7.791249469235973779e-02 -9.391445080451255034e-01
3.310105086533061680e-01 -8.051776139662307485e-02 -9.401855844783664207e-01
3.273223424603789455e-01 -8.337671084687768575e-02 -9.412270757977472257e-01
3.234942745844986978e-01 -8.648378660513257599e-02 -9.422696052434561542e-01
3.195150780535332413e-01 -8.983290984929301337e-02 -9.433133960697396292e-01
3.153737775610963578e-01 -9.341748686661033307e-02 -9.443582760661036746e-01
3.110596752333059656e-01 -9.723041726310881205e-02 -9.454036833029392239e-01
3.065623764611540847e-01 -1.012641029581733410e-01 -9.464486730883709953e-01
3.018718158066789892e-01 -1.055104580419564259e-01 -9.474919261215514199e-01
2.969782829787455669e-01 -1.099609195802922768e-01 -9.485317578258647409e-01
2.918724488608072098e-01 -1.146064594572402950e-01 -9.495661288435071068e-01
2.865511941539957697e-01 -1.192077218809003691e-01 -9.506197621410243936e-01
2.810238059612378270e-01 -1.235669434447419501e-01 -9.517125779199083757e-01
2.753008560793965831e-01 -1.276747569855764264e-01 -9.528423768235743108e-01
2.693933568468104833e-01 -1.315222171858996814e-01 -9.540068792589943003e-01
2.633127481235857936e-01 -1.351008226235811127e-01 -9.552037292652338918e-01
2.570708830591785787e-01 -1.384025378196804545e-01 -9.564304985770892831e-01
2.506800125928075884e-01 -1.414198152109611140e-01 -9.576846908833519523e-01
2.441527686368592520e-01 -1.441456169662151954e-01 -9.589637462785336464e-01
2.375021458988604839e-01 -1.465734365583206411e-01 -9.602650459061262689e-01
2.307414823037938489e-01 -1.486973199970878512e-01 -9.615859167906455340e-01
2.238844379855068623e-01 -1.505118866215006124e-01 -9.629236368548260705e-01
2.169449728236994834e-01 -1.520123493439999862e-01 -9.642754401174059575e-01
2.099373225114355701e-01 -1.531945342340766403e-01 -9.656385220659482460e-01
2.028759731472757621e-01 -1.540548993237116915e-01 -9.670100451981261669e-01
1.957756343559260703e-01 -1.545905525132156011e-01 -9.683871447238282526e-01
1.886512109516859936e-01 -1.547992684528414487e-01 -9.697669344193496910e-01
1.815177731698913721e-01 -1.546795042732627690e-01 -9.711465126238147949e-01
1.743905255029147006e-01 -1.542304140366806409e-01 -9.725229683668489278e-01
1.672847741890180762e-01 -1.534518617800221529e-01 -9.738933876153745839e-01
1.602158934143677604e-01 -1.523444330224746068e-01 -9.752548596262788916e-01
1.531992903007073359e-01 -1.509094446115085697e-01 -9.766044833905801470e-01
1.462503687634462424e-01 -1.491489527846303065e-01 -9.779393741536233087e-01
1.393844923371349298e-01 -1.470657593283868636e-01 -9.792566699947774511e-01
1.326169460773480580e-01 -1.446634157216570293e-01 -9.805535384490930984e-01
1.259628976597573224e-01 -1.419462251569951761e-01 -9.818271831524189031e-01
1.194373578085189957e-01 -1.389192423417510425e-01 -9.830748504905870711e-01
1.130551401968959979e-01 -1.355882709898442728e-01 -9.842938362324642476e-01
1.068308209731519409e-01 -1.319598589253936360e-01 -9.854814921259399396e-01
1.007786980740657673e-01 -1.280412907308377535e-01 -9.866352324352977154e-01
9.491275049679319398e-02 -1.238405778846688593e-01 -9.877525403978981711e-01
8.924659770712702056e-02 -1.193664463473606968e-01 -9.888309745776988624e-01
8.379345936836660180e-02 -1.146283215684032186e-01 -9.898681750928605139e-01
7.856611557989255645e-02 -1.096363109024601351e-01 -9.908618696945419302e-01
7.357686781806374587e-02 -1.044011834384132448e-01 -9.918098796739824863e-01
6.883750077412306712e-02 -9.893434726132127599e-02 -9.927101255750978570e-01
6.435924528435374437e-02 -9.324782418395237416e-02 -9.935606326901068597e-01
6.015274254670961718e-02 -8.735422200139812687e-02 -9.943595363161245038e-01
5.622800981552066729e-02 -8.126670433918099790e-02 -9.951050867512497566e-01
5.259440776162520315e-02 -7.499895818205985776e-02 -9.957956540093897413e-01
4.926060967940593810e-02 -6.856515918725103464e-02 -9.964297322339487062e-01
4.622817607452293920e-02 -6.222105159189380424e-02 -9.969912218649674696e-01
4.348459490712326680e-02 -5.617855105920136621e-02 -9.974733381934732801e-01
4.101560222322518656e-02 -5.045161601068342411e-02 -9.978839385501483417e-01
3.880619664491240239e-02 -4.505340893923513029e-02 -9.982305692800086394e-01
3.684069243408677474e-02 -3.999626839333445677e-02 -9.985204363936500682e-01
3.510277270254318766e-02 -3.529168440354540220e-02 -9.987603778488282069e-01
3.357554252979497167e-02 -3.095027714892705298e-02 -9.989568375502589914e-01
3.224158178764049282e-02 -2.698177864725690919e-02 -9.991158411440793641e-01
3.108299750821659491e-02 -2.339501724473922600e-02 -9.992429736726711198e-01
3.008147566955587243e-02 -2.019790467791865093e-02 -9.993433591455659348e-01
2.921833230882307092e-02 -1.739742548261968488e-02 -9.994216420729779005e-01
2.847456390787067582e-02 -1.499962853158056525e-02 -9.994819710001531243e-01
2.783089702800137233e-02 -1.300962049368967199e-02 -9.995279840731855492e-01
2.726783720038712666e-02 -1.143156102295918818e-02 -9.995627966602053105e-01
2.676571710506427809e-02 -1.026865950414308434e-02 -9.995889910458293226e-01
2.630474409445251668e-02 -9.523173203750675414e-03 -9.996086082114519211e-01
2.586504713664520422e-02 -9.196406699626640327e-03 -9.996231417092210636e-01
2.542672326905994970e-02 -9.288712488748003190e-03 -9.996335336333407318e-01
2.496988366425150277e-02 -9.799492700901028114e-03 -9.996401726885419947e-01
2.447469941666024704e-02 -1.072720187491158980e-02 -9.996428943520674348e-01
2.392788391444426385e-02 -1.182759216185670995e-02 -9.996437187494399135e-01
2.332972167119444148e-02 -1.290026979200515657e-02 -9.996445904051187714e-01
2.268161001480916913e-02 -1.394284234744927291e-02 -9.996455080250147285e-01
2.198505757206706268e-02 -1.495298754538250917e-02 -9.996464702119446377e-01
2.124168076301053906e-02 -1.592845840749431210e-02 -9.996474754688787767e-01
2.045320005564405658e-02 -1.686708825482460122e-02 -9.996485222024125150e-01
1.962143598960380819e-02 -1.776679551698491510e-02 -9.996496087264492569e-01
1.874830497796795004e-02 -1.862558834508101085e-02 -9.996507332660906631e-01
1.783581489686796376e-02 -1.944156901812279375e-02 -9.996518939617221600e-01
1.688606047303079644e-02 -2.021293813318138580e-02 -9.996530888732877429e-01
1.590121847982768968e-02 -2.093799857004831691e-02 -9.996543159847396387e-01
1.488354275282753256e-02 -2.161515922166770687e-02 -9.996555732086561674e-01
1.383535903624953135e-02 -2.224293848214697195e-02 -9.996568583910169226e-01
1.275905967208092011e-02 -2.281996748470484920e-02 -9.996581693161225024e-01
1.165709814396977823e-02 -2.334499308248496469e-02 -9.996595037116492444e-01
1.053198348831974746e-02 -2.381688056574850568e-02 -9.996608592538266391e-01
9.386274585301944071e-03 -2.423461610955870635e-02 -9.996622335727262110e-01
8.222574342759117819e-03 -2.459730894668225171e-02 -9.996636242576495412e-01
7.043523786207496994e-03 -2.490419326105590414e-02 -9.996650288626028891e-01
5.851796068342050156e-03 -2.515462979780044156e-02 -9.996664449118465301e-01
4.650090411621106944e-03 -2.534810718640600688e-02 -9.996678699055051576e-01
3.441125997645632512e-03 -2.548424297436220273e-02 -9.996693013252291315e-01
2.227635817156839101e-03 -2.556278436916124483e-02 -9.996707366398905892e-01
1.012360494552989182e-03 -2.558360868726149151e-02 -9.996721733113040909e-01
-2.019578991279337866e-04 -2.554672350926056809e-02 -9.996736087999564813e-01
-1.412582030798729786e-03 -2.545226654119016677e-02 -9.996750405707359732e-01
-2.616785473542836398e-03 -2.530050518250750655e-02 -9.996764660986450224e-01
-3.811858844568322829e-03 -2.509183580201922517e-02 -9.996778828744854462e-01
-4.995115899080701007e-03 -2.482678272363124383e-02 -9.996792884105022425e-01
-6.163899566370245435e-03 -2.450599692447093594e-02 -9.996806802459738961e-01
-7.315587914551348846e-03 -2.413025444857487198e-02 -9.996820559527371808e-01
-8.447600030563828799e-03 -2.370045453997414106e-02 -9.996834131406313606e-01
-9.557401802248491687e-03 -2.321761749963935015e-02 -9.996847494628549047e-01
-1.064251158954142296e-02 -2.268288227136665627e-02 -9.996860626212159540e-01
-1.170050577209255822e-02 -2.209750376229369789e-02 -9.996873503712710995e-01
-1.272902416090380441e-02 -2.146284990432826764e-02 -9.996886105273358192e-01
-1.372577526189937801e-02 -2.078039846335224747e-02 -9.996898409673593555e-01
-1.468854137968558793e-02 -2.005173360362666468e-02 -9.996910396376503805e-01
-1.561518355012808494e-02 -1.927854221537025556e-02 -9.996922045574456739e-01
-1.650364629077083131e-02 -1.846261001401156704e-02 -9.996933338233077171e-01
-1.735196215854183099e-02 -1.760581742012322370e-02 -9.996944256133458717e-01
-1.815825610463475681e-02 -1.671013522953414959e-02 -9.996954781912483767e-01
-1.892074961692277388e-02 -1.577762008358144646e-02 -9.996964899101183910e-01
-1.963776464074864364e-02 -1.481040974990616155e-02 -9.996974592161039785e-01
-2.030772726944419376e-02 -1.381071822461630086e-02 -9.996983846518157080e-01
-2.092917119645968521e-02 -1.278083066703416051e-02 -9.996992648595224296e-01
-2.150074092152939181e-02 -1.172309817861363034e-02 -9.997000985841201226e-01
-2.202119470386210490e-02 -1.063993243795482643e-02 -9.997008846758664857e-01
-2.248940725592299406e-02 -9.533800204157921732e-03 -9.997016220928742758e-01
-2.290437217196510458e-02 -8.407217701044644026e-03 -9.997023099033605087e-01
-2.326520408607340648e-02 -7.262744895033825497e-03 -9.997029472876441947e-01
-2.357114055510030684e-02 -6.102979679686175093e-03 -9.997035335398891664e-01
-2.382154366249711330e-02 -4.930551980132547203e-03 -9.997040680695894466e-01
-2.401590133968065088e-02 -3.748117790768983743e-03 -9.997045504027920471e-01
-2.415382840221541247e-02 -2.558353159740380401e-03 -9.997049801830566462e-01
-2.423506729873876192e-02 -1.363948133842390322e-03 -9.997053571721487009e-01
-2.425948857120765675e-02 -1.676006775480628835e-04 -9.997056812504649947e-01
-2.422709102569928913e-02 1.027989420088604514e-03 -9.997059524171919564e-01
-2.413800161365279792e-02 2.220126636885466024e-03 -9.997061707901956362e-01
-2.399247502409375052e-02 3.406125793591322729e-03 -9.997063366056437861e-01
-2.379089298803578958e-02 4.583318100849056824e-03 -9.997064502173618195e-01
-2.353376329690317834e-02 5.749057163439303883e-03 -9.997065120959235385e-01
-2.322171853746261144e-02 6.900724928290788429e-03 -9.997065228274801818e-01
-2.285551454639071084e-02 8.035737562883454518e-03 -9.997064831123286810e-01
-2.243602858823455504e-02 9.151551250840796875e-03 -9.997063937632246766e-01
-2.196425726114379501e-02 1.024566789170771805e-02 -9.997062557034438468e-01
-2.144131413536386893e-02 1.131564069213947775e-02 -9.997060699645948789e-01
-2.086842713007889399e-02 1.235907963598520051e-02 -9.997058376841903016e-01
-2.024693563477849428e-02 1.337365682103535368e-02 -9.997055601029811722e-01
-1.957828738189395373e-02 1.435711165051602352e-02 -9.997052385620610604e-01
-1.886403507800448603e-02 1.530725586775287354e-02 -9.997048744997475422e-01
-1.810583280145238241e-02 1.622197842279352736e-02 -9.997044694482452032e-01
-1.730543217472589948e-02 1.709925016016792046e-02 -9.997040250301019171e-01
-1.646467832046901239e-02 1.793712831738139904e-02 -9.997035429544650631e-01
-1.558550561045693103e-02 1.873376082417290561e-02 -9.997030250131435647e-01
-1.466993321733466374e-02 1.948739039303131609e-02 -9.997024730764895173e-01
-1.372006047935108407e-02 2.019635839194364527e-02 -9.997018890891060661e-01
-1.273806208873314548e-02 2.085910849085016033e-02 -9.997012750653919699e-01
-1.172618311473206873e-02 2.147419007380104924e-02 -9.997006330849320666e-01
-1.068673387273536002e-02 2.204026140934671821e-02 -9.996999652877461839e-01
-9.622084651174299744e-03 2.255609257224723205e-02 -9.996992738694060465e-01
-8.534660308265546239e-03 2.302056811015509852e-02 -9.996985610760316110e-01
-7.426934750906728777e-03 2.343268944950785762e-02 -9.996978291991776011e-01
-6.301425308299297805e-03 2.379157703546153774e-02 -9.996970805706241192e-01
-5.160687013096233906e-03 2.409647220130183704e-02 -9.996963175570791060e-01
-4.007306803067713433e-03 2.434673876338502158e-02 -9.996955425548085250e-01
-2.843897656443534257e-03 2.454186433828414032e-02 -9.996947579842060394e-01
-1.673092674227041974e-03 2.468146137944630947e-02 -9.996939662843111751e-01
-4.975391228809707741e-04 2.476526793130267440e-02 -9.996931699072928446e-01
6.801075491389927405e-04 2.479314809941199349e-02 -9.996923713129062250e-01
1.857189707482286055e-03 2.476509223586095820e-02 -9.996915729629408665e-01
3.031053527098244958e-03 2.468121683978736700e-02 -9.996907773156670229e-01
4.199054973008870331e-03 2.454176417353486767e-02 -9.996899868202959727e-01
5.358565753187615605e-03 2.434710159558868547e-02 -9.996892039114667616e-01
6.506979230149229944e-03 2.409772061207915081e-02 -9.996884310037701393e-01
7.641716277962871257e-03 2.379423564927247298e-02 -9.996876704863240093e-01
8.760231071537645867e-03 2.343738255009460494e-02 -9.996869247174100526e-01
9.860016795196159881e-03 2.302801679835295504e-02 -9.996861960191869567e-01
1.093861125774722720e-02 2.256711147493049505e-02 -9.996854866724879107e-01
1.199360240149289006e-02 2.205575495082647691e-02 -9.996847989117185751e-01
1.302263369285707080e-02 2.149514832250584706e-02 -9.996841349198627436e-01
1.402340938260276081e-02 2.088660259559427246e-02 -9.996834968236101293e-01
1.499369962391090653e-02 2.023153562351652154e-02 -9.996828866886146026e-01
1.593134543692656738e-02 1.953146880822108356e-02 -9.996823065148957577e-01
1.683426350873560781e-02 1.878802357066240020e-02 -9.996817582323914708e-01
1.770045081811711177e-02 1.800291759922274804e-02 -9.996812436966744375e-01
1.852798907482252483e-02 1.717796088474761798e-02 -9.996807646848386852e-01
1.931504896356052436e-02 1.631505155133982851e-02 -9.996803228915686068e-01
2.005989418331658933e-02 1.541617149250839452e-02 -9.996799199253959545e-01
2.076088527310658918e-02 1.448338182269656021e-02 -9.996795573051561190e-01
2.141648321575353314e-02 1.351881815461877627e-02 -9.996792364566494671e-01
2.202525281178504407e-02 1.252468571321817790e-02 -9.996789587095150642e-01
2.258586581607446853e-02 1.150325429741284010e-02 -9.996787252943245550e-01
2.309710383038998671e-02 1.045685310113058167e-02 -9.996785373399029728e-01
2.355786094557259236e-02 9.387865405437264069e-03 -9.996783958708803652e-01
2.396714612763336735e-02 8.298723153841900194e-03 -9.996783018054812286e-01
2.432408534264254851e-02 7.191901423112833508e-03 -9.996782559535555279e-01
2.462792341587598938e-02 6.069912802162185858e-03 -9.996782590148564074e-01
2.487802562128696091e-02 4.935301691750375308e-03 -9.996783115775675910e-01
2.507387899798205894e-02 3.790638537928116367e-03 -9.996784141170838023e-01
2.521509339099750266e-02 2.638514012269907102e-03 -9.996785669950459807e-01
2.530140221429525577e-02 1.481533152060037460e-03 -9.996787704586349577e-01
2.533266293452533444e-02 3.223094736695930303e-04 -9.996790246401229263e-01
2.530885727473058261e-02 -8.365409275894724467e-04 -9.996793295566844817e-01
2.523009113780098900e-02 -1.992405277829394951e-03 -9.996796851104685633e-01
2.509659425011560516e-02 -3.142680011879125847e-03 -9.996800910889276359e-01
2.490871952643916934e-02 -4.284776634254662368e-03 -9.996805471654063302e-01
2.466694215776698423e-02 -5.416127540629223427e-03 -9.996810528999874323e-01
2.437185842443315847e-02 -6.534191786726517223e-03 -9.996816077405907830e-01
2.402418423741374542e-02 -7.636460791690841653e-03 -9.996822110243246406e-01
2.362475341136494392e-02 -8.720463963147212505e-03 -9.996828619790869563e-01
2.317451567353718059e-02 -9.783774231352725462e-03 -9.996835597254090100e-01
2.267453441329625452e-02 -1.082401348005645678e-02 -9.996843032785411864e-01
2.212598417756250768e-02 -1.183885786192903807e-02 -9.996850915507732305e-01
2.153014791804565287e-02 -1.282604298669378501e-02 -9.996859233539847622e-01
2.088841399670644458e-02 -1.378336897038851157e-02 -9.996867974024199466e-01
2.020227295641473589e-02 -1.470870533451015122e-02 -9.996877123156789891e-01
1.947331406429570963e-02 -1.559999574414223933e-02 -9.996886666219212403e-01
1.870322163576109559e-02 -1.645526257453751653e-02 -9.996896587612704721e-01
1.789377114770883404e-02 -1.727261129602339004e-02 -9.996906870894158859e-01
1.704682514984185229e-02 -1.805023466751595404e-02 -9.996917498814005265e-01
1.616432898350323583e-02 -1.878641672936775739e-02 -9.996928453355872213e-01
1.524830631785015905e-02 -1.947953658673443750e-02 -9.996939715777932722e-01
1.430085451359193807e-02 -2.012807197512469712e-02 -9.996951266655869084e-01
1.332413982489674513e-02 -2.073060260029593524e-02 -9.996963085927313974e-01
1.232039245042699030e-02 -2.128581324517277856e-02 -9.996975152937699338e-01
1.129190144479364985e-02 -2.179249663699689421e-02 -9.996987446487396456e-01
1.024100950202455618e-02 -2.224955606846227424e-02 -9.996999944880035072e-01
9.170107622920005766e-03 -2.265600776714992923e-02 -9.997012625971906097e-01
8.081629678420540128e-03 -2.301098300814771735e-02 -9.997025467222327988e-01
6.978046881335637185e-03 -2.331372996532401348e-02 -9.997038445744840240e-01
5.861862178978086493e-03 -2.356361529731695534e-02 -9.997051538359162937e-01
4.735604579416384692e-03 -2.376012546490183577e-02 -9.997064721643738050e-01
3.601823424196319220e-03 -2.390286777700772330e-02 -9.997077971988785894e-01
2.463082620492677323e-03 -2.399157116326828404e-02 -9.997091265649730163e-01
1.321954845732511768e-03 -2.402608667160988781e-02 -9.997104578800868335e-01
1.810157377824238864e-04 -2.400638769000152870e-02 -9.997117887589196394e-01
-9.571619161861816012e-04 -2.393256989211351229e-02 -9.997131168188222450e-01
-2.090013979048016210e-03 -2.380485090725473554e-02 -9.997144396851680437e-01
-3.214990738222788056e-03 -2.362356971557995344e-02 -9.997157549967017331e-01
-4.329562642320921619e-03 -2.338918577017705738e-02 -9.997170604108510661e-01
-5.431225987031358150e-03 -2.310227784825930400e-02 -9.997183536089946365e-01
-6.517508537472117142e-03 -2.276354263429639091e-02 -9.997196323016666053e-01
-7.585975074378416630e-03 -2.237379303852090121e-02 -9.997208942336952564e-01
-8.634232851685757007e-03 -2.193395625484066691e-02 -9.997221371892555108e-01
-9.659936953275825508e-03 -2.144507156277216872e-02 -9.997233589968302914e-01
-1.066079553689107395e-02 -2.090828787858406423e-02 -9.997245575340667489e-01
-1.163457495348865778e-02 -2.032486106140123094e-02 -9.997257307325169151e-01
-1.257910473059568011e-02 -1.969615098056820557e-02 -9.997268765822522330e-01
-1.349228240854435240e-02 -1.902361835110424546e-02 -9.997279931363423078e-01
-1.437207821880748942e-02 -1.830882134459988278e-02 -9.997290785151861092e-01
-1.521653959402043989e-02 -1.755341198340580958e-02 -9.997301309106889633e-01
-1.602379549966464339e-02 -1.675913232644703904e-02 -9.997311485902741213e-01
-1.679206057779938574e-02 -1.592781045545898361e-02 -9.997321299007176920e-01
-1.751963909366117955e-02 -1.506135627088494439e-02 -9.997330732718052726e-01
-1.820492867640328277e-02 -1.416175710709640691e-02 -9.997339772197931795e-01
-1.884642384572070631e-02 -1.323107317699704320e-02 -9.997348403506759462e-01
-1.944271931659677030e-02 -1.227143285644805536e-02 -9.997356613632450983e-01
-1.999251307491539675e-02 -1.128502781930487177e-02 -9.997364390519364319e-01
-2.049460921720738099e-02 -1.027410803418333553e-02 -9.997371723094603535e-01
-2.094792054833784223e-02 -9.240976634375775572e-03 -9.997378601292056244e-01
-2.135147093149428535e-02 -8.187984672613946024e-03 -9.997385016074166186e-01
-2.170439738539961874e-02 -7.117525772625288814e-03 -9.997390959451335490e-01
-2.200595192425011670e-02 -6.032030689651472939e-03 -9.997396424498965484e-01
-2.225550313646373207e-02 -4.933961792292810081e-03 -9.997401405372073890e-01
-2.245253749891795714e-02 -3.825807478208622520e-03 -9.997405897317460655e-01
-2.259666042395722108e-02 -2.710076536341639135e-03 -9.997409896683397967e-01
-2.268759703705618483e-02 -1.589292468443623480e-03 -9.997413400926831173e-01
-2.272519268363586489e-02 -4.659877827596434078e-04 -9.997416408618068351e-01
-2.270941316414308575e-02 6.573017272207184319e-04 -9.997418919442955243e-01
-2.264034469711865422e-02 1.778042706015217937e-03 -9.997420934202536635e-01
-2.251819361059460151e-02 2.893709948481501190e-03 -9.997422454810187542e-01
-2.234328576277452155e-02 4.001792088344884903e-03 -9.997423484286260820e-01
-2.211606569356185104e-02 5.099797250101931016e-03 -9.997424026750217907e-01
-2.183709550910776717e-02 6.185258651575366480e-03 -9.997424087410310412e-01
-2.150705350215157546e-02 7.255740144519650693e-03 -9.997423672550794782e-01
-2.112673251152084181e-02 8.308841680828616544e-03 -9.997422789516753339e-01
-2.069703802474487722e-02 9.342204692076768943e-03 -9.997421446696510561e-01
-2.021898602831144129e-02 1.035351737033366783e-02 -9.997419653501742332e-01
-1.969370061066275795e-02 1.134051983842558273e-02 -9.997417420345277028e-01
-1.912241132358038706e-02 1.230100919808014767e-02 -9.997414758616653963e-01
-1.850645030814888903e-02 1.323284444467700584e-02 -9.997411680655522437e-01
-1.784724919201398016e-02 1.413395123763992733e-02 -9.997408199722913613e-01
-1.714633576516099225e-02 1.500232651584307644e-02 -9.997404329970454029e-01
-1.640533044193240655e-02 1.583604294776470855e-02 -9.997400086407600694e-01
-1.562594251747862970e-02 1.663325320650526837e-02 -9.997395484866988813e-01
-1.480996622729197250e-02 1.739219406019238898e-02 -9.997390541967933197e-01
-1.395927661891021958e-02 1.811119026872182181e-02 -9.997385275078213285e-01
-1.307582524529080949e-02 1.878865827822995965e-02 -9.997379702274183932e-01
-1.216163568975003884e-02 1.942310970515916460e-02 -9.997373842299341895e-01
-1.121879893273181224e-02 2.001315460226047241e-02 -9.997367714521423476e-01
-1.024946857101717047e-02 2.055750449937869193e-02 -9.997361338888125504e-01
-9.255855900308140871e-03 2.105497521238047440e-02 -9.997354735881579524e-01
-8.240224872416658866e-03 2.150448941411655171e-02 -9.997347926471649160e-01
-7.204886938560800015e-03 2.190507896185258513e-02 -9.997340932068172759e-01
-6.152195790515793510e-03 2.225588697615871192e-02 -9.997333774472269008e-01
-5.084542011585698601e-03 2.255616966681398688e-02 -9.997326475826797676e-01
-4.004347649552723355e-03 2.280529790185755953e-02 -9.997319058566097594e-01
-2.914060723924609929e-03 2.300275851650194006e-02 -9.997311545365128449e-01
-1.816149679935985094e-03 2.314815535921433201e-02 -9.997303959088099656e-01
-7.130978018667230795e-04 2.324121007286771706e-02 -9.997296322736733964e-01
3.926024016809430981e-04 2.328176260946328985e-02 -9.997288659398264610e-01
1.498454827854734609e-03 2.326977147752845587e-02 -9.997280992193293692e-01
2.601965412260882037e-03 2.320531372189849409e-02 -9.997273344223626124e-01
3.700647751603051983e-03 2.308858463619393661e-02 -9.997265738520192402e-01
4.792028703581747810e-03 2.291989720890814583e-02 -9.997258197991177875e-01
5.873653951448803805e-03 2.269968130461942277e-02 -9.997250745370490632e-01
6.943093520704435306e-03 2.242848258243753182e-02 -9.997243403166660158e-01
7.997947235545244810e-03 2.210696115438477022e-02 -9.997236193612297761e-01
9.035850102820350976e-03 2.173588998699525071e-02 -9.997229138614228683e-01
1.005447761142893616e-02 2.131615304999134528e-02 -9.997222259704400260e-01
1.105155093529566063e-02 2.084874321646237524e-02 -9.997215577991702684e-01
1.202484202829001703e-02 2.033475991952604991e-02 -9.997209114114754547e-01
1.297217859971129018e-02 1.977540657099673485e-02 -9.997202888195829695e-01
1.389144895924162605e-02 1.917198774811522052e-02 -9.997196919795970915e-01
1.478060672057540659e-02 1.852590615491095383e-02 -9.997191227871420338e-01
1.563767535326248542e-02 1.783865936526864843e-02 -9.997185830731452061e-01
1.646075257265569927e-02 1.711183635525575716e-02 -9.997180745997715778e-01
1.724801455822798368e-02 1.634711383273402402e-02 -9.997175990565139170e-01
1.799771999092101768e-02 1.554625237272707315e-02 -9.997171580564544469e-01
1.870821390060452977e-02 1.471109236744432350e-02 -9.997167531326998091e-01
1.937793131516184555e-02 1.384354980027044033e-02 -9.997163857350014338e-01
2.000540070317292918e-02 1.294561185341596560e-02 -9.997160572265647582e-01
2.058924720263873714e-02 1.201933235928991442e-02 -9.997157688810590637e-01
2.112819562868023526e-02 1.106682710599664506e-02 -9.997155218798313703e-01
2.162107325365019914e-02 1.009026900767740799e-02 -9.997153173093299428e-01
2.206681235361464613e-02 9.091883150710496422e-03 -9.997151561587457325e-01
2.246445251569294602e-02 8.073941727052466252e-03 -9.997150393178744210e-01
2.281314270128937879e-02 7.038758866245730522e-03 -9.997149675752055042e-01
2.311214306080327727e-02 5.988685377834536763e-03 -9.997149416162405267e-01
2.336082649596866317e-02 4.926103416121572348e-03 -9.997149620220454613e-01
2.355867996654623098e-02 3.853421079360390324e-03 -9.997150292680407890e-01
2.370530553866894916e-02 2.773066955614765516e-03 -9.997151437230300530e-01
2.380042117272675867e-02 1.687484627624222071e-03 -9.997153056484696654e-01
2.384386124926421782e-02 5.991271490952971689e-04 -9.997155151979815191e-01
2.383557683195577925e-02 -4.895484951094850089e-04 -9.997157724171102933e-01
2.377563566731634437e-02 -1.576086932388666038e-03 -9.997160772433226761e-01
2.366422192139742975e-02 -2.658039936932448354e-03 -9.997164295062522799e-01
2.350163565431094906e-02 -3.732971942906182245e-03 -9.997168289281852527e-01
2.328829203401208692e-02 -4.798465523885898226e-03 -9.997172751247902500e-01
2.302472029135794671e-02 -5.852126826232622279e-03 -9.997177676060854390e-01
2.271156241903942927e-02 -6.891590944207394084e-03 -9.997183057776446446e-01
2.234957161755752805e-02 -7.914527224771343225e-03 -9.997188889420367541e-01
2.193961049198193958e-02 -8.918644490184646223e-03 -9.997195163004963803e-01
2.148264900378721309e-02 -9.901696166714091946e-03 -9.997201869548213438e-01
2.097976218260908660e-02 -1.086148530798106832e-02 -9.997208999094929771e-01
2.043212760329968583e-02 -1.179586950172941545e-02 -9.997216540740133661e-01
1.984102263418370538e-02 -1.270276564906516921e-02 -9.997224482654549771e-01
1.920782146292740813e-02 -1.358015460551723931e-02 -9.997232812112155642e-01
1.853399190692723783e-02 -1.442608567358871947e-02 -9.997241515519733612e-01
1.782109201560369907e-02 -1.523868093681211150e-02 -9.997250578448347857e-01
1.707076647244815462e-02 -1.601613942568753599e-02 -9.997259985666678839e-01
1.628474280511418848e-02 -1.675674110627008509e-02 -9.997269721176128554e-01
1.546482741226992350e-02 -1.745885068258004255e-02 -9.997279768247627763e-01
1.461290141633283211e-02 -1.812092120443662205e-02 -9.997290109460066354e-01
1.373091635159257029e-02 -1.874149747276160002e-02 -9.997300726740221410e-01
1.282088969758988541e-02 -1.931921923486224629e-02 -9.997311601404145209e-01
1.188490026795956112e-02 -1.985282416268256342e-02 -9.997322714199877725e-01
1.092508346526209657e-02 -2.034115060750686307e-02 -9.997334045351398135e-01
9.943626412621541649e-03 -2.078314012510890096e-02 -9.997345574603728746e-01
8.942762973255210732e-03 -2.117783976586226982e-02 -9.997357281269069196e-01
7.924768669223959672e-03 -2.152440412486193028e-02 -9.997369144273857700e-01
6.891955510949129317e-03 -2.182209714765192404e-02 -9.997381142206667182e-01
5.846666749233354540e-03 -2.207029368770878699e-02 -9.997393253366815280e-01
4.791271561687140100e-03 -2.226848081239301766e-02 -9.997405455813581643e-01
3.728159685600734158e-03 -2.241625885465064680e-02 -9.997417727415921496e-01
2.659736009411242403e-03 -2.251334220832246213e-02 -9.997430045902561124e-01
1.588415134997968239e-03 -2.255955986549833259e-02 -9.997442388912356481e-01
5.166159230942442716e-04 -2.255485569493676998e-02 -9.997454734044813884e-01
-5.532439658683188394e-04 -2.249928846115498149e-02 -9.997467058910662896e-01
-1.618753523167465848e-03 -2.239303158437931651e-02 -9.997479341182329282e-01
-2.677513823162045326e-03 -2.223637264213062723e-02 -9.997491558644246989e-01
-3.727143422395767271e-03 -2.202971261380103074e-02 -9.997503689242853708e-01
-4.765283714284061084e-03 -2.177356487015709441e-02 -9.997515711136192307e-01
-5.789604227345690295e-03 -2.146855391027831239e-02 -9.997527602742964925e-01
-6.797807855078401643e-03 -2.111541384900740906e-02 -9.997539342790970895e-01
-7.787636005742283943e-03 -2.071498665854926147e-02 -9.997550910364800814e-01
-8.756873660505289439e-03 -2.026822016840694116e-02 -9.997562284952673517e-01
-9.703354328622036673e-03 -1.977616582838516435e-02 -9.997573446492321603e-01
-1.062496488855914530e-02 -1.923997623992213662e-02 -9.997584375415825564e-01
-1.151965030424730897e-02 -1.866090246152906848e-02 -9.997595052693282192e-01
-1.238541820593149975e-02 -1.804029109462177219e-02 -9.997605459875221756e-01
-1.322034332540548453e-02 -1.737958115651890359e-02 -9.997615579133681818e-01
-1.402257177575443221e-02 -1.668030074785612979e-02 -9.997625393301838859e-01
-1.479032516608902448e-02 -1.594406352212352634e-02 -9.997634885912100033e-01
-1.552190454213541945e-02 -1.517256496547331190e-02 -9.997644041232595091e-01
-1.621569414394659348e-02 -1.436757849536671010e-02 -9.997652844301966324e-01
-1.687016497242132401e-02 -1.353095138703006538e-02 -9.997661280962399921e-01
-1.748387815675613716e-02 -1.266460053707148779e-02 -9.997669337890797703e-01
-1.805548811541216048e-02 -1.177050807396883871e-02 -9.997677002628043708e-01
-1.858374550365188976e-02 -1.085071682547709450e-02 -9.997684263606300137e-01
-1.906749994118891664e-02 -9.907325653317398256e-03 -9.997691110174256046e-01
-1.950570251399662627e-02 -8.942484665800736268e-03 -9.997697532620293259e-01
-1.989740804483688605e-02 -7.958390319305279348e-03 -9.997703522193508441e-01
-2.024177712759770223e-02 -6.957280419767761064e-03 -9.997709071122539148e-01
-2.053807792106645408e-02 -5.941429035565039436e-03 -9.997714172632187202e-01
-2.078568769831323076e-02 -4.913141333351863684e-03 -9.997718820957749442e-01
-2.098409414841413342e-02 -3.874748348584348360e-03 -9.997723011357071421e-01
-2.113289642780734334e-02 -2.828601702595517822e-03 -9.997726740120282951e-01
-2.123180595914273341e-02 -1.777068278199069387e-03 -9.997730004577184415e-01
-2.128064697605852942e-02 -7.225248658801474181e-04 -9.997732803102309385e-01
-2.127935681289406036e-02 3.326472073128497638e-04 -9.997735135117584715e-01
-2.122798593892493563e-02 1.386067454033659786e-03 -9.997737001092653619e-01
-2.112669773728470882e-02 2.435361595918712849e-03 -9.997738402542826197e-01
-2.097576802931391468e-02 3.478166913768088956e-03 -9.997739342024684062e-01
-2.077558434565186102e-02 4.512137566566754715e-03 -9.997739823129316861e-01
-2.052664494595764916e-02 5.534949867367879722e-03 -9.997739850473253975e-01
-2.022955758971319365e-02 6.544307504168960128e-03 -9.997739429687074741e-01
-1.988503806112088684e-02 7.537946694047240048e-03 -9.997738567401763810e-01
-1.949390845166163941e-02 8.513641258982988444e-03 -9.997737271232789436e-01
-1.905709520442286711e-02 9.469207611987485312e-03 -9.997735549762017948e-01
-1.857562692484044861e-02 1.040250964236622694e-02 -9.997733412517414431e-01
-1.805063196302180914e-02 1.131146348918678039e-02 -9.997730869950689492e-01
-1.748333577332835190e-02 1.219404219228399644e-02 -9.997727933412828838e-01
-1.687505805739310250e-02 1.304828021042252206e-02 -9.997724615127641101e-01
-1.622720969723246906e-02 1.387227779654694182e-02 -9.997720928163372767e-01
-1.554128948557867256e-02 1.466420522038279148e-02 -9.997716886402422398e-01
-1.481888066101038660e-02 1.542230682900615039e-02 -9.997712504509259634e-01
-1.406164725589237677e-02 1.614490493637501731e-02 -9.997707797896614457e-01
-1.327133026554971375e-02 1.683040353321097610e-02 -9.997702782689998902e-01
-1.244974364749742470e-02 1.747729180903417542e-02 -9.997697475690665581e-01
-1.159877015992126503e-02 1.808414747858708843e-02 -9.997691894337068508e-01
-1.072035704895902067e-02 1.864963990533221108e-02 -9.997686056664940590e-01
-9.816511594663436535e-03 1.917253301517451297e-02 -9.997679981266029969e-01
-8.889296525836875434e-03 1.965168799404008390e-02 -9.997673687245658414e-01
-7.940825314213416017e-03 2.008606576343697353e-02 -9.997667194179136185e-01
-6.973257358725781785e-03 2.047472922863136091e-02 -9.997660522067172151e-01
-5.988793070831588058e-03 2.081684529459124078e-02 -9.997653691290356859e-01
-4.989668872085325883e-03 2.111168664537871331e-02 -9.997646722562841815e-01
-3.978152115329190198e-03 2.135863328321054716e-02 -9.997639636885305991e-01
-2.956535941036342752e-03 2.155717382395284237e-02 -9.997632455497321713e-01
-1.927134080474699222e-03 2.170690654636866362e-02 -9.997625199829227594e-01
-8.922756174672000825e-04 2.180754019299598057e-02 -9.997617891453616235e-01
1.457002793942445472e-04 2.185889452109568767e-02 -9.997610552036545473e-01
1.184449642169607166e-03 2.186090060267507906e-02 -9.997603203288605300e-01
2.221628994687428575e-03 2.181360087315920709e-02 -9.997595866915893748e-01
3.254900637417935515e-03 2.171714892884984288e-02 -9.997588564571078251e-01
4.281937914189663623e-03 2.157180907387834523e-02 -9.997581317804624668e-01
5.300430448889972140e-03 2.137795561792290439e-02 -9.997574148016288298e-01
6.308089340369860999e-03 2.113607192652123407e-02 -9.997567076407001263e-01
7.302652303879924450e-03 2.084674922636589947e-02 -9.997560123931256149e-01
8.281888747496980382e-03 2.051068516851925483e-02 -9.997553311250076957e-01
9.243604772159382324e-03 2.012868215302779026e-02 -9.997546658684721699e-01
1.018564808411305533e-02 1.970164541894981261e-02 -9.997540186171168797e-01
1.110591280877925788e-02 1.923058090433511780e-02 -9.997533913215537194e-01
1.200234419528860286e-02 1.871659288120897102e-02 -9.997527858850502325e-01
1.287294320118339414e-02 1.816088137111469131e-02 -9.997522041592834530e-01
1.371577094707109729e-02 1.756473934725781560e-02 -9.997516479402135392e-01
1.452895303131536246e-02 1.692954972976944833e-02 -9.997511189640865270e-01
1.531068369517646875e-02 1.625678218106597211e-02 -9.997506189035770818e-01
1.605922982915980804e-02 1.554798970872533180e-02 -9.997501493640765791e-01
1.677293481169815290e-02 1.480480508372625410e-02 -9.997497118801370597e-01
1.745022217168019571e-02 1.402893708230472034e-02 -9.997493079120791659e-01
1.808959906674318177e-02 1.322216656007085475e-02 -9.997489388427693857e-01
1.868965956967059278e-02 1.238634236739847953e-02 -9.997486059745762654e-01
1.924908775567575267e-02 1.152337711544794939e-02 -9.997483105265098091e-01
1.976666058380791707e-02 1.063524280250990363e-02 -9.997480536315525024e-01
2.024125056618765461e-02 9.723966310662347096e-03 -9.997478363341862906e-01
2.067182821926256270e-02 8.791624783015547853e-03 -9.997476595881227279e-01
2.105746429177081380e-02 7.840340892077937024e-03 -9.997475242542377405e-01
2.139733176460804215e-02 6.872278010010846212e-03 -9.997474310987197743e-01
2.169070761831149927e-02 5.889635291750228846e-03 -9.997473807914317723e-01
2.193697436440266227e-02 4.894642682158879127e-03 -9.997473739044931973e-01
2.213562133736487331e-02 3.889555858532785931e-03 -9.997474109110829898e-01
2.228624574457453017e-02 2.876651119919735201e-03 -9.997474921844656803e-01
2.238855347205194121e-02 1.858220234816896667e-03 -9.997476179972473176e-01
2.244235964444963802e-02 8.365652588966721644e-04 -9.997477885208543302e-01
2.244758893825068644e-02 -1.860066655336918584e-04 -9.997480038252448686e-01
2.240427564770614693e-02 -1.207188516603275663e-03 -9.997482638788472986e-01
2.231256350359782717e-02 -2.224678594740509777e-03 -9.997485685487279561e-01
2.217270524546881977e-02 -3.236185707611962878e-03 -9.997489176009876077e-01
2.198506194851866657e-02 -4.239434326469983250e-03 -9.997493107013849523e-01
2.175010210691115733e-02 -5.232169702317613844e-03 -9.997497474161861630e-01
2.146840047578945851e-02 -6.212162930400517286e-03 -9.997502272132375856e-01
2.114063667483435591e-02 -7.177215951662651271e-03 -9.997507494632592584e-01
2.076759355673548496e-02 -8.125166479954934809e-03 -9.997513134413568148e-01
2.035015534447170982e-02 -9.053892843963601278e-03 -9.997519183287466582e-01
1.988930554181352409e-02 -9.961318733027076794e-03 -9.997525632146917474e-01
1.938612462196706576e-02 -1.084541783623656740e-02 -9.997532470986436604e-01
1.884178749977417910e-02 -1.170421836446540291e-02 -9.997539688925836110e-01
1.825756079336555288e-02 -1.253580744524525163e-02 -9.997547274235590864e-01
1.763479988163251314e-02 -1.333833538070264627e-02 -9.997555214364107767e-01
1.697494576433734859e-02 -1.411001975908651729e-02 -9.997563495966800273e-01
1.627952173212006762e-02 -1.484914941075554488e-02 -9.997572104936945925e-01
1.555012985408140910e-02 -1.555408819985262987e-02 -9.997581026438221441e-01
1.478844729102570844e-02 -1.622327864327154437e-02 -9.997590244938857618e-01
1.399622244283285286e-02 -1.685524534891740672e-02 -9.997599744247321896e-01
1.317527093879462645e-02 -1.744859826567653205e-02 -9.997609507549467533e-01
1.232747148009672410e-02 -1.800203573794217221e-02 -9.997619517447040582e-01
1.145476154395271701e-02 -1.851434735798911796e-02 -9.997629755997475831e-01
1.055913295919966126e-02 -1.898441660995149258e-02 -9.997640204754882909e-01
9.642627363445968602e-03 -1.941122329963302501e-02 -9.997650844812118187e-01
8.707331552120441825e-03 -1.979384576486662578e-02 -9.997661656843870315e-01
7.755372730005784081e-03 -2.013146286163928350e-02 -9.997672621150645034e-01
6.788913676050698648e-03 -2.042335572170770122e-02 -9.997683717703550466e-01
5.810147832440593768e-03 -2.066890927794882288e-02 -9.997694926189779618e-01
4.821294329068344028e-03 -2.086761355421615574e-02 -9.997706226058694634e-01
3.824592954682442397e-03 -2.101906471700637144e-02 -9.997717596568411746e-01
2.822299086100459563e-03 -2.112296588678009082e-02 -9.997729016832761495e-01
1.816678586960460877e-03 -2.117912770732428493e-02 -9.997740465868535376e-01
8.100026875418565517e-04 -2.118746867209079024e-02 -9.997751922642904576e-01
-1.954571427800349832e-04 -2.114801520699437914e-02 -9.997763366120914208e-01
-1.197434318874729398e-03 -2.106090150970334543e-02 -9.997774775312924245e-01
-2.193672247441067445e-03 -2.092636914600494447e-02 -9.997786129321926119e-01
-3.181929407329322189e-03 -2.074476640437521863e-02 -9.997797407390579538e-01
-4.159984391166168284e-03 -2.051654741042744159e-02 -9.997808588947900699e-01
-5.125640896944858547e-03 -2.024227100345347627e-02 -9.997819653655499739e-01
-6.076732658365596902e-03 -1.992259937780731932e-02 -9.997830581453225340e-01
-7.011128302858908243e-03 -1.955829649240838422e-02 -9.997841352604166509e-01
-7.926736126397533264e-03 -1.915022625216219326e-02 -9.997851947738857215e-01
-8.821508774399564046e-03 -1.869935046560821865e-02 -9.997862347898628377e-01
-9.693447818246681350e-03 -1.820672658360512550e-02 -9.997872534577982861e-01
-1.054060821718605899e-02 -1.767350522435448892e-02 -9.997882489765917979e-01
-1.136110265565206355e-02 -1.710092749054127267e-02 -9.997892195986082253e-01
-1.215310574633378903e-02 -1.649032208483380835e-02 -9.997901636335697617e-01
-1.291485808962594163e-02 -1.584310223043585222e-02 -9.997910794523144906e-01
-1.364467018043312961e-02 -1.516076240381746681e-02 -9.997919654904141584e-01
-1.434092615365002363e-02 -1.444487488716952872e-02 -9.997928202516422891e-01
-1.500208736001192901e-02 -1.369708614852691367e-02 -9.997936423112849802e-01
-1.562669576440059785e-02 -1.291911305788778948e-02 -9.997944303192870530e-01
-1.621337715909811072e-02 -1.211273894801931025e-02 -9.997951830032277831e-01
-1.676084418490621578e-02 -1.127980952898323223e-02 -9.997958991711172194e-01
-1.726789915348893312e-02 -1.042222866573718452e-02 -9.997965777140104260e-01
-1.773343666475095740e-02 -9.541954028468416921e-03 -9.997972176084303220e-01
-1.815644601353309448e-02 -8.640992625595552909e-03 -9.997978179185954550e-01
-1.853601338038697935e-02 -7.721396229630057319e-03 -9.997983777984490450e-01
-1.887132380168396462e-02 -6.785256706321924486e-03 -9.997988964934820810e-01
-1.916166291481567058e-02 -5.834701257723179033e-03 -9.997993733423498064e-01
-1.940641847475600701e-02 -4.871887589987535482e-03 -9.997998077782754844e-01
-1.960508163877413071e-02 -3.898999016884720833e-03 -9.998001993302396695e-01
-1.975724801661496444e-02 -2.918239510143149501e-03 -9.998005476239524292e-01
-1.986261848399597033e-02 -1.931828707844492673e-03 -9.998008523826066307e-01
-1.992099975780590310e-02 -9.419968921780607707e-04 -9.998011134274098488e-01
-1.993230473193104493e-02 4.902005207835580312e-05 -9.998013306778962273e-01
-1.989655257317649723e-02 1.038985686951642787e-03 -9.998015041520137425e-01
-1.981386857729251771e-02 2.025668067133889159e-03 -9.998016339659919760e-01
-1.968448378565813492e-02 3.006844770922398671e-03 -9.998017203339867320e-01
-1.950873436371434663e-02 3.980307904895814299e-03 -9.998017635675042758e-01
-1.928706074277681745e-02 4.943869071053129567e-03 -9.998017640746068579e-01
-1.902000652739075162e-02 5.895364285237951474e-03 -9.998017223589011904e-01
-1.870821717091868466e-02 6.832658835791209813e-03 -9.998016390183116497e-01
-1.835243842257272204e-02 7.753652071521201054e-03 -9.998015147436428718e-01
-1.795351454961615148e-02 8.656282108250141008e-03 -9.998013503169328464e-01
-1.751238633896387217e-02 9.538530443390808369e-03 -9.998011466096038413e-01
-1.703008888290509504e-02 1.039842646822499404e-02 -9.998009045804111539e-01
-1.650774915415509705e-02 1.123405186779659858e-02 -9.998006252731982402e-01
-1.594658337591356445e-02 1.204354489859623713e-02 -9.998003098144618850e-01
-1.534789419306447494e-02 1.282510453449978508e-02 -9.997999594107318533e-01
-1.471306765109569627e-02 1.357699447173052465e-02 -9.997995753457752377e-01
-1.404356998974429400e-02 1.429754698394213736e-02 -9.997991589776261678e-01
-1.334094425878493660e-02 1.498516661886716526e-02 -9.997987117354534270e-01
-1.260680676377320952e-02 1.563833372834206453e-02 -9.997982351162686410e-01
-1.184284334993171948e-02 1.625560782390449849e-02 -9.997977306814855858e-01
-1.105080553272427303e-02 1.683563075056026745e-02 -9.997972000533372761e-01
-1.023250648400089030e-02 1.737712967173542233e-02 -9.997966449111591603e-01
-9.389816882913681884e-03 1.787891985886254018e-02 -9.997960669875480821e-01
-8.524660641099451180e-03 1.833990727949788221e-02 -9.997954680644024483e-01
-7.639010511899243377e-03 1.875909097832730715e-02 -9.997948499688574797e-01
-6.734883593636770485e-03 1.913556524589205693e-02 -9.997942145691204319e-01
-5.814336737206678325e-03 1.946852157035017586e-02 -9.997935637702191070e-01
-4.879461868428975301e-03 1.975725036808369250e-02 -9.997928995096694305e-01
-3.932381235807714051e-03 2.000114248946531156e-02 -9.997922237530739720e-01
-2.975242594489386442e-03 2.019969049660948202e-02 -9.997915384896641777e-01
-2.010214337349359136e-03 2.035248971045068231e-02 -9.997908457277894234e-01
-1.039480584242748543e-03 2.045923902501486230e-02 -9.997901474903705399e-01
-6.523624053913638964e-05 2.051974148727755964e-02 -9.997894458103232518e-01
9.103179638816507159e-04 2.053390464153285674e-02 -9.997887427259630755e-01
1.884980443962931598e-03 2.050174063772943270e-02 -9.997880402764047769e-01
2.856553725916754181e-03 2.042336610376322900e-02 -9.997873404969614963e-01
3.822849399582810975e-03 2.029900178224855814e-02 -9.997866454145587500e-01
4.781693045545155375e-03 2.012897193282014302e-02 -9.997859570431714138e-01
5.730929125919641959e-03 1.991370350154626420e-02 -9.997852773792932357e-01
6.668425827818409701e-03 1.965372505955674878e-02 -9.997846083974522013e-01
7.592079848615723540e-03 1.934966551350771058e-02 -9.997839520457767470e-01
8.499821112281997354e-03 1.900225259101668424e-02 -9.997833102416296969e-01
9.389617406219220863e-03 1.861231110470591699e-02 -9.997826848673120326e-01
1.025947892822114300e-02 1.818076099898676551e-02 -9.997820777658517066e-01
1.110746273339477744e-02 1.770861518420386790e-02 -9.997814907368853810e-01
1.193167707111575729e-02 1.719697716323199954e-02 -9.997809255326401967e-01
1.273028560234801959e-02 1.664703845608124858e-02 -9.997803838540287868e-01
1.350151148793782112e-02 1.606007582851561380e-02 -9.997798673468615283e-01
1.424364133879245202e-02 1.543744833112560035e-02 -9.997793775981881348e-01
1.495502901917435644e-02 1.478059415571587529e-02 -9.997789161327741425e-01
1.563409929468143056e-02 1.409102731627381172e-02 -9.997784844097220569e-01
1.627935131684247680e-02 1.337033416217243802e-02 -9.997780838192441566e-01
1.688936193663325563e-02 1.262016973163155448e-02 -9.997777156795920606e-01
1.746278883961149136e-02 1.184225395381255375e-02 -9.997773812341532729e-01
1.799837349577853088e-02 1.103836770825497755e-02 -9.997770816487187018e-01
1.849494391769947871e-02 1.021034875067546033e-02 -9.997768180089272594e-01
1.895141722085189051e-02 9.360087514441612147e-03 -9.997765913178944253e-01
1.936680198062458100e-02 8.489522797304199439e-03 -9.997764024940287708e-01
1.974020038085169682e-02 7.600637343219824454e-03 -9.997762523690415515e-01
2.007081014924145743e-02 6.695453329322845551e-03 -9.997761416861540296e-01
2.035792627554362799e-02 5.776027768308908232e-03 -9.997760710985055255e-01
2.060094250879311237e-02 4.844447836672959203e-03 -9.997760411677667491e-01
2.079935263046788288e-02 3.902826139401227839e-03 -9.997760523629598550e-01
2.095275150090732119e-02 2.953295921849531918e-03 -9.997761050594895504e-01
2.106083587685001618e-02 1.998006239648667751e-03 -9.997761995383863676e-01
2.112340499846753622e-02 1.039117097561741664e-03 -9.997763359857607668e-01
2.114036094479126646e-02 7.879456827766120690e-05 -9.997765144924762870e-01
