0.000000000000000000e+00 0.000000000000000000e+00 1.000000000000000000e+00
1.765624545640594157e-06 -1.758540962589446159e-05 9.999999998438182658e-01
8.543086398852904996e-06 -5.272768229810322787e-05 9.999999985734052688e-01
2.357308084086252056e-05 -1.053958493770206927e-04 9.999999941680172144e-01
5.009033884444339248e-05 -1.755565279169536935e-04 9.999999833354423773e-01
9.132318155796105455e-05 -2.631739286236966114e-04 9.999999611997996141e-01
1.504930760459052472e-04 -3.682098639766840709e-04 9.999999208866967582e-01
2.308141921900014109e-04 -4.906237564644059081e-04 9.999998530066134261e-01
3.354929606032026738e-04 -6.303726468697796667e-04 9.999997450374498165e-01
4.677276313461503025e-04 -7.874112025304891380e-04 9.999995806072610183e-01
6.307078331623299167e-04 -9.616917254879561467e-04 9.999993386782727312e-01
8.276141328644467205e-04 -1.153164160427657195e-03 9.999989926333470169e-01
1.061617594410828877e-03 -1.361776102302954608e-03 9.999985092661453079e-01
1.335879337107294656e-03 -1.587472803524538501e-03 9.999978476763068391e-01
1.653550092257270124e-03 -1.830197180587981838e-03 9.999969580710359462e-01
2.017769757461427768e-03 -2.089889820002855704e-03 9.999957804745658319e-01
2.431666947638140997e-03 -2.366488983378351764e-03 9.999942433470375702e-01
2.898358541698104092e-03 -2.659930611512450940e-03 9.999922621144090584e-01
3.420949223660972507e-03 -2.970148327324394731e-03 9.999897376110807867e-01
4.002531016849385746e-03 -3.297073437463591584e-03 9.999865544369994641e-01
4.646182809636720083e-03 -3.640634932422132791e-03 9.999825792310778061e-01
5.354969871059939678e-03 -4.000759484972869588e-03 9.999776588628417340e-01
6.131943354438547898e-03 -4.377371446750486991e-03 9.999716185442977245e-01
6.980139786965436181e-03 -4.770392842789286311e-03 9.999642598640902103e-01
7.902580543056031762e-03 -5.179743363828414118e-03 9.999553587461033066e-01
8.902271299059169585e-03 -5.605340356193150818e-03 9.999446633347448543e-01
9.982201466747227248e-03 -6.047098809059541467e-03 9.999318918092404695e-01
1.114534360281490936e-02 -6.504931338909186560e-03 9.999167301293571120e-01
1.239465279142645121e-02 -6.978748170981421625e-03 9.998988297150736004e-01
1.373306599666051543e-02 -7.468457117531409478e-03 9.998778050628169822e-01
1.516350138151161854e-02 -7.973963552704856420e-03 9.998532313009917960e-01
1.668885758991721369e-02 -8.495170383843205289e-03 9.998246416876442888e-01
1.831201298809142716e-02 -9.031978019037205374e-03 9.997915250532235509e-01
2.003582486126085152e-02 -9.584284330751780337e-03 9.997533231915322061e-01
2.186312856171544403e-02 -1.015198461535108537e-02 9.997094282020964062e-01
2.379673660390970238e-02 -1.073497154835962100e-02 9.996591797873303209e-01
2.583943770217647651e-02 -1.133313513530318471e-02 9.996018625080286268e-01
2.799399574644947930e-02 -1.194636265798240671e-02 9.995367030008861509e-01
3.026314871123147315e-02 -1.257453861604153865e-02 9.994628671619230076e-01
3.264960749289463893e-02 -1.321754466370614334e-02 9.993794572998825343e-01
3.515605467025872954e-02 -1.387525954157526470e-02 9.992855092638733838e-01
3.778514318326266219e-02 -1.454755900336666616e-02 9.991799895497416317e-01
4.053949492442741886e-02 -1.523431573752772293e-02 9.990617923898892361e-01
4.342169923770375362e-02 -1.593539928363952793e-02 9.989297368314989933e-01
4.643431131920892213e-02 -1.665067594355783970e-02 9.987825638083840385e-01
4.957985051428349943e-02 -1.738000868725145254e-02 9.986189332119550510e-01
5.286079850524424972e-02 -1.812325705331662914e-02 9.984374209670869860e-01
5.627959738417331881e-02 -1.888027704416515851e-02 9.982365161189727942e-01
5.983864760506944075e-02 -1.965092101590352677e-02 9.980146179373726723e-01
6.354030580969501074e-02 -2.043503756294154372e-02 9.977700330450054444e-01
6.738688252148576641e-02 -2.123247139739051215e-02 9.975009725771823987e-01
7.138063970194911956e-02 -2.204306322333357201e-02 9.972055493801518233e-01
7.552378816406443707e-02 -2.286664960607432892e-02 9.968817752560096279e-01
7.981848483731671107e-02 -2.370306283649401338e-02 9.965275582624310013e-01
8.426682987914468903e-02 -2.455213079067233503e-02 9.961407000758915053e-01
8.887086362776906723e-02 -2.541367678495273438e-02 9.957188934274773251e-01
9.363256339158657071e-02 -2.628751942665885979e-02 9.952597196208221586e-01
9.855384007057482743e-02 -2.717347246069575298e-02 9.947606461421646395e-01
1.036365346054523018e-01 -2.807134461229622222e-02 9.942190243729802646e-01
1.088824142506792519e-01 -2.898093942620028063e-02 9.936320874161151950e-01
1.142931686677724629e-01 -2.990205510258306040e-02 9.929969480468264775e-01
1.198704058358395774e-01 -3.083448433007425493e-02 9.923105968006160627e-01
1.256156477767206847e-01 -3.177801411623977501e-02 9.915699002102316140e-01
1.315303260926575513e-01 -3.273242561592367567e-02 9.907715992046901565e-01
1.376157773149954411e-01 -3.369749395787546842e-02 9.899123076836620072e-01
1.438732380630622087e-01 -3.467298807011461037e-02 9.889885112810279377e-01
1.503038400130635999e-01 -3.565867050450969439e-02 9.879965663318834856e-01
1.569086046775863830e-01 -3.665429726107499037e-02 9.869326990577179659e-01
1.636884379971113301e-01 -3.765961761251093026e-02 9.857930049849246146e-01
1.706441247458081456e-01 -3.867437392953777808e-02 9.845734486122099671e-01
1.777763227548148639e-01 -3.969830150759293824e-02 9.832698633428511581e-01
1.850855569571954462e-01 -4.073112839548177072e-02 9.818779516981007705e-01
1.925722132598207681e-01 -4.177257522658940625e-02 9.803932858283522789e-01
2.002365322485313015e-01 -4.282235505327616765e-02 9.788113083389462510e-01
2.080786027341124111e-01 -4.388017318509229714e-02 9.771273334477219574e-01
2.160983551478443676e-01 -4.494572703145756354e-02 9.753365484915827999e-01
2.242955547966791197e-01 -4.601870594945883797e-02 9.734340157994507692e-01
2.326697949894400153e-01 -4.709879109742239750e-02 9.714146749490234489e-01
2.412204900468386259e-01 -4.818565529491853489e-02 9.692733454247117741e-01
2.499468682095505045e-01 -4.927896288985267326e-02 9.670047296940209591e-01
2.588479644600848451e-01 -5.037836963329030138e-02 9.646034167194358355e-01
2.679226132757193124e-01 -5.148352256265159577e-02 9.620638859225757455e-01
2.771694413313424699e-01 -5.259405989389619868e-02 9.593805116169877856e-01
2.865868601726505593e-01 -5.370961092329846337e-02 9.565475679254478170e-01
2.961730588817721999e-01 -5.482979593938856755e-02 9.535592341970208219e-01
3.059259967590409746e-01 -5.595422614560553731e-02 9.504096009384030985e-01
3.158433960462904144e-01 -5.708250359417344627e-02 9.470926762732081450e-01
3.259227347187024226e-01 -5.821422113167284279e-02 9.436023929418727585e-01
3.361612393738886984e-01 -5.934896235673493836e-02 9.399326158537401055e-01
3.465558782485148592e-01 -6.048630159023677538e-02 9.360771502016129730e-01
3.571033543943784028e-01 -6.162580385832146929e-02 9.320297501476731972e-01
3.678000990474143417e-01 -6.276702488850886830e-02 9.277841280881115038e-01
3.786422652246114184e-01 -6.390951111909859428e-02 9.233339645021211295e-01
3.896257215852692579e-01 -6.505279972200009309e-02 9.186729183890626205e-01
4.007460465943948336e-01 -6.619641863905305346e-02 9.137946382956180225e-01
4.119985230273162102e-01 -6.733988663182688406e-02 9.086927739326098319e-01
4.233781328557671420e-01 -6.848271334481040307e-02 9.033609883788753514e-01
4.348795525567525910e-01 -6.962439938182307664e-02 8.977929708671570364e-01
4.464971488864321048e-01 -7.076443639539743702e-02 8.919824501443992526e-01
4.582249751620372513e-01 -7.190230718880015470e-02 8.859232083961398052e-01
4.700567680954599870e-01 -7.303748583027629138e-02 8.796090957218535289e-01
4.819846005017748292e-01 -7.415403288764998990e-02 8.730360961381306018e-01
4.939991746456142141e-01 -7.525166967474487822e-02 8.661997474971265820e-01
5.060909977198119192e-01 -7.633012658068449863e-02 8.590958123140256530e-01
5.182503900548861564e-01 -7.738914355947777712e-02 8.517202913093979699e-01
5.304674940448589338e-01 -7.842847059884049121e-02 8.440694365695861068e-01
5.427322837757130314e-01 -7.944786816547967645e-02 8.361397642795485030e-01
5.550345753392309511e-01 -8.044710762414723770e-02 8.279280669833795070e-01
5.673640378114510607e-01 -8.142597162786914533e-02 8.194314253288038641e-01
5.797102048715485623e-01 -8.238425447687539038e-02 8.106472192533041854e-01
5.920624870336242962e-01 -8.332176244389462305e-02 8.015731385711823975e-01
6.044101844606951657e-01 -8.423831406363409269e-02 7.922071929227664233e-01
6.167425003271490569e-01 -8.513374038444068703e-02 7.825477210491449398e-01
6.290485546930777438e-01 -8.600788518033013197e-02 7.725933993582294601e-01
6.413173988512614887e-01 -8.686060512177905257e-02 7.623432497505899796e-01
6.535380301051683105e-01 -8.769176990389587756e-02 7.517966466763649214e-01
6.656994069341658493e-01 -8.850126233082142302e-02 7.409533233975933442e-01
6.777904645002482686e-01 -8.928897835545525352e-02 7.298133774335245905e-01
6.898001304489650432e-01 -9.005482707385921437e-02 7.183772751698132009e-01
7.017173409559142039e-01 -9.079873067395223540e-02 7.066458556159685989e-01
7.135310569691437621e-01 -9.152062433837840350e-02 6.946203332989767665e-01
7.252302805970924915e-01 -9.222045610170226393e-02 6.823023002846164697e-01
7.368040715913017902e-01 -9.289818666235830080e-02 6.696937273216213571e-01
7.482415638730410823e-01 -9.355378915005410634e-02 6.567969641074667964e-01
7.595319820532100419e-01 -9.418724884959611687e-02 6.436147386781557733e-01
7.706646578954013949e-01 -9.479856288237181738e-02 6.301501559279091280e-01
7.816290466728220698e-01 -9.538773984697969388e-02 6.164066952681098721e-01
7.924147433708655930e-01 -9.595479942074719437e-02 6.023882074381783358e-01
8.030114986884855366e-01 -9.649977192411447746e-02 5.880989104842392345e-01
8.134092347931259903e-01 -9.702269785008721392e-02 5.735433849244645499e-01
8.235980607857995572e-01 -9.752362736117221875e-02 5.587265681228102965e-01
8.335682878349394143e-01 -9.800261975640450762e-02 5.436537478954979186e-01
8.433104439398746432e-01 -9.845974291125215994e-02 5.283305553770003549e-01
8.528152882871530283e-01 -9.889507269334409101e-02 5.127629571744741765e-01
8.620738251654450623e-01 -9.930869235710564069e-02 4.969572468415089372e-01
8.710773174073733749e-01 -9.970069192050554086e-02 4.809200357037528017e-01
8.798172993293035260e-01 -1.000711675272161483e-01 4.646582430703972144e-01
8.882855891428698136e-01 -1.004202207975648242e-01 4.481790858666768185e-01
8.964743008147743053e-01 -1.007479581717091316e-01 4.314900677234549953e-01
9.043758553541592082e-01 -1.010544902485006474e-01 4.145989675606305269e-01
9.119829915095867268e-01 -1.013399311235128331e-01 3.975138277015205501e-01
9.192887758603462967e-01 -1.016043977296971629e-01 3.802429415555619308e-01
9.262866122894198861e-01 -1.018480091840989754e-01 3.627948409066364399e-01
9.329702508279569262e-01 -1.020708861440113163e-01 3.451782828440794759e-01
9.393337958635198381e-01 -1.022731501758715328e-01 3.274022363729961471e-01
9.453717137066439680e-01 -1.024549231401125082e-01 3.094758687398941888e-01
9.510788395123989103e-01 -1.026163265950694875e-01 2.914085315088754125e-01
9.564503835556316114e-01 -1.027574812229151147e-01 2.732097464227208894e-01
9.614819368604022864e-01 -1.028785062804505324e-01 2.548891910821837747e-01
9.661694761857926306e-01 -1.029795190774210056e-01 2.364566844756864072e-01
9.705093683717619379e-01 -1.030606344848513378e-01 2.179221723904273544e-01
9.744983740500551272e-01 -1.031219644757106757e-01 1.992957127346587365e-01
9.781336507263219682e-01 -1.031636177000195137e-01 1.805874607996173775e-01
9.814127552405997879e-01 -1.031856990963056636e-01 1.618076544883015888e-01
9.843336456141440483e-01 -1.031883095411011003e-01 1.429665995370005271e-01
9.868946822912679773e-01 -1.031715455379502017e-01 1.240746547542198597e-01
9.890946287853906727e-01 -1.031354989471730682e-01 1.051422173004244315e-01
9.909326517388966638e-01 -1.030802567573963074e-01 8.617970803084873399e-02
9.924083204066944663e-01 -1.030059008996300207e-01 6.719755692252296631e-02
9.935216055735406337e-01 -1.029125081044344331e-01 4.820618860563721797e-02
9.942728779152861796e-01 -1.028001498024841975e-01 2.921600801842774708e-02
9.946629058142122393e-01 -1.026688920686042589e-01 1.023738620392501686e-02
9.946928526385766522e-01 -1.025187956091192093e-01 -8.719353733842052229e-03
9.943642734964019958e-01 -1.023499157921299030e-01 -2.764395049723411893e-02
9.936791114734164765e-01 -1.021623027201073175e-01 -4.652621826956999246e-02
9.926396933649297427e-01 -1.019560013439760465e-01 -6.535606018090109326e-02
9.912487249112962306e-01 -1.017310516176486573e-01 -8.412348154935506139e-02
9.895092855465131843e-01 -1.014874886917691149e-01 -1.028186028826545695e-01
9.874248226694183339e-01 -1.012253431452291574e-01 -1.214316726245719957e-01
9.849991454469221308e-01 -1.009446412528366421e-01 -1.399530796311544423e-01
9.822364181587303067e-01 -1.006454052873411442e-01 -1.583733653615567727e-01
9.791411530931000140e-01 -1.003276538538587781e-01 -1.766832357682631138e-01
9.757182030033350051e-01 -9.999140225458798270e-02 -1.948735728713709980e-01
9.719727531349687810e-01 -9.963666288156958206e-02 -2.129354460014710737e-01
9.679103128339119344e-01 -9.926344563512000396e-02 -2.308601226954909436e-01
9.635367067462597968e-01 -9.887175836545579466e-02 -2.486390792296988284e-01
9.588580656209653164e-01 -9.846160733493111716e-02 -2.662640107738956652e-01
9.538808167271820571e-01 -9.803299769822848564e-02 -2.837268411506768673e-01
9.486116738987729891e-01 -9.758593399777662492e-02 -3.010197321835307305e-01
9.430576272192526810e-01 -9.712042067161863468e-02 -3.181350926174754679e-01
9.372259323612871507e-01 -9.663646257091813851e-02 -3.350655865959303314e-01
9.311240995958008915e-01 -9.613406548427193277e-02 -3.518041416775847252e-01
9.247598824867302447e-01 -9.561323666599398641e-02 -3.683439563771813696e-01
9.181412662885104492e-01 -9.507398536554780011e-02 -3.846785072143765749e-01
9.112764560644673884e-01 -9.451632335533187435e-02 -4.008015552551928984e-01
9.041738645454060475e-01 -9.394026545406652939e-02 -4.167071521310414250e-01
8.968420997488223412e-01 -9.334583004308825982e-02 -4.323896455208740552e-01
8.892899523803036166e-01 -9.273303957293112243e-02 -4.478436840827285104e-01
8.815263830398117895e-01 -9.210192105766165649e-02 -4.630642218217600470e-01
8.735605092566454122e-01 -9.145250655453456001e-02 -4.780465218828103269e-01
8.654015923779373454e-01 -9.078483362665008827e-02 -4.927861597566469132e-01
8.570590243365522332e-01 -9.009894578641979013e-02 -5.072790258902156735e-01
8.485423143251809019e-01 -8.939489291778417168e-02 -5.215213276925750874e-01
8.398610754042833415e-01 -8.867273167527321698e-02 -5.355095909296262446e-01
8.310250110722829930e-01 -8.793252585815738986e-02 -5.492406605023004706e-01
8.220439018270587761e-01 -8.717434675810140088e-02 -5.627117006045183611e-01
8.129275917483033131e-01 -8.639827347890530196e-02 -5.759201942589692313e-01
8.036859751307041666e-01 -8.560439322709489929e-02 -5.888639422305768090e-01
7.943289831981525939e-01 -8.479280157230656423e-02 -6.015410613193966638e-01
7.848665709292839132e-01 -8.396360267659716548e-02 -6.139499820366204341e-01
7.753087040245956185e-01 -8.311690949199816714e-02 -6.260894456693310017e-01
7.656646467919330235e-01 -8.226396851547623790e-02 -6.379579055662436549e-01
7.559429718817323174e-01 -8.140530591841126096e-02 -6.495563105287027739e-01
7.461520832106190992e-01 -8.054143960983980999e-02 -6.608858799538098738e-01
7.363002076336089274e-01 -7.967287929627725473e-02 -6.719480914620479250e-01
7.263953873561629360e-01 -7.880012653943262169e-02 -6.827446684825417833e-01
7.164454730687767059e-01 -7.792367481161376064e-02 -6.932775678325484581e-01
7.064581177854054594e-01 -7.704400954870192775e-02 -7.035489673257966370e-01
6.964407713658069543e-01 -7.616160820064844794e-02 -7.135612534423135811e-01
6.864006757008038750e-01 -7.527694027951116473e-02 -7.233170090903927596e-01
6.763448605385353751e-01 -7.439046740510586730e-02 -7.328190014893747328e-01
6.662801399289657311e-01 -7.350264334839756719e-02 -7.420701701999503630e-01
6.562131092632513818e-01 -7.261391407279854660e-02 -7.510736153267484339e-01
6.461501428840227268e-01 -7.172471777357550260e-02 -7.598325859160497409e-01
6.360973922422135107e-01 -7.083548491559621407e-02 -7.683504685695807801e-01
6.260607845757589773e-01 -6.994663826966847353e-02 -7.766307762934898662e-01
6.160460220852806978e-01 -6.905859294774011059e-02 -7.846771375997974030e-01
6.060585815817741695e-01 -6.817175643723957790e-02 -7.924932858758475529e-01
5.961037145813090632e-01 -6.728652863484242685e-02 -8.000830490355745894e-01
5.861864478218363761e-01 -6.640330187994994415e-02 -8.074503394647358778e-01
5.763115841773638337e-01 -6.552246098816337516e-02 -8.145991442706573826e-01
5.664837039450068001e-01 -6.464438328503041564e-02 -8.215335158454921682e-01
5.567071664807413667e-01 -6.376943864033098042e-02 -8.282575627505062155e-01
5.469861121600692044e-01 -6.289798950315629578e-02 -8.347754409274840137e-01
5.373244646402515201e-01 -6.203039093802074216e-02 -8.410913452419883640e-01
5.277259334012693870e-01 -6.116699066222858194e-02 -8.472095013619165282e-01
5.181940165432179501e-01 -6.030812908469925654e-02 -8.531341579735696179e-01
5.087320038184404147e-01 -5.945413934643508508e-02 -8.588695793362923769e-01
4.993429798773384998e-01 -5.860534736279441465e-02 -8.644200381756506069e-01
4.900298277074692788e-01 -5.776207186771196295e-02 -8.697898089140867484e-01
4.807952322462344941e-01 -5.692462445998636156e-02 -8.749831612370396750e-01
4.716416841481926303e-01 -5.609330965173318917e-02 -8.800043539916201363e-01
4.625714836887683812e-01 -5.526842491908016269e-02 -8.848576294141086152e-01
4.535867447868932034e-01 -5.445026075515999042e-02 -8.895472076817810825e-01
4.446893991298827009e-01 -5.363910072543567886e-02 -8.940772817838668063e-01
4.358812003846365135e-01 -5.283522152537313554e-02 -8.984520127058062133e-01
4.271637284800297585e-01 -5.203889304045687669e-02 -9.026755249203985976e-01
4.185383939461512215e-01 -5.125037840852640636e-02 -9.067519021789088862e-01
4.100064422968253686e-01 -5.046993408439393730e-02 -9.106851835947379348e-01
4.015689584426331837e-01 -4.969780990668801191e-02 -9.144793600118529264e-01
3.932268711224166102e-01 -4.893424916685299580e-02 -9.181383706498127406e-01
3.849809573420098219e-01 -4.817948868022083747e-02 -9.216661000169178442e-01
3.768318468096877871e-01 -4.743375885905930928e-02 -9.250663750827493592e-01
3.687800263585526150e-01 -4.669728378748995434e-02 -9.283429627011474672e-01
3.608258443467945997e-01 -4.597028129815929065e-02 -9.314995672745050026e-01
3.529695150274591575e-01 -4.525296305053842089e-02 -9.345398286501175322e-01
3.452111228800288090e-01 -4.454553461071891762e-02 -9.374673202392344029e-01
3.375506268967839452e-01 -4.384819553256696922e-02 -9.402855473493971772e-01
3.299878648175393892e-01 -4.316113944009287301e-02 -9.429979457206210114e-01
3.225225573069642193e-01 -4.248455411088925687e-02 -9.456078802559798602e-01
3.151543120692782973e-01 -4.181862156048875290e-02 -9.481186439371870334e-01
3.078826278956816043e-01 -4.116351812749023675e-02 -9.505334569158202518e-01
3.007068986404098920e-01 -4.051941455930193475e-02 -9.528554657709225051e-01
2.936264171218224139e-01 -3.988647609834999191e-02 -9.550877429238141536e-01
2.866403789454159967e-01 -3.926486256860200336e-02 -9.572332862010737298e-01
2.797478862461216798e-01 -3.865472846225678771e-02 -9.592950185367885574e-01
2.729479513476784081e-01 -3.805622302645401273e-02 -9.612757878053332927e-01
2.662395003372911573e-01 -3.746949034986044730e-02 -9.631783667761049106e-01
2.596213765541706131e-01 -3.689466944899302825e-02 -9.650054531818302861e-01
2.530923439909157358e-01 -3.633189435414317658e-02 -9.667596698922553689e-01
2.466510906070430720e-01 -3.578129419477102391e-02 -9.684435651852313365e-01
2.402962315542854499e-01 -3.524299328424333050e-02 -9.700596131074263884e-01
2.340263123135797596e-01 -3.471711120379372684e-02 -9.716102139171096663e-01
2.278398117439385806e-01 -3.420376288558952399e-02 -9.730976946016821616e-01
2.217351450436557125e-01 -3.370305869479468808e-02 -9.745243094628558422e-01
2.157106666245300619e-01 -3.321510451052443746e-02 -9.758922407626166029e-01
2.097646729000078869e-01 -3.274000180559261119e-02 -9.772035994233408962e-01
2.038954049883409114e-01 -3.227784772495875115e-02 -9.784604257756720491e-01
1.981010513320373423e-01 -3.182873516278780790e-02 -9.796646903479990787e-01
1.923797502350459709e-01 -3.139275283804096595e-02 -9.808182946916165212e-01
1.867295923192607843e-01 -3.096998536852200307e-02 -9.819230722358799346e-01
1.811486229020659866e-01 -3.056051334330903493e-02 -9.829807891679045451e-01
1.756348442967594348e-01 -3.016441339350711334e-02 -9.839931453315871046e-01
1.701862180377977096e-01 -2.978175826126236089e-02 -9.849617751409586175e-01
1.648006670328985290e-01 -2.941261686698350489e-02 -9.858882485031033038e-01
1.594760776441177808e-01 -2.905705437472160674e-02 -9.867740717461007671e-01
1.542103017000884535e-01 -2.871513225566350858e-02 -9.876206885476669362e-01
1.490011584416693624e-01 -2.838690834969894924e-02 -9.884294808603860671e-01
1.438464364033034681e-01 -2.807243692502560742e-02 -9.892017698296350359e-01
1.387438952324277219e-01 -2.777176873576026744e-02 -9.899388167005094274e-01
1.336912674493128117e-01 -2.748495107752806782e-02 -9.906418237102621038e-01
1.286862601497386072e-01 -2.721202784100519925e-02 -9.913119349629642141e-01
1.237265566529342775e-01 -2.695303956339370824e-02 -9.919502372832900150e-01
1.188098180972279039e-01 -2.670802347780989322e-02 -9.925577610465170508e-01
1.139336849858625655e-01 -2.647701356057053507e-02 -9.931354809820182039e-01
1.090957786854430400e-01 -2.626004057636358024e-02 -9.936843169476992088e-01
1.042937028794805043e-01 -2.605713212129203565e-02 -9.942051346730145234e-01
9.952504497950322160e-02 -2.586831266378182559e-02 -9.946987464683625380e-01
9.478737749619826902e-02 -2.569360358334592948e-02 -9.951659118988299690e-01
9.007825937304471398e-02 -2.553302320719865251e-02 -9.956073384204175980e-01
8.539523728489176180e-02 -2.538658684471510607e-02 -9.960236819770388328e-01
8.073584690392732188e-02 -2.525430681973195660e-02 -9.964155475567377795e-01
7.609761413547307118e-02 -2.513619250068639330e-02 -9.967834897057269439e-01
7.147805632603218551e-02 -2.503225032859090690e-02 -9.971280129989900098e-01
6.687468344600527859e-02 -2.494248384284197123e-02 -9.974495724663443585e-01
6.228499924947984712e-02 -2.486689370486111147e-02 -9.977485739729974323e-01
5.770650241348767445e-02 -2.480547771956699565e-02 -9.980253745537733812e-01
5.313668765911485486e-02 -2.475823085467739743e-02 -9.982802827003206536e-01
4.857304685683923318e-02 -2.472514525783984368e-02 -9.985135586007494179e-01
4.401307011846129075e-02 -2.470621027158969793e-02 -9.987254143312784826e-01
3.945424687798632785e-02 -2.470141244613436107e-02 -9.989160139996036136e-01
3.489582825347835315e-02 -2.469316753325355787e-02 -9.990858466848782093e-01
3.033854539900390085e-02 -2.468147944261887133e-02 -9.992349061326386561e-01
2.578312886325880710e-02 -2.466635284908147083e-02 -9.993631980923556313e-01
2.123030831405778307e-02 -2.464779319138478419e-02 -9.994707402909964733e-01
1.668081226357222280e-02 -2.462580667034671572e-02 -9.995575623975367918e-01
1.213536779461216186e-02 -2.460040024651400856e-02 -9.996237059784665036e-01
7.594700288246141601e-03 -2.457158163729209963e-02 -9.996692244443456943e-01
3.059533153050006393e-03 -2.453935931355456443e-02 -9.996941829874768093e-01
-1.469412443727448683e-03 -2.450374249573699509e-02 -9.996986585107719980e-01
-5.991417842797839080e-03 -2.446474114942089051e-02 -9.996827395479049860e-01
-1.050576715698555916e-02 -2.442236598041383835e-02 -9.996465261748481712e-01
-1.501174753262384497e-02 -2.437662842933300059e-02 -9.995901299129053008e-01
-1.950864940792439162e-02 -2.432754066569958393e-02 -9.995136736233630748e-01
-2.399576676805593653e-02 -2.427511558155264967e-02 -9.994172913938917935e-01
-2.847239739667332264e-02 -2.421936678459129383e-02 -9.993011284168387132e-01
-3.293784312364500533e-02 -2.416030859085481486e-02 -9.991653408595646546e-01
-3.739141006873383799e-02 -2.409795601695118028e-02 -9.990100957269858473e-01
-4.183240888099333532e-02 -2.403232477184459592e-02 -9.988355707164898734e-01
-4.626015497364912438e-02 -2.396343124821363399e-02 -9.986419540654057903e-01
-5.067396875424343833e-02 -2.389129251339188256e-02 -9.984294443912149486e-01
-5.507317584982883429e-02 -2.381592629990359963e-02 -9.981982505246970172e-01
-5.945710732700590362e-02 -2.373735099560734738e-02 -9.979485913362149407e-01
-6.382509990660874266e-02 -2.365558563346106813e-02 -9.976806955553473300e-01
-6.817649617285126418e-02 -2.357064988092247293e-02 -9.973948015840854442e-01
-7.251064477675672748e-02 -2.348256402899905407e-02 -9.970911573038170328e-01
-7.682690063370273270e-02 -2.339134898096239396e-02 -9.967700198763254082e-01
-8.112462511492372907e-02 -2.329702624074178260e-02 -9.964316555390381192e-01
-8.540318623282325272e-02 -2.319961790101252724e-02 -9.960763393947635880e-01
-8.966195881995822625e-02 -2.309914663099458393e-02 -9.957043551961584082e-01
-9.390032470156819966e-02 -2.299563566397739081e-02 -9.953159951251742132e-01
-9.811767286153265377e-02 -2.288910878458709497e-02 -9.949115595677324730e-01
-1.023133996016503816e-01 -2.277959031581245491e-02 -9.944913568838835705e-01
-1.064869086941452186e-01 -2.266710510580595417e-02 -9.940557031737042859e-01
-1.106376115273133565e-01 -2.255167851447677230e-02 -9.936049220391939274e-01
-1.147649272442379798e-01 -2.243333639989234310e-02 -9.931393443424285650e-01
-1.188682828745077635e-01 -2.231210510450535450e-02 -9.926593079602348269e-01
-1.229471134588862175e-01 -2.218801144122305863e-02 -9.921651575356451591e-01
-1.270008621668897719e-01 -2.206108267933579864e-02 -9.916572442263980047e-01
-1.310289804072426179e-01 -2.193134653032161041e-02 -9.911359254507442484e-01
-1.350309279311871780e-01 -2.179883113354378482e-02 -9.906015646308216072e-01
-1.390061729286388714e-01 -2.166356504185814463e-02 -9.900545309338589783e-01
-1.429541921171847141e-01 -2.152557720714672052e-02 -9.894951990114682072e-01
-1.468744708239345109e-01 -2.138489696579439284e-02 -9.889239487372827320e-01
-1.507665030602439726e-01 -2.124155402412492011e-02 -9.883411649431966817e-01
-1.546297915893382058e-01 -2.109557844381257027e-02 -9.877472371544583352e-01
-1.584638479868740735e-01 -2.094700062728542533e-02 -9.871425593238670748e-01
-1.622681926944884445e-01 -2.079585130313614527e-02 -9.865275295653206378e-01
-1.660423550663891190e-01 -2.064216151155580381e-02 -9.859025498869545823e-01
-1.697858734090534061e-01 -2.048596258980606849e-02 -9.852680259241144434e-01
-1.734982950141082669e-01 -2.032728615774477554e-02 -9.846243666723929477e-01
-1.771791761844737634e-01 -2.016616410341959612e-02 -9.839719842209639911e-01
-1.808280822538600174e-01 -2.000262856874418516e-02 -9.833112934864373100e-01
-1.844445875997150208e-01 -1.983671193527087456e-02 -9.826427119474547833e-01
-1.880282756497285712e-01 -1.966844681007357334e-02 -9.819666593802415244e-01
-1.915787388820040238e-01 -1.949786601175420436e-02 -9.812835575953227085e-01
-1.950955788190169848e-01 -1.932500255658558055e-02 -9.805938301756073061e-01
-1.985784060154859310e-01 -1.914988964480325573e-02 -9.798979022160376751e-01
-2.020268400402862596e-01 -1.897256064705844444e-02 -9.791962000649950815e-01
-2.054405094525448006e-01 -1.879304909104367524e-02 -9.784891510676460014e-01
-2.088190517720572570e-01 -1.861138864830243558e-02 -9.777771833114082822e-01
-2.121621134441763479e-01 -1.842761312123357767e-02 -9.770607253737078057e-01
-2.154693497993231399e-01 -1.824175643030084490e-02 -9.763402060721916298e-01
-2.187404250072782497e-01 -1.805385260145737913e-02 -9.756160542175552619e-01
-2.219750120264138982e-01 -1.786393575379463181e-02 -9.748886983691364971e-01
-2.251727925480318804e-01 -1.767204008742461266e-02 -9.741585665934188176e-01
-2.283334569359750099e-01 -1.747819987160394162e-02 -9.734260862255839086e-01
-2.314567041616839016e-01 -1.728244943310769735e-02 -9.726916836342422990e-01
-2.345422417348726751e-01 -1.708482314486054962e-02 -9.719557839894671369e-01
-2.375897856300001887e-01 -1.688535541483223226e-02 -9.712188110342471203e-01
-2.405990602087156038e-01 -1.668408067520388283e-02 -9.704811868594689361e-01
-2.435697981384582211e-01 -1.648103337181131695e-02 -9.697433316825316840e-01
-2.465017403073940239e-01 -1.627624795387083018e-02 -9.690056636296899839e-01
-2.493946357358715615e-01 -1.606975886399264128e-02 -9.682685985222145852e-01
-2.522482414845815812e-01 -1.586160052848661559e-02 -9.675325496664535230e-01
-2.550623225596047039e-01 -1.565180734796444220e-02 -9.667979276478695372e-01
-2.578366518145322472e-01 -1.544041368824197215e-02 -9.660651401291231455e-01
-2.605710098498454363e-01 -1.522745387154497525e-02 -9.653345916522649839e-01
-2.632651849097372709e-01 -1.501296216802111040e-02 -9.646066834450933714e-01
-2.659189727765618461e-01 -1.479697278756046327e-02 -9.638818132317282794e-01
-2.685321766630945906e-01 -1.457951987192657173e-02 -9.631603750474460046e-01
-2.711046071027863325e-01 -1.436063748719941871e-02 -9.624427590578128466e-01
-2.736360818381921578e-01 -1.414035961653146468e-02 -9.617293513821510986e-01
-2.761264257077558626e-01 -1.391872015321736662e-02 -9.610205339213646614e-01
-2.785754705311278001e-01 -1.369575289407762297e-02 -9.603166841901457085e-01
-2.809830549931935373e-01 -1.347149153315600582e-02 -9.596181751535789450e-01
-2.833490245269872365e-01 -1.324596965573023380e-02 -9.589253750681558941e-01
-2.856732311956627912e-01 -1.301922073263499062e-02 -9.582386473272043181e-01
-2.879555335736926902e-01 -1.279127811489600211e-02 -9.575583503107363281e-01
-2.901957966274620326e-01 -1.256217502867353931e-02 -9.568848372397106283e-01
-2.923938915954228390e-01 -1.233194457051339094e-02 -9.562184560347039008e-01
-2.945496958679705846e-01 -1.210061970290298231e-02 -9.555595491789787843e-01
-2.966630928672024381e-01 -1.186823325013001799e-02 -9.549084535859335698e-01
-2.987339719267124716e-01 -1.163481789444071809e-02 -9.542655004709155175e-01
-3.007622281715777723e-01 -1.140040617249439212e-02 -9.536310152273747009e-01
-3.027477623986840061e-01 -1.116503047211083940e-02 -9.530053173073326223e-01
-3.046904809575371464e-01 -1.092872302930676838e-02 -9.523887201061367325e-01
-3.065902956317038131e-01 -1.069151592561715797e-02 -9.517815308514696593e-01
-3.084471235210193285e-01 -1.045344108569725219e-02 -9.511840504965773935e-01
-3.102608869246988310e-01 -1.021453027520060827e-02 -9.505965736176796854e-01
-3.120315132254828927e-01 -9.974815098928399917e-03 -9.500193883155235719e-01
-3.137589347749460411e-01 -9.734326999244969497e-03 -9.494527761210371786e-01
-3.154430887800918626e-01 -9.493097254754378003e-03 -9.488970119050410545e-01
-3.170839171913547028e-01 -9.251156979232543973e-03 -9.483523637919702987e-01
-3.186813665921246486e-01 -9.008537120809338716e-03 -9.478190930775618472e-01
-3.202353880899077576e-01 -8.765268461394850816e-03 -9.472974541504564083e-01
-3.217459372092298930e-01 -8.521381616343845500e-03 -9.467876944176663034e-01
-3.232129737863886354e-01 -8.276907034352307471e-03 -9.462900542338582577e-01
-3.246364618661534696e-01 -8.031874997579794423e-03 -9.458047668343981806e-01
-3.260163696005104472e-01 -7.786315621991192308e-03 -9.453320582721063126e-01
-3.273526691495436958e-01 -7.540258857911335058e-03 -9.448721473576683350e-01
-3.286453365845422026e-01 -7.293734490785836085e-03 -9.444252456036499321e-01
-3.298943517934155301e-01 -7.046772142141367878e-03 -9.439915571720596255e-01
-3.310996983884993972e-01 -6.799401270738521068e-03 -9.435712788254062566e-01
-3.322613636168267326e-01 -6.551651173910283225e-03 -9.431645998811968301e-01
-3.333793382729369759e-01 -6.303550989079096181e-03 -9.427717021698202027e-01
-3.344536166142912936e-01 -6.055129695445376874e-03 -9.423927599957636625e-01
-3.354841962793587151e-01 -5.806416115840303503e-03 -9.420279401021081078e-01
-3.364710782084329721e-01 -5.557438918735635794e-03 -9.416774016382496448e-01
-3.374142665672372754e-01 -5.308226620403250565e-03 -9.413412961307942028e-01
-3.383137686733692084e-01 -5.058807587217065138e-03 -9.410197674575752069e-01
-3.391695949256348097e-01 -4.809210038089949991e-03 -9.407129518247419053e-01
-3.399817587363169746e-01 -4.559462047038220778e-03 -9.404209777468697240e-01
-3.407502764664194217e-01 -4.309591545866262551e-03 -9.401439660300435763e-01
-3.414751673639240814e-01 -4.059626326963832951e-03 -9.398820297578657224e-01
-3.421564535050956590e-01 -3.809594046208559896e-03 -9.396352742803428804e-01
-3.427941597388637351e-01 -3.559522225966159272e-03 -9.394037972056066277e-01
-3.433883136343092723e-01 -3.309438258180882973e-03 -9.391876883944231258e-01
-3.439389454312787864e-01 -3.059369407548723219e-03 -9.389870299574500923e-01
-3.444460879941455556e-01 -2.809342814765899109e-03 -9.388018962551999413e-01
-3.449097767687343552e-01 -2.559385499845169120e-03 -9.386323539006690142e-01
-3.453300497424223181e-01 -2.309524365492532372e-03 -9.384784617645955951e-01
-3.457069474074257465e-01 -2.059786200536905740e-03 -9.383402709833099653e-01
-3.460405127272783710e-01 -1.810197683405392541e-03 -9.382178249691416339e-01
-3.463307911065040545e-01 -1.560785385636786690e-03 -9.381111594233506601e-01
-3.465778303634837743e-01 -1.311575775426001992e-03 -9.380203023515524263e-01
-3.467816807065126072e-01 -1.062595221192149395e-03 -9.379452740816042189e-01
-3.469423947130401698e-01 -8.138699951630351450e-04 -9.378860872839279716e-01
-3.470600273120846291e-01 -5.654262769689015391e-04 -9.378427469942408612e-01
-3.471346357698065765e-01 -3.172901572382819850e-04 -9.378152506386701059e-01
-3.471662796782273852e-01 -6.948764118890483465e-05 -9.378035880612293207e-01
-3.471550209470721238e-01 1.779553477933661955e-04 -9.378077415536342221e-01
-3.471009237987153218e-01 4.250129645944964027e-04 -9.378276858874392552e-01
-3.470040547662042729e-01 6.716594388380273464e-04 -9.378633883484771561e-01
-3.468644826943318438e-01 9.178690713834123955e-04 -9.379148087735843520e-01
-3.466822787437279785e-01 1.163616230863671408e-03 -9.379818995895990996e-01
-3.464575163979361494e-01 1.408875350269017321e-03 -9.380646058546183719e-01
-3.461902714734380049e-01 1.653620923583027941e-03 -9.381628653015030572e-01
-3.458806221325873009e-01 1.897827502477848326e-03 -9.382766083836204807e-01
-3.455286488994107619e-01 2.141469693074825840e-03 -9.384057583228170296e-01
-3.451344346782312389e-01 2.384522152776883622e-03 -9.385502311596135572e-01
-3.446980647750659266e-01 2.626959587178848404e-03 -9.387099358056176790e-01
-3.442196269217493443e-01 2.868756747061848664e-03 -9.388847740981491885e-01
-3.436992113027286799e-01 3.109888425477797848e-03 -9.390746408570757042e-01
-3.431369105844762624e-01 3.350329454929873267e-03 -9.392794239438563286e-01
-3.425328199474612090e-01 3.590054704654797695e-03 -9.394990043227928744e-01
-3.418870371206206293e-01 3.829039078012608319e-03 -9.397332561244893245e-01
-3.411996624182668802e-01 4.067257509989498886e-03 -9.399820467115207467e-01
-3.404707987793666457e-01 4.304684964819189413e-03 -9.402452367463137728e-01
-3.397005518091233967e-01 4.541296433728164716e-03 -9.405226802612417503e-01
-3.388890298227941744e-01 4.777066932809994129e-03 -9.408142247309391193e-01
-3.380363438916681451e-01 5.011971501033816480e-03 -9.411197111468383447e-01
-3.371426078911322621e-01 5.245985198391947719e-03 -9.414389740939356210e-01
-3.362079385507475426e-01 5.479083104191420292e-03 -9.417718418297896799e-01
-3.352324555062568545e-01 5.711240315494138867e-03 -9.421181363657608054e-01
-3.342162813534432231e-01 5.942431945710184397e-03 -9.424776735504949432e-01
-3.331595417037550577e-01 6.172633123348654494e-03 -9.428502631556605618e-01
-3.320623652416132554e-01 6.401818990930272825e-03 -9.432357089639433756e-01
-3.309248837833124179e-01 6.629964704065854572e-03 -9.436338088593057005e-01
-3.297472323374269765e-01 6.857045430704547528e-03 -9.440443549195174366e-01
-3.285295491666306300e-01 7.083036350555604529e-03 -9.444671335109634525e-01
-3.272719758508360055e-01 7.307912654687294569e-03 -9.449019253857331435e-01
-3.259746573515589496e-01 7.531649545306353527e-03 -9.453485057809983827e-01
-3.246377420774108624e-01 7.754222235721243590e-03 -9.458066445206826378e-01
-3.232613819506199304e-01 7.975605950492271889e-03 -9.462761061194268075e-01
-3.218457324744812831e-01 8.195775925771470530e-03 -9.467566498888534410e-01
-3.203909528016335440e-01 8.414707409834912971e-03 -9.472480300461324498e-01
-3.188972058030581924e-01 8.632375663809999447e-03 -9.477499958248489786e-01
-3.173646581376968201e-01 8.848755962600009933e-03 -9.482622915881727677e-01
-3.157934803225796450e-01 9.063823596008024550e-03 -9.487846569443294520e-01
-3.141838468033567033e-01 9.277553870062146477e-03 -9.493168268643690233e-01
-3.125359360251236396e-01 9.489922108543703133e-03 -9.498585318022285673e-01
-3.108499305034302385e-01 9.700903654719924413e-03 -9.504094978170836150e-01
-3.091260168953615106e-01 9.910473873282374738e-03 -9.509694466979797811e-01
-3.073643860705775332e-01 1.011860815249218670e-02 -9.515380960907363628e-01
-3.055652331821991363e-01 1.032528190653292550e-02 -9.521151596271100193e-01
-3.037287577374247483e-01 1.053047057807169826e-02 -9.527003470562060983e-01
-3.018551636677633820e-01 1.073414964102886206e-02 -9.532933643781217325e-01
-2.999446593987675214e-01 1.093629460355649563e-02 -9.538939139798031652e-01
-2.979974579191498330e-01 1.113688101122552003e-02 -9.545016947730979862e-01
-2.960137768491666876e-01 1.133588445042112494e-02 -9.551164023349799637e-01
-2.939938385081510841e-01 1.153328055194594026e-02 -9.557377290499210476e-01
-2.919378699810777356e-01 1.172904499483011335e-02 -9.563653642543841205e-01
-2.898461031840426916e-01 1.192315351034720604e-02 -9.569989943834058543e-01
-2.877187749285395890e-01 1.211558188623460333e-02 -9.576383031192376993e-01
-2.855561269844154593e-01 1.230630597111683974e-02 -9.582829715420082550e-01
-2.833584061413887412e-01 1.249530167913001123e-02 -9.589326782823696105e-01
-2.811258642690125376e-01 1.268254499474518425e-02 -9.595870996760855753e-01
-2.788587583749669307e-01 1.286801197778843393e-02 -9.602459099205179482e-01
-2.765573506615647270e-01 1.305167876865492155e-02 -9.609087812329625278e-01
-2.742219085803553891e-01 1.323352159371412283e-02 -9.615753840107845729e-01
-2.718527048847139693e-01 1.341351677090307608e-02 -9.622453869932996451e-01
-2.694500176803012459e-01 1.359164071550426553e-02 -9.629184574253433215e-01
-2.670141304732840393e-01 1.376786994610446763e-02 -9.635942612224679404e-01
-2.645453322162053533e-01 1.394218109073065356e-02 -9.642724631377045386e-01
-2.620439173513952613e-01 1.411455089315877091e-02 -9.649527269298218135e-01
-2.595101858518158999e-01 1.428495621939096343e-02 -9.656347155330119447e-01
-2.569444432592347116e-01 1.445337406429653138e-02 -9.663180912279296653e-01
-2.543470007196235172e-01 1.461978155841169545e-02 -9.670025158140080901e-01
-2.517181750156812781e-01 1.478415597489294957e-02 -9.676876507829703655e-01
-2.490582885963824045e-01 1.494647473661855908e-02 -9.683731574934537623e-01
-2.463676696034539926e-01 1.510671542343249366e-02 -9.690586973466592813e-01
-2.436466518946880100e-01 1.526485577952486038e-02 -9.697439319629362897e-01
-2.408955750639977522e-01 1.542087372094265267e-02 -9.704285233592093718e-01
-2.381147844581300299e-01 1.557474734322439498e-02 -9.711121341271503615e-01
-2.353046311899483212e-01 1.572645492915203738e-02 -9.717944276119954150e-01
-2.324654721482049546e-01 1.587597495661322369e-02 -9.724750680919050927e-01
-2.295976700037239138e-01 1.602328610656685026e-02 -9.731537209577614256e-01
-2.267015932119192667e-01 1.616836727110461044e-02 -9.738300528932920530e-01
-2.237776160115780011e-01 1.631119756160100132e-02 -9.745037320554116311e-01
-2.208261184198399008e-01 1.645175631694412166e-02 -9.751744282546648268e-01
-2.178474862233109322e-01 1.659002311183932488e-02 -9.758418131356539904e-01
-2.148421109652506600e-01 1.672597776517767074e-02 -9.765055603573323806e-01
-2.118103899287788749e-01 1.685960034846093608e-02 -9.771653457730402614e-01
-2.087527261160502245e-01 1.699087119427472592e-02 -9.778208476101600821e-01
-2.056695282233510502e-01 1.711977090480115704e-02 -9.784717466492635074e-01
-2.025612106120763256e-01 1.724628036036238848e-02 -9.791177264026224014e-01
-1.994281932755500863e-01 1.737038072798611707e-02 -9.797584732919527584e-01
-1.962709018016569607e-01 1.749205346998411806e-02 -9.803936768252591305e-01
-1.930897673312579332e-01 1.761128035253470281e-02 -9.810230297726463267e-01
-1.898852265123679994e-01 1.772804345425992023e-02 -9.816462283409623790e-01
-1.866577214500787507e-01 1.784232517478823166e-02 -9.822629723471363317e-01
-1.834076996522141234e-01 1.795410824329329164e-02 -9.828729653900739605e-01
-1.801356139707128434e-01 1.806337572699945326e-02 -9.834759150209710921e-01
-1.768419225387363458e-01 1.817011103964447441e-02 -9.840715329119075205e-01
-1.735270887035064435e-01 1.827429794988998102e-02 -9.846595350225795240e-01
-1.701915809548824599e-01 1.837592058967011180e-02 -9.852396417650320926e-01
-1.668358728496930898e-01 1.847496346246883803e-02 -9.858115781662506460e-01
-1.634604429318437246e-01 1.857141145151639319e-02 -9.863750740284712437e-01
-1.600657746482255783e-01 1.866524982789530621e-02 -9.869298640870698414e-01
-1.566523562604584807e-01 1.875646425854657351e-02 -9.874756881658915963e-01
-1.532206807525048897e-01 1.884504081416647422e-02 -9.880122913298805543e-01
-1.497712457341980885e-01 1.893096597698471634e-02 -9.885394240348729378e-01
-1.463045533407334176e-01 1.901422664841454641e-02 -9.890568422744168142e-01
-1.428211101281763318e-01 1.909481015656564959e-02 -9.895643077234831386e-01
-1.393214269650474013e-01 1.917270426361070493e-02 -9.900615878789348345e-01
-1.358060189200489820e-01 1.924789717299662736e-02 -9.905484561966209078e-01
-1.322754051460043045e-01 1.932037753649161471e-02 -9.910246922249675849e-01
-1.287301087600848382e-01 1.939013446105929822e-02 -9.914900817349375783e-01
-1.251706567204070031e-01 1.945715751555146186e-02 -9.919444168462326905e-01
-1.215975796990845237e-01 1.952143673721095513e-02 -9.923874961496174096e-01
-1.180114119518277799e-01 1.958296263797659059e-02 -9.928191248252443701e-01
-1.144126911841866490e-01 1.964172621058210555e-02 -9.932391147568648826e-01
-1.108019584145378128e-01 1.969771893444138139e-02 -9.936472846418110683e-01
-1.071797578339226537e-01 1.975093278131243024e-02 -9.940434600966410184e-01
-1.035466366628461365e-01 1.980136022073284222e-02 -9.944274737583402857e-01
-9.990314500515161400e-02 1.984899422521968840e-02 -9.947991653809779011e-01
-9.624983569909094372e-02 1.989382827522711769e-02 -9.951583819277194376e-01
-9.258726416571309847e-02 1.993585636385517001e-02 -9.955049776581028631e-01
-8.891598825469873568e-02 1.997507300130363719e-02 -9.958388142104888097e-01
-8.523656808777173299e-02 2.001147321906507001e-02 -9.961597606795998816e-01
-8.154956589982235993e-02 2.004505257385139419e-02 -9.964676936890700665e-01
-7.785554587788018344e-02 2.007580715124887907e-02 -9.967624974589284204e-01
-7.415507399807783062e-02 2.010373356909655324e-02 -9.970440638679481937e-01
-7.044871786074997921e-02 2.012882898058349426e-02 -9.973122925107962278e-01
-6.673704652381427793e-02 2.015109107706078775e-02 -9.975670907499236684e-01
-6.302063033458386865e-02 2.017051809056429057e-02 -9.978083737621437077e-01
-5.930004076016312520e-02 2.018710879604468378e-02 -9.980360645798487251e-01
-5.557585021658055513e-02 2.020086251330172750e-02 -9.982500941268236394e-01
-5.184863189681437889e-02 2.021177910861992125e-02 -9.984504012486188351e-01
-4.811895959786808424e-02 2.021985899610323489e-02 -9.986369327374516880e-01
-4.438740754705450958e-02 2.022510313870690829e-02 -9.988096433516109318e-01
-4.065455022764804388e-02 2.022751304896471328e-02 -9.989684958293454375e-01
-3.692096220406548834e-02 2.022709078941048802e-02 -9.991134608972227493e-01
-3.318721794673652747e-02 2.022383897269311795e-02 -9.992445172729517155e-01
-2.945389165682529148e-02 2.021776076138454004e-02 -9.993616516626664392e-01
-2.572155709096435663e-02 2.020885986748073918e-02 -9.994648587526767658e-01
-2.199078738616252679e-02 2.019714055159610791e-02 -9.995541411956962996e-01
-1.826215488504712853e-02 2.018260762185193277e-02 -9.996295095915641582e-01
-1.453623096160101304e-02 2.016526643246013828e-02 -9.996909824624836682e-01
-1.081358584755340822e-02 2.014512288200382903e-02 -9.997385862228062026e-01
-7.094788459582604054e-03 2.012218341141657624e-02 -9.997723551433950195e-01
-3.380406227487029076e-03 2.009645500166270735e-02 -9.997923313106092946e-01
3.289950765204326805e-04 2.006794517112131873e-02 -9.997985645799546406e-01
4.032851507241953792e-03 2.003666197267702995e-02 -9.997911125244518527e-01
7.730601114497307608e-03 2.000261399052090730e-02 -9.997700403777816103e-01
1.142168410955109008e-02 1.996581033666532806e-02 -9.997354209722671969e-01
1.510554302981880793e-02 1.992626064717690701e-02 -9.996873346717648490e-01
1.878162290170891022e-02 1.988397507813194701e-02 -9.996258692995345640e-01
2.244937140146085336e-02 1.983896430129920146e-02 -9.995511200611696401e-01
2.610823901384255047e-02 1.979123949955510081e-02 -9.994631894626700985e-01
2.975767918857398497e-02 1.974081236203684489e-02 -9.993621872237468118e-01
3.339714849434741867e-02 1.968769507903913099e-02 -9.992482301864511474e-01
3.702610677031845793e-02 1.963190033666054740e-02 -9.991214422192269407e-01
4.064401727494618838e-02 1.957344131120592259e-02 -9.989819541164871586e-01
4.425034683206476721e-02 1.951233166335126709e-02 -9.988299034938221688e-01
4.784456597407321654e-02 1.944858553207811508e-02 -9.986654346789490821e-01
5.142614908213452574e-02 1.938221752838437464e-02 -9.984886985985168550e-01
5.499457452327987522e-02 1.931324272877901413e-02 -9.982998526608851675e-01
5.854932478431841558e-02 1.924167666856811329e-02 -9.980990606349972039e-01
6.208988660245794156e-02 1.916753533494006123e-02 -9.978864925254725682e-01
6.561575109254673410e-02 1.909083515985780799e-02 -9.976623244440454563e-01
6.912641387085190214e-02 1.901159301276631255e-02 -9.974267384774806455e-01
7.262137517529457242e-02 1.892982619312347931e-02 -9.971799225520980858e-01
7.610013998206771602e-02 1.884555242276299628e-02 -9.969220702950426505e-01
7.956221811856740989e-02 1.875878983809766559e-02 -9.966533808924357141e-01
8.300712437257383447e-02 1.866955698217190665e-02 -9.963740589445480023e-01
8.643437859762363729e-02 1.857787279657222013e-02 -9.960843143181346004e-01
8.984350581452063556e-02 1.848375661320452931e-02 -9.957843619960742299e-01
9.323403630893736804e-02 1.838722814594733607e-02 -9.954744219244574532e-01
9.660550572506534928e-02 1.828830748218973623e-02 -9.951547188572676950e-01
9.995745515527740266e-02 1.818701507426333588e-02 -9.948254821988008478e-01
1.032894312257708613e-01 1.808337173077723473e-02 -9.944869458439697940e-01
1.066009861781658102e-01 1.797739860786513877e-02 -9.941393480166408336e-01
1.098916779470379690e-01 1.786911720035377210e-02 -9.937829311061481263e-01
1.131610702333712970e-01 1.775854933286169501e-02 -9.934179415021334725e-01
1.164087325739204676e-01 1.764571715083762884e-02 -9.930446294278578723e-01
1.196342404064788534e-01 1.753064311154734975e-02 -9.926632487721310794e-01
1.228371751310527726e-01 1.741334997501814419e-02 -9.922740569200046989e-01
1.260171241669478526e-01 1.729386079494981548e-02 -9.918773145823734927e-01
1.291736810057785567e-01 1.717219890960105730e-02 -9.914732856246289971e-01
1.323064452604165719e-01 1.704838793266004113e-02 -9.910622368945075644e-01
1.354150227098991910e-01 1.692245174410784633e-02 -9.906444380492746005e-01
1.384990253403229343e-01 1.679441448108334040e-02 -9.902201613823844450e-01
1.415580713817527758e-01 1.666430052875795403e-02 -9.897896816497541161e-01
1.445917853411818055e-01 1.653213451122867092e-02 -9.893532758957869211e-01
1.475997980315804925e-01 1.639794128243738519e-02 -9.889112232792804935e-01
1.505817465970791247e-01 1.626174591712469322e-02 -9.884638048993515946e-01
1.535372745343309975e-01 1.612357370182592245e-02 -9.880113036215066868e-01
1.564660317101083109e-01 1.598345012591713410e-02 -9.875540039039866214e-01
1.593676743751863134e-01 1.584140087271857650e-02 -9.870921916245105621e-01
1.622418651745750895e-01 1.569745181066291642e-02 -9.866261539075404929e-01
1.650882731541620796e-01 1.555162898453535912e-02 -9.861561789521865462e-01
1.679065737638318345e-01 1.540395860679260112e-02 -9.856825558608707238e-01
1.706964488571327820e-01 1.525446704896729101e-02 -9.852055744688613670e-01
1.734575866875639194e-01 1.510318083316452079e-02 -9.847255251747901728e-01
1.761896819015574545e-01 1.495012662365659793e-02 -9.842426987722600051e-01
1.788924355282362211e-01 1.479533121858214902e-02 -9.837573862826467508e-01
1.815655549660271373e-01 1.463882154175536951e-02 -9.832698787891982484e-01
1.842087539662149998e-01 1.448062463459100051e-02 -9.827804672725271029e-01
1.868217526135226292e-01 1.432076764815034924e-02 -9.822894424475937525e-01
1.894042773038060734e-01 1.415927783531347427e-02 -9.817970946022696044e-01
1.919560607189552959e-01 1.399618254308236664e-02 -9.813037134375698356e-01
1.944768417990929699e-01 1.383150920501972740e-02 -9.808095879096399017e-01
1.969663657121650535e-01 1.366528533382770777e-02 -9.803150060735774662e-01
1.994243838210193742e-01 1.349753851407068869e-02 -9.798202549291673558e-01
2.018506536480686175e-01 1.332829639504596111e-02 -9.793256202686041467e-01
2.042449388376365027e-01 1.315758668380590315e-02 -9.788313865262735503e-01
2.066070091160860656e-01 1.298543713833497787e-02 -9.783378366306602070e-01
2.089366402498304687e-01 1.281187556088465851e-02 -9.778452518584459519e-01
2.112336140013272301e-01 1.263692979146910193e-02 -9.773539116908591673e-01
2.134977180831574561e-01 1.246062770152415664e-02 -9.768640936723340662e-01
2.157287461102922188e-01 1.228299718773204208e-02 -9.763760732715318635e-01
2.179264975506482183e-01 1.210406616601378098e-02 -9.758901237447767940e-01
2.200907776740353705e-01 1.192386256569121297e-02 -9.754065160019531611e-01
2.222213974995990438e-01 1.174241432382019945e-02 -9.749255184749086034e-01
2.243181737418591393e-01 1.155974937969635533e-02 -9.744473969884048792e-01
2.263809287554483241e-01 1.137589566953442141e-02 -9.739724146336536936e-01
2.284094904786514446e-01 1.119088112132216387e-02 -9.735008316444732079e-01
2.304036923758474020e-01 1.100473364984942866e-02 -9.730329052760977593e-01
2.323633733789541578e-01 1.081748115191277088e-02 -9.725688896866688804e-01
2.342883778279772067e-01 1.062915150169585835e-02 -9.721090358214357074e-01
2.361785554107604934e-01 1.043977254632559928e-02 -9.716535912996868696e-01
2.380337611020383326e-01 1.024937210160375457e-02 -9.712028003044356206e-01
2.398538551018853382e-01 1.005797794791358363e-02 -9.707569034748767534e-01
2.416387027736606741e-01 9.865617826300829979e-03 -9.703161378016308403e-01
2.433881745815413555e-01 9.672319434728203491e-03 -9.698807365247889001e-01
2.451021460277381936e-01 9.478110424502268067e-03 -9.694509290347694819e-01
2.467804975894866137e-01 9.283018396871487582e-03 -9.690269407759954934e-01
2.484231146559026382e-01 9.087070899793971146e-03 -9.686089931533991004e-01
2.500298874647934877e-01 8.890295424873283572e-03 -9.681973034417572510e-01
2.516007110395098723e-01 8.692719404460529098e-03 -9.677920846978620428e-01
2.531354851259255967e-01 8.494370208920697801e-03 -9.673935456755253792e-01
2.546341141296286081e-01 8.295275144061160094e-03 -9.670018907434165811e-01
2.560965070534049204e-01 8.095461448719976083e-03 -9.666173198057304017e-01
2.575225774350962116e-01 7.894956292511572105e-03 -9.662400282256807804e-01
2.589122432859083944e-01 7.693786773727164137e-03 -9.658702067518132317e-01
2.602654270292476535e-01 7.491979917387179416e-03 -9.655080414471287620e-01
2.615820554401578346e-01 7.289562673442780139e-03 -9.651537136210103229e-01
2.628620595854308517e-01 7.086561915123457817e-03 -9.648073997639405874e-01
2.641053747644599992e-01 6.883004437427557576e-03 -9.644692714849997239e-01
2.653119404509032830e-01 6.678916955752451159e-03 -9.641394954521308458e-01
2.664817002352224407e-01 6.474326104660968993e-03 -9.638182333351580366e-01
2.676146017681600986e-01 6.269258436780602781e-03 -9.635056417515434068e-01
2.687105967052159650e-01 6.063740421831865200e-03 -9.632018722148666390e-01
2.697696406521803980e-01 5.857798445782116947e-03 -9.629070710860107019e-01
2.707916931117812509e-01 5.651458810121058607e-03 -9.626213795270361917e-01
2.717767174314972278e-01 5.444747731254012853e-03 -9.623449334577267589e-01
2.727246807525896544e-01 5.237691340009037466e-03 -9.620778635147871904e-01
2.736355539604006237e-01 5.030315681253816860e-03 -9.618202950136739426e-01
2.745093116359647034e-01 4.822646713618239898e-03 -9.615723479130406925e-01
2.753459320089773898e-01 4.614710309318472044e-03 -9.613341367817765937e-01
2.761453969121625551e-01 4.406532254078294325e-03 -9.611057707686193607e-01
2.769076917370771884e-01 4.198138247143412202e-03 -9.608873535743210903e-01
2.776328053913908467e-01 3.989553901384390588e-03 -9.606789834263466110e-01
2.783207302576733433e-01 3.780804743483829646e-03 -9.604807530560846018e-01
2.789714621537229822e-01 3.571916214203344365e-03 -9.602927496785488293e-01
2.795850002944643142e-01 3.362913668725891429e-03 -9.601150549745499641e-01
2.801613472554422835e-01 3.153822377068936540e-03 -9.599477450753168828e-01
2.807005089379375762e-01 2.944667524563944570e-03 -9.597908905495458054e-01
2.812024945357248229e-01 2.735474212397646238e-03 -9.596445563928581723e-01
2.816673165034934145e-01 2.526267458210515113e-03 -9.595088020196445022e-01
2.820949905269484748e-01 2.317072196747883492e-03 -9.593836812572760220e-01
2.824855354946062547e-01 2.107913280559107518e-03 -9.592692423426620874e-01
2.828389734712968839e-01 1.898815480740197311e-03 -9.591655279211348528e-01
2.831553296733846925e-01 1.689803487715320959e-03 -9.590725750476403189e-01
2.834346324457132638e-01 1.480901912052596386e-03 -9.589904151902172158e-01
2.836769132402814364e-01 1.272135285309597321e-03 -9.589190742357442954e-01
2.838822065966528641e-01 1.063528060904006447e-03 -9.588585724979370450e-01
2.840505501241002428e-01 8.551046150048694904e-04 -9.588089247275760618e-01
2.841819844854828192e-01 6.468892474399201087e-04 -9.587701401249484334e-01
2.842765533828534030e-01 4.389061826144727806e-04 -9.587422223544846966e-01
2.843343035447892242e-01 2.311795704374060821e-04 -9.587251695615742753e-01
2.843552847154381391e-01 2.373348724979136137e-05 -9.587189743915418561e-01
2.843395496452706395e-01 -1.834080632482434513e-04 -9.587236240107692709e-01
2.842871540835245625e-01 -3.902211490767869967e-04 -9.587391001299454540e-01
2.841981567723284030e-01 -5.966819090658840403e-04 -9.587653790294298206e-01
2.840726194424864626e-01 -8.027665519600258670e-04 -9.588024315867128555e-01
2.839106068109071845e-01 -1.008451355541626357e-03 -9.588502233059595925e-01
2.837121865796539133e-01 -1.213712665777666759e-03 -9.589087143496207721e-01
2.834774294365953184e-01 -1.418526895993634787e-03 -9.589778595720974685e-01
2.832064090576306148e-01 -1.622870526078828719e-03 -9.590576085554455288e-01
2.828992021104633214e-01 -1.826720101727028703e-03 -9.591479056471055031e-01
2.825558882598940835e-01 -2.030052233716478100e-03 -9.592486899996452987e-01
2.821765501746030802e-01 -2.232843597233045551e-03 -9.593598956125019006e-01
2.817612735353887676e-01 -2.435070931240365319e-03 -9.594814513757095042e-01
2.813101470448290953e-01 -2.636711037900685110e-03 -9.596132811156010689e-01
2.808232624383291687e-01 -2.837740782050063651e-03 -9.597553036424709694e-01
2.803007144965176112e-01 -3.038137090731485909e-03 -9.599074328001863110e-01
2.797426010589519341e-01 -3.237876952789379287e-03 -9.600695775177344737e-01
2.791490230390919480e-01 -3.436937418528922608e-03 -9.602416418626948946e-01
2.785200844404980280e-01 -3.635295599443456437e-03 -9.604235250966224324e-01
2.778558923742103226e-01 -3.832928668013203550e-03 -9.606151217323306568e-01
2.771565570772623333e-01 -4.029813857578421615e-03 -9.608163215930627388e-01
2.764221919322814025e-01 -4.225928462290001741e-03 -9.610270098735369526e-01
2.756529134881274823e-01 -4.421249837140432855e-03 -9.612470672028554652e-01
2.748488414815188352e-01 -4.615755398077947373e-03 -9.614763697092630901e-01
2.740100988595936538e-01 -4.809422622206553470e-03 -9.617147890867430160e-01
2.731368118033536962e-01 -5.002229048074550814e-03 -9.619621926634368547e-01
2.722291097519354830e-01 -5.194152276054020412e-03 -9.622184434718759061e-01
2.712871254276532640e-01 -5.385169968813658184e-03 -9.624834003210086530e-01
2.703109948617565816e-01 -5.575259851887204819e-03 -9.627569178700119412e-01
2.693008574208443084e-01 -5.764399714339615149e-03 -9.630388467038699662e-01
2.682568558338753184e-01 -5.952567409532976729e-03 -9.633290334107067476e-01
2.671791362197159514e-01 -6.139740855994064994e-03 -9.636273206608558795e-01
2.660678481151622643e-01 -6.325898038385307891e-03 -9.639335472876517930e-01
2.649231445033748966e-01 -6.511017008580786275e-03 -9.642475483699252115e-01
2.637451818426630457e-01 -6.695075886848780161e-03 -9.645691553161857001e-01
2.625341200955533805e-01 -6.878052863142232118e-03 -9.648981959504724371e-01
2.612901227580789465e-01 -7.059926198498359465e-03 -9.652344945998539982e-01
2.600133568892221136e-01 -7.240674226548523759e-03 -9.655778721835579503e-01
2.587039931404453985e-01 -7.420275355139314272e-03 -9.659281463037087123e-01
2.573622057852430478e-01 -7.598708068065659904e-03 -9.662851313376517037e-01
2.559881727486456038e-01 -7.775950926916663439e-03 -9.666486385318416863e-01
2.545820756366096171e-01 -7.951982573034675067e-03 -9.670184760972706517e-01
2.531440997652239511e-01 -8.126781729588005918e-03 -9.673944493064106087e-01
2.516744341896636761e-01 -8.300327203757520977e-03 -9.677763605916458456e-01
2.501732717328229438e-01 -8.472597889037201610e-03 -9.681640096451662458e-01
2.486408090135567295e-01 -8.643572767648630834e-03 -9.685571935202941241e-01
2.470772464744626917e-01 -8.813230913069181049e-03 -9.689557067342147167e-01
2.454827884091331514e-01 -8.981551492673567685e-03 -9.693593413720794638e-01
2.438576429888079933e-01 -9.148513770488243130e-03 -9.697678871924489963e-01
2.422020222883586593e-01 -9.314097110057971765e-03 -9.701811317340437446e-01
2.405161423115343977e-01 -9.478280977423779452e-03 -9.705988604237658635e-01
2.388002230154012973e-01 -9.641044944211297346e-03 -9.710208566859562795e-01
2.370544883339055775e-01 -9.802368690828384620e-03 -9.714469020528497811e-01
2.352791662004928286e-01 -9.962232009770748131e-03 -9.718767762761879592e-01
2.334744885697151440e-01 -1.012061480903412962e-02 -9.723102574399495879e-01
2.316406914377589776e-01 -1.027749711563147837e-02 -9.727471220741560343e-01
2.297780148618269458e-01 -1.043285907921336422e-02 -9.731871452697082869e-01
2.278867029783075704e-01 -1.058668097578974523e-02 -9.736301007942095298e-01
2.259670040196679053e-01 -1.073894321155103963e-02 -9.740757612087268535e-01
2.240191703300046522e-01 -1.088962632678631970e-02 -9.745238979854435879e-01
2.220434583791904282e-01 -1.103871099989627014e-02 -9.749742816261522949e-01
2.200401287755528734e-01 -1.118617805149842506e-02 -9.754266817815365753e-01
2.180094462770255925e-01 -1.133200844862204161e-02 -9.758808673711891757e-01
2.159516798007108107e-01 -1.147618330898982769e-02 -9.763366067043107721e-01
2.138671024307951252e-01 -1.161868390538358699e-02 -9.767936676010341435e-01
2.117559914247612030e-01 -1.175949167009071768e-02 -9.772518175143154462e-01
2.096186282178395255e-01 -1.189858819942835565e-02 -9.777108236523337492e-01
2.074552984256458343e-01 -1.203595525834181591e-02 -9.781704531013375448e-01
2.052662918449519036e-01 -1.217157478507384892e-02 -9.786304729488763954e-01
2.030519024525384020e-01 -1.230542889590110697e-02 -9.790906504073538796e-01
2.008124284020810224e-01 -1.243749988993407725e-02 -9.795507529378372213e-01
1.985481720190222232e-01 -1.256777025397663380e-02 -9.800105483740559897e-01
1.962594397933836443e-01 -1.269622266744121000e-02 -9.804698050465233683e-01
1.939465423704755664e-01 -1.282284000731550092e-02 -9.809282919067099371e-01
1.916097945394623914e-01 -1.294760535317649071e-02 -9.813857786512003578e-01
1.892495152197448960e-01 -1.307050199224746995e-02 -9.818420358457605746e-01
1.868660274451226233e-01 -1.319151342449364356e-02 -9.822968350492429224e-01
1.844596583457017436e-01 -1.331062336775177928e-02 -9.827499489372563124e-01
1.820307391275161890e-01 -1.342781576288930474e-02 -9.832011514255251106e-01
1.795796050498325858e-01 -1.354307477898813832e-02 -9.836502177928614365e-01
1.771065954001113385e-01 -1.365638481854845702e-02 -9.840969248036747219e-01
1.746120534665994983e-01 -1.376773052270754798e-02 -9.845410508299400343e-01
1.720963265085332650e-01 -1.387709677646879573e-02 -9.849823759725467864e-01
1.695597657239306111e-01 -1.398446871393579406e-02 -9.854206821819488926e-01
1.670027262149574310e-01 -1.408983172354652362e-02 -9.858557533780374360e-01
1.644255669508530304e-01 -1.419317145330246076e-02 -9.862873755691534683e-01
1.618286507284041054e-01 -1.429447381598745667e-02 -9.867153369701628929e-01
1.592123441299587161e-01 -1.439372499437116364e-02 -9.871394281195099429e-01
1.565770174789746505e-01 -1.449091144639176945e-02 -9.875594419951692071e-01
1.539230447930999002e-01 -1.458601991031274574e-02 -9.879751741294142686e-01
1.512508037347854717e-01 -1.467903740984832783e-02 -9.883864227223213561e-01
1.485606755594338357e-01 -1.476995125925240245e-02 -9.887929887539259610e-01
1.458530450610893148e-01 -1.485874906836547570e-02 -9.891946760949514861e-01
1.431283005156798738e-01 -1.494541874761440813e-02 -9.895912916160281014e-01
1.403868336218221935e-01 -1.502994851295959104e-02 -9.899826452953207623e-01
1.376290394392057637e-01 -1.511232689078426637e-02 -9.903685503244860078e-01
1.348553163245740649e-01 -1.519254272272070085e-02 -9.907488232128769390e-01
1.320660658653239616e-01 -1.527058517040797217e-02 -9.911232838899173281e-01
1.292616928107479524e-01 -1.534644372017613008e-02 -9.914917558055656999e-01
1.264426050009461733e-01 -1.542010818765158185e-02 -9.918540660287913369e-01
1.236092132934387133e-01 -1.549156872227855190e-02 -9.922100453439858248e-01
1.207619314875111038e-01 -1.556081581175156915e-02 -9.925595283452327555e-01
1.179011762463292451e-01 -1.562784028635397574e-02 -9.929023535283622026e-01
1.150273670168626555e-01 -1.569263332319752180e-02 -9.932383633807153611e-01
1.121409259476578574e-01 -1.575518645035820300e-02 -9.935674044685475215e-01
1.092422778045065157e-01 -1.581549155090358760e-02 -9.938893275219979895e-01
1.063318498840556681e-01 -1.587354086680695803e-02 -9.942039875175587849e-01
1.034100719254100881e-01 -1.592932700274369423e-02 -9.945112437579732845e-01
1.004773760197795740e-01 -1.598284292976546658e-02 -9.948109599494997513e-01
9.753419651822642367e-02 -1.603408198884785640e-02 -9.951030042764760219e-01
9.458096993757085513e-02 -1.608303789430723385e-02 -9.953872494731220710e-01
9.161813486451475530e-02 -1.612970473708275759e-02 -9.956635728925223860e-01
8.864613185804638695e-02 -1.617407698787956191e-02 -9.959318565727288686e-01
8.566540335019101615e-02 -1.621614950016930096e-02 -9.961919872999290826e-01
8.267639354517455907e-02 -1.625591751304438642e-02 -9.964438566686275589e-01
7.967954831706974828e-02 -1.629337665392240411e-02 -9.966873611387879750e-01
7.667531510599599753e-02 -1.632852294109733010e-02 -9.969224020898889149e-01
7.366414281294637878e-02 -1.636135278613436508e-02 -9.971488858718472459e-01
7.064648169331680383e-02 -1.639186299610534067e-02 -9.973667238527657020e-01
6.762278324921440487e-02 -1.642005077566186660e-02 -9.975758324634647067e-01
6.459350012062357871e-02 -1.644591372894349535e-02 -9.977761332387609094e-01
6.155908597550986683e-02 -1.646944986131843383e-02 -9.979675528554575736e-01
5.851999539894314067e-02 -1.649065758095448822e-02 -9.981500231670146217e-01
5.547668378132295658e-02 -1.650953570021808717e-02 -9.983234812348702469e-01
5.242960720579013106e-02 -1.652608343689948925e-02 -9.984878693563877805e-01
4.937922233490962820e-02 -1.654030041526238781e-02 -9.986431350894053871e-01
4.632598629671087764e-02 -1.655218666691641444e-02 -9.987892312733677169e-01
4.327035657017244685e-02 -1.656174263151117057e-02 -9.989261160470251921e-01
4.021279087023870574e-02 -1.656896915725065630e-02 -9.990537528626849406e-01
3.715374703245672566e-02 -1.657386750122716301e-02 -9.991721104970051615e-01
3.409368289732216117e-02 -1.657643932957388391e-02 -9.992811630583251503e-01
3.103305619442314062e-02 -1.657668671743573255e-02 -9.993808899905265442e-01
2.797232442647145517e-02 -1.657461214875804306e-02 -9.994712760734267842e-01
2.491194475331042282e-02 -1.657021851589303083e-02 -9.995523114197054637e-01
2.185237387598876549e-02 -1.656350911902412446e-02 -9.996239914683717753e-01
1.879406792098966064e-02 -1.655448766540846064e-02 -9.996863169747799427e-01
1.573748232470385117e-02 -1.654315826843804141e-02 -9.997392939972061798e-01
1.268307171823530692e-02 -1.652952544652027539e-02 -9.997829338800031662e-01
9.631289812627346833e-03 -1.651359412177880528e-02 -9.998172532333493567e-01
6.582589284596504151e-03 -1.649536961857575937e-02 -9.998422739096162193e-01
3.537421662860621655e-03 -1.647485766185670733e-02 -9.998580229763776028e-01
4.962372151467676559e-04 -1.645206437531986088e-02 -9.998645326860904348e-01
-2.540515164036476377e-03 -1.642699627941120177e-02 -9.998618404424759465e-01
-5.572388064778919375e-03 -1.639966028914745938e-02 -9.998499887636380645e-01
-8.598935672218688958e-03 -1.637006371176899511e-02 -9.998290252419536062e-01
-1.161971387598137624e-02 -1.633821424422487317e-02 -9.997990025007762460e-01
-1.463428037852905830e-02 -1.630411997049257405e-02 -9.997599781479953318e-01
-1.764219480234143628e-02 -1.626778935873495271e-02 -9.997120147264970669e-01
-2.064301879585300412e-02 -1.622923125829724839e-02 -9.996551796615741337e-01
-2.363631613807196455e-02 -1.618845489654711575e-02 -9.995895452053367158e-01
-2.662165284180844152e-02 -1.614546987556078270e-02 -9.995151883781769886e-01
-2.959859725544154718e-02 -1.610028616865860976e-02 -9.994321909073435872e-01
-3.256672016315687035e-02 -1.605291411679351035e-02 -9.993406391626846741e-01
-3.552559488358816853e-02 -1.600336442479576710e-02 -9.992406240896194447e-01
-3.847479736679913082e-02 -1.595164815747797740e-02 -9.991322411394019110e-01
-4.141390628954354225e-02 -1.589777673560396551e-02 -9.990155901967409102e-01
-4.434250314874438326e-02 -1.584176193172564390e-02 -9.988907755048446191e-01
-4.726017235313495490e-02 -1.578361586589189722e-02 -9.987579055879574064e-01
-5.016650131300751103e-02 -1.572335100123370757e-02 -9.986170931714605237e-01
-5.306108052801752212e-02 -1.566098013942981981e-02 -9.984684550996091312e-01
-5.594350367299423532e-02 -1.559651641605736688e-02 -9.983121122509792666e-01
-5.881336768171084584e-02 -1.552997329583195862e-02 -9.981481894517016951e-01
-6.167027282857036330e-02 -1.546136456774181711e-02 -9.979768153865584690e-01
-6.451382280816587989e-02 -1.539070434008062670e-02 -9.977981225080213568e-01
-6.734362481267680556e-02 -1.531800703538384149e-02 -9.976122469433121864e-01
-7.015928960706539763e-02 -1.524328738527324680e-02 -9.974193283995651527e-01
-7.296043160204068734e-02 -1.516656042521464208e-02 -9.972195100671731316e-01
-7.574666892475984126e-02 -1.508784148919354966e-02 -9.970129385214011597e-01
-7.851762348723975715e-02 -1.500714620431389638e-02 -9.967997636223500102e-01
-8.127292105245456644e-02 -1.492449048532465926e-02 -9.965801384133544660e-01
-8.401219129809767150e-02 -1.483989052907949344e-02 -9.963542190179005553e-01
-8.673506787798967999e-02 -1.475336280893436124e-02 -9.961221645351472365e-01
-8.944118848111654030e-02 -1.466492406908822925e-02 -9.958841369341381311e-01
-9.213019488828501358e-02 -1.457459131887186253e-02 -9.956403009467892362e-01
-9.480173302638546240e-02 -1.448238182698979686e-02 -9.953908239597376584e-01
-9.745545302025473977e-02 -1.438831311572050069e-02 -9.951358759051390779e-01
-1.000910092421347375e-01 -1.429240295507979222e-02 -9.948756291504977645e-01
-1.027080603587250118e-01 -1.419466935695248497e-02 -9.946102583876168524e-01
-1.053062693758305135e-01 -1.409513056919726136e-02 -9.943399405207533626e-01
-1.078853036806082105e-01 -1.399380506972972178e-02 -9.940648545540632375e-01
-1.104448350814191959e-01 -1.389071156058849753e-02 -9.937851814784213200e-01
-1.129845398452951621e-01 -1.378586896198930045e-02 -9.935011041577009872e-01
-1.155040987330310520e-01 -1.367929640637170416e-02 -9.932128072145958164e-01
-1.180031970319180140e-01 -1.357101323244339942e-02 -9.929204769160673294e-01
-1.204815245861333151e-01 -1.346103897922661455e-02 -9.926243010585009685e-01
-1.229387758248063345e-01 -1.334939338011130461e-02 -9.923244688526502433e-01
-1.253746497877819832e-01 -1.323609635691963375e-02 -9.920211708084513136e-01
-1.277888501491054318e-01 -1.312116801398622266e-02 -9.917145986197857255e-01
-1.301810852382539740e-01 -1.300462863225851536e-02 -9.914049450492703475e-01
-1.325510680591442392e-01 -1.288649866342155351e-02 -9.910924038131517788e-01
-1.348985163069449655e-01 -1.276679872405132518e-02 -9.907771694663805029e-01
-1.372231523827277255e-01 -1.264554958980079226e-02 -9.904594372879393926e-01
-1.395247034059896030e-01 -1.252277218962256217e-02 -9.901394031665012863e-01
-1.418029012250840992e-01 -1.239848760003208449e-02 -9.898172634864852437e-01
-1.440574824255981545e-01 -1.227271703941513158e-02 -9.894932150145842042e-01
-1.462881883367149194e-01 -1.214548186238322350e-02 -9.891674547868314349e-01
-1.484947650356035209e-01 -1.201680355418051349e-02 -9.888401799962744931e-01
-1.506769633498787619e-01 -1.188670372514555665e-02 -9.885115878813216517e-01
-1.528345388581750786e-01 -1.175520410523125947e-02 -9.881818756148258442e-01
-1.549672518888803863e-01 -1.162232653858615017e-02 -9.878512401939686383e-01
-1.570748675170772213e-01 -1.148809297820003496e-02 -9.875198783310049633e-01
-1.591571555597391385e-01 -1.135252548061693040e-02 -9.871879863449288806e-01
-1.612138905692319657e-01 -1.121564620071805601e-02 -9.868557600541169039e-01
-1.632448518251706782e-01 -1.107747738657752744e-02 -9.865233946700062706e-01
-1.652498233246831316e-01 -1.093804137439326023e-02 -9.861910846918605644e-01
-1.672285937711333326e-01 -1.079736058349546786e-02 -9.858590238026769814e-01
-1.691809565613573985e-01 -1.065545751143497089e-02 -9.855274047662849757e-01
-1.711067097714663310e-01 -1.051235472915344402e-02 -9.851964193256854685e-01
-1.730056561412702254e-01 -1.036807487623755096e-02 -9.848662581026773610e-01
-1.748776030573792051e-01 -1.022264065625879022e-02 -9.845371104988179800e-01
-1.767223625350369531e-01 -1.007607483220074839e-02 -9.842091645977594228e-01
-1.785397511987427133e-01 -9.928400221975308346e-03 -9.838826070690042114e-01
-1.803295902617187418e-01 -9.779639694029227878e-03 -9.835576230731194469e-01
-1.820917055042795552e-01 -9.629816163042356769e-03 -9.832343961684479883e-01
-1.838259272511602316e-01 -9.478952585718639079e-03 -9.829131082193536262e-01
-1.855320903478608341e-01 -9.327071956670899763e-03 -9.825939393060350024e-01
-1.872100341360637965e-01 -9.174197304400295155e-03 -9.822770676359408037e-01
-1.888596024281816999e-01 -9.020351687371142013e-03 -9.819626694568195369e-01
-1.904806434810922267e-01 -8.865558190181747900e-03 -9.816509189714314187e-01
-1.920730099691170256e-01 -8.709839919831706065e-03 -9.813419882539526906e-01
-1.936365589563012746e-01 -8.553220002086001778e-03 -9.810360471680975580e-01
-1.951711518680497304e-01 -8.395721577936133065e-03 -9.807332632869836253e-01
-1.966766544621756374e-01 -8.237367800158353418e-03 -9.804338018147634726e-01
-1.981529367994174506e-01 -8.078181829968989619e-03 -9.801378255100456904e-01
-1.995998732134785791e-01 -7.918186833776678576e-03 -9.798454946111241348e-01
-2.010173422806441901e-01 -7.757405980031250800e-03 -9.795569667630354971e-01
-2.024052267890291135e-01 -7.595862436168866749e-03 -9.792723969464622868e-01
-2.037634137075096108e-01 -7.433579365652892568e-03 -9.789919374084978809e-01
-2.050917941543913825e-01 -7.270579925109901115e-03 -9.787157375952875160e-01
-2.063902633658654118e-01 -7.106887261560061904e-03 -9.784439440865594362e-01
-2.076587206643022432e-01 -6.942524509741081207e-03 -9.781767005320579633e-01
-2.088970694264344063e-01 -6.777514789524752975e-03 -9.779141475898898150e-01
-2.101052170514761119e-01 -6.611881203425076271e-03 -9.776564228667929957e-01
-2.112830749292277932e-01 -6.445646834196786489e-03 -9.774036608603364762e-01
-2.124305584082125942e-01 -6.278834742523071305e-03 -9.771559929030592118e-01
-2.135475867638906289e-01 -6.111467964791133037e-03 -9.769135471085531597e-01
-2.146340831669954485e-01 -5.943569510954173178e-03 -9.766764483194969593e-01
-2.156899746520367367e-01 -5.775162362478290790e-03 -9.764448180576437153e-01
-2.167151920860113101e-01 -5.606269470372702256e-03 -9.762187744757663266e-01
-2.177096701373638366e-01 -5.436913753301602335e-03 -9.759984323115621363e-01
-2.186733472452371263e-01 -5.267118095775921369e-03 -9.757839028435195683e-01
-2.196061655890509945e-01 -5.096905346423140706e-03 -9.755752938487453063e-01
-2.205080710584467196e-01 -4.926298316333280712e-03 -9.753727095627539034e-01
-2.213790132236337360e-01 -4.755319777479083757e-03 -9.751762506412167131e-01
-2.222189453061729214e-01 -4.583992461208370381e-03 -9.749860141236695865e-01
-2.230278241502301473e-01 -4.412339056806466146e-03 -9.748020933991757841e-01
-2.238056101943322607e-01 -4.240382210126556785e-03 -9.746245781739421021e-01
-2.245522674436558896e-01 -4.068144522285762482e-03 -9.744535544408826633e-01
-2.252677634428785214e-01 -3.895648548424668779e-03 -9.742891044511271526e-01
-2.259520692496196914e-01 -3.722916796528017748e-03 -9.741313066874673909e-01
-2.266051594084985410e-01 -3.549971726304196329e-03 -9.739802358397375848e-01
-2.272270119258328891e-01 -3.376835748121136127e-03 -9.738359627821209230e-01
-2.278176082450031337e-01 -3.203531221996191308e-03 -9.736985545523766383e-01
-2.283769332225029369e-01 -3.030080456637520431e-03 -9.735680743329798714e-01
-2.289049751046975112e-01 -2.856505708534480287e-03 -9.734445814341670111e-01
-2.294017255053081572e-01 -2.682829181094496460e-03 -9.733281312788781836e-01
-2.298671793836409571e-01 -2.509073023823855334e-03 -9.732187753895891191e-01
-2.303013350235754431e-01 -2.335259331549841087e-03 -9.731165613770226264e-01
-2.307041940133279512e-01 -2.161410143681618580e-03 -9.730215329307313477e-01
-2.310757612260026239e-01 -1.987547443507246218e-03 -9.729337298115421362e-01
-2.314160448009416893e-01 -1.813693157524190643e-03 -9.728531878458521742e-01
-2.317250561258852315e-01 -1.639869154800704552e-03 -9.727799389217667292e-01
-2.320028098199487243e-01 -1.466097246365421309e-03 -9.727140109870689999e-01
-2.322493237174259040e-01 -1.292399184622513957e-03 -9.726554280490101734e-01
-2.324646188524221724e-01 -1.118796662789767107e-03 -9.726042101759103664e-01
-2.326487194443229156e-01 -9.453113143569092129e-04 -9.725603735005584616e-01
-2.328016528840996247e-01 -7.719647125615598706e-04 -9.725239302253997353e-01
-2.329234497214546507e-01 -5.987783698801497348e-04 -9.724948886295006201e-01
-2.330141436528048171e-01 -4.257737375311851629e-04 -9.724732530772778327e-01
-2.330737715101019458e-01 -2.529722049882389108e-04 -9.724590240289814336e-01
-2.331023732504875490e-01 -8.039509950006606931e-05 -9.724521980529182708e-01
-2.330999919467771353e-01 9.193631438473914364e-05 -9.724527678394053742e-01
-2.330666737787681631e-01 2.640008352911082197e-04 -9.724607222164396436e-01
-2.330024680253645619e-01 4.357773254914237837e-04 -9.724760461670719502e-01
-2.329074270575094419e-01 6.072447113825178364e-04 -9.724987208484729972e-01
-2.327816063319156636e-01 7.783819839682285923e-04 -9.725287236126782808e-01
-2.326250643855834743e-01 9.491681993499674315e-04 -9.725660280289984971e-01
-2.324378628310923289e-01 1.119582479227715496e-03 -9.726106039080834043e-01
-2.322200663526533815e-01 1.289604011413832520e-03 -9.726624173276244845e-01
-2.319717427029073797e-01 1.459212050362022591e-03 -9.727214306596841942e-01
-2.316929627004516434e-01 1.628385917713759141e-03 -9.727876025996368137e-01
-2.313838002280786954e-01 1.797105002864429193e-03 -9.728608881967086841e-01
-2.310443322317078663e-01 1.965348763551411776e-03 -9.729412388861019556e-01
-2.306746387199896942e-01 2.133096726466254030e-03 -9.730286025226889679e-01
-2.302748027645623863e-01 2.300328487893064846e-03 -9.731229234162617203e-01
-2.298449105009381099e-01 2.467023714375185355e-03 -9.732241423683227755e-01
-2.293850511299956596e-01 2.633162143412147264e-03 -9.733321967104016093e-01
-2.288953169200554916e-01 2.798723584188874715e-03 -9.734470203438820857e-01
