0.000000000000000000e+00 0.000000000000000000e+00 1.000000000000000000e+00
-1.319930819319727774e-05 7.025210074877952194e-05 9.999999974452570273e-01
-6.451276888653920344e-05 2.104168049751049916e-04 9.999999757817000789e-01
-1.787183326782639165e-04 4.200685082707955728e-04 9.999998958019229445e-01
-3.804265791688115489e-04 6.986963238888106893e-04 9.999996835514256555e-01
-6.940505229173050353e-04 1.045704996355256711e-03 9.999992124010327332e-01
-1.143775707697435896e-03 1.460415894219752996e-03 9.999982794867177116e-01
-1.753530576733958006e-03 1.942068069919600844e-03 9.999965767566287855e-01
-2.546957085309483303e-03 2.489819372766270862e-03 9.999936569021792288e-01
-3.547381497526346135e-03 3.102747599543073925e-03 9.999888944855608308e-01
-4.777785281775991100e-03 3.779851666186959634e-03 9.999814426099339348e-01
-6.260775990364562602e-03 4.520052783561933317e-03 9.999701855108563686e-01
-8.018557978582734752e-03 5.322195620453037956e-03 9.999536874783152562e-01
-1.007290278815251884e-02 6.185049437643710957e-03 9.999301385481303983e-01
-1.244511899033201238e-02 7.107309178299750854e-03 9.998972974296703731e-01
-1.515602125593430195e-02 8.087596501872578933e-03 9.998524321639330470e-01
-1.822589839405631615e-02 9.124460751343469248e-03 9.997922590323046199e-01
-2.167448007935827980e-02 1.021637984683733229e-02 9.997128802619112964e-01
-2.552090197021782830e-02 1.136176110240551262e-02 9.996097210986025772e-01
-2.978366890792006477e-02 1.255894196706548900e-02 9.994774668433918929e-01
-3.448061588112127929e-02 1.380619069593231295e-02 9.993100004727176744e-01
-3.962886644098370659e-02 1.510170696241030716e-02 9.991003414871740818e-01
-4.524478826141019316e-02 1.644362242784920894e-02 9.988405866573044634e-01
-5.134394555643011920e-02 1.783000129070888909e-02 9.985218533584387934e-01
-5.794104809363333219e-02 1.925884084301015403e-02 9.981342262090272532e-01
-6.504989657914346524e-02 2.072807206755226256e-02 9.976667077479867141e-01
-7.268332423636461592e-02 2.223556031491398174e-02 9.971071739055532568e-01
-8.085313445787239983e-02 2.377910610447589099e-02 9.964423350381990119e-01
-8.957003447742049873e-02 2.535644609844720995e-02 9.956577033103140018e-01
-9.884356508695801846e-02 2.696525430198107309e-02 9.947375672124142421e-01
-1.086820265114250422e-01 2.860314354574064466e-02 9.936649740063026037e-01
-1.190924006512717875e-01 3.026766730955225693e-02 9.924217208804535506e-01
-1.300802700081899188e-01 3.195632194686682387e-02 9.909883555823930656e-01
-1.416497337221934993e-01 3.366654936946626708e-02 9.893441872674548776e-01
-1.538033212663364457e-01 3.539574025002428098e-02 9.874673082634589649e-01
-1.665419044670438387e-01 3.714123779660225000e-02 9.853346273971252955e-01
-1.798646086409470823e-01 3.890034214779371224e-02 9.829219154590893570e-01
-1.937687237605785762e-01 4.067031542991680904e-02 9.802038632991627587e-01
-2.082496166783098512e-01 4.244838750832233276e-02 9.771541529412246518e-01
-2.233006455472352214e-01 4.423176245351081309e-02 9.737455419875139517e-01
-2.389130776758230101e-01 4.601762572936420048e-02 9.699499614452766760e-01
-2.550760121364593624e-01 4.780315209548768179e-02 9.657386269554606439e-01
-2.717763085128493961e-01 4.958551419858430592e-02 9.610821632348292010e-01
-2.889985232140709903e-01 5.136189180918288716e-02 9.559507413615943028e-01
-3.067248548005994113e-01 5.312948164021739916e-02 9.503142283432548520e-01
-3.249350997569332433e-01 5.488550766329989422e-02 9.441423482073272311e-01
-3.436066201042210499e-01 5.662723181749816648e-02 9.374048536552933575e-01
-3.627143241729110512e-01 5.835196498454902486e-02 9.300717071222175392e-01
-3.822306617492051140e-01 6.005707808428959599e-02 9.221132698944305428e-01
-4.021256346703032114e-01 6.174001312529486113e-02 9.135004977611321797e-01
-4.223668237735160869e-01 6.339829402891446197e-02 9.042051415185424768e-01
-4.428982590572430045e-01 6.490323392628677412e-02 8.942196142479187371e-01
-4.636446900051538478e-01 6.625609326581446967e-02 8.835404621818305770e-01
-4.845319452938195437e-01 6.745867999934146431e-02 8.721686406910120759e-01
-5.054874048960712463e-01 6.851334235451607413e-02 8.601095413966516334e-01
-5.264404614578895858e-01 6.942295551079123717e-02 8.473729473922481104e-01
-5.473229622566939678e-01 7.019090234692652863e-02 8.339729196559070301e-01
-5.680696235539818284e-01 7.082104858191137775e-02 8.199276191413151782e-01
-5.886184099206195341e-01 7.131771277085938165e-02 8.052590702963621228e-01
-6.089108720999024671e-01 7.168563173788408682e-02 7.899928728281288004e-01
-6.288924381345171177e-01 7.192992212554988329e-02 7.741578693772919184e-01
-6.485126537659020585e-01 7.205603881268597688e-02 7.577857773609275593e-01
-6.677253694628569880e-01 7.206973099790635329e-02 7.409107935794765343e-01
-6.864888727957856318e-01 7.197699676509866640e-02 7.235691802626029734e-01
-7.047659661922529573e-01 7.178403694059561080e-02 7.057988410624568276e-01
-7.225239913429460925e-01 7.149720902190460914e-02 6.876388951138302508e-01
-7.397348026366256102e-01 7.112298190773483353e-02 6.691292566990825197e-01
-7.563746929590504653e-01 7.066789209220106227e-02 6.503102273172630676e-01
-7.724242759743566999e-01 7.013850190641848781e-02 6.312221061005521827e-01
-7.878683296075079667e-01 6.954136030226176768e-02 6.119048235868518315e-01
-8.026956058615143386e-01 6.888296657977699411e-02 5.923976028838457975e-01
-8.168986123391714926e-01 6.816973736526231453e-02 5.727386512829792942e-01
-8.304733709085974080e-01 6.740797705461493150e-02 5.529648844332500923e-01
-8.434191588722756983e-01 6.660385184891363941e-02 5.331116842909878750e-01
-8.557382377915558891e-01 6.576336742854213546e-02 5.132126912438441657e-01
-8.674355748054671800e-01 6.489235024005834962e-02 4.932996300801913425e-01
-8.785185608877873475e-01 6.399643230752163903e-02 4.734021688486764190e-01
-8.889967300325694044e-01 6.308103942763372551e-02 4.535478091313416282e-01
-8.988814828673625801e-01 6.215138256591016402e-02 4.337618058376355723e-01
-9.081858176846546726e-01 6.121245223887935433e-02 4.140671143122014453e-01
-9.169240713725594905e-01 6.026901564441150549e-02 3.944843623300623991e-01
-9.251116722296207628e-01 5.932561628789275593e-02 3.750318444201128920e-01
-9.327649061771032812e-01 5.838657584511799947e-02 3.557255359016663343e-01
-9.399006974438122164e-01 5.745599800243299249e-02 3.365791240284602970e-01
-9.465364043992706700e-01 5.653777401974104111e-02 3.176040536990601959e-01
-9.526896308546203285e-01 5.563558977144866108e-02 2.988095853013710834e-01
-9.583780528385258402e-01 5.475293403325996039e-02 2.802028624019303749e-01
-9.636192605876329198e-01 5.389310779802134604e-02 2.617889871586318584e-01
-9.684306152663934020e-01 5.305923442074295809e-02 2.435711015203709806e-01
-9.728291197469514096e-01 5.225427041076130541e-02 2.255504724717548315e-01
-9.768313026331935101e-01 5.148101670714564509e-02 2.077265797795684044e-01
-9.804531146004215048e-01 5.074213029138022191e-02 1.900972048953109839e-01
-9.837098360395986063e-01 5.004013600866411005e-02 1.726585198610360861e-01
-9.866159949388395578e-01 4.937743848553876463e-02 1.554051752511175499e-01
-9.891852939009317947e-01 4.875633404673799381e-02 1.383303863584503246e-01
-9.914305451805325298e-01 4.817902254798136358e-02 1.214260169987493171e-01
-9.933636126248769349e-01 4.764761905378340351e-02 1.046826604604438049e-01
-9.949953594142636470e-01 4.716416530015628966e-02 8.808971727012321340e-02
-9.963356005204985211e-01 4.673064089130919696e-02 7.163546957495833811e-02
-9.973930588304914524e-01 4.634897418708587569e-02 5.530715206473713758e-02
-9.981753239162788338e-01 4.602105284394577417e-02 3.909101946813355044e-02
-9.986887836376358019e-01 4.575304130273445680e-02 2.296508465321991585e-02
-9.989385024292216642e-01 4.554226842255141433e-02 6.913224995331878481e-03
-9.989282656191846854e-01 4.538609607986066052e-02 -9.079923147553077556e-03
-9.986606650993153922e-01 4.528191346000298712e-02 -2.502892131709112677e-02
-9.981371811646940762e-01 4.522713102740950897e-02 -4.094748854329499643e-02
-9.973582611862372715e-01 4.521917424541319064e-02 -5.684846304731142053e-02
-9.963233957809898289e-01 4.525547711061786438e-02 -7.274376558020201333e-02
-9.950311931406523591e-01 4.533347556218660784e-02 -8.864436402637027035e-02
-9.934794521693195435e-01 4.545060082304320376e-02 -1.045602390004296833e-01
-9.916652350670994709e-01 4.560427272773451973e-02 -1.205003502609017368e-01
-9.895849399773151145e-01 4.579189309047267120e-02 -1.364726038540077513e-01
-9.872343742912880193e-01 4.601083916655869521e-02 -1.524838199866609678e-01
-9.846088291760374256e-01 4.625845726087870341e-02 -1.685397017100874195e-01
-9.817031558562248073e-01 4.653205653835029015e-02 -1.846448045746407474e-01
-9.785118441418698687e-01 4.682890309296840886e-02 -2.008025074924642273e-01
-9.750291036472231720e-01 4.714621433433605763e-02 -2.170149851176324529e-01
-9.712489480931343344e-01 4.748115375313838316e-02 -2.332831821230002267e-01
-9.671652830247375876e-01 4.783082612979083770e-02 -2.496067898187089573e-01
-9.627719972077671828e-01 4.819227325331439105e-02 -2.659842256184415943e-01
-9.580630578898658989e-01 4.856247022020248466e-02 -2.824126159151502113e-01
-9.530326100275521295e-01 4.893832238547218827e-02 -2.988877829769673866e-01
-9.476750794849174708e-01 4.931666304005194457e-02 -3.154042365150172555e-01
-9.419852801067122305e-01 4.969425188995503506e-02 -3.319551706063513241e-01
-9.359585244565890028e-01 5.006777441311881238e-02 -3.485324666755846845e-01
-9.295907378915657659e-01 5.043384216914799378e-02 -3.651267032462322537e-01
-9.228785755172570493e-01 5.078899413527802192e-02 -3.817271731654156008e-01
-9.158195414365118969e-01 5.112969913847107556e-02 -3.983219089817099379e-01
-9.084121095686163994e-01 5.145235944848373238e-02 -4.148977171136911668e-01
-9.006558451794410836e-01 5.175331558983455038e-02 -4.314402213846533218e-01
-8.925515261275396295e-01 5.202885242171436525e-02 -4.479339164156932451e-01
-8.841012627003710378e-01 5.227520652392460970e-02 -4.643622312639594796e-01
-8.753086147920307036e-01 5.248857491385235802e-02 -4.807076035648712997e-01
-8.661787050629705664e-01 5.266512510430799987e-02 -4.969515642866433880e-01
-8.567183266272190290e-01 5.280100649484556485e-02 -5.130748330333005924e-01
-8.469360437377552175e-01 5.289236307011752070e-02 -5.290574236400967800e-01
-8.368422838900824168e-01 5.293534735813104630e-02 -5.448787595952729879e-01
-8.264494197416296650e-01 5.292613557930455487e-02 -5.605177985976939059e-01
-8.157718392539450303e-01 5.286094389439336544e-02 -5.759531653252798478e-01
-8.048260025087115022e-01 5.273604563616844654e-02 -5.911632912493632874e-01
-7.936304837296181969e-01 5.254778938677444333e-02 -6.061265600910074047e-01
-7.822059971612803642e-01 5.229261774060901119e-02 -6.208214572834621636e-01
-7.705754056137993357e-01 5.196708657204584386e-02 -6.352267215873586004e-01
-7.587637106759762551e-01 5.156788460908270921e-02 -6.493214968092935191e-01
-7.467980238290249373e-01 5.109185309874347131e-02 -6.630854814075360926e-01
-7.347075179518309795e-01 5.053600533847538157e-02 -6.764990736378312386e-01
-7.225233589929039857e-01 4.989754584047109004e-02 -6.895435098042905775e-01
-7.102786178863799149e-01 4.917388889332145047e-02 -7.022009931408835781e-01
-6.980081631018001387e-01 4.836267628805588498e-02 -7.144548108626467275e-01
-6.857485345310539993e-01 4.746179398368108315e-02 -7.262894369955799068e-01
-6.735377997213399803e-01 4.646938750083793451e-02 -7.376906187217946442e-01
-6.614007942347749358e-01 4.548835293064901197e-02 -7.486520016027108371e-01
-6.493490812342848084e-01 4.451993983629623508e-02 -7.591862523945964725e-01
-6.373930978475476072e-01 4.356538244983611946e-02 -7.693062564667016989e-01
-6.255421674266752330e-01 4.262589873823782738e-02 -7.790250633367067357e-01
-6.138045146763039250e-01 4.170268928624634025e-02 -7.883558353068527147e-01
-6.021872834059036617e-01 4.079693602836888255e-02 -7.973117991904181689e-01
-5.906965566679962532e-01 3.990980086027841323e-02 -8.059062011026336680e-01
-5.793373790502749365e-01 3.904242415777110092e-02 -8.141522642747225369e-01
-5.681137808964428215e-01 3.819592322915477123e-02 -8.220631498346578914e-01
-5.570288042380151516e-01 3.737139072462727918e-02 -8.296519204835829386e-01
-5.460845302273913404e-01 3.656989302386691454e-02 -8.369315069828107134e-01
-5.352821078712121095e-01 3.579246862073607455e-02 -8.439146773530522561e-01
-5.246217838723580273e-01 3.504012652172406456e-02 -8.506140086751596829e-01
-5.141029333988770267e-01 3.431384467254992160e-02 -8.570418613703471022e-01
-5.037240916085998776e-01 3.361456842523206229e-02 -8.632103558276806865e-01
-4.934829857691407917e-01 3.294320905592452303e-02 -8.691313512377055739e-01
-4.833765678243132080e-01 3.230064234193203571e-02 -8.748164264834785708e-01
-4.734010472696310035e-01 3.168770720455690165e-02 -8.802768629340619322e-01
-4.635519242114320426e-01 3.110520442280564554e-02 -8.855236289807351113e-01
-4.538240224961688218e-01 3.055389542149574908e-02 -8.905673661528255014e-01
-4.442115228084814182e-01 3.003450113595313234e-02 -8.954183766481366158e-01
-4.347079956487246988e-01 2.954770095427883617e-02 -9.000866121124563302e-01
-4.253064341125989412e-01 2.909413173708562048e-02 -9.045816635035227593e-01
-4.159992864073662755e-01 2.867438691365864489e-02 -9.089127518770709901e-01
-4.067784880507752110e-01 2.828901565267451582e-02 -9.130887199361298334e-01
-3.976354937102141718e-01 2.793852210491484800e-02 -9.171180241895227070e-01
-3.885613086507330727e-01 2.762336471482904066e-02 -9.210087275714827770e-01
-3.795465197713804306e-01 2.734395559733109396e-02 -9.247684923813543900e-01
-3.705813262197715785e-01 2.710065997585213091e-02 -9.284045734104426906e-01
-3.616555695849117402e-01 2.689379567740913385e-02 -9.319238111321226370e-01
-3.527587636780230018e-01 2.672363268028740690e-02 -9.353326248412520139e-01
-3.438801239204491433e-01 2.659039270986558734e-02 -9.386370056396797779e-01
-3.350085963666181721e-01 2.649424887813493432e-02 -9.418425091761331025e-01
-3.261328863985051285e-01 2.643532536257630836e-02 -9.449542480609413042e-01
-3.172414871360368926e-01 2.641369712025716521e-02 -9.479768838888427140e-01
-3.083227076153829960e-01 2.642938963329521246e-02 -9.509146188164739888e-01
-2.993647007940504756e-01 2.648237868220413085e-02 -9.537711866549966055e-01
-2.903554914481019655e-01 2.657259014408901165e-02 -9.565498434526246152e-01
-2.812830040325963177e-01 2.669989981319395231e-02 -9.592533575565315163e-01
-2.721350905814493570e-01 2.686413324192084978e-02 -9.618839991586831673e-01
-2.628995587272656143e-01 2.706506560113526930e-02 -9.644435293455198011e-01
-2.535641999252173373e-01 2.730242155935102763e-02 -9.669331886870476955e-01
-2.441168179676657668e-01 2.757587518123699039e-02 -9.693536854167390526e-01
-2.345452578778317032e-01 2.788504984681445392e-02 -9.717051832696352864e-01
-2.248374352713302382e-01 2.822951819370667081e-02 -9.739872890621242840e-01
-2.149813662736768383e-01 2.860880208585765694e-02 -9.761990401129571060e-01
-2.049651980798374573e-01 2.902237261324789458e-02 -9.783388916210978836e-01
-1.947772402384170265e-01 2.946965012829029507e-02 -9.804047041318628697e-01
-1.844059967380428655e-01 2.995000432577948207e-02 -9.823937312383970166e-01
-1.738401989667879843e-01 3.046275437447723555e-02 -9.843026076807273039e-01
-1.630816480380082589e-01 3.093795087441599673e-02 -9.861273939157002566e-01
-1.521439712107611475e-01 3.137489326168477893e-02 -9.878602360391630643e-01
-1.410412326569386587e-01 3.177293421467489165e-02 -9.894937439287718739e-01
-1.297879071259670780e-01 3.213148302623674429e-02 -9.910210315475462828e-01
-1.183988502757671313e-01 3.245000879379351250e-02 -9.924357547254566425e-01
-1.068892658396061873e-01 3.272804339207788932e-02 -9.937321460830080833e-01
-9.527466983961527247e-02 3.296518419495241686e-02 -9.949050467780808926e-01
-8.357085209684669835e-02 3.316109651508716144e-02 -9.959499347796814117e-01
-7.179383532408137314e-02 3.331551573307713066e-02 -9.968629493995218027e-01
-5.995983212045805089e-02 3.342824909084909923e-02 -9.976409118441459389e-01
-4.808520021574506920e-02 3.349917712788742785e-02 -9.982813415861995221e-01
-3.618639633613020268e-02 3.352825474284413382e-02 -9.987824683928598901e-01
-2.427992908227924462e-02 3.351551186742447730e-02 -9.991432398917522439e-01
-1.238231122372003036e-02 3.346105374398362919e-02 -9.993633245991817571e-01
-5.100118210730700957e-04 3.336506080295376098e-02 -9.994431103814270800e-01
1.132059141087996164e-02 3.322778814096311040e-02 -9.993836983663783036e-01
2.309325909084843781e-02 3.304956460522584516e-02 -9.991868923691347160e-01
3.479193611143271969e-02 3.283079149439106781e-02 -9.988551839404958832e-01
4.640079615045995809e-02 3.257194089046162866e-02 -9.983917331907947723e-01
5.790428439295443319e-02 3.227355364055297521e-02 -9.978003455824967505e-01
6.928715812985025702e-02 3.193623701109065544e-02 -9.970854449227458671e-01
8.053452493031691695e-02 3.156066204048165597e-02 -9.962520428209893364e-01
9.163187811906077507e-02 3.114756061928851058e-02 -9.953057049064530926e-01
1.025651293275037096e-01 3.069772232944564111e-02 -9.942525141251836729e-01
1.133206379275976117e-01 3.021199107605502740e-02 -9.930990314563317156e-01
1.238852371984609929e-01 2.969126154676563281e-02 -9.918522544021649567e-01
1.342462571182699849e-01 2.913647553467113224e-02 -9.905195736159142506e-01
1.443915437161630011e-01 2.854861816105856362e-02 -9.891087280360291167e-01
1.543094749606228333e-01 2.792871403422131013e-02 -9.876277588949222697e-01
1.639889732012243528e-01 2.727782337993832351e-02 -9.860849629650675352e-01
1.734195142191839178e-01 2.659703817815040408e-02 -9.844888453957306718e-01
1.825911329782943793e-01 2.588747833887409394e-02 -9.828480724800712220e-01
1.914944262011283316e-01 2.515028794852965099e-02 -9.811714246753221458e-01
2.001205519254812271e-01 2.438663161567194634e-02 -9.794677501787502072e-01
2.084612262226255841e-01 2.359769094265418143e-02 -9.777459193396582648e-01
2.165087172818681016e-01 2.278466114707814252e-02 -9.760147801633561881e-01
2.242558370850309124e-01 2.194874785404487758e-02 -9.742831151373604337e-01
2.316959309097870179e-01 2.109116407726881193e-02 -9.725595995836033847e-01
2.388228649123062819e-01 2.021312740410632566e-02 -9.708527617136580856e-01
2.456310120475156122e-01 1.931585739652359052e-02 -9.691709445373877241e-01
2.521152365896042191e-01 1.840057321703098686e-02 -9.675222697494371138e-01
2.582708775164141435e-01 1.746849148568058868e-02 -9.659146036929862067e-01
2.640937310192890131e-01 1.652082437139303431e-02 -9.643555254765077134e-01
2.695800323950752198e-01 1.555877791817835386e-02 -9.628522972971993443e-01
2.747264375695649963e-01 1.458355060426581168e-02 -9.614118370045070527e-01
2.795300044920328020e-01 1.359633212977855166e-02 -9.600406929188932681e-01
2.839881746289403819e-01 1.259830242639347481e-02 -9.587450209048493655e-01
2.880987547716614694e-01 1.159063088042460582e-02 -9.575305636831609180e-01
2.918598993584840540e-01 1.057447575896430098e-02 -9.564026323556331644e-01
2.952700934954501366e-01 9.550983827112819943e-03 -9.553660901058455002e-01
2.983281368440329762e-01 8.521290142921524383e-03 -9.544253380319586144e-01
3.010331285264549184e-01 7.486518015464670509e-03 -9.535843030620588801e-01
3.033844531818132850e-01 6.447779110433392302e-03 -9.528464278988582059e-01
3.053817682882825069e-01 5.406173686805882360e-03 -9.522146629386242234e-01
3.070249928486512014e-01 4.362790947481626214e-03 -9.516914601088315440e-01
3.083142975184603451e-01 3.318709486265956302e-03 -9.512787685700040408e-01
3.092500962381415919e-01 2.274997813245208979e-03 -9.509780322293736043e-01
3.098330394128996912e-01 1.232714940393449081e-03 -9.507901890170989967e-01
3.100640086667134088e-01 1.929110091907807693e-04 -9.507156718796641037e-01
3.099441131797981974e-01 -8.433720578971126702e-04 -9.507544114494931309e-01
3.094746876022301807e-01 -1.875099900035140680e-03 -9.509058403545745941e-01
3.086572915202088208e-01 -2.901245072376369433e-03 -9.511688991367611701e-01
3.074937104356684214e-01 -3.920786429382401052e-03 -9.515420437522164043e-01
3.059859582046637883e-01 -4.932708553794635208e-03 -9.520232546320105405e-01
3.041362808651850713e-01 -5.936001247304919376e-03 -9.526100472849456935e-01
3.019471617708303635e-01 -6.929659098230444951e-03 -9.532994844281407198e-01
2.994213279331248145e-01 -7.912681140651344272e-03 -9.540881896335726697e-01
2.965617574622625430e-01 -8.884070618521238555e-03 -9.549723624805025457e-01
2.933716879837213742e-01 -9.842834867211474464e-03 -9.559477952043913263e-01
2.898546258966225864e-01 -1.078798532379969879e-02 -9.570098908324174980e-01
2.860143563289551660e-01 -1.171853767616340067e-02 -9.581536827939609591e-01
2.818549536349435058e-01 -1.263351215959062843e-02 -9.593738559913438380e-01
2.773807922710058160e-01 -1.353193400817535863e-02 -9.606647693116830977e-01
2.725965578790347510e-01 -1.441283406672731054e-02 -9.620204795548837895e-01
2.675072583992481046e-01 -1.527524956730010736e-02 -9.634347667456055753e-01
2.621182350297249219e-01 -1.611822507273399582e-02 -9.649011607884948605e-01
2.564351728460886326e-01 -1.694081358782807689e-02 -9.664129694161661677e-01
2.504641108927454507e-01 -1.774207783691270079e-02 -9.679633073684241751e-01
2.442114515567571364e-01 -1.852109170469784863e-02 -9.695451267291776976e-01
2.376839690369361990e-01 -1.927694183534296724e-02 -9.711512483345541291e-01
2.308888167241996692e-01 -2.000872938274514054e-02 -9.727743941520693438e-01
2.238335333146934947e-01 -2.071557190309516669e-02 -9.744072205165461575e-01
2.165260474847681416e-01 -2.139660537882683011e-02 -9.760423520940458841e-01
2.089746809665880833e-01 -2.205098636120697564e-02 -9.776724164306374032e-01
2.011881498750057451e-01 -2.267789421700811686e-02 -9.792900789286503871e-01
1.931755641503026810e-01 -2.327653346299769083e-02 -9.808880780794353438e-01
1.849464249974392405e-01 -2.384613617039594777e-02 -9.824592607688802381e-01
1.765106202204626829e-01 -2.438596442002503167e-02 -9.839966174603108628e-01
1.678784173705653582e-01 -2.489531278762237287e-02 -9.854933170492272687e-01
1.590604546477795977e-01 -2.537351083774765440e-02 -9.869427411758875390e-01
1.500677295192271721e-01 -2.581992560389894178e-02 -9.883385177753106765e-01
1.409115850409462800e-01 -2.623396403189152265e-02 -9.896745536400777254e-01
1.316036938953064062e-01 -2.661507536326172124e-02 -9.909450657695745290e-01
1.221560401815591362e-01 -2.696275343545202763e-02 -9.921446112802169148e-01
1.125808990228090861e-01 -2.727653887582440900e-02 -9.932681156548589518e-01
1.028908140782445191e-01 -2.755602116714108568e-02 -9.943108991160870547e-01
9.309857307445353058e-02 -2.780084056304743534e-02 -9.952687009174769894e-01
8.321718149367265949e-02 -2.801068983328474163e-02 -9.961377013591053986e-01
7.325983457947740640e-02 -2.818531581984091983e-02 -9.969145413485803742e-01
6.323988784134905450e-02 -2.832452078699886772e-02 -9.975963393464382101e-01
5.317082625837925985e-02 -2.842816355024292349e-02 -9.981807055547499141e-01
4.306623239877409998e-02 -2.849616037120708198e-02 -9.986657532299375584e-01
3.293975368550230987e-02 -2.852848560826264437e-02 -9.990501070248122284e-01
2.280506904915269653e-02 -2.852517211491178636e-02 -9.993329082903791294e-01
1.267585521663077905e-02 -2.848631138083807315e-02 -9.995138172946178567e-01
2.565752888599647993e-03 -2.841205341322338915e-02 -9.995930123428520275e-01
-7.511666940519964170e-03 -2.830260635872963032e-02 -9.995711858120325255e-01
-1.754293626864061872e-02 -2.815823586931868322e-02 -9.994495371388574245e-01
-2.751472273262867488e-02 -2.797926421780198847e-02 -9.992297628287085676e-01
-3.741386137888969010e-02 -2.776606917162861149e-02 -9.989140435784824579e-01
-4.722738533338527445e-02 -2.751908263589823711e-02 -9.985050286311496492e-01
-5.694255516138540391e-02 -2.723878907888546697e-02 -9.980058175029226097e-01
-6.654688672462684418e-02 -2.692572375545102675e-02 -9.974199392449302204e-01
-7.602817736312537933e-02 -2.658047074556540643e-02 -9.967513294200095464e-01
-8.537453025032508414e-02 -2.620366082675713165e-02 -9.960043049914081292e-01
-9.457437679318481116e-02 -2.579596920060353571e-02 -9.951835373336669344e-01
-1.036164969728079338e-01 -2.535811309439366806e-02 -9.942940235866148946e-01
-1.124900375459161744e-01 -2.489084925980438248e-02 -9.933410565811897630e-01
-1.211845280524557061e-01 -2.439497139084053495e-02 -9.923301935707068422e-01
-1.296898945995167141e-01 -2.387130748340289890e-02 -9.912672240032757154e-01
-1.379964714161783235e-01 -2.332071715867236120e-02 -9.901581365704248405e-01
-1.460950101975163062e-01 -2.274408897205032476e-02 -9.890090857637747757e-01
-1.539766872785205964e-01 -2.214233772869091468e-02 -9.878263581659991743e-01
-1.616331086997860877e-01 -2.151640182572249829e-02 -9.866163386945416836e-01
-1.690563132463278329e-01 -2.086724064010801391e-02 -9.853854770068755098e-01
-1.762387735585350945e-01 -2.019583197976266772e-02 -9.841402542647583740e-01
-1.831733954299648859e-01 -1.950316961406092786e-02 -9.828871504422402872e-01
-1.898535154202735387e-01 -1.879026089825150750e-02 -9.816326123484009347e-01
-1.962728969230266296e-01 -1.805812450458739449e-02 -9.803830225212285532e-01
-2.024257248373809992e-01 -1.730778827119645175e-02 -9.791446691339661390e-01
-2.083065989997057998e-01 -1.654028717789370398e-02 -9.779237170399249779e-01
-2.139105265361398722e-01 -1.575666145629489936e-02 -9.767261800664458482e-01
-2.192329132999392971e-01 -1.495795483975642312e-02 -9.755578946536026530e-01
-2.242695545583441308e-01 -1.414521295686087428e-02 -9.744244949186042781e-01
-2.290166250927003488e-01 -1.331948187041037505e-02 -9.733313892128357958e-01
-2.334706688728418744e-01 -1.248180676219814815e-02 -9.722837382252444982e-01
-2.376285884624094180e-01 -1.163323076221804524e-02 -9.712864346734446652e-01
-2.414876343060070873e-01 -1.077479391945370714e-02 -9.703440846125839236e-01
-2.450453940420281862e-01 -9.907532309974266885e-03 -9.694609903817569263e-01
-2.482997819767735204e-01 -9.032477276759485682e-03 -9.686411351986026208e-01
-2.512490288462906896e-01 -8.150654794490010471e-03 -9.678881694047067885e-01
-2.538916719823304247e-01 -7.263084951471753328e-03 -9.672053983575356062e-01
-2.562265459880886942e-01 -6.370781539919556820e-03 -9.665957719588267327e-01
-2.582527740181140841e-01 -5.474751745005169458e-03 -9.660618758046091159e-01
-2.599697597450363884e-01 -4.575995922377571259e-03 -9.656059239382484005e-01
-2.613771800837300652e-01 -3.675507453288611674e-03 -9.652297531850403400e-01
-2.624749787312710136e-01 -2.774272666001498678e-03 -9.649348190448074902e-01
-2.632633605686776068e-01 -1.873270811821160006e-03 -9.647221931175923304e-01
-2.637427869580317719e-01 -9.734740838607792122e-04 -9.645925620367717945e-01
-2.639139719562375586e-01 -7.584766654444895576e-05 -9.645462278836307579e-01
-2.637778794544634597e-01 8.186501961616176335e-04 -9.645831100575034123e-01
-2.633357212402994141e-01 1.709068125701049181e-03 -9.647027485759036569e-01
-2.625889559679018270e-01 2.594461538778528031e-03 -9.649043087795000639e-01
-2.615392890099584866e-01 3.473892593534234907e-03 -9.651865874172305126e-01
-2.601886731542348286e-01 4.346430163080251645e-03 -9.655480200871834340e-01
-2.585393100968196300e-01 5.211149846962440275e-03 -9.659866900089921771e-01
-2.565936526740242862e-01 6.067134030549271514e-03 -9.665003381032996055e-01
-2.543544077652602486e-01 6.913472001703359175e-03 -9.670863743532571721e-01
-2.518245397901801019e-01 7.749260133365265882e-03 -9.677418904219544649e-01
-2.490072747149749688e-01 8.573602139875900405e-03 -9.684636734980600625e-01
-2.459061044750354696e-01 9.385609413987215655e-03 -9.692482213397398683e-01
-2.425247917142650533e-01 1.018440145056500983e-02 -9.700917584840649255e-01
-2.388673747352468846e-01 1.096910636197705874e-02 -9.709902535856027583e-01
-2.349381725492730444e-01 1.173886148908982741e-02 -9.719394378436930770e-01
-2.307417899110109083e-01 1.249281411067352555e-02 -9.729348244730512407e-01
-2.262831222193723846e-01 1.323012225284528505e-02 -9.739717291668382737e-01
-2.215673601640267554e-01 1.394995559897131004e-02 -9.750452914952359995e-01
-2.165999939960181753e-01 1.465149649920990775e-02 -9.761504971759152882e-01
-2.113868173011655971e-01 1.533394107761802683e-02 -9.772822011456718805e-01
-2.059339301563844760e-01 1.599650043347513803e-02 -9.784351513550101354e-01
-2.002477415518111592e-01 1.663840193221181873e-02 -9.796040131996900380e-01
-1.943349709656607971e-01 1.725889058007892135e-02 -9.807833944953389116e-01
-1.882026489841185091e-01 1.785723047547043557e-02 -9.819678708932961797e-01
-1.818581168652523561e-01 1.843270632863316591e-02 -9.831520116280542121e-01
-1.753090249539237255e-01 1.898462504037415344e-02 -9.843304054791306434e-01
-1.685633298639217792e-01 1.951231732932726462e-02 -9.854976868231145604e-01
-1.616292903540055836e-01 2.001513939637886846e-02 -9.866485616451335927e-01
-1.545154618361236354e-01 2.049247461399384546e-02 -9.877778333732473159e-01
-1.472306894666993438e-01 2.094373522744173710e-02 -9.888804283944448992e-01
-1.397840997854028766e-01 2.136836405431225688e-02 -9.899514211071540615e-01
-1.321850908801369684e-01 2.176583616824197265e-02 -9.909860583625991204e-01
-1.244433210718893790e-01 2.213566055246071404e-02 -9.919797831460963611e-01
-1.165686961284723017e-01 2.247738170861612525e-02 -9.929282573495534781e-01
-1.085713550317897874e-01 2.279058120635495122e-02 -9.938273834881302671e-01
-1.004616543389465905e-01 2.307487915933453121e-02 -9.946733252172835771e-01
-9.225015119302321098e-02 2.332993561370981517e-02 -9.954625265112928556e-01
-8.394758505447739994e-02 2.355545183568917567e-02 -9.961917293708565380e-01
-7.556485823867356566e-02 2.375117148547279886e-02 -9.968579899354361729e-01
-6.711301535877368940e-02 2.391688166577404795e-02 -9.974586928856613577e-01
-5.860322178593912329e-02 2.405241383416738266e-02 -9.979915640322060133e-01
-5.004674125029662246e-02 2.415764456969398538e-02 -9.984546810000058947e-01
-4.145491271623388818e-02 2.423249618547328871e-02 -9.988464819303618514e-01
-3.283912667415057884e-02 2.427693718049772978e-02 -9.991657721382135593e-01
-2.421080099766380334e-02 2.429098252530986421e-02 -9.994117286774826248e-01
-1.558135652034335801e-02 2.427469377785402074e-02 -9.995839027836778135e-01
-6.962192489251459518e-03 2.422817902743651039e-02 -9.996822201797103125e-01
1.635337946163975889e-03 2.415159266639524752e-02 -9.997069792478587846e-01
1.019995205194083876e-02 2.404513499074741045e-02 -9.996588470878242649e-01
1.872046147894949886e-02 2.390905163272857847e-02 -9.995388534975894190e-01
2.718579573289278684e-02 2.374363282973462538e-02 -9.993483829301245125e-01
3.558502500040011673e-02 2.354921253570640971e-02 -9.990891644946408023e-01
4.390738219460459807e-02 2.332616738243517215e-02 -9.987632600858831200e-01
5.214228409308801354e-02 2.307491549959457544e-02 -9.983730507386856523e-01
6.027935145196224032e-02 2.279591520350586140e-02 -9.979212213175309154e-01
6.830842799194629389e-02 2.248966356570100689e-02 -9.974107436620032185e-01
7.621959816539888855e-02 2.215669487325287040e-02 -9.968448583187072831e-01
8.400320362716831579e-02 2.179757899358180512e-02 -9.962270549983403001e-01
9.164985834660951958e-02 2.141291965701882030e-02 -9.955610519031075079e-01
9.915046231297248991e-02 2.100335267080264551e-02 -9.948507740745246020e-01
1.064962138013698795e-01 2.056954407841170285e-02 -9.941003309148653821e-01
1.136786201814730668e-01 2.011218827818417321e-02 -9.933139930371046589e-01
1.206895072657615531e-01 1.963200611506540905e-02 -9.924961685982449655e-01
1.275210272083712182e-01 1.912974295904890792e-02 -9.916513792694621188e-01
1.341656649791778677e-01 1.860616678345492284e-02 -9.907842359936697152e-01
1.406162434505566217e-01 1.806206625563075083e-02 -9.898994146769954927e-01
1.468659271461394689e-01 1.749824885197181004e-02 -9.890016319554165714e-01
1.529082247117352078e-01 1.691553900836718222e-02 -9.880956211715500315e-01
1.587369901782854642e-01 1.631477631628218405e-02 -9.871861086895012960e-01
1.643464230952342009e-01 1.569681377371963046e-02 -9.862777906678712458e-01
1.697310676199364765e-01 1.506251609926638479e-02 -9.853753104026824472e-01
1.748858106546938296e-01 1.441275811634861251e-02 -9.844832363432449718e-01
1.798058791276708202e-01 1.374842321370318803e-02 -9.836060408749939254e-01
1.844868365173255864e-01 1.307040188693899159e-02 -9.827480799542320788e-01
1.889245787221034145e-01 1.237959036492452224e-02 -9.819135736706285922e-01
1.931153293780352720e-01 1.167688932361067577e-02 -9.811065878043764288e-01
1.970556347266050057e-01 1.096320268879186384e-02 -9.803310164361999091e-01
2.007423581338623475e-01 1.023943652823604798e-02 -9.795905656600237821e-01
2.041726743593362259e-01 9.506498032584614205e-03 -9.788887384401357972e-01
2.073440636699223627e-01 8.765294583445016122e-03 -9.782288206471622116e-01
2.102543058896629569e-01 8.016732906180273552e-03 -9.776138683001730501e-01
2.129014744712930673e-01 7.261718304046003124e-03 -9.770466960357733210e-01
2.152839306696831823e-01 6.501153969542893853e-03 -9.765298668191348952e-01
2.174003178909518774e-01 5.735940368144438681e-03 -9.760656829065865736e-01
2.192495562841415280e-01 4.966974688929512265e-03 -9.756561780645954807e-01
2.208308376350304747e-01 4.195150356099162231e-03 -9.753031110457265340e-01
2.221436206139805469e-01 3.421356594888195091e-03 -9.750079603184238497e-01
2.231876264217681760e-01 2.646478044995480283e-03 -9.747719200441828935e-01
2.239628348691989901e-01 1.871394414352393508e-03 -9.745958972928291386e-01
2.244694809180318440e-01 1.096980165826016334e-03 -9.744805104841350873e-01
2.247080517024090396e-01 3.241042293116592598e-04 -9.744260890418345866e-01
2.246792840416707571e-01 -4.463702683933657702e-04 -9.744326742441765665e-01
2.243841624471875351e-01 -1.213586263527682103e-03 -9.745000212534316031e-01
2.238239176177330425e-01 -1.976693012617529270e-03 -9.746276023051660964e-01
2.230000254100002743e-01 -2.734846354379701344e-03 -9.748146110365673023e-01
2.219142062631895285e-01 -3.487208983377551585e-03 -9.750599679315755663e-01
2.205684250492222220e-01 -4.232950742227648347e-03 -9.753623268590073669e-01
2.189648913131086172e-01 -4.971248938784761894e-03 -9.757200826781718961e-01
2.171060598613722969e-01 -5.701288694300405031e-03 -9.761313798846591450e-01
2.149946316502563126e-01 -6.422263328058455505e-03 -9.765941222669546340e-01
2.126335549197526098e-01 -7.133374783444090469e-03 -9.771059835422927220e-01
2.100260265143539251e-01 -7.833834099803295425e-03 -9.776644189376600957e-01
2.071754933268696863e-01 -8.522861933803827297e-03 -9.782666776790905905e-01
2.040856537977177310e-01 -9.199689133319369910e-03 -9.789098163493429317e-01
2.007604593988410735e-01 -9.863557366131777901e-03 -9.795907130707172117e-01
1.972041160288450223e-01 -1.051371980498723609e-02 -9.803060824661637973e-01
1.934210852441349826e-01 -1.114944186975683899e-02 -9.810524913479770071e-01
1.894160852497961955e-01 -1.177000202664691200e-02 -9.818263750792837197e-01
1.851940915737150806e-01 -1.237469264358629153e-02 -9.826240545492664902e-01
1.807603373480236308e-01 -1.296282090009402699e-02 -9.834417536986480579e-01
1.761203131233659014e-01 -1.353370974910940959e-02 -9.842756175274706143e-01
1.712797661437490959e-01 -1.408669892745502417e-02 -9.851217305126854784e-01
1.662446990128497726e-01 -1.462114601081113477e-02 -9.859761353586004029e-01
1.610213676865922261e-01 -1.513642750831489282e-02 -9.868348519988907608e-01
1.556162787315798490e-01 -1.563193999116950506e-02 -9.876938967647416190e-01
1.500361857945169131e-01 -1.610710124896556905e-02 -9.885493016298413371e-01
1.442880852340658604e-01 -1.656135146678810663e-02 -9.893971334394738859e-01
1.383792108735964199e-01 -1.699415441561697923e-02 -9.902335130279442676e-01
1.323170278409357414e-01 -1.740499864803374958e-02 -9.910546341261016190e-01
1.261092254694531067e-01 -1.779339869083223363e-02 -9.918567819588793855e-01
1.197637092435250988e-01 -1.815889622580016058e-02 -9.926363514316224324e-01
1.132885917805371706e-01 -1.850106124970151908e-02 -9.933898648035892620e-01
1.066921828509833220e-01 -1.881949320434883957e-02 -9.941139887474554904e-01
9.998297844781907362e-02 -1.911382206761548866e-02 -9.948055506949572413e-01
9.316964892588859570e-02 -1.938370939630329470e-02 -9.954615543710282344e-01
8.626102624186525458e-02 -1.962884931195140251e-02 -9.960791944219319349e-01
7.926609033459240672e-02 -1.984896942094855135e-02 -9.966558700469700938e-01
7.219395469486489247e-02 -2.004383166069113181e-02 -9.971891975483638815e-01
6.505385118242741627e-02 -2.021323306401024561e-02 -9.976770217198209778e-01
5.785511415616535758e-02 -2.035700643466810400e-02 -9.981174260010913235e-01
5.060716399101197749e-02 -2.047502092739084470e-02 -9.985087413334204909e-01
4.331949006188658136e-02 -2.056718252665385577e-02 -9.988495536591611712e-01
3.600163328091532389e-02 -2.063343441925767630e-02 -9.991387100178253933e-01
2.866316827918399812e-02 -2.067375725661730473e-02 -9.993753232004513043e-01
2.131368532825925546e-02 -2.068816930362387188e-02 -9.995587749342216277e-01
1.396277209963431645e-02 -2.067672647191290750e-02 -9.996887175796842495e-01
6.619995362066653614e-03 -2.063952223637496516e-02 -9.997650743335765311e-01
-7.051172825453828202e-04 -2.057668743475864551e-02 -9.997880379410098994e-01
-8.003095524558839075e-03 -2.048838995122979553e-02 -9.997580679315104524e-01
-1.526454423465313862e-02 -2.037483428575003613e-02 -9.996758864040005133e-01
-2.248016101865012509e-02 -2.023626101210976996e-02 -9.995424723961238156e-01
-2.964075334690753627e-02 -2.007294612838255929e-02 -9.993590548832420595e-01
-3.673725517083661213e-02 -1.988520030444738268e-02 -9.991271044618499353e-01
-4.376074294474191495e-02 -1.967336803204172702e-02 -9.988483237809633319e-01
-5.070245097765747194e-02 -1.943782668355168233e-02 -9.985246367931422951e-01
-5.755378604705829737e-02 -1.917898548640690343e-02 -9.981581769041303343e-01
-6.430634121415211568e-02 -1.889728442052090313e-02 -9.977512741065616142e-01
-7.095190878878651630e-02 -1.859319304669525622e-02 -9.973064411887541114e-01
-7.748249240072210831e-02 -1.826720927428558336e-02 -9.968263591142304536e-01
-8.389031814299921508e-02 -1.791985807670525357e-02 -9.963138616712676754e-01
-9.016784476224121159e-02 -1.755169016351852337e-02 -9.957719194944697483e-01
-9.630777287987087043e-02 -1.716328061794888948e-02 -9.952036235620791427e-01
-1.023030532372487117e-01 -1.675522750860296978e-02 -9.946121682735324931e-01
-1.081468939665637119e-01 -1.632815048408844949e-02 -9.940008342116404272e-01
-1.138327668978108831e-01 -1.588268935899126572e-02 -9.933729706927911796e-01
-1.193544129202827320e-01 -1.541950269937821319e-02 -9.927319782067882681e-01
-1.247058464245952847e-01 -1.493926641561296384e-02 -9.920812908454084145e-01
-1.298813588582894141e-01 -1.444267236982395806e-02 -9.914243588155705611e-01
-1.348755214344302955e-01 -1.393042700484972349e-02 -9.907646311292264141e-01
-1.396831870383198615e-01 -1.340325000091968297e-02 -9.901055385577891554e-01
-1.442994913823974212e-01 -1.286187296571535306e-02 -9.894504769342016282e-01
-1.487198534636047786e-01 -1.230703816280708657e-02 -9.888027908806831245e-01
-1.529399753809143059e-01 -1.173949728278438770e-02 -9.881657580348740533e-01
-1.569558415733566248e-01 -1.116001026070217138e-02 -9.875425738415917198e-01
-1.607637175407394536e-01 -1.056934414276005166e-02 -9.869363369717990553e-01
-1.643601481103363071e-01 -9.968272004424993601e-03 -9.863500354247376478e-01
-1.677419553131600238e-01 -9.357571921507578869e-03 -9.857865333635524863e-01
-1.709062359330536240e-01 -8.738025995015942862e-03 -9.852485587291908153e-01
-1.738503587907620218e-01 -8.110419429946093273e-03 -9.847386916719512717e-01
-1.765719618234335708e-01 -7.475539667528933833e-03 -9.842593538348203275e-01
-1.790689490176863297e-01 -6.834175569848546447e-03 -9.838127985177070878e-01
-1.813394872515070866e-01 -6.187116655178002446e-03 -9.834011017468944349e-01
-1.833820030968841830e-01 -5.535152381852442675e-03 -9.830261542694856969e-01
-1.851951796312611698e-01 -4.879071478018083032e-03 -9.826896544883513274e-01
-1.867779533016911964e-01 -4.219661314163114345e-03 -9.823931023490752867e-01
-1.881295108810280003e-01 -3.557707314954664142e-03 -9.821377941866620276e-01
-1.892492865506623934e-01 -2.893992406576874777e-03 -9.819248185362841053e-01
-1.901369591392599867e-01 -2.229296495490146711e-03 -9.817550529091170208e-01
-1.907924495417282484e-01 -1.564395974311482080e-03 -9.816291615312974228e-01
-1.912159183372942883e-01 -9.000632503510937969e-04 -9.815475940412384803e-01
-1.914077636201588772e-01 -2.370662922309760409e-04 -9.815105851379111179e-01
-1.913686190507589979e-01 4.238318100434281151e-04 -9.815181551702286677e-01
-1.910993521302678799e-01 1.081873276187735131e-03 -9.815701116553253724e-01
-1.906010626956367027e-01 1.736306062495932218e-03 -9.816660517112644202e-01
-1.898750816272801734e-01 2.386384288922805894e-03 -9.818053653875242759e-01
-1.889229697564732413e-01 3.031368670709530446e-03 -9.819872398744606823e-01
-1.877465169547008206e-01 3.670526958668180774e-03 -9.822106645708000849e-01
-1.863477413826252760e-01 4.303134391992923490e-03 -9.824744369860668458e-01
-1.847288888720484412e-01 4.928474167174370230e-03 -9.827771694526531432e-01
-1.828924324102801646e-01 5.545837926261873267e-03 -9.831172966199991370e-01
-1.808410716927205675e-01 6.154526267349384391e-03 -9.834930837010342763e-01
-1.785777327062494924e-01 6.753849279757261764e-03 -9.839026354386429807e-01
-1.761055673032254909e-01 7.343127105948595024e-03 -9.843439057574424611e-01
-1.734279527235546292e-01 7.921690531758108361e-03 -9.848147080636034945e-01
-1.705484910204231597e-01 8.488881606028590363e-03 -9.853127261528109582e-01
-1.674710083439178987e-01 9.044054290248423542e-03 -9.858355256837555425e-01
-1.641995540359044159e-01 9.586575138268764451e-03 -9.863805661717945927e-01
-1.607383994892092605e-01 1.011582400565511075e-02 -9.869452134546294886e-01
-1.570920367243707205e-01 1.063119478770040843e-02 -9.875267525790546452e-01
-1.532651766379883318e-01 1.113209618460076974e-02 -9.881224010550611059e-01
-1.492627468780162170e-01 1.161795249177566096e-02 -9.887293224208620890e-01
-1.450898893032067372e-01 1.208820441280756067e-02 -9.893446400597916135e-01
-1.407519569863078801e-01 1.254230989198722342e-02 -9.899654512075425350e-01
-1.362545107235371700e-01 1.297974496298522941e-02 -9.905888410859062798e-01
-1.316033150162740362e-01 1.340000460973414000e-02 -9.912118970970960063e-01
-1.268043334948056600e-01 1.380260363520349753e-02 -9.918317230109239269e-01
-1.218637237582942678e-01 1.418707753338746026e-02 -9.924454530756041670e-01
-1.167878316098674291e-01 1.455298335950674059e-02 -9.930502659818128963e-01
-1.115831846708217612e-01 1.489990059315742486e-02 -9.936433986088971659e-01
-1.062564853633233969e-01 1.522743198892316172e-02 -9.942221594818217989e-01
-1.008146032566295258e-01 1.553520440880766691e-02 -9.947839418676146517e-01
-9.526456677768295467e-02 1.582286963074456057e-02 -9.953262364407452489e-01
-8.961355429288092589e-02 1.609010512740339724e-02 -9.958466434480748308e-01
-8.386888457382232764e-02 1.633661480953602432e-02 -9.963428843057603457e-01
-7.803800666582282053e-02 1.656212972819681370e-02 -9.968128125628019642e-01
-7.212848918388281572e-02 1.676640873032389858e-02 -9.972544241687816280e-01
-6.614800906652720802e-02 1.694923906238519906e-02 -9.976658669867596307e-01
-6.010433982343488940e-02 1.711043691707135606e-02 -9.980454494962495149e-01
-5.400533931797181497e-02 1.724984791835450573e-02 -9.983916486356700926e-01
-4.785893713056565274e-02 1.736734754062428665e-02 -9.987031167386360986e-01
-4.167312155325082063e-02 1.746284145805563834e-02 -9.989786875238668706e-01
-3.545592626961181076e-02 1.753626582085231547e-02 -9.992173811043151277e-01
-2.921541677770925910e-02 1.758758745553942390e-02 -9.994184079872953097e-01
-2.295967661634248577e-02 1.761680398704160502e-02 -9.995811720438659842e-01
-1.669679345714875432e-02 1.762394388087370339e-02 -9.997052724324266837e-01
-1.043484512653489182e-02 1.760906640438063969e-02 -9.997905044683634834e-01
-4.181885622263436728e-03 1.757226150658512329e-02 -9.998368594385441677e-01
2.054068810336154120e-03 1.751364961682807739e-02 -9.998445233664566834e-01
8.265053478089649103e-03 1.743338136300933913e-02 -9.998138747407233629e-01
1.444316885238785403e-02 1.733163721084766268e-02 -9.997454812265409441e-01
2.058059393288151628e-02 1.720862702617172862e-02 -9.996400953862235594e-01
2.666959930352022154e-02 1.706458956282060416e-02 -9.994986494413867772e-01
3.270255982503673942e-02 1.689979187926609477e-02 -9.993222491153526121e-01
3.867196691155690841e-02 1.671452868756451160e-02 -9.991121666000118973e-01
4.457044034307783287e-02 1.650912163869601088e-02 -9.988698326966036767e-01
5.039073957004581300e-02 1.628391854875091069e-02 -9.985968281846139272e-01
5.612577447111758572e-02 1.603929257077030268e-02 -9.982948744772203176e-01
6.176861553033695384e-02 1.577564131733951228e-02 -9.979658236253867720e-01
6.731250340533484477e-02 1.549338593926524558e-02 -9.976116477358177859e-01
7.275085786369327179e-02 1.519297016583899887e-02 -9.972344278705049803e-01
7.807728607023181611e-02 1.487485931229995742e-02 -9.968363424975310583e-01
8.328559021360840142e-02 1.453953926016032967e-02 -9.964196555641420261e-01
8.836977446620647436e-02 1.418751541604598709e-02 -9.959867042638672618e-01
9.332405127674249512e-02 1.381931165463708491e-02 -9.955398865696742927e-01
9.814284700030895259e-02 1.343546925116973802e-02 -9.950816486048176257e-01
1.028208068756123472e-01 1.303654580878384379e-02 -9.946144719222033137e-01
1.073527993639197958e-01 1.262311418577766013e-02 -9.941408607617824300e-01
1.117339198686469054e-01 1.219576142756088021e-02 -9.936633293537414646e-01
1.159594938585617740e-01 1.175508770778949455e-02 -9.931843893331189221e-01
1.200250794212129740e-01 1.130170528282249502e-02 -9.927065373289912786e-01
1.239264692763846903e-01 1.083623746326778554e-02 -9.922322427885752472e-01
1.276596922821195135e-01 1.035931760598779970e-02 -9.917639360935472936e-01
1.312210144681146828e-01 9.871588129519688962e-03 -9.913039970226118491e-01
1.346069396330822066e-01 9.373699555435955136e-03 -9.908547436109222950e-01
1.378142095439653936e-01 8.866309577734363123e-03 -9.904184214533963138e-01
1.408398037757284671e-01 8.350082161906071873e-03 -9.899971934953274433e-01
1.436809392307892286e-01 7.825686674893065145e-03 -9.895931303500034026e-01
1.463350693770630595e-01 7.293797046715008899e-03 -9.892082011793374985e-01
1.487998832430465490e-01 6.755090964125855593e-03 -9.888442651698375885e-01
1.510733042074131616e-01 6.210249096256168985e-03 -9.885030636325942144e-01
1.531534886192476852e-01 5.659954351811858318e-03 -9.881862127523991512e-01
1.550388242833377339e-01 5.104891167037312223e-03 -9.878951970076208511e-01
1.567279288429015982e-01 4.545744823313774795e-03 -9.876313632790792996e-01
1.582196480897931634e-01 3.983200792954883288e-03 -9.873959156628916434e-01
1.595130542296219200e-01 3.417944111482883705e-03 -9.871899109991092436e-01
1.606074441263944386e-01 2.850658774423016004e-03 -9.870142551249382334e-01
1.615023375482577683e-01 2.282027156441470729e-03 -9.868696998584298719e-01
1.621974754327430157e-01 1.712729450475345902e-03 -9.867568407157421007e-01
1.626928181866047485e-01 1.143443124361963065e-03 -9.866761153624054037e-01
1.629885440319646661e-01 5.748423923702780831e-04 -9.866278027964621167e-01
1.630850474070328071e-01 7.597698969078500557e-06 -9.866120232588871941e-01
1.629829374262320996e-01 -5.576247878649049890e-04 -9.866287388643211198e-01
1.626830364011250807e-01 -1.120163676491365938e-03 -9.866777549428501493e-01
1.621863784201713066e-01 -1.679362847255831464e-03 -9.867587220813338611e-01
1.614942079820612386e-01 -2.234571946522455332e-03 -9.868711388506026250e-01
1.606079786742080906e-01 -2.785146881561145760e-03 -9.870143552027114131e-01
1.595293518849655312e-01 -3.330450318620866226e-03 -9.871875765203317332e-01
1.582601955353025724e-01 -3.869852186351822008e-03 -9.873898682982840125e-01
1.568025828130353572e-01 -4.402730186541990720e-03 -9.876201614351488578e-01
1.551587908903140078e-01 -4.928470313910233644e-03 -9.878772581108420381e-01
1.533312996029152220e-01 -5.446467386451338787e-03 -9.881598382239925593e-01
1.513227900680178817e-01 -5.956125587560340273e-03 -9.884664663609230573e-01
1.491361432155605404e-01 -6.456859020877036767e-03 -9.887955992660016902e-01
1.467744382070113318e-01 -6.948092278489682166e-03 -9.891455937811121091e-01
1.442409507144396530e-01 -7.429261022822378907e-03 -9.895147152199917917e-01
1.415391510321733770e-01 -7.899812582206974451e-03 -9.899011461412121626e-01
1.386727019930671378e-01 -8.359206559810542642e-03 -9.903029954816461311e-01
1.356454566615012403e-01 -8.806915455257247061e-03 -9.907183080103882933e-01
1.324614557756791378e-01 -9.242425297952019253e-03 -9.911450740612914867e-01
1.291249249125946130e-01 -9.665236290786674914e-03 -9.915812395005665358e-01
1.256402713501935386e-01 -1.007486346259024897e-02 -9.920247158842907531e-01
1.220120806027506222e-01 -1.047083732737825318e-02 -9.924733907592017124e-01
1.182451126073095354e-01 -1.085270454816357304e-02 -9.929251380588396403e-01
1.143442975411784190e-01 -1.122002860281838717e-02 -9.933778285459704538e-01
1.103147312529141333e-01 -1.157239044922512075e-02 -9.938293402512946573e-01
1.061616702919453287e-01 -1.190938918672815143e-02 -9.942775688577449866e-01
1.018905265249504671e-01 -1.223064271069976977e-02 -9.947204379792305984e-01
9.750686133029297376e-02 -1.253578835686641052e-02 -9.951559092825036368e-01
9.301637936518919458e-02 -1.282448353190687382e-02 -9.955819924009432498e-01
8.842492190381101569e-02 -1.309640632673515596e-02 -9.959967545894700125e-01
8.373845974816523929e-02 -1.335125610881833687e-02 -9.963983300705538948e-01
7.896308571730677184e-02 -1.358875408985602169e-02 -9.967849290223547154e-01
7.410500672419040313e-02 -1.380864386516292286e-02 -9.971548461614581083e-01
6.917053545320392405e-02 -1.401069192115068397e-02 -9.975064688744349484e-01
6.416608165510993833e-02 -1.419468810739895302e-02 -9.978382848545627182e-01
5.909814307971165970e-02 -1.436044606993827980e-02 -9.981488892024972248e-01
5.397329607000660862e-02 -1.450780364253773450e-02 -9.984369909524632991e-01
4.879818584485949573e-02 -1.463662319299646568e-02 -9.987014189886275206e-01
4.357951650027221818e-02 -1.474679192167876671e-02 -9.989411273197076335e-01
3.832404076211736593e-02 -1.483822210980407542e-02 -9.991551996835418281e-01
3.303854952569736103e-02 -1.491085131530368521e-02 -9.993428534572513788e-01
2.772986121966405579e-02 -1.496464251438145779e-02 -9.995034428527626025e-01
2.240481103365590809e-02 -1.499958418726287691e-02 -9.996364613817652067e-01
1.707024005046009485e-02 -1.501569034698120760e-02 -9.997415435786408677e-01
1.173298432456725167e-02 -1.501300051042727540e-02 -9.998184659744614455e-01
6.399863949644897868e-03 -1.499157961127586640e-02 -9.998671473197817683e-01
1.077672157705092046e-03 -1.495151785479255716e-02 -9.998876480586049720e-01
-4.226835507419263692e-03 -1.489293051491526534e-02 -9.998801690605280124e-01
-9.506951900242551975e-03 -1.481595767439043698e-02 -9.998450496226408690e-01
-1.475602882635684669e-02 -1.472076390912009647e-02 -9.997827647572183896e-01
-1.996748739798993172e-02 -1.460753791823861739e-02 -9.996939217855568272e-01
-2.513482815436685405e-02 -1.447649210178303392e-02 -9.995792562624432609e-01
-3.025164091090086493e-02 -1.432786208814411030e-02 -9.994396272596552944e-01
-3.531161430360036518e-02 -1.416190621378375994e-02 -9.992760120405512758e-01
-4.030854499771829857e-02 -1.397890495797470163e-02 -9.990895001611870274e-01
-4.523634653255433763e-02 -1.377916033555776076e-02 -9.988812870364656149e-01
-5.008905777741015641e-02 -1.356299525091869858e-02 -9.986526670125678296e-01
-5.486085097695513751e-02 -1.333075281655823376e-02 -9.984050259893058055e-01
-5.954603936764223115e-02 -1.308279563976461231e-02 -9.981398336380806757e-01
-6.413908435028053967e-02 -1.281950508099707377e-02 -9.978586352627942802e-01
-6.863460220738010209e-02 -1.254128048765042192e-02 -9.975630433523700047e-01
-7.302737035739466365e-02 -1.224853840689597330e-02 -9.972547288744688654e-01
-7.731233314145935509e-02 -1.194171178128304589e-02 -9.969354123605601581e-01
-8.148460714161395724e-02 -1.162124913073891465e-02 -9.966068548327230436e-01
-8.553948603278239970e-02 -1.128761372452549878e-02 -9.962708486224309823e-01
-8.947244497391121376e-02 -1.094128274659960862e-02 -9.959292081311237332e-01
-9.327914454662329657e-02 -1.058274645768282791e-02 -9.955837605816160174e-01
-9.695543425249053548e-02 -1.021250735717935468e-02 -9.952363368083528838e-01
-1.004973555825453696e-01 -9.831079347888301012e-03 -9.948887621332193065e-01
-1.039011446749166789e-01 -9.438986906243848965e-03 -9.945428473720706597e-01
-1.071632345784723078e-01 -9.036764260585533268e-03 -9.942003800154014526e-01
-1.102802571420665734e-01 -8.624954579714816730e-03 -9.938631156246272580e-01
-1.132490445504157756e-01 -8.204109173736484628e-03 -9.935327694833575585e-01
-1.160666305287536282e-01 -7.774786708917266580e-03 -9.932110085408021316e-01
-1.187302512392488379e-01 -7.337552438022989197e-03 -9.928994436821074743e-01
-1.212373458927000769e-01 -6.892977447322422811e-03 -9.925996223579894862e-01
-1.235855570992648311e-01 -6.441637921174084118e-03 -9.923130216035316309e-01
-1.257727309819345052e-01 -5.984114424844420507e-03 -9.920410414734801563e-01
-1.277969170761504014e-01 -5.520991205944917636e-03 -9.917849989188020077e-01
-1.296563680383758799e-01 -5.052855514624325119e-03 -9.915461221267029002e-01
-1.313495391856152605e-01 -4.580296942412807708e-03 -9.913255453437381792e-01
-1.328750878868160679e-01 -4.103906779389683047e-03 -9.911243041991074643e-01
-1.342318728258287686e-01 -3.624277389137385910e-03 -9.909433315427135236e-01
-1.354189531541456770e-01 -3.142001600753304043e-03 -9.907834538100955823e-01
-1.364355875500215809e-01 -2.657672117019558786e-03 -9.906453879239236482e-01
-1.372812331988150503e-01 -2.171880937680047922e-03 -9.905297387393707798e-01
-1.379555447075038743e-01 -1.685218796645111686e-03 -9.904369970383649635e-01
-1.384583729643459604e-01 -1.198274611837859280e-03 -9.903675380754634050e-01
-1.387897639526014526e-01 -7.116349463130871873e-04 -9.903216206758941320e-01
-1.389499575251266772e-01 -2.258834792201501809e-04 -9.902993868841649672e-01
-1.389393861445213929e-01 2.583995148547441013e-04 -9.903008621595539296e-01
-1.387586735913794167e-01 7.406376796436774275e-04 -9.903259561127600863e-01
-1.384086336410844387e-01 1.220259085515531952e-03 -9.903744637760116820e-01
-1.378902687075284905e-01 1.696696733790137735e-03 -9.904460673969901485e-01
-1.372047684501334353e-01 2.169389058424635655e-03 -9.905403387450409936e-01
-1.363535083386468727e-01 2.637780426371826026e-03 -9.906567419162910504e-01
-1.353380481683816305e-01 3.101321637813419900e-03 -9.907946366224859025e-01
-1.341601305168940717e-01 3.559470427355471665e-03 -9.909532819465899367e-01
-1.328216791315653955e-01 4.011691967140252821e-03 -9.911318405464636383e-01
-1.313247972361804849e-01 4.457459372679996659e-03 -9.913293832862376531e-01
-1.296717657434044435e-01 4.896254212054993414e-03 -9.915448942733542381e-01
-1.278650413590503576e-01 5.327567018943306192e-03 -9.917772762776367879e-01
-1.259072545632257123e-01 5.750897809763802493e-03 -9.920253565071880386e-01
-1.238012074528471312e-01 6.165756605020378950e-03 -9.922878927144068717e-01
-1.215498714296331245e-01 6.571663954735251952e-03 -9.925635796039652403e-01
-1.191563847175257929e-01 6.968151467655291781e-03 -9.928510555132007420e-01
-1.166240496935604942e-01 7.354762343709782789e-03 -9.931489093340736263e-01
-1.139563300164965487e-01 7.731051908993053640e-03 -9.934556876446136719e-01
-1.111568475380427523e-01 8.096588152343427852e-03 -9.937699020166534947e-01
-1.082293789822542651e-01 8.450952262393228095e-03 -9.940900364656285459e-01
-1.051778523796371018e-01 8.793739163775437725e-03 -9.944145550073218986e-01
-1.020063432436653789e-01 9.124558050993226629e-03 -9.947419092856669698e-01
-9.871907047878311636e-02 9.443032918291243902e-03 -9.950705462350974972e-01
-9.532039201051563382e-02 9.748803083714180015e-03 -9.953989157404724564e-01
-9.181480013003920360e-02 1.004152370540079692e-02 -9.957254782573056184e-01
-8.820691654743584298e-02 1.032086628804206214e-02 -9.960487123549185418e-01
-8.450148714987298915e-02 1.058651917733186357e-02 -9.963671221452119475e-01
-8.070337646307569612e-02 1.083818804015949586e-02 -9.966792445600307637e-01
-7.681756181667846739e-02 1.107559632823588124e-02 -9.969836564405836210e-01
-7.284912721633232668e-02 1.129848572281127138e-02 -9.972789814030823541e-01
-6.880325692777440605e-02 1.150661655813176379e-02 -9.975638964456865487e-01
-6.468522878041754742e-02 1.169976822129575184e-02 -9.978371382629827036e-01
-6.050040720035866626e-02 1.187773952620958633e-02 -9.980975092355904854e-01
-5.625423598501228667e-02 1.204034905940423554e-02 -9.983438830640716244e-01
-5.195223083382143753e-02 1.218743549556100189e-02 -9.985752100181138902e-01
-4.759997165165783667e-02 1.231885788070393416e-02 -9.987905217739646568e-01
-4.320309464357087459e-02 1.243449588114820675e-02 -9.989889358152878041e-01
-3.876728422145703234e-02 1.253424999644640013e-02 -9.991696593750010180e-01
-3.429826474497533334e-02 1.261804173474659514e-02 -9.993319928982005163e-01
-2.980179212060990804e-02 1.268581374916582898e-02 -9.994753330089862775e-01
-2.528364528415888088e-02 1.273752993398764854e-02 -9.995991749668338144e-01
-2.074961759309400938e-02 1.277317547971112792e-02 -9.997031146011090552e-01
-1.620550815617368551e-02 1.279275688620831394e-02 -9.997868497153585832e-01
-1.165711312839289374e-02 1.279630193348517408e-02 -9.998501809561080034e-01
-7.110216999809425287e-03 1.278385960978509206e-02 -9.998930121440461338e-01
-2.570583906991552592e-03 1.275549999702109936e-02 -9.999153500686261964e-01
1.956051004213006997e-03 1.271131411377059151e-02 -9.999173037502625538e-01
6.463990136182181170e-03 1.265141371631160576e-02 -9.998990831774090537e-01
1.094758188943413882e-02 1.257593105842005898e-02 -9.998609975288492713e-01
1.540122897786413807e-02 1.248501861088015079e-02 -9.998034528944889088e-01
1.981939658322025982e-02 1.237884874188291059e-02 -9.997269495107848902e-01
2.419662032395168000e-02 1.225761335969826823e-02 -9.996320785296607392e-01
2.852751401497749528e-02 1.212152351920196651e-02 -9.995195183423154495e-01
3.280677719651751978e-02 1.197080899401808257e-02 -9.993900304817202596e-01
3.702920241187915990e-02 1.180571781619930288e-02 -9.992444551297919864e-01
4.118968221598429819e-02 1.162651578550880777e-02 -9.990837062572257565e-01
4.528321589842441292e-02 1.143348595048861507e-02 -9.989087664257462196e-01
4.930491590692663573e-02 1.122692806359849860e-02 -9.987206812840850878e-01
5.325001395927356218e-02 1.100715801278659770e-02 -9.985205537903143469e-01
5.711386683392059849e-02 1.077450723190713153e-02 -9.983095381942458379e-01
6.089196183177112559e-02 1.052932209243231595e-02 -9.980888338144519034e-01
6.457992190377805086e-02 1.027196327891471278e-02 -9.978596786450689704e-01
6.817351044121588988e-02 1.000280515064345434e-02 -9.976233428279194237e-01
7.166863572758840062e-02 9.722235091903744242e-03 -9.973811220256306731e-01
7.506135505318065060e-02 9.430652853194708765e-03 -9.971343307313513815e-01
7.834787849521240855e-02 9.128469885687325730e-03 -9.968842955503768311e-01
8.152457236838238364e-02 8.816108671113098705e-03 -9.966323484885009076e-01
8.458796235229507077e-02 8.494002049166936644e-03 -9.963798202812318427e-01
8.753473630381841675e-02 8.162592544386088056e-03 -9.961280337971504251e-01
9.036174676381965309e-02 7.822331694332693847e-03 -9.958782975476671018e-01
9.306601316895850295e-02 7.473679380762526109e-03 -9.956318993342666568e-01
9.564472378027324972e-02 7.117103165308699513e-03 -9.953901000630270834e-01
9.809523734117121807e-02 6.753077631048565524e-03 -9.951541277547777398e-01
1.004150844781272200e-01 6.382083731156670131e-03 -9.949251717777416459e-01
1.026019688579003775e-01 6.004608145678543701e-03 -9.947043773278932965e-01
1.046537681154030980e-01 5.621142647291152948e-03 -9.944928401805808171e-01
1.065685345664978689e-01 5.232183476748022630e-03 -9.942916017352136926e-01
1.083444957199638514e-01 4.838230728542120516e-03 -9.941016443730271712e-01
1.099800546026719755e-01 4.439787747159363619e-03 -9.939238871461041347e-01
1.114737899116429037e-01 4.037360534141673854e-03 -9.937591818139851485e-01
1.128244560061465729e-01 3.631457166032427651e-03 -9.936083092423283469e-01
1.140309827523460912e-01 3.222587223140239640e-03 -9.934719761762103030e-01
1.150924752322046718e-01 2.811261228930640298e-03 -9.933508123987890848e-01
1.160082133274753374e-01 2.397990099740363121e-03 -9.932453682841898557e-01
1.167776511885932345e-01 1.983284604406673236e-03 -9.931561127516305154e-01
1.174004165972041686e-01 1.567654833315216016e-03 -9.930834316259782302e-01
1.178763102299060506e-01 1.151609676294899909e-03 -9.930276264081309145e-01
1.182053048295668429e-01 7.356563087278344265e-04 -9.929889134568432585e-01
1.183875442893304458e-01 3.202996851966584901e-04 -9.929674235818776173e-01
1.184233426531451361e-01 -9.395796003910982311e-05 -9.929632020466512277e-01
1.183131830353645192e-01 -5.066176064617660107e-04 -9.929762089768769950e-01
1.180577164606934071e-01 -9.171839353340426569e-04 -9.930063201700565223e-01
1.176577606244956636e-01 -1.325165813068756963e-03 -9.930533282990841037e-01
1.171142985722633117e-01 -1.730076770612593365e-03 -9.931169445016554409e-01
1.164284772958792402e-01 -2.131435479485500016e-03 -9.931968003456513872e-01
1.156016062432040775e-01 -2.528766225062567541e-03 -9.932924501591834376e-01
1.146351557364934520e-01 -2.921599377618475102e-03 -9.934033737125440577e-01
1.135307552942165926e-01 -3.309471861576542343e-03 -9.935289792379069507e-01
1.122901918500127244e-01 -3.691927623316118134e-03 -9.936686067712698911e-01
1.109154078617966832e-01 -4.068518097794609351e-03 -9.938215317998261300e-01
1.094084993034193376e-01 -4.438802674135079729e-03 -9.939869691966980447e-01
1.077717135308082913e-01 -4.802349160218322144e-03 -9.941640774237683331e-01
1.060074470141671582e-01 -5.158734246200968356e-03 -9.943519629822039629e-01
1.041182429276010929e-01 -5.507543966759956972e-03 -9.945496850891941687e-01
1.021067885874667736e-01 -5.848374161739964237e-03 -9.947562605584161499e-01
9.997591273081800345e-02 -6.180830934755689524e-03 -9.949706688608124239e-01
9.772858262553411890e-02 -6.504531109176692021e-03 -9.951918573414130220e-01
9.536790100407679938e-02 -6.819102680800240464e-03 -9.954187465671729962e-01
9.289710281331878261e-02 -7.124185266398916708e-03 -9.956502357801275682e-01
9.031955177352167519e-02 -7.419430547215889217e-03 -9.958852084295994889e-01
8.763873674030389638e-02 -7.704502706373316835e-03 -9.961225377567333172e-01
8.485826786432679181e-02 -7.979078859059596587e-03 -9.963610924042861638e-01
8.198187254442894367e-02 -8.242849474270392066e-03 -9.965997420243795091e-01
7.901339117104567988e-02 -8.495518786797832261e-03 -9.968373628568205636e-01
7.595677265795215682e-02 -8.736805198092988459e-03 -9.970728432506344996e-01
7.281606976165153067e-02 -8.966441664569753736e-03 -9.973050891016248531e-01
6.959543418908195611e-02 -9.184176071874394082e-03 -9.975330291790900361e-01
6.629911149572279006e-02 -9.389771593615051093e-03 -9.977556203152848635e-01
6.293143577762748408e-02 -9.583007033029899285e-03 -9.979718524318214046e-01
5.949682416238118859e-02 -9.763677146071925508e-03 -9.981807533779558650e-01
5.599977110546121295e-02 -9.931592944402612907e-03 -9.983813935566092646e-01
5.244484249994991326e-02 -1.008658197681631084e-02 -9.985728903150167257e-01
4.883666960899787912e-02 -1.022848858766155049e-02 -9.987544120780881274e-01
4.517994283184302573e-02 -1.035717415088485693e-02 -9.989251822038900386e-01
4.147940531554369925e-02 -1.047251727839615051e-02 -9.990844825421194564e-01
3.773984642586520472e-02 -1.057441400154206582e-02 -9.992316566780230502e-01
3.396609509195526455e-02 -1.066277792457362948e-02 -9.993661128459163656e-01
3.016301304054117005e-02 -1.073754034910678022e-02 -9.994873264982643279e-01
2.633548793636730778e-02 -1.079865036869707973e-02 -9.995948425181858665e-01
2.248842644645539582e-02 -1.084607493278247348e-02 -9.996882770652290029e-01
1.862674724650114147e-02 -1.087979887938869857e-02 -9.997673190463158832e-01
1.475537398831229183e-02 -1.089982493613953635e-02 -9.998317312058635498e-01
1.087922824763748117e-02 -1.090617368926700276e-02 -9.998813508312341947e-01
7.003222472028133513e-03 -1.089888352047316787e-02 -9.999160900718376821e-01
3.132252948514238373e-03 -1.087801051165403557e-02 -9.999359358723884927e-01
-7.288071891423282544e-04 -1.084362831765502827e-02 -9.999409495229888423e-01
-4.575114894025128151e-03 -1.079582800738563414e-02 -9.999312658308552315e-01
-8.401864061203372439e-03 -1.073471787377589665e-02 -9.999070919206102248e-01
-1.220429228563918791e-02 -1.066042321320822064e-02 -9.998687056721129451e-01
-1.597768750467976062e-02 -1.057308607520282377e-02 -9.998164538067770835e-01
-1.971739450769983623e-02 -1.047286498327273940e-02 -9.997507496352223688e-01
-2.341882129633258980e-02 -1.035993462799320204e-02 -9.996720704808994551e-01
-2.707744527971365014e-02 -1.023448553344929492e-02 -9.995809547960137209e-01
-3.068881929025237681e-02 -1.009672369833395852e-02 -9.994779989876402260e-01
-3.424857740662343858e-02 -9.946870213064730806e-03 -9.993638539733534776e-01
-3.775244057192683050e-02 -9.785160854371347319e-03 -9.992392214869926237e-01
-4.119622199628132642e-02 -9.611845658876801146e-03 -9.991048501563326578e-01
-4.457583233448014076e-02 -9.427188477251298784e-03 -9.989615313754288684e-01
-4.788728463073348152e-02 -9.231466510561428876e-03 -9.988100949952483099e-01
-5.112669902393554566e-02 -9.024969830465681339e-03 -9.986514048568884139e-01
-5.429030720830818613e-02 -8.808000884922310633e-03 -9.984863541922113228e-01
-5.737445664567580872e-02 -8.580873991076574253e-03 -9.983158609170970088e-01
-6.037561452700151987e-02 -8.343914816982055810e-03 -9.981408628427347329e-01
-6.329037148214985975e-02 -8.097459853785526213e-03 -9.979623128304381252e-01
-6.611544503812401274e-02 -7.841855879967359402e-03 -9.977811739153865656e-01
-6.884768282724328115e-02 -7.577459419180598149e-03 -9.975984144244739449e-01
-7.148406554786956857e-02 -7.304636193172258339e-03 -9.974150031130839533e-01
-7.402170968134962059e-02 -7.023760571201399967e-03 -9.972319043451247644e-01
-7.645786996980519223e-02 -6.735215017290888465e-03 -9.970500733400461391e-01
-7.878994166026839774e-02 -6.439389536564765933e-03 -9.968704515098433250e-01
-8.101546252141976490e-02 -6.136681121831939235e-03 -9.966939619082241242e-01
-8.313211463983609384e-02 -5.827493201480671986e-03 -9.965215048132002318e-01
-8.513772600319292894e-02 -5.512235089648376274e-03 -9.963539534633567563e-01
-8.703027187828941968e-02 -5.191321439528702106e-03 -9.961921499669744717e-01
-8.880787599207182192e-02 -4.865171700574077648e-03 -9.960369014020303835e-01
-9.046881152402713733e-02 -4.534209580247987662e-03 -9.958889761238967075e-01
-9.201150191840212766e-02 -4.198862510878437031e-03 -9.957491002963013704e-01
-9.343452152467898730e-02 -3.859561122063436250e-03 -9.956179546598159513e-01
-9.473659607461186460e-02 -3.516738718982044196e-03 -9.954961715508053866e-01
-9.591660300390321414e-02 -3.170830766871433025e-03 -9.953843321824162871e-01
-9.697357162628267302e-02 -2.822274381842629180e-03 -9.952829641978024888e-01
-9.790668316735064158e-02 -2.471507828125807903e-03 -9.951925395043987876e-01
-9.871527066507199133e-02 -2.118970021761066441e-03 -9.951134723966542639e-01
-9.939881874326107758e-02 -1.765100040683129090e-03 -9.950461179732391637e-01
-9.995696326379650831e-02 -1.410336641089014438e-03 -9.949907708533433093e-01
-1.003894908626522114e-01 -1.055117779926791283e-03 -9.949476641952966771e-01
-1.006963383741405760e-01 -6.998801433015251067e-04 -9.949169690193652160e-01
-1.008775921470430326e-01 -3.450586805616411424e-04 -9.948987938352159555e-01
-1.009334872555647106e-01 8.913856194643870849e-06 -9.948931845732021939e-01
-1.008644066073012269e-01 3.616073674673805352e-04 -9.949001248172987255e-01
-1.006708799496592033e-01 7.125948568368872370e-04 -9.949195363362224320e-01
-1.003535827754360593e-01 1.061452876854858960e-03 -9.949512799080031389e-01
-9.991333512754922708e-02 1.407761970606529606e-03 -9.949951564320308472e-01
-9.935110030221992738e-02 1.751107109183999960e-03 -9.950509083213987527e-01
-9.866798344926960840e-02 2.091078125280817091e-03 -9.951182211671880662e-01
-9.786523006758790499e-02 2.427270143080179684e-03 -9.951967256652051175e-01
-9.694422439328587160e-02 2.759284004564305833e-03 -9.952859997945852077e-01
-9.590648767756540516e-02 3.086726692321207447e-03 -9.953855712366239672e-01
-9.475367635092102336e-02 3.409211748868067049e-03 -9.954949200211874460e-01
-9.348758006994944969e-02 3.726359692448383623e-03 -9.956134813870930467e-01
-9.211011964278001396e-02 4.037798429193872711e-03 -9.957406488419424662e-01
-9.062334482895957610e-02 4.343163661472635925e-03 -9.958757774060339463e-01
-8.902943200953183922e-02 4.642099292173244157e-03 -9.960181870241849866e-01
-8.733068172304450649e-02 4.934257824601074108e-03 -9.961671661285609325e-01
-8.552951606330090606e-02 5.219300757589373681e-03 -9.963219753349367158e-01
-8.362847593484452891e-02 5.496898975354141265e-03 -9.964818512542192863e-01
-8.163021816242513329e-02 5.766733131549874741e-03 -9.966460104005319121e-01
-7.953751245104209722e-02 6.028494026913547472e-03 -9.968136531767137765e-01
-7.735323819359128661e-02 6.281882979817701718e-03 -9.969839679177204816e-01
-7.508038112365260364e-02 6.526612188991234333e-03 -9.971561349721286271e-01
-7.272202981154178569e-02 6.762405087609084896e-03 -9.973293308017548986e-01
-7.028137200240650029e-02 6.988996687900456140e-03 -9.975027320792977381e-01
-6.776169079586723265e-02 7.206133915380132787e-03 -9.976755197639028960e-01
-6.516636066748023037e-02 7.413575931769582870e-03 -9.978468831346460899e-01
-6.249884333312605983e-02 7.611094445644413405e-03 -9.980160237621132913e-01
-5.976268345829370554e-02 7.798474009822952031e-03 -9.981821593985533703e-01
-5.696150421512855694e-02 7.975512304497632543e-03 -9.983445277674685148e-01
-5.409900269103323778e-02 8.142020405106809022e-03 -9.985023902340035562e-01
-5.117894515354341062e-02 8.297823033949870003e-03 -9.986550353380919676e-01
-4.820516217713698842e-02 8.442758794563126959e-03 -9.988017821730127421e-01
-4.518154363856378974e-02 8.576680387898022451e-03 -9.989419835928065039e-01
-4.211203358819450016e-02 8.699454809376578474e-03 -9.990750292328903770e-01
-3.900062500577217844e-02 8.810963525941493263e-03 -9.992003483291915789e-01
-3.585135444979747898e-02 8.911102632269693805e-03 -9.993174123221880700e-01
-3.266829661058045370e-02 8.999782985377874356e-03 -9.994257372333935630e-01
-2.945555877773899794e-02 9.076930316916311317e-03 -9.995248858030494343e-01
-2.621727523360795412e-02 9.142485322522269850e-03 -9.996144693790780522e-01
-2.295760158463650696e-02 9.196403727686019644e-03 -9.996941495487048357e-01
-1.968070904338792976e-02 9.238656329670092912e-03 -9.997636395055619074e-01
-1.639077867420891607e-02 9.269229015115097031e-03 -9.998227051465331527e-01
-1.309199561600110640e-02 9.288122753062242123e-03 -9.998711658940834246e-01
-9.788543295800630761e-03 9.295353563222889456e-03 -9.999088952413188736e-01
-6.484597647050083583e-03 9.290952459427822066e-03 -9.999358210185461671e-01
-3.184321346529199372e-03 9.274965368292652917e-03 -9.999519253816196995e-01
1.081419161049063105e-04 9.247453023239782591e-03 -9.999572445238833485e-01
3.388673122329352409e-03 9.208490834120626467e-03 -9.999518681150115773e-01
6.653183548688117524e-03 9.158168732783415061e-03 -9.999359384715261756e-01
9.897620317315315719e-03 9.096590995030812837e-03 -9.999096494652003342e-01
1.311797186010856681e-02 9.023876039506975935e-03 -9.998732451769477558e-01
1.631027328408628588e-02 8.940156204144561816e-03 -9.998270183051283233e-01
1.947061162601640416e-02 8.845577500887826308e-03 -9.997713083384671684e-01
2.259513098503054124e-02 8.740299349487579486e-03 -9.997064995049806946e-01
2.568003752263009129e-02 8.624494291236677046e-03 -9.996330185094166598e-01
2.872160432024134513e-02 8.498347683580383116e-03 -9.995513320727468232e-01
3.171617608527747822e-02 8.362057376593824698e-03 -9.994619442881865767e-01
3.466017369750728355e-02 8.215833372368483781e-03 -9.993653938090578670e-01
3.755009858840514109e-02 8.059897468390909286e-03 -9.992622508845536711e-01
4.038253694705465358e-02 7.894482886029421248e-03 -9.991531142600977855e-01
4.315416374709046821e-02 7.719833885268407789e-03 -9.990386079595279245e-01
4.586174659007992427e-02 7.536205366844838174e-03 -9.989193779667558948e-01
4.850214936165928720e-02 7.343862462948007666e-03 -9.987960888248762492e-01
5.107233569763965780e-02 7.143080117641431755e-03 -9.986694201709080954e-01
5.356937225817676868e-02 6.934142658155490954e-03 -9.985400632244646468e-01
5.599043180894899135e-02 6.717343358181311619e-03 -9.984087172486453277e-01
5.833279610910120649e-02 6.492983994270853064e-03 -9.982760860013559778e-01
6.059385860648235089e-02 6.261374396415764036e-03 -9.981428741950653105e-01
6.277112694142480964e-02 6.022831993838907196e-03 -9.980097839827249961e-01
6.486222526097941421e-02 5.777681356988076909e-03 -9.978775114872060481e-01
6.686489634612544086e-02 5.526253736672117473e-03 -9.977467433911487715e-01
6.877700355501728535e-02 5.268886601226007750e-03 -9.976181536035870767e-01
7.059653258580508850e-02 5.005923172534346849e-03 -9.974924000191032203e-01
7.232159306297325507e-02 4.737711961682723391e-03 -9.973701213845925784e-01
7.395041995147724756e-02 4.464606304944524796e-03 -9.972519342879813120e-01
7.548137480322480997e-02 4.186963900747530526e-03 -9.971384302824507495e-01
7.691294684064275966e-02 3.905146348200977131e-03 -9.970301731588776528e-01
7.824375388219600991e-02 3.619518687700335868e-03 -9.969276963783166856e-01
7.947254311478318956e-02 3.330448944064597940e-03 -9.968315006754256968e-01
8.059819171792556580e-02 3.038307672600063392e-03 -9.967420518427784204e-01
8.161970734459642052e-02 2.743467508426123552e-03 -9.966597787050248680e-01
8.253622846340930019e-02 2.446302719342947646e-03 -9.965850712908532749e-01
8.334702456670177451e-02 2.147188762468847569e-03 -9.965182792096830555e-01
8.405149624881902426e-02 1.846501844826938400e-03 -9.964597102389813887e-01
8.464917515862616093e-02 1.544618488016951275e-03 -9.964096291270506667e-01
8.513972382996348731e-02 1.241915097069096370e-03 -9.963682566150864339e-01
8.552293539341204731e-02 9.387675335430151809e-04 -9.963357686812528424e-01
8.579873317236308417e-02 6.355506929063810609e-04 -9.963122960084808133e-01
8.596717016599135508e-02 3.326380862047747730e-04 -9.962979236766515978e-01
8.602842842132459034e-02 3.040142601721699612e-05 -9.962926910788029167e-01
8.598281829618625860e-02 -2.707897833197814470e-04 -9.962965920599792247e-01
8.583077761437279962e-02 -5.705686512425733534e-04 -9.963095752763498902e-01
8.557287071401559198e-02 -8.685713022681956644e-04 -9.963315447712407513e-01
8.520978738967861787e-02 -1.164437273097345023e-03 -9.963623607637679402e-01
8.474234172836057899e-02 -1.457809905519504229e-03 -9.964018406448337251e-01
8.417147083921112938e-02 -1.748336735111471552e-03 -9.964497601743379507e-01
8.349823347644018401e-02 -2.035669875700043662e-03 -9.965058548725889143e-01
8.272380855460152727e-02 -2.319466399534729582e-03 -9.965698215980546282e-01
8.184949355517229241e-02 -2.599388713087507231e-03 -9.966413203027936207e-01
8.087670282313193237e-02 -2.875104928364266392e-03 -9.967199759561355954e-01
7.980696575207160692e-02 -3.146289229577151590e-03 -9.968053806264586258e-01
7.864192485624116324e-02 -3.412622234989106870e-03 -9.968970957102256669e-01
7.738333372786726505e-02 -3.673791353702023435e-03 -9.969946542968087799e-01
7.603305487805628315e-02 -3.929491137118620511e-03 -9.970975636570396095e-01
7.459305745962888090e-02 -4.179423624766100652e-03 -9.972053078428905204e-01
7.306541487032179594e-02 -4.423298684127328559e-03 -9.973173503852057475e-01
7.145230223493537203e-02 -4.660834344083396308e-03 -9.974331370759786930e-01
6.975599376520272288e-02 -4.891757121530518337e-03 -9.975520988213021356e-01
6.797885999640652932e-02 -5.115802340694883786e-03 -9.976736545508129161e-01
6.612336490007082734e-02 -5.332714444631916906e-03 -9.977972141692106334e-01
6.419206287240492026e-02 -5.542247298361931661e-03 -9.979221815352528058e-01
6.218759559857223174e-02 -5.744164483062925118e-03 -9.980479574535199294e-01
6.011268879329461495e-02 -5.938239580713744123e-03 -9.981739426642031177e-01
