-7.361934354666290758e-01
-6.787379731854378262e-01
-3.800877866609176925e-01
-1.091040779095006563e+01
-7.277309114010220847e-01
-7.304489680662220596e-01
-1.500939071838597594e-01
1.589539138617493061e-02
-7.416907177596467893e-01
-2.985491850284497373e-01
1.482619489531490586e+00
1.827124660669167677e-01
-6.872045850872120498e-01
-6.809556332272930224e-01
-2.344836933459760187e-01
-7.188957286667829738e-01
-7.928121785187618453e-01
-6.890168263312310692e-01
-2.669884298971734737e-01
-6.724930629693161022e-01
-4.222517534836680575e-01
-7.119609590197696347e-01
-7.395502299325497075e-01
-6.974169631407711734e-01
4.201743693116222200e-02
-1.030257085618178081e+00
-1.443741884561862587e+00
-9.023990932634209372e-01
4.712349092984449150e-01
-3.384030578726656024e+00
1.617801339904822777e+00
-2.702724186778047155e+00
5.057171808743632369e-02
1.911626320406719648e+00
-4.400631173528910534e-01
-2.984746454293951690e-01
3.632157973540948159e-01
-3.270004129784507718e+00
-2.078167409734161364e+00
1.114624241652280717e-01
9.156197647340817702e-03
5.848903679029903574e-02
-1.968150340088766326e+00
-1.137586030929495839e+00
1.169294118282916684e-01
-7.488119217279842754e-01
-2.116407985285520876e+00
6.342779439838421851e-01
2.903021450615299592e+00
-1.719550409591553142e-01
3.992343503914844161e-01
-2.103757638121603435e+00
-4.477407465211403093e+00
1.567491847888107470e+00
2.751624274667960446e+00
-6.647277357954941568e-01
1.791121457677158357e-02
-6.557995622935386404e-02
1.029816170136785392e+00
-7.373008830767852073e-01
8.857081150144469062e-01
-2.097494513554814533e-01
-9.965479267500144955e-02
1.106044927831053126e+00
1.106044927831053126e+00
1.660300784743563796e+00
7.559268130899869931e-01
1.117458165657999603e+00
1.641122916094932105e+00
8.248624646302171737e-01
-2.341949024803095525e-01
1.196280601414301259e+00
-6.604988515079464051e-01
-1.006704125710145670e+00
2.189785548058950315e+00
-7.750385665432468763e-02
-1.056390226125000220e+00
-4.351237446133672804e-01
2.655274570385174560e+00
-2.373479901463747821e-01
8.120348128303580548e-01
1.318195768159645453e+00
-6.391610669317417948e-01
-1.520637082724487055e+00
-3.662276494875398858e-01
-2.460555507859989000e+00
8.871306179128906066e-01
-1.152105079464044612e+00
-4.714465559539992578e-01
2.836616990353421075e-01
9.170777939483344410e-01
-1.777527231916038730e-01
-7.592632908484626270e-03
2.451499638837952411e+00
1.018933495551556545e+00
-2.899948940782537954e-01
2.125690126818736925e+00
3.226838673926225032e-01
-1.296899173278488027e+00
4.751755421252613076e-01
-5.166631400918825223e-01
-1.088866555828400945e-01
1.763837655974273222e+00
5.743528054378652103e-03
-1.910879505851993843e+00
4.234683213107311439e-01
1.990164488700441048e+00
1.010734039635235781e+00
1.010734039635235781e+00
2.109521927852281431e-02
-1.579742905327150337e+00
1.259277067123322880e+00
-6.161303327380841521e-01
-8.975540066346427981e-01
-3.512400042090024765e-01
5.658181371856938480e-01
9.552195249884383177e-01
-3.961441448115225472e-01
-1.325615612903967566e+00
5.356704153027553872e-01
8.660359925625109589e-01
2.201046256979604654e-01
9.080206371336453364e-01
-5.345975840519519018e-01
1.737628544671095954e-01
-1.337768118064054934e-01
-3.884581114836843652e-02
-3.797566261204749494e-01
-1.562304739705983048e-01
1.636945336793777628e+00
-7.841297668064508564e-01
4.996238279601046273e-01
3.173564535966075351e+00
3.965732581142065172e-01
-4.266236063551421820e-01
-4.261102830011959108e-01
1.516585963067806908e+00
1.029009746382049117e+00
5.071834322512328574e-01
-4.273717898102098456e-01
6.708159709529928350e-01
2.307882232569959058e+00
1.224253749199301078e-01
1.599192804480851438e+00
-1.556817713595456620e+00
4.743120815753860131e-01
3.882173658942686956e-01
3.965732581142065172e-01
3.023997878469921741e-01
-1.598388045823178727e+00
-5.237160083099391406e-01
-3.489477555736201220e-01
1.705271315358452278e-01
7.785360541097130493e-01
1.629407119678835558e+00
-4.084250228303732411e-01
2.055315747795828374e-01
3.023997878469921741e-01
4.413690517673024005e-01
4.142952310333912758e-01
6.400470882522630856e-01
2.426761182470798528e-01
-4.456017167369794585e-01
-2.153015021505494953e-01
8.308542683799871043e-01
3.921119061947923701e+00
-9.093025206907259239e-01
1.200997890301862325e+00
-5.476153931614272663e-01
-1.729589013520939966e+00
-3.316874072498710468e+00
2.099185997253453451e+00
-5.323963895735452923e-01
1.790521589644275435e+00
1.106320194711585048e+00
2.939102380756940525e-01
3.436016076083065585e+00
-4.924797772163036491e-01
-1.702656432008960996e+00
8.827030594581442013e-02
4.849026692521719861e-02
-7.110967291250683830e-01
-1.348988242366871537e+00
9.810737681594409176e-01
4.835176134742294352e+00
8.269900977075363979e-01
-9.597728215023124676e-01
-5.677046354536597894e-01
1.682714366960379904e+00
1.720988701587833125e+00
2.121001340360776144e+00
6.959393848084448608e-01
2.758783270649542985e-01
1.273194642719032155e+00
4.508485443049673691e+00
-2.268332418109968440e-01
2.386319384327650450e+00
6.807720373754749810e-01
3.429874632943408663e+00
1.620857559713279050e+00
5.863752851907289010e-02
2.978467390951591298e+00
-6.051840004975133080e-01
-5.715507812347333516e-01
4.142952310333912758e-01
3.644200078209468341e+00
9.431466637374391615e-02
2.920233211275570007e+00
2.000684055495484337e+00
1.130588603145117332e-01
3.763591941474107472e+00
3.268121440711769576e+00
-1.975129273438870126e+00
4.119093756006039442e+00
5.946998362737027088e-01
1.793983242832730696e+00
-1.432770671270449103e+00
4.123840622162446401e+00
3.465708647326792846e+00
-2.887221873549712381e-01
1.987268579917166322e+00
-4.287108640177571539e-01
1.174054960753689203e+00
1.692035241131494949e+00
8.473845645938546944e-01
1.954999943994787381e-01
-3.860972459169099702e-01
1.944976922580643253e+00
3.245472075361742204e-01
2.712700903613540326e+00
-2.579929886990581789e-01
-1.163342206413088942e+00
-2.822211258501471143e+00
-3.327986516165771791e-01
4.450648456677161136e+00
2.712700903613540326e+00
1.260814064356427844e+00
8.466686621729229145e-01
-2.518770438122130972e-02
3.145776093284073482e+00
4.031906118710521625e+00
-2.614870129631978179e-01
-9.168204084267397858e-02
1.980440076483316991e+00
-4.881579554086074579e-01
1.784685841935742978e+00
1.620553145852843047e+00
2.182529963925962324e+00
6.696022131865300153e-01
7.586005376144054901e-01
4.855116212388680630e+00
4.925704984552729815e-02
8.325845289175290986e-01
1.163506132436796792e-01
-2.236029773593894432e-01
1.011694918167427071e+00
8.757308738994237229e-01
3.626825372978918161e+00
-2.136048642024310495e-01
5.471692499103887997e+00
4.734353500730275499e+00
3.101923537493598282e-01
-5.185116167974013202e-01
-7.542918436179085750e-01
8.784471861897971134e-01
-1.560104801022882182e+00
-2.225844523509718176e+00
2.545598722387969026e+00
-3.111903691718775899e-01
-2.969379812550380082e-01
1.602942241153972880e+00
2.600185486968965343e+00
4.546714238248361184e+00
1.453959595664304594e+01
-1.022748510212311140e-01
1.007892531522893265e+01
2.562871580637723135e+00
7.890920700159481882e+00
-5.604230125807683205e-01
-2.330138253529269399e+00
-1.288521453353762114e+00
-2.950512152632568941e-01
-8.404968239527360607e-01
5.657313764421836311e+00
1.813621811999269196e-01
2.839575484607206879e-01
-1.198173640712169308e-01
1.302532898729372413e+01
-1.171817186832664337e+00
9.913457227387797444e-01
9.196093571001282552e-01
3.313187866186942387e-01
3.313187866186942387e-01
1.453959595664304594e+01
1.074942319315577954e+01
-3.596387476127703153e-01
3.313187866186942387e-01
4.121275470562200560e+00
1.280038302868327538e+00
1.103827501581418424e+01
1.210518285174236297e+01
1.350910470911318839e+01
7.742031182066142492e-01
1.395000924841464096e+00
3.844043442422745205e+00
8.742057239389630752e+00
7.030804565180083010e+00
-3.475710120650354340e-01
9.705541466206408785e+00
3.365174622782116653e+00
9.035516509598439328e+00
1.087205892926350892e-01
-8.300850869825084910e-01
1.416486248295498385e+01
1.587573839971241441e+01
-9.781334460734333325e-01
4.621382224307737374e+00
1.453959595664304594e+01
1.453959595664304594e+01
9.724023337205129902e-01
1.350910470911318839e+01
8.309815111468912718e+00
2.795493536059208139e+00
9.468952319822744101e+00
9.376699194812063709e-01
1.453959595664304594e+01
3.809043987990648361e+00
1.068495764655235192e+01
-1.302541138838394508e+00
1.350910470911318839e+01
1.587573839971241441e+01
9.534852973102211138e+00
1.453959595664304594e+01
3.817720932251049248e+00
2.207316744730420943e+00
1.988932438571302308e+00
8.238853545591918959e+00
7.876385235377656890e+00
8.866804224098061127e+00
-6.890876077315057080e-02
7.891948534932934578e+00
9.839471788392826213e+00
3.971491400441432340e+00
1.115109855677204287e+01
1.453959595664304594e+01
1.058575179275785372e+00
2.259891208855395739e+00
9.799985514887014304e+00
3.434460933629493340e+00
1.587573839971241441e+01
1.126897453552632200e+01
1.173839165206904589e+01
5.759634815383970263e+00
3.320097395891277170e+00
1.587573839971241441e+01
1.554790463531687550e+01
1.453959595664304594e+01
1.694177575616902631e+00
1.453959595664304594e+01
4.706153247533959139e+00
5.534491103022315173e+00
8.982118722736782690e-01
1.587573839971241441e+01
1.271348248801477965e+01
1.201951885368581863e+01
3.889500464156164572e+00
4.186656169071403255e+00
2.546369663524179927e+00
1.587573839971241441e+01
1.209829023408068593e+01
1.587573839971241441e+01
1.310246242904620750e+01
-2.113829888647317023e+00
4.186656169071403255e+00
1.002889164140576916e+01
1.587573839971241441e+01
1.587573839971241441e+01
1.358184342451198034e+01
3.667046859814235393e+00
1.587573839971241441e+01
4.922413441815975510e+00
4.622288326067459430e+00
1.587573839971241441e+01
1.587573839971241441e+01
1.587573839971241441e+01
7.775714718824643157e+00
1.434252766568220494e+01
1.002889164140576916e+01
1.587573839971241441e+01
2.476455585447406627e+00
8.268276534625394802e+00
1.587573839971241441e+01
1.587573839971241441e+01
3.667518622604992728e+00
4.544406963077907147e-02
1.587573839971241441e+01
7.075185570617565922e+00
1.120929393164246157e+01
9.556098686294156153e+00
7.847885540183455078e+00
1.375626024036826323e+01
1.587573839971241441e+01
1.027855814023431158e+01
1.176383002242213927e+01
9.618379485028576426e+00
1.587573839971241441e+01
1.002889164140576916e+01
1.302532898729372413e+01
3.689289852834622963e+00
1.719276955234808169e+00
6.051463813443337614e+00
1.587573839971241441e+01
1.131128935952802905e+01
7.699851224003501748e+00
6.388933345485846793e+00
1.461533279376222794e+01
8.970594862129630087e+00
1.350910470911318839e+01
1.048946097046870563e+01
1.272855484573611307e+01
1.587573839971241441e+01
1.135629435222132599e+01
3.210965273162676326e+00
5.141283159643233347e+00
2.121921078681715755e+00
9.175969616386463912e+00
1.461533279376222794e+01
1.250530068591725019e+01
8.857291280809402423e+00
9.589375787052841105e+00
1.125387009856643772e+01
9.799985514887014304e+00
1.587573839971241441e+01
1.587573839971241441e+01
8.853252383445751050e+00
1.555387834948415637e+01
1.717269995213174916e+00
1.587573839971241441e+01
1.314434661709508134e+01
1.271422305977539935e+01
1.587573839971241441e+01
1.587573839971241441e+01
1.195109947213131640e+01
5.168941706577633077e+00
8.912246970894342368e+00
1.301674098802951995e+01
9.802440528372120099e+00
1.587573839971241441e+01
1.392383987993342132e+01
9.584712233700974693e+00
1.166951777719992123e+01
1.157077648398437120e+01
1.587573839971241441e+01
1.587573839971241441e+01
1.587573839971241441e+01
1.119142821328717119e+01
9.699092214564171144e+00
9.556098686294156153e+00
1.587573839971241441e+01
8.762604493267181383e+00
4.929367038034870419e+00
1.000786399865241982e+01
8.845835229294330304e+00
1.063258459400710620e+01
1.255584777663397711e+00
1.265961299388517425e+01
1.587573839971241441e+01
1.310246242904620750e+01
7.722949566161114276e+00
1.375626024036826323e+01
1.587573839971241441e+01
9.128270334857996104e+00
1.471981839835332551e+01
1.587573839971241441e+01
1.202834928062208952e+01
9.468693370500576023e+00
1.453959595664304594e+01
1.195109947213131640e+01
5.432017926489450588e+00
1.587573839971241441e+01
1.471981839835332551e+01
7.918817032679619672e+00
1.706558763372548171e+01
1.326250750011538848e+01
1.125180204391403826e+01
1.587573839971241441e+01
5.799675848966518998e+00
3.810960423145047127e+00
7.263116490387191426e+00
1.587573839971241441e+01
1.404508547416079800e+01
1.587573839971241441e+01
6.989183484007835290e+00
1.587573839971241441e+01
1.302071322744023441e+01
1.587573839971241441e+01
1.184557446635797007e+01
1.587573839971241441e+01
1.587573839971241441e+01
5.432017926489450588e+00
1.063288860031220651e+01
9.252651890985186256e+00
9.918638003288885230e+00
1.302071322744023441e+01
1.392383987993342132e+01
1.587573839971241441e+01
1.587573839971241441e+01
1.587573839971241441e+01
1.549116492322828798e+01
1.587573839971241441e+01
1.587573839971241441e+01
6.566318920252621538e+00
8.912246970894342368e+00
1.587573839971241441e+01
1.028240909201848297e+01
1.375626024036826323e+01
1.587573839971241441e+01
1.111206130425887295e+01
1.434252766568220494e+01
1.587573839971241441e+01
1.262213407520648722e+01
1.068788417349962749e+01
1.706558763372548171e+01
1.295812028617548961e+01
1.706558763372548171e+01
1.461533279376222794e+01
1.587573839971241441e+01
1.587573839971241441e+01
8.988353963185167217e+00
1.706558763372548171e+01
7.061873039770794058e+00
7.646771689167470853e+00
8.611854914413376250e+00
1.587573839971241441e+01
4.781783872008640301e+00
1.706558763372548171e+01
1.706558763372548171e+01
1.117897196523851555e+01
1.015815400680635072e+01
1.556771003861406655e+01
1.261922097413544464e+01
2.292615036992867950e+00
1.556771003861406655e+01
5.843768093283579823e+00
1.049596930552562846e+01
1.587573839971241441e+01
1.252361748138687858e+01
1.706558763372548171e+01
8.932310877794705561e+00
1.587573839971241441e+01
1.271422305977539935e+01
1.411637090100442116e+01
1.342333757395699756e+01
1.587573839971241441e+01
1.021024975904024323e+01
1.577729836739331049e+01
1.210843742090941788e+01
1.388138293123440903e+01
1.706558763372548171e+01
1.268996439032581947e+01
1.706558763372548171e+01
1.165981349122648680e+01
1.051223175657541908e+01
1.388138293123440903e+01
1.706558763372548171e+01
1.471981839835332551e+01
8.685622224800239266e+00
7.804229701230517513e+00
1.434252766568220494e+01
1.706558763372548171e+01
5.548188017657132320e+00
1.313161350255361626e+01
1.278576068949889866e+01
1.587573839971241441e+01
1.706558763372548171e+01
1.445413304062028281e+01
1.372962216432858362e+01
9.623875219664757452e+00
8.221554839520342384e+00
4.518405567087098618e+00
1.706558763372548171e+01
1.145599023904083325e+01
8.694510639103725680e+00
1.706558763372548171e+01
1.298957038565383826e+01
1.706558763372548171e+01
1.155993109263059360e+01
7.610061846818415354e+00
1.714819297374098639e+01
1.252361748138687858e+01
1.045012717094085986e+01
5.152562632882425220e+00
1.222825515133910912e+01
1.706558763372548171e+01
1.706558763372548171e+01
8.846113058648143124e+00
1.471792741811594851e+01
1.587573839971241441e+01
8.677361596341883754e+00
1.314292616580914874e+01
1.706558763372548171e+01
1.372962216432858362e+01
1.706558763372548171e+01
5.258672600030991795e+00
1.247943324706411694e+01
1.706558763372548171e+01
6.281230913196043097e+00
1.706558763372548171e+01
1.142002692887693271e+01
1.706558763372548171e+01
8.001136786288592262e+00
1.156635326728159541e+01
1.295812028617548961e+01
1.042927533847613297e+01
1.706558763372548171e+01
1.411637090100442116e+01
1.169591270455799048e+01
1.706558763372548171e+01
1.706558763372548171e+01
6.096226589294101217e+00
1.425455957513256600e+01
9.510852318387232884e+00
1.706558763372548171e+01
8.481560639865271867e+00
9.880208245637373210e+00
1.706558763372548171e+01
1.587573839971241441e+01
1.133840996344592256e+01
1.162776497029888567e+01
1.706558763372548171e+01
1.706558763372548171e+01
1.070939877819715669e+01
1.496013137592140119e+01
9.910651118995396303e+00
1.425455957513256600e+01
1.162776497029888567e+01
1.685163816884286092e+01
1.296321448522476771e+01
1.091879095657418475e+01
1.706558763372548171e+01
7.552229256303637506e+00
1.706558763372548171e+01
8.929523650590882156e+00
1.184228601091833255e+01
1.587573839971241441e+01
1.388138293123440903e+01
1.706558763372548171e+01
1.133840996344592256e+01
1.706558763372548171e+01
1.260196235376084495e+01
1.358280001922281777e+01
1.210843742090941788e+01
7.985085972284934996e+00
1.411637090100442116e+01
1.048631901295733115e+01
1.411637090100442116e+01
8.977310077466453819e+00
1.706558763372548171e+01
1.099389935153534559e+01
1.706558763372548171e+01
8.173428969458582216e+00
1.706558763372548171e+01
9.539715827600808495e+00
1.370552099611471242e+01
1.577729836739331049e+01
1.706558763372548171e+01
6.297820719984436266e+00
1.706558763372548171e+01
5.630295733915920309e+00
1.706558763372548171e+01
1.364129700722628513e+01
1.048588131430289039e+01
1.306062881953149990e+01
1.706558763372548171e+01
1.706558763372548171e+01
1.706558763372548171e+01
1.184228601091833255e+01
1.306062881953149990e+01
1.706558763372548171e+01
1.706558763372548171e+01
1.228659861436089606e+01
1.241518628152718229e+01
1.264120436905796829e+01
8.555489276064143667e+00
1.587573839971241441e+01
1.706558763372548171e+01
1.045012717094085986e+01
1.264950851764623607e+01
1.162776497029888567e+01
1.048631901295733115e+01
6.842647280858510150e+00
1.013328406899660550e+01
1.194523135960963600e+01
1.306062881953149990e+01
1.125985687701286331e+01
1.097655965012926238e+01
1.706558763372548171e+01
1.295812028617548961e+01
1.706558763372548171e+01
1.706558763372548171e+01
1.706558763372548171e+01
7.713699571985079828e+00
1.291431399554644699e+01
1.706558763372548171e+01
1.026236039762653185e+01
1.030959113020690410e+01
1.577729836739331049e+01
1.706558763372548171e+01
1.388138293123440903e+01
1.364129700722628513e+01
1.563916983909241409e+01
1.706558763372548171e+01
1.143429677410613543e+01
1.706558763372548171e+01
9.417286618839185053e+00
5.386709158445965429e+00
1.379058300851741059e+01
1.147143692365663448e+01
6.923186760825785768e+00
8.486499689030585714e+00
1.706558763372548171e+01
1.706558763372548171e+01
1.284147919712338215e+01
1.162776497029888567e+01
1.706558763372548171e+01
1.291431399554644699e+01
1.706558763372548171e+01
1.169591270455799048e+01
1.706558763372548171e+01
1.706558763372548171e+01
1.706558763372548171e+01
1.211161574841723088e+01
1.209931942106041447e+01
8.782304965190178336e+00
1.211456771150892386e+01
1.706558763372548171e+01
8.689036518504080320e+00
1.706558763372548171e+01
1.048588131430289039e+01
9.909362315783756259e+00
1.453959595664304594e+01
1.706558763372548171e+01
1.370552099611471242e+01
4.213499097725033060e+00
1.358184342451198034e+01
1.471792741811594851e+01
1.264636460385380978e+01
1.706558763372548171e+01
1.085583823998206121e+01
1.706558763372548171e+01
1.261841724137876852e+01
1.116240360441935309e+01
1.034189728208736625e+01
9.952220183872437786e+00
1.706558763372548171e+01
1.307238993082935608e+01
1.417224608854807677e+01
1.278576068949889866e+01
1.025337906922734987e+01
1.706558763372548171e+01
1.400398257758235587e+01
1.577729836739331049e+01
1.706558763372548171e+01
1.706558763372548171e+01
1.066296308640249713e+01
1.496013137592140119e+01
1.706558763372548171e+01
1.264625141852767065e+01
1.706558763372548171e+01
1.295812028617548961e+01
1.388138293123440903e+01
9.691612491664734819e+00
1.706558763372548171e+01
1.291431399554644699e+01
1.315589069667813860e+01
1.496013137592140119e+01
1.144277901270235454e+01
1.295812028617548961e+01
1.334224894009076579e+01
1.228659861436089606e+01
1.234602486934265997e+01
8.297882476445213484e+00
9.443324713307786666e+00
1.306062881953149990e+01
1.706558763372548171e+01
1.370552099611471242e+01
1.262115709451487611e+01
1.230067004088327032e+01
6.978668018827558051e+00
1.453959595664304594e+01
1.411637090100442116e+01
6.168867679491539135e+00
1.210843742090941788e+01
1.157032794129803754e+01
1.471792741811594851e+01
1.306102089081318951e+01
9.467771420701836860e+00
9.889517148836352689e+00
1.370249123876874719e+01
1.706558763372548171e+01
1.706558763372548171e+01
1.211161574841723088e+01
1.665613307042225344e+01
1.342333757395699756e+01
1.170017390335339158e+01
1.496013137592140119e+01
1.706558763372548171e+01
1.179214079929322168e+01
1.258085283075661032e+01
1.238612452486296789e+01
1.266262589176540132e+01
1.587573839971241441e+01
1.076301383029579384e+01
1.180927808313386684e+01
1.706558763372548171e+01
1.706558763372548171e+01
1.706558763372548171e+01
1.238612452486296789e+01
9.378205106720503892e+00
1.343536509881305463e+01
9.145024537419940813e+00
1.706558763372548171e+01
1.229537898160954157e+01
1.665613307042225344e+01
1.563916983909241409e+01
5.604684503741300006e+00
1.409504270930563585e+01
1.153629054016312239e+01
1.321187721684056804e+01
1.496013137592140119e+01
1.372962216432858362e+01
1.370552099611471242e+01
1.388138293123440903e+01
9.118594442804083045e+00
1.706558763372548171e+01
9.699092214564171144e+00
1.706558763372548171e+01
1.685163816884286092e+01
1.264202202621198090e+01
1.400398257758235587e+01
9.938984974795335603e+00
7.857560792490478896e+00
1.388138293123440903e+01
1.563916983909241409e+01
1.295812028617548961e+01
1.577729836739331049e+01
9.438497528931202751e+00
1.306062881953149990e+01
9.142257339764665147e+00
1.306062881953149990e+01
9.411050638430928927e+00
1.306062881953149990e+01
1.211161574841723088e+01
1.397776995237834186e+01
9.909142461888123421e+00
1.336216692700754294e+01
1.706558763372548171e+01
1.706558763372548171e+01
1.496013137592140119e+01
1.065639817599677386e+01
9.142257339764665147e+00
1.400398257758235587e+01
1.706558763372548171e+01
9.788382475233412094e+00
1.311292171096757286e+01
1.123500401221262024e+01
1.092541355027543126e+01
1.327214618741650298e+01
1.397776995237834186e+01
5.653823687347746763e+00
1.714819297374098639e+01
7.951704928961087049e+00
1.318605553895536886e+01
1.245330037958802727e+01
1.706558763372548171e+01
7.020055717351782576e+00
1.326110101207462932e+01
1.706558763372548171e+01
1.471792741811594851e+01
1.331325852794505238e+01
1.270883160699878722e+01
1.125985687701286331e+01
1.706558763372548171e+01
1.410877311778655496e+01
1.563916983909241409e+01
1.179214079929322168e+01
6.198902261477302389e+00
1.706558763372548171e+01
1.368275451390934272e+01
1.563916983909241409e+01
1.563916983909241409e+01
1.574477506109796998e+01
1.706558763372548171e+01
1.301147686787456337e+01
1.243487334142242773e+01
1.272877250544461347e+01
1.383405190245754568e+01
1.549116492322828798e+01
1.706558763372548171e+01
1.084911439615657969e+01
1.555387834948415637e+01
1.706558763372548171e+01
1.706558763372548171e+01
1.706558763372548171e+01
1.260775603861507577e+01
1.665613307042225344e+01
1.116052930995975423e+01
9.778964607004139609e+00
1.280407222240774878e+01
1.011239055661969743e+01
1.370636915977935999e+01
1.210843742090941788e+01
9.111029327939592193e+00
1.398343034453653999e+01
1.706558763372548171e+01
1.383405190245754568e+01
1.706558763372548171e+01
1.303824185081781017e+01
1.412102698865582795e+01
1.078765212769997461e+01
1.364297176222262387e+01
1.706558763372548171e+01
9.433771794792470189e+00
1.404277527079416110e+01
1.185516458257769301e+01
1.264643602059023131e+01
1.059918833496315393e+01
1.187648106721928798e+01
1.706558763372548171e+01
1.706558763372548171e+01
1.397776995237834186e+01
8.371116056643213454e+00
1.287884577154184917e+01
1.706558763372548171e+01
1.706558763372548171e+01
1.706558763372548171e+01
1.706558763372548171e+01
1.238612452486296789e+01
1.665613307042225344e+01
1.346531489583867902e+01
1.246663486083418704e+01
1.496013137592140119e+01
1.706558763372548171e+01
1.066345146500511554e+01
1.398343034453653999e+01
1.312367594455308861e+01
1.398343034453653999e+01
1.298957038565383826e+01
1.549116492322828798e+01
8.275908515731803305e+00
1.063854588908109022e+01
1.706558763372548171e+01
8.785335286108743702e+00
1.076462583947529694e+01
1.258614178783085613e+01
1.066820981603932061e+01
1.706558763372548171e+01
1.706558763372548171e+01
1.108773234058415547e+01
8.062942081696787611e+00
1.463277476356520346e+01
1.020523109132723683e+01
1.706558763372548171e+01
1.340323688784005718e+01
1.706558763372548171e+01
1.339470494836953307e+01
1.266556810886421403e+01
1.251836686299824031e+01
1.334224894009076579e+01
1.186884309142050142e+01
8.506712007274025211e+00
1.706558763372548171e+01
1.225644367736626172e+01
1.040129748401372822e+01
1.706558763372548171e+01
8.846113058648143124e+00
1.272877250544461347e+01
1.151617861346793426e+01
9.282223763039906927e+00
1.287884577154184917e+01
1.436977921303009964e+01
1.264764365218272779e+01
1.080017330954889587e+01
1.256483552756876776e+01
1.706558763372548171e+01
9.078914385486260841e+00
1.295812028617548961e+01
1.563324665581299655e+01
1.471489757271954346e+01
8.593326663168662449e+00
1.310246242904620750e+01
1.311221221960246197e+01
1.229078707372387846e+01
1.316850807365315390e+01
1.706558763372548171e+01
1.261841724137876852e+01
1.202834928062208952e+01
1.706558763372548171e+01
1.232635191961995957e+01
1.174701536116765688e+01
