0.000000000000000000e+00
1.999999999999999960e-12
3.999999999999999920e-12
6.000000000000000283e-12
7.999999999999999839e-12
9.999999999999999395e-12
1.200000000000000057e-11
1.400000000000000012e-11
1.599999999999999968e-11
1.799999999999999923e-11
1.999999999999999879e-11
2.199999999999999835e-11
2.400000000000000113e-11
2.600000000000000069e-11
2.800000000000000024e-11
2.999999999999999980e-11
3.199999999999999936e-11
3.399999999999999891e-11
3.599999999999999847e-11
3.799999999999999802e-11
3.999999999999999758e-11
4.199999999999999714e-11
4.399999999999999669e-11
4.599999999999999625e-11
4.800000000000000227e-11
5.000000000000000182e-11
5.200000000000000138e-11
5.400000000000000093e-11
5.600000000000000049e-11
5.800000000000000005e-11
5.999999999999999960e-11
6.199999999999999269e-11
6.399999999999999871e-11
6.600000000000000473e-11
6.799999999999999782e-11
7.000000000000000384e-11
7.199999999999999694e-11
7.400000000000000295e-11
7.599999999999999605e-11
7.800000000000000207e-11
7.999999999999999516e-11
8.200000000000000118e-11
8.399999999999999427e-11
8.600000000000000029e-11
8.799999999999999338e-11
8.999999999999999940e-11
9.199999999999999250e-11
9.399999999999999851e-11
9.600000000000000453e-11
9.799999999999999762e-11
1.000000000000000036e-10
1.019999999999999967e-10
1.040000000000000028e-10
1.059999999999999958e-10
1.080000000000000019e-10
1.099999999999999950e-10
1.120000000000000010e-10
1.139999999999999941e-10
1.160000000000000001e-10
1.180000000000000061e-10
1.199999999999999992e-10
1.219999999999999923e-10
1.239999999999999854e-10
1.260000000000000043e-10
1.279999999999999974e-10
1.299999999999999905e-10
1.320000000000000095e-10
1.340000000000000026e-10
1.359999999999999956e-10
1.379999999999999887e-10
1.400000000000000077e-10
1.420000000000000008e-10
1.439999999999999939e-10
1.459999999999999870e-10
1.480000000000000059e-10
1.499999999999999990e-10
1.519999999999999921e-10
1.539999999999999852e-10
1.560000000000000041e-10
1.579999999999999972e-10
1.599999999999999903e-10
1.620000000000000093e-10
1.640000000000000024e-10
1.659999999999999954e-10
1.679999999999999885e-10
1.700000000000000075e-10
1.720000000000000006e-10
1.739999999999999937e-10
1.759999999999999868e-10
1.780000000000000057e-10
1.799999999999999988e-10
1.819999999999999919e-10
1.839999999999999850e-10
1.860000000000000039e-10
1.879999999999999970e-10
1.899999999999999901e-10
1.920000000000000091e-10
1.940000000000000022e-10
1.959999999999999952e-10
1.979999999999999883e-10
2.000000000000000073e-10
2.020000000000000004e-10
2.039999999999999935e-10
2.059999999999999866e-10
2.080000000000000055e-10
2.099999999999999986e-10
2.119999999999999917e-10
2.139999999999999848e-10
2.160000000000000037e-10
2.179999999999999968e-10
2.199999999999999899e-10
2.219999999999999830e-10
2.240000000000000020e-10
2.259999999999999951e-10
2.279999999999999881e-10
2.300000000000000071e-10
2.320000000000000002e-10
2.340000000000000191e-10
2.360000000000000122e-10
2.380000000000000053e-10
2.399999999999999984e-10
2.419999999999999915e-10
2.439999999999999846e-10
2.459999999999999777e-10
2.479999999999999708e-10
2.500000000000000156e-10
2.520000000000000087e-10
2.540000000000000018e-10
2.559999999999999949e-10
2.579999999999999879e-10
2.599999999999999810e-10
2.619999999999999741e-10
2.640000000000000189e-10
2.660000000000000120e-10
2.680000000000000051e-10
2.699999999999999982e-10
2.719999999999999913e-10
2.739999999999999844e-10
2.759999999999999775e-10
2.779999999999999706e-10
2.800000000000000154e-10
2.820000000000000085e-10
2.840000000000000016e-10
2.859999999999999947e-10
2.879999999999999877e-10
2.899999999999999808e-10
2.919999999999999739e-10
2.940000000000000187e-10
2.960000000000000118e-10
2.980000000000000049e-10
2.999999999999999980e-10
3.019999999999999911e-10
3.039999999999999842e-10
3.059999999999999773e-10
3.079999999999999704e-10
3.100000000000000152e-10
3.120000000000000083e-10
3.140000000000000014e-10
3.159999999999999945e-10
3.179999999999999875e-10
3.199999999999999806e-10
3.219999999999999737e-10
3.240000000000000185e-10
3.260000000000000116e-10
3.280000000000000047e-10
3.299999999999999978e-10
3.319999999999999909e-10
3.339999999999999840e-10
3.359999999999999771e-10
3.379999999999999702e-10
3.400000000000000150e-10
3.420000000000000081e-10
3.440000000000000012e-10
3.459999999999999943e-10
3.479999999999999873e-10
3.499999999999999804e-10
3.519999999999999735e-10
3.540000000000000183e-10
3.560000000000000114e-10
3.580000000000000045e-10
3.599999999999999976e-10
3.619999999999999907e-10
3.639999999999999838e-10
3.659999999999999769e-10
3.679999999999999700e-10
3.700000000000000148e-10
3.720000000000000079e-10
3.740000000000000010e-10
3.759999999999999941e-10
3.779999999999999871e-10
3.799999999999999802e-10
3.819999999999999733e-10
3.840000000000000181e-10
3.860000000000000112e-10
3.880000000000000043e-10
3.899999999999999974e-10
3.919999999999999905e-10
3.939999999999999836e-10
3.959999999999999767e-10
3.979999999999999698e-10
4.000000000000000146e-10
4.020000000000000077e-10
4.040000000000000008e-10
4.059999999999999939e-10
4.079999999999999869e-10
4.099999999999999800e-10
4.119999999999999731e-10
4.139999999999999662e-10
4.160000000000000110e-10
4.180000000000000041e-10
4.199999999999999972e-10
4.219999999999999903e-10
4.239999999999999834e-10
4.259999999999999765e-10
4.279999999999999696e-10
4.300000000000000144e-10
4.320000000000000075e-10
4.340000000000000006e-10
4.359999999999999937e-10
4.379999999999999867e-10
4.399999999999999798e-10
4.419999999999999729e-10
4.439999999999999660e-10
4.460000000000000108e-10
4.480000000000000039e-10
4.499999999999999970e-10
4.519999999999999901e-10
4.539999999999999832e-10
4.559999999999999763e-10
4.579999999999999694e-10
4.600000000000000142e-10
4.620000000000000073e-10
4.640000000000000004e-10
4.659999999999999418e-10
4.680000000000000382e-10
4.700000000000000313e-10
4.720000000000000244e-10
4.740000000000000175e-10
4.760000000000000106e-10
4.780000000000000037e-10
4.799999999999999968e-10
4.819999999999999899e-10
4.839999999999999830e-10
4.859999999999999761e-10
4.879999999999999692e-10
4.899999999999999623e-10
4.919999999999999554e-10
4.939999999999999485e-10
4.959999999999999416e-10
4.980000000000000380e-10
5.000000000000000311e-10
5.020000000000000242e-10
5.040000000000000173e-10
5.060000000000000104e-10
5.080000000000000035e-10
5.099999999999999966e-10
5.119999999999999897e-10
5.139999999999999828e-10
5.159999999999999759e-10
5.179999999999999690e-10
5.199999999999999621e-10
5.219999999999999552e-10
5.239999999999999483e-10
5.259999999999999414e-10
5.280000000000000378e-10
5.300000000000000309e-10
5.320000000000000240e-10
5.340000000000000171e-10
5.360000000000000102e-10
5.380000000000000033e-10
5.399999999999999964e-10
5.419999999999999895e-10
5.439999999999999826e-10
5.459999999999999757e-10
5.479999999999999688e-10
5.499999999999999619e-10
5.519999999999999550e-10
5.539999999999999481e-10
5.559999999999999412e-10
5.580000000000000376e-10
5.600000000000000307e-10
5.620000000000000238e-10
5.640000000000000169e-10
5.660000000000000100e-10
5.680000000000000031e-10
5.699999999999999962e-10
5.719999999999999893e-10
5.739999999999999824e-10
5.759999999999999755e-10
5.779999999999999686e-10
5.799999999999999617e-10
5.819999999999999548e-10
5.839999999999999479e-10
5.859999999999999410e-10
5.880000000000000374e-10
5.900000000000000305e-10
5.920000000000000236e-10
5.940000000000000167e-10
5.960000000000000098e-10
5.980000000000000029e-10
5.999999999999999960e-10
6.019999999999999891e-10
6.039999999999999822e-10
6.059999999999999753e-10
6.079999999999999684e-10
6.099999999999999615e-10
6.119999999999999546e-10
6.139999999999999477e-10
6.159999999999999408e-10
6.180000000000000372e-10
6.200000000000000303e-10
6.220000000000000234e-10
6.240000000000000165e-10
6.260000000000000096e-10
6.280000000000000027e-10
6.299999999999999958e-10
6.319999999999999889e-10
6.339999999999999820e-10
6.359999999999999751e-10
6.379999999999999682e-10
6.399999999999999613e-10
6.419999999999999544e-10
6.439999999999999475e-10
6.459999999999999406e-10
6.480000000000000370e-10
6.500000000000000301e-10
6.520000000000000232e-10
6.540000000000000163e-10
6.560000000000000094e-10
6.580000000000000025e-10
6.599999999999999956e-10
6.619999999999999887e-10
6.639999999999999818e-10
6.659999999999999749e-10
6.679999999999999680e-10
6.699999999999999611e-10
6.719999999999999542e-10
6.739999999999999473e-10
6.759999999999999404e-10
6.780000000000000369e-10
6.800000000000000299e-10
6.820000000000000230e-10
6.840000000000000161e-10
6.860000000000000092e-10
6.880000000000000023e-10
6.899999999999999954e-10
6.919999999999999885e-10
6.939999999999999816e-10
6.959999999999999747e-10
6.979999999999999678e-10
6.999999999999999609e-10
7.019999999999999540e-10
7.039999999999999471e-10
7.059999999999999402e-10
7.080000000000000367e-10
7.100000000000000297e-10
7.120000000000000228e-10
7.140000000000000159e-10
7.160000000000000090e-10
7.180000000000000021e-10
7.199999999999999952e-10
7.219999999999999883e-10
7.239999999999999814e-10
7.259999999999999745e-10
7.279999999999999676e-10
7.299999999999999607e-10
7.319999999999999538e-10
7.339999999999999469e-10
7.359999999999999400e-10
7.380000000000000365e-10
7.400000000000000295e-10
7.420000000000000226e-10
7.440000000000000157e-10
7.460000000000000088e-10
7.480000000000000019e-10
7.499999999999999950e-10
7.519999999999999881e-10
7.539999999999999812e-10
7.559999999999999743e-10
7.579999999999999674e-10
7.599999999999999605e-10
7.619999999999999536e-10
7.639999999999999467e-10
7.659999999999999398e-10
7.680000000000000363e-10
7.700000000000000293e-10
7.720000000000000224e-10
7.740000000000000155e-10
7.760000000000000086e-10
7.780000000000000017e-10
7.799999999999999948e-10
7.819999999999999879e-10
7.839999999999999810e-10
7.859999999999999741e-10
7.879999999999999672e-10
7.899999999999999603e-10
7.919999999999999534e-10
7.939999999999999465e-10
7.959999999999999396e-10
7.979999999999999327e-10
8.000000000000000291e-10
8.020000000000000222e-10
8.040000000000000153e-10
8.060000000000000084e-10
8.080000000000000015e-10
8.099999999999999946e-10
8.119999999999999877e-10
8.139999999999999808e-10
8.159999999999999739e-10
8.179999999999999670e-10
8.199999999999999601e-10
8.219999999999999532e-10
8.239999999999999463e-10
8.259999999999999394e-10
8.279999999999999325e-10
8.300000000000000289e-10
8.320000000000000220e-10
8.340000000000000151e-10
8.360000000000000082e-10
8.380000000000000013e-10
8.399999999999999944e-10
8.419999999999999875e-10
8.439999999999999806e-10
8.459999999999999737e-10
8.479999999999999668e-10
8.499999999999999599e-10
8.519999999999999530e-10
8.539999999999999461e-10
8.559999999999999392e-10
8.579999999999999323e-10
8.600000000000000287e-10
8.620000000000000218e-10
8.640000000000000149e-10
8.660000000000000080e-10
8.680000000000000011e-10
8.699999999999999942e-10
8.719999999999999873e-10
8.739999999999999804e-10
8.759999999999999735e-10
8.779999999999999666e-10
8.799999999999999597e-10
8.819999999999999528e-10
8.839999999999999459e-10
8.859999999999999390e-10
8.879999999999999321e-10
8.900000000000000285e-10
8.920000000000000216e-10
8.940000000000000147e-10
8.960000000000000078e-10
8.980000000000000009e-10
8.999999999999999940e-10
9.019999999999999871e-10
9.039999999999999802e-10
9.059999999999999733e-10
9.079999999999999664e-10
9.099999999999999595e-10
9.119999999999999526e-10
9.139999999999999457e-10
9.159999999999999388e-10
9.179999999999999319e-10
9.200000000000000283e-10
9.220000000000000214e-10
9.240000000000000145e-10
9.260000000000000076e-10
9.280000000000000007e-10
9.299999999999999938e-10
9.319999999999998835e-10
9.340000000000000834e-10
9.360000000000000765e-10
9.380000000000000696e-10
9.400000000000000627e-10
9.420000000000000558e-10
9.440000000000000489e-10
9.460000000000000420e-10
9.480000000000000351e-10
9.500000000000000281e-10
9.520000000000000212e-10
9.540000000000000143e-10
9.560000000000000074e-10
9.580000000000000005e-10
9.599999999999999936e-10
9.619999999999999867e-10
9.639999999999999798e-10
9.659999999999999729e-10
9.679999999999999660e-10
9.699999999999999591e-10
9.719999999999999522e-10
9.739999999999999453e-10
9.759999999999999384e-10
9.779999999999999315e-10
9.799999999999999246e-10
9.819999999999999176e-10
9.839999999999999107e-10
9.859999999999999038e-10
9.879999999999998969e-10
9.899999999999998900e-10
9.919999999999998831e-10
9.940000000000000830e-10
9.960000000000000761e-10
9.980000000000000692e-10
1.000000000000000062e-09
1.002000000000000055e-09
1.004000000000000048e-09
1.006000000000000042e-09
1.008000000000000035e-09
1.010000000000000028e-09
1.012000000000000021e-09
1.014000000000000014e-09
1.016000000000000007e-09
1.018000000000000000e-09
1.019999999999999993e-09
1.021999999999999986e-09
1.023999999999999979e-09
1.025999999999999972e-09
1.027999999999999966e-09
1.029999999999999959e-09
1.031999999999999952e-09
1.033999999999999945e-09
1.035999999999999938e-09
1.037999999999999931e-09
1.039999999999999924e-09
1.041999999999999917e-09
1.043999999999999910e-09
1.045999999999999903e-09
1.047999999999999897e-09
1.049999999999999890e-09
1.051999999999999883e-09
1.053999999999999876e-09
1.056000000000000076e-09
1.058000000000000069e-09
1.060000000000000062e-09
1.062000000000000055e-09
1.064000000000000048e-09
1.066000000000000041e-09
1.068000000000000034e-09
1.070000000000000027e-09
1.072000000000000020e-09
1.074000000000000014e-09
1.076000000000000007e-09
1.078000000000000000e-09
1.079999999999999993e-09
1.081999999999999986e-09
1.083999999999999979e-09
1.085999999999999972e-09
1.087999999999999965e-09
1.089999999999999958e-09
1.091999999999999951e-09
1.093999999999999944e-09
1.095999999999999938e-09
1.097999999999999931e-09
1.099999999999999924e-09
1.101999999999999917e-09
1.103999999999999910e-09
1.105999999999999903e-09
1.107999999999999896e-09
1.109999999999999889e-09
1.111999999999999882e-09
1.113999999999999875e-09
1.116000000000000075e-09
1.118000000000000068e-09
1.120000000000000061e-09
1.122000000000000055e-09
1.124000000000000048e-09
1.126000000000000041e-09
1.128000000000000034e-09
1.130000000000000027e-09
1.132000000000000020e-09
1.134000000000000013e-09
1.136000000000000006e-09
1.137999999999999999e-09
1.139999999999999992e-09
1.141999999999999986e-09
1.143999999999999979e-09
1.145999999999999972e-09
1.147999999999999965e-09
1.149999999999999958e-09
1.151999999999999951e-09
1.153999999999999944e-09
1.155999999999999937e-09
1.157999999999999930e-09
1.159999999999999923e-09
1.161999999999999916e-09
1.163999999999999910e-09
1.165999999999999903e-09
1.167999999999999896e-09
1.169999999999999889e-09
1.171999999999999882e-09
1.173999999999999875e-09
1.176000000000000075e-09
1.178000000000000068e-09
1.180000000000000061e-09
1.182000000000000054e-09
1.184000000000000047e-09
1.186000000000000040e-09
1.188000000000000033e-09
1.190000000000000027e-09
1.192000000000000020e-09
1.194000000000000013e-09
1.196000000000000006e-09
1.197999999999999999e-09
1.199999999999999992e-09
1.201999999999999985e-09
1.203999999999999978e-09
1.205999999999999971e-09
1.207999999999999964e-09
1.209999999999999957e-09
1.211999999999999951e-09
1.213999999999999944e-09
1.215999999999999937e-09
1.217999999999999930e-09
1.219999999999999923e-09
1.221999999999999916e-09
1.223999999999999909e-09
1.225999999999999902e-09
1.227999999999999895e-09
1.229999999999999888e-09
1.231999999999999882e-09
1.233999999999999875e-09
1.236000000000000074e-09
1.238000000000000068e-09
1.240000000000000061e-09
1.242000000000000054e-09
1.244000000000000047e-09
1.246000000000000040e-09
1.248000000000000033e-09
1.250000000000000026e-09
1.252000000000000019e-09
1.254000000000000012e-09
1.256000000000000005e-09
1.257999999999999999e-09
1.259999999999999992e-09
1.261999999999999985e-09
1.263999999999999978e-09
1.265999999999999971e-09
1.267999999999999964e-09
1.269999999999999957e-09
1.271999999999999950e-09
1.273999999999999943e-09
1.275999999999999936e-09
1.277999999999999929e-09
1.279999999999999923e-09
1.281999999999999916e-09
1.283999999999999909e-09
1.285999999999999902e-09
1.287999999999999895e-09
1.289999999999999888e-09
1.291999999999999881e-09
1.293999999999999874e-09
1.296000000000000074e-09
1.298000000000000067e-09
1.300000000000000060e-09
1.302000000000000053e-09
1.304000000000000046e-09
1.306000000000000040e-09
1.308000000000000033e-09
1.310000000000000026e-09
1.312000000000000019e-09
1.314000000000000012e-09
1.316000000000000005e-09
1.317999999999999998e-09
1.319999999999999991e-09
1.321999999999999984e-09
1.323999999999999977e-09
1.325999999999999971e-09
1.327999999999999964e-09
1.329999999999999957e-09
1.331999999999999950e-09
1.333999999999999943e-09
1.335999999999999936e-09
1.337999999999999929e-09
1.339999999999999922e-09
1.341999999999999915e-09
1.343999999999999908e-09
1.345999999999999901e-09
1.347999999999999895e-09
1.349999999999999888e-09
1.351999999999999881e-09
1.353999999999999874e-09
1.356000000000000074e-09
1.358000000000000067e-09
1.360000000000000060e-09
1.362000000000000053e-09
1.364000000000000046e-09
1.366000000000000039e-09
1.368000000000000032e-09
1.370000000000000025e-09
1.372000000000000018e-09
1.374000000000000012e-09
1.376000000000000005e-09
1.377999999999999998e-09
1.379999999999999991e-09
1.381999999999999984e-09
1.383999999999999977e-09
1.385999999999999970e-09
1.387999999999999963e-09
1.389999999999999956e-09
1.391999999999999949e-09
1.393999999999999942e-09
1.395999999999999936e-09
1.397999999999999929e-09
1.399999999999999922e-09
1.401999999999999915e-09
1.403999999999999908e-09
1.405999999999999901e-09
1.407999999999999894e-09
1.409999999999999887e-09
1.411999999999999880e-09
1.413999999999999873e-09
1.416000000000000073e-09
1.418000000000000066e-09
1.420000000000000059e-09
1.422000000000000053e-09
1.424000000000000046e-09
1.426000000000000039e-09
1.428000000000000032e-09
1.430000000000000025e-09
1.432000000000000018e-09
1.434000000000000011e-09
1.436000000000000004e-09
1.437999999999999997e-09
1.439999999999999990e-09
1.441999999999999984e-09
1.443999999999999977e-09
1.445999999999999970e-09
1.447999999999999963e-09
1.449999999999999956e-09
1.451999999999999949e-09
1.453999999999999942e-09
1.455999999999999935e-09
1.457999999999999928e-09
1.459999999999999921e-09
1.461999999999999914e-09
1.463999999999999908e-09
1.465999999999999901e-09
1.467999999999999894e-09
1.469999999999999887e-09
1.471999999999999880e-09
1.473999999999999873e-09
1.476000000000000073e-09
1.478000000000000066e-09
1.480000000000000059e-09
1.482000000000000052e-09
1.484000000000000045e-09
1.486000000000000038e-09
1.488000000000000031e-09
1.490000000000000025e-09
1.492000000000000018e-09
1.494000000000000011e-09
1.496000000000000004e-09
1.497999999999999997e-09
1.499999999999999990e-09
1.501999999999999983e-09
1.503999999999999976e-09
1.505999999999999969e-09
1.507999999999999962e-09
1.509999999999999955e-09
1.511999999999999949e-09
1.513999999999999942e-09
1.515999999999999935e-09
1.517999999999999928e-09
1.519999999999999921e-09
1.521999999999999914e-09
1.523999999999999907e-09
1.525999999999999900e-09
1.527999999999999893e-09
1.529999999999999886e-09
1.531999999999999880e-09
1.533999999999999873e-09
1.536000000000000073e-09
1.538000000000000066e-09
1.540000000000000059e-09
1.542000000000000052e-09
1.544000000000000045e-09
1.546000000000000038e-09
1.548000000000000031e-09
1.550000000000000024e-09
1.552000000000000017e-09
1.554000000000000010e-09
1.556000000000000003e-09
1.557999999999999997e-09
1.559999999999999990e-09
1.561999999999999983e-09
1.563999999999999976e-09
1.565999999999999969e-09
1.567999999999999962e-09
1.569999999999999955e-09
1.571999999999999948e-09
1.573999999999999941e-09
1.575999999999999934e-09
1.577999999999999927e-09
1.579999999999999921e-09
1.581999999999999914e-09
1.583999999999999907e-09
1.585999999999999900e-09
1.587999999999999893e-09
1.589999999999999886e-09
1.591999999999999879e-09
1.593999999999999872e-09
1.595999999999999865e-09
1.598000000000000065e-09
1.600000000000000058e-09
1.602000000000000051e-09
1.604000000000000044e-09
1.606000000000000038e-09
1.608000000000000031e-09
1.610000000000000024e-09
1.612000000000000017e-09
1.614000000000000010e-09
1.616000000000000003e-09
1.617999999999999996e-09
1.619999999999999989e-09
1.621999999999999982e-09
1.623999999999999975e-09
1.625999999999999969e-09
1.627999999999999962e-09
1.629999999999999955e-09
1.631999999999999948e-09
1.633999999999999941e-09
1.635999999999999934e-09
1.637999999999999927e-09
1.639999999999999920e-09
1.641999999999999913e-09
1.643999999999999906e-09
1.645999999999999899e-09
1.647999999999999893e-09
1.649999999999999886e-09
1.651999999999999879e-09
1.653999999999999872e-09
1.655999999999999865e-09
1.658000000000000065e-09
1.660000000000000058e-09
1.662000000000000051e-09
1.664000000000000044e-09
1.666000000000000037e-09
1.668000000000000030e-09
1.670000000000000023e-09
1.672000000000000016e-09
1.674000000000000010e-09
1.676000000000000003e-09
1.677999999999999996e-09
1.679999999999999989e-09
1.681999999999999982e-09
1.683999999999999975e-09
1.685999999999999968e-09
1.687999999999999961e-09
1.689999999999999954e-09
1.691999999999999947e-09
1.693999999999999940e-09
1.695999999999999934e-09
1.697999999999999927e-09
1.699999999999999920e-09
1.701999999999999913e-09
1.703999999999999906e-09
1.705999999999999899e-09
1.707999999999999892e-09
1.709999999999999885e-09
1.711999999999999878e-09
1.713999999999999871e-09
1.715999999999999865e-09
1.718000000000000064e-09
1.720000000000000057e-09
1.722000000000000051e-09
1.724000000000000044e-09
1.726000000000000037e-09
1.728000000000000030e-09
1.730000000000000023e-09
1.732000000000000016e-09
1.734000000000000009e-09
1.736000000000000002e-09
1.737999999999999995e-09
1.739999999999999988e-09
1.741999999999999982e-09
1.743999999999999975e-09
1.745999999999999968e-09
1.747999999999999961e-09
1.749999999999999954e-09
1.751999999999999947e-09
1.753999999999999940e-09
1.755999999999999933e-09
1.757999999999999926e-09
1.759999999999999919e-09
1.761999999999999912e-09
1.763999999999999906e-09
1.765999999999999899e-09
1.767999999999999892e-09
1.769999999999999885e-09
1.771999999999999878e-09
1.773999999999999871e-09
1.775999999999999864e-09
1.778000000000000064e-09
1.780000000000000057e-09
1.782000000000000050e-09
1.784000000000000043e-09
1.786000000000000036e-09
1.788000000000000029e-09
1.790000000000000023e-09
1.792000000000000016e-09
1.794000000000000009e-09
1.796000000000000002e-09
1.797999999999999995e-09
1.799999999999999988e-09
1.801999999999999981e-09
1.803999999999999974e-09
1.805999999999999967e-09
1.807999999999999960e-09
1.809999999999999953e-09
1.811999999999999947e-09
1.813999999999999940e-09
1.815999999999999933e-09
1.817999999999999926e-09
1.819999999999999919e-09
1.821999999999999912e-09
1.823999999999999905e-09
1.825999999999999898e-09
1.827999999999999891e-09
1.829999999999999884e-09
1.831999999999999878e-09
1.833999999999999871e-09
1.835999999999999864e-09
1.838000000000000064e-09
1.840000000000000057e-09
1.842000000000000050e-09
1.844000000000000043e-09
1.846000000000000036e-09
1.848000000000000029e-09
1.850000000000000022e-09
1.852000000000000015e-09
1.854000000000000008e-09
1.856000000000000001e-09
1.857999999999999995e-09
1.859999999999999988e-09
1.861999999999999981e-09
1.863999999999999767e-09
1.865999999999999967e-09
1.868000000000000167e-09
1.869999999999999953e-09
1.872000000000000153e-09
1.873999999999999939e-09
1.876000000000000139e-09
1.877999999999999925e-09
1.880000000000000125e-09
1.881999999999999912e-09
1.884000000000000112e-09
1.885999999999999898e-09
1.888000000000000098e-09
1.889999999999999884e-09
1.892000000000000084e-09
1.893999999999999870e-09
1.896000000000000070e-09
1.897999999999999856e-09
1.900000000000000056e-09
1.901999999999999843e-09
1.904000000000000042e-09
1.905999999999999829e-09
1.908000000000000029e-09
1.909999999999999815e-09
1.912000000000000015e-09
1.913999999999999801e-09
1.916000000000000001e-09
1.917999999999999787e-09
1.919999999999999987e-09
1.921999999999999774e-09
1.923999999999999973e-09
1.925999999999999760e-09
1.927999999999999960e-09
1.930000000000000159e-09
1.931999999999999946e-09
1.934000000000000146e-09
1.935999999999999932e-09
1.938000000000000132e-09
1.939999999999999918e-09
1.942000000000000118e-09
1.943999999999999904e-09
1.946000000000000104e-09
1.947999999999999891e-09
1.950000000000000090e-09
1.951999999999999877e-09
1.954000000000000077e-09
1.955999999999999863e-09
1.958000000000000063e-09
1.959999999999999849e-09
1.962000000000000049e-09
1.963999999999999835e-09
1.966000000000000035e-09
1.967999999999999821e-09
1.970000000000000021e-09
1.971999999999999808e-09
1.974000000000000008e-09
1.975999999999999794e-09
1.977999999999999994e-09
1.979999999999999780e-09
1.981999999999999980e-09
1.983999999999999766e-09
1.985999999999999966e-09
1.988000000000000166e-09
1.989999999999999952e-09
1.992000000000000152e-09
1.993999999999999938e-09
1.996000000000000138e-09
1.997999999999999925e-09
2.000000000000000125e-09
