-1.484592548825254049e-06 1.448297133500180414e-06 9.999999999978491649e-01
-1.143891951778470886e-04 9.366165726262817653e-05 9.999999890713030526e-01
-4.557711181738490673e-04 3.198006880212643315e-04 9.999998450000918693e-01
-1.092455888655538901e-03 6.668930641656349361e-04 9.999991808965504880e-01
-2.083733386588546271e-03 1.119188458525671769e-03 9.999972027322713286e-01
-3.480019611866025722e-03 1.658593685599621002e-03 9.999925692376351316e-01
-5.321758430583897748e-03 2.265156249458835907e-03 9.999832738373033436e-01
-7.638584622593676612e-03 2.917583470392343635e-03 9.999665693070223238e-01
-1.044876301426160559e-02 3.593783944410985313e-03 9.999389521707973127e-01
-1.375891196318904108e-02 4.271417955923523073e-03 9.998962182797945797e-01
-1.756401302686699459e-02 4.928443578368101909e-03 9.998335940996811999e-01
-2.184770230424096238e-02 5.543645533124678774e-03 9.997459406760437206e-01
-2.658283267629468413e-02 6.097134423717354319e-03 9.996280197947247093e-01
-3.173228999334997552e-02 6.570804728416586131e-03 9.994748052337278921e-01
-3.725004021725889652e-02 6.948740941649663751e-03 9.992818168580562821e-01
-4.308237875332505268e-02 7.217562529036685402e-03 9.990454521352339912e-01
-4.916934790502768687e-02 7.366699920438215220e-03 9.987632887520828673e-01
-5.544628382327340677e-02 7.388595608368027368e-03 9.984343334767314948e-01
-6.184545080055361965e-02 7.278826514769657849e-03 9.980591960900137005e-01
-6.829771856452049317e-02 7.036146073678330864e-03 9.976401727513340978e-01
-7.473423757810031265e-02 6.662446855931043743e-03 9.971812300357004721e-01
-8.108806837256313238e-02 6.162646917413924265e-03 9.966878884337758704e-01
-8.729572361178164486e-02 5.544505257330627213e-03 9.961670116504302008e-01
-9.329858575628727224e-02 4.818373706577031186e-03 9.956265148993883596e-01
-9.904416858543492463e-02 3.996894128560154677e-03 9.950750109949231259e-01
-1.044871970741151068e-01 3.094650938900124753e-03 9.945214169554935646e-01
-1.095904867908917557e-01 2.127789609660578687e-03 9.939745458090534225e-01
-1.143256106767730762e-01 1.113612032175706479e-03 9.934427082683864318e-01
-1.186733474199546112e-01 7.015942003263699858e-05 9.929333470529631001e-01
-1.226239113911888473e-01 -9.842070838425563423e-04 9.924527231518607273e-01
-1.261769690827907187e-01 -2.031218685385357842e-03 9.920056686449600925e-01
-1.293414511455784621e-01 -3.053095591303607234e-03 9.915954152893550200e-01
-1.321351724800765293e-01 -4.032920488416859642e-03 9.912235024180957588e-01
-1.345842755171216543e-01 -4.954982274948261343e-03 9.908897622511743108e-01
-1.367225139612331664e-01 -5.805084406623801756e-03 9.905923758898786957e-01
-1.385903960149935943e-01 -6.570813111059166205e-03 9.903279893790084554e-01
-1.402342075789319853e-01 -7.241761570845808328e-03 9.900918765013995149e-01
-1.417049372122654582e-01 -7.809706996275297096e-03 9.898781335327612174e-01
-1.430571257783089523e-01 -8.268738326213624992e-03 9.896798910408075578e-01
-1.443476646682770315e-01 -8.615333132885569928e-03 9.894895288682075130e-01
-1.456345672428095428e-01 -8.848383179324839296e-03 9.892988825118093077e-01
-1.469757385715330100e-01 -8.969168992745140886e-03 9.890994319475343577e-01
-1.484277685997782981e-01 -8.981284767081165049e-03 9.888824672489779921e-01
-1.500447734498656094e-01 -8.890515876410515217e-03 9.886392287825890302e-01
-1.518773086158537733e-01 -8.704672242332194346e-03 9.883610230117134687e-01
-1.539713763088580711e-01 -8.433381722045938875e-03 9.880393177147804851e-01
-1.563675471604530354e-01 -8.087848537963390760e-03 9.876658224830164867e-01
-1.591002139290462469e-01 -7.680582524284844739e-03 9.872325615475932015e-01
-1.621969918363881102e-01 -7.225105595472026618e-03 9.867319462186092682e-01
-1.656782767623667385e-01 -6.735642325695041267e-03 9.861568535134338509e-01
-1.695569688287927312e-01 -6.226801852252044668e-03 9.855007160120624610e-01
-1.738383649942880083e-01 -5.713258469357639265e-03 9.847576257809727007e-01
-1.785202202525375814e-01 -5.209438254787651310e-03 9.839224525916960840e-01
-1.835929729682744260e-01 -4.729218866550901658e-03 9.829909738983293455e-01
-1.890401258984837629e-01 -4.285649258409293845e-03 9.819600114112195799e-01
-1.948387706377412432e-01 -3.890695493178313296e-03 9.808275668765412680e-01
-2.009602397129093276e-01 -3.555018087323468835e-03 9.795929480661506039e-01
-2.073708674574188671e-01 -3.287785411823626516e-03 9.782568751596107948e-01
-2.140328382445005895e-01 -3.096526623218646881e-03 9.768215577452609155e-01
-2.209050987699652246e-01 -2.987026435277828369e-03 9.752907335817920798e-01
-2.279443099473594803e-01 -2.963262805515462419e-03 9.736696619676361575e-01
-2.351058136792047726e-01 -3.027387349905090886e-03 9.719650669134545229e-01
-2.423445903231484233e-01 -3.179747067330614303e-03 9.701850281001541676e-01
-2.496161840575444602e-01 -3.418944808021126720e-03 9.683388205958458617e-01
-2.568775754920598065e-01 -3.741934909986084461e-03 9.664367072563286865e-01
-2.640879836423882243e-01 -4.144149599174431174e-03 9.644896904165444207e-01
-2.712095826324723569e-01 -4.619651135803346659e-03 9.625092317020694788e-01
-2.782081220163574731e-01 -5.161304309383556339e-03 9.605069504079404297e-01
-2.850534432299531851e-01 -5.760963740685863359e-03 9.584943118242960081e-01
-2.917198882038501973e-01 -6.409670526869426684e-03 9.564823171131157098e-01
-2.981865994285565757e-01 -7.097853039225505110e-03 9.544812058932705678e-01
-3.044377136347261592e-01 -7.815527114163427908e-03 9.525001816549920619e-01
-3.104624536469230422e-01 -8.552491423624490260e-03 9.505471686170999801e-01
-3.162551248483360666e-01 -9.298514425568702585e-03 9.486286067985961745e-01
-3.218150240556973962e-01 -1.004350993513440302e-02 9.467492900447396220e-01
-3.271462694843436658e-01 -1.077769898450702153e-02 9.449122496650582681e-01
-3.322575609458556234e-01 -1.149175622417030612e-02 9.431186843304504297e-01
-3.371618795451562511e-01 -1.217693963877667859e-02 9.413679350406065627e-01
-3.418761360176615915e-01 -1.282520279533305198e-02 9.396575023884483624e-01
-3.464207765556292506e-01 -1.342928920631827200e-02 9.379831020663500496e-01
-3.508193545928128820e-01 -1.398280867956715363e-02 9.363387536060429062e-01
-3.550980766103314368e-01 -1.448029574964082924e-02 9.347168967246988203e-01
-3.592853296396408269e-01 -1.491725045491963317e-02 9.331085293494024713e-01
-3.634111977980510888e-01 -1.529016185546090006e-02 9.315033613817099711e-01
-3.675069749086776749e-01 -1.559651479339609938e-02 9.298899785027133769e-01
-3.716046800255634053e-01 -1.583478049350197162e-02 9.282560107587914944e-01
-3.757365824897813122e-01 -1.600439169729556826e-02 9.265883012564446464e-01
-3.799347429594513437e-01 -1.610570312716749081e-02 9.248730709773744785e-01
-3.842305766572968739e-01 -1.613993819185848347e-02 9.230960764496665139e-01
-3.886544448343913216e-01 -1.610912297179840219e-02 9.212427577286861347e-01
-3.932352801311949642e-01 -1.601600866018640379e-02 9.192983748091485552e-01
-3.980002511047019409e-01 -1.586398377833850640e-02 9.172481311724103303e-01
-4.029744706679722066e-01 -1.565697762494712778e-02 9.150772836441325442e-01
-4.081807525476614518e-01 -1.539935655038843915e-02 9.127712380807491144e-01
-4.136394191067267467e-01 -1.509581476038129172e-02 9.103156306126874986e-01
-4.193681630117307990e-01 -1.475126143949461420e-02 9.076963942520182016e-01
-4.253819642631039288e-01 -1.437070603618936099e-02 9.048998106352381665e-01
-4.316930630749986064e-01 -1.395914356034904172e-02 9.019125465387384244e-01
-4.383109880170496520e-01 -1.352144170618938858e-02 8.987216746010463497e-01
-4.452426377454780093e-01 -1.306223152443515036e-02 8.953146774408740072e-01
-4.524924135899492939e-01 -1.258580322609686997e-02 8.916794341021337944e-01
-4.600623992604717105e-01 -1.209600850654193004e-02 8.878041875126031490e-01
-4.679525830292755595e-01 -1.159617053536215504e-02 8.836774914329036390e-01
-4.761611169569732183e-01 -1.108900246924904125e-02 8.792881352108252724e-01
-4.846846070965130648e-01 -1.057653501782307263e-02 8.746250445480745483e-01
-4.935184281422935748e-01 -1.006005323354996345e-02 8.696771564281217115e-01
-5.026570557072181922e-01 -9.540042314752450112e-03 8.644332663314092668e-01
-5.120944093104022876e-01 -9.016141813762128948e-03 8.588818458553132418e-01
-5.218241992358088055e-01 -8.487107238496405595e-03 8.530108288308156927e-01
-5.318402706601709218e-01 -7.950777632109167978e-03 8.468073639495390381e-01
-5.421369388196469741e-01 -7.404047316933451243e-03 8.402575317428561119e-01
-5.527093094510452387e-01 -6.842839598279254996e-03 8.333460234454755922e-01
-5.635535792574243308e-01 -6.262079840208894035e-03 8.260557787838708199e-01
-5.746673116518757896e-01 -5.655664944967045069e-03 8.183675790088721369e-01
-5.860496834595093629e-01 -5.016425881993030397e-03 8.102595904945439909e-01
-5.977016985269305582e-01 -4.336079508689539772e-03 8.017068529035558111e-01
-6.096263642077702771e-01 -3.605165486054931565e-03 7.926807042212142829e-01
-6.218288263507740776e-01 -2.812963595871102816e-03 7.831481328299482181e-01
-6.343164575769466573e-01 -1.947386185614950445e-03 7.730710441699940594e-01
-6.470988921216667134e-01 -9.948397712977313789e-04 7.624054263374238083e-01
-6.601879981123296437e-01 5.995101844215720735e-05 7.511003951232605447e-01
-6.735851290350106657e-01 1.126459195856341139e-03 7.391087910670368633e-01
-6.872468640300549714e-01 2.131221968082709899e-03 7.264208186538894108e-01
-7.011233057837694682e-01 3.089140210351527197e-03 7.130333563723429968e-01
-7.151697804950850612e-01 4.017287886414199448e-03 6.989392294503570247e-01
-7.293471161455941099e-01 4.934843960742554478e-03 6.841260347956349408e-01
-7.436217207298282394e-01 5.863053965177222882e-03 6.685748731870059247e-01
-7.579654543325911042e-01 6.825232972817791254e-03 6.522589870850887817e-01
-7.723552875832215836e-01 7.846821321507475508e-03 6.351422967630154792e-01
-7.867727347540147687e-01 8.955503966567435539e-03 6.171778210503072737e-01
-8.012030420496085714e-01 1.018140388364070954e-02 5.983059622178465986e-01
-8.156340997953279714e-01 1.155735949480160910e-02 5.784526278724861914e-01
-8.300550304287060976e-01 1.311929558496787232e-02 5.575271567765703873e-01
-8.444543813076463845e-01 1.490669642646390292e-02 5.354200111052838107e-01
-8.588178208784719159e-01 1.696318848078039176e-02 5.120001960723571388e-01
-8.731251967479686238e-01 1.933723748332620562e-02 4.871123710709354682e-01
-8.873467622198161209e-01 2.208295993345271713e-02 4.605736276195165901e-01
-9.014383109725780940e-01 2.526104040898665554e-02 4.321699334155216232e-01
-9.153348746585514562e-01 2.893973120542078087e-02 4.016522864264415738e-01
-9.289425326659526139e-01 3.319588572688889072e-02 3.687327001704492346e-01
-9.421277565047021518e-01 3.811593602588904395e-02 3.330802693710721019e-01
-9.546539016381612175e-01 4.374763935868174192e-02 2.944861153562238765e-01
-9.662430500148165846e-01 5.016938630073099203e-02 2.527002195810185148e-01
-9.765858136411548207e-01 5.751522091810056664e-02 2.072972454173228618e-01
-9.852678931238304516e-01 6.592903755090850915e-02 1.577990519203623654e-01
-9.917359727802225189e-01 7.556161455151387540e-02 1.036831842685306537e-01
-9.952563070351753138e-01 8.656446399704108285e-02 4.440131619263847085e-02
-9.948666193110790035e-01 9.907871948743687818e-02 -2.058681921282429564e-02
-9.893243829345392815e-01 1.132166572324315446e-01 -9.175649217536357982e-02
-9.770590635195616214e-01 1.290328866433467503e-01 -1.694287477341596959e-01
-9.561433453709696773e-01 1.464821447047631453e-01 -2.536392800523353808e-01
-9.243091683833869476e-01 1.653617574471712703e-01 -3.439593732060191589e-01
-8.790472497212084013e-01 1.852404473139506180e-01 -4.392742986292667018e-01
-8.178382730962179270e-01 2.053827680499356045e-01 -5.375485816617752155e-01
-7.385580381259118088e-01 2.246906917343759746e-01 -6.356462202880589496e-01
-6.400592982245344453e-01 2.416981285858919859e-01 -7.293189353037605738e-01
-5.228455950715715783e-01 2.546615053519222793e-01 -8.134986179480053758e-01
-3.896319140188651553e-01 2.617750150419803079e-01 -8.829840389687870772e-01
-2.455028672249239263e-01 2.614916965633011237e-01 -9.334615336516323136e-01
-9.743780095720930290e-02 2.528632094342683212e-01 -9.625830209662067372e-01
4.677820168457889199e-02 2.357666053148101404e-01 -9.706832169445110958e-01
1.801003806281529229e-01 2.108870417994638258e-01 -9.607759928778155656e-01
2.970693616548366611e-01 1.794773144249475760e-01 -9.378367064495932715e-01
3.941999404734871648e-01 1.430954782051440666e-01 -9.078161108061959528e-01
4.700321723449901179e-01 1.032929201334915753e-01 -8.765844680361912777e-01
5.245729384791126826e-01 6.139643145058905349e-02 -8.491488152331631012e-01
5.585847321224312045e-01 1.842420212249651704e-02 -8.292428147456180065e-01
5.729575570000451368e-01 -2.488522274544715390e-02 -8.192071554599790195e-01
5.682861276236728099e-01 -6.797241134515302763e-02 -8.200186756640376329e-01
5.446883313228498835e-01 -1.103237720733316746e-01 -8.313502793814617764e-01
5.018620658054742112e-01 -1.513354772876979448e-01 -8.516055660991018739e-01
4.393665068663571982e-01 -1.902002775538980672e-01 -8.779413004602812931e-01
3.570986782175374907e-01 -2.258455325411878045e-01 -9.063522104777308463e-01
2.558911476098150173e-01 -2.569545299398152682e-01 -9.319303032467752823e-01
1.380789145914967375e-01 -2.820962990736198273e-01 -9.493976466082123533e-01
7.810437594562683744e-03 -2.999601479732873499e-01 -9.539197590379067115e-01
-1.291157873432366709e-01 -3.096414518023951068e-01 -9.420463283587765524e-01
-2.659611654874891595e-01 -3.108799394480047940e-01 -9.124792171279042519e-01
-3.961263620115896278e-01 -3.041497105757487995e-01 -8.663583893888351373e-01
-5.142244689811931169e-01 -2.905584042577719628e-01 -8.069380454557044668e-01
-6.167758870276195404e-01 -2.715995627850903982e-01 -7.387971187434000386e-01
-7.024165230355526868e-01 -2.489133569335363061e-01 -6.668231916286561090e-01
-7.715048825859314174e-01 -2.239643090950767801e-01 -5.954999616999545609e-01
-8.255217318970750062e-01 -1.978772913605610639e-01 -5.285437046417701401e-01
-8.665499260922369107e-01 -1.714462211095969246e-01 -4.687189124024754849e-01
-8.968150255980978924e-01 -1.451576054955807660e-01 -4.179139617376496085e-01
-9.183733115843001338e-01 -1.192470689331851519e-01 -3.773202845163766139e-01
-9.329305100363523007e-01 -9.376389411333978241e-02 -3.476334212802414947e-01
-9.417526540557503711e-01 -6.863002755063619953e-02 -3.292291874733198065e-01
-9.456306431130497847e-01 -4.368900851835961358e-02 -3.222948298177875093e-01
-9.448695531879931497e-01 -1.874579633219787891e-02 -3.269099609451943111e-01
-9.392852276473420137e-01 6.398730080878631959e-03 -3.430777133009788038e-01
-9.282014962352148624e-01 3.191367325911110414e-02 -3.707067571987557875e-01
-9.104516501875735690e-01 5.789930445515416996e-02 -4.095429931049197614e-01
-8.843986720463175022e-01 8.433911978459167347e-02 -4.590489099689494812e-01
-8.480008422856625261e-01 1.110404832041485962e-01 -5.182321705178219995e-01
-7.989612116199948932e-01 1.375662427287154821e-01 -5.854370257980143766e-01
-7.350051219200898212e-01 1.631680776475193106e-01 -6.581364973734655788e-01
-6.543174056495081325e-01 1.867443453125919028e-01 -7.327996193671965086e-01
-5.561242168525882823e-01 2.068571814798970121e-01 -8.049446949243549421e-01
-4.413162726721726603e-01 2.218461259574025513e-01 -8.694965462027817171e-01
-3.130147107492414760e-01 2.300739800132303448e-01 -9.214595783652013150e-01
-1.764594669219405054e-01 2.302869156529488981e-01 -9.569900694351788362e-01
-3.832227279301524819e-02 2.218567556587892342e-01 -9.743259122905520986e-01
9.427408031231067354e-02 2.049246981177453020e-01 -9.742270094113032464e-01
2.149436622813922504e-01 1.803605294468770270e-01 -9.598277457160583337e-01
3.189243630036414645e-01 1.495425193490874660e-01 -9.359082677127373850e-01
4.034003713635985200e-01 1.140560248117447883e-01 -9.078873077488607279e-01
4.672764077381831860e-01 7.542499743697694825e-02 -8.808880908018799083e-01
5.106226235357063103e-01 3.494864481091405212e-02 -8.590943653307613337e-01
5.340508919713047309e-01 -6.343032468970906564e-03 -8.454285367240884641e-01
5.382111738279143909e-01 -4.764090711149689128e-02 -8.414624628110640714e-01
5.234993717653925183e-01 -8.825474585329176613e-02 -8.474429229035470579e-01
4.899993854630569912e-01 -1.274937236663434836e-01 -8.623490897862803317e-01
4.376473649938665833e-01 -1.645594941275636269e-01 -8.839598162756799882e-01
3.665841003396267950e-01 -1.984792070345691717e-01 -9.089676021381952742e-01
2.776281574842034972e-01 -2.281050419659566009e-01 -9.332152463313969637e-01
1.727494480114037390e-01 -2.522003691335169551e-01 -9.521305593269897560e-01
5.537086608905128493e-02 -2.696121394155125972e-01 -9.613757649596756938e-01
-6.967695676301914609e-02 -2.794938192606874483e-01 -9.576159599100666497e-01
-1.966301965271494978e-01 -2.815079602994680075e-01 -9.391963767415837383e-01
-3.195704342031092660e-01 -2.760555281172369924e-01 -9.064590906166614115e-01
-4.334199371319334970e-01 -2.640416454631364096e-01 -8.616432948383156987e-01
-5.345556675523420731e-01 -2.466391407314666717e-01 -8.083435980626673123e-01
-6.210073479018665132e-01 -2.251806661345613358e-01 -7.507619738858565261e-01
-6.923302466783654019e-01 -2.009479757828150637e-01 -6.930358869098623975e-01
-7.492233811336346250e-01 -1.750267378804382379e-01 -6.387722334067873486e-01
-7.930624233808507562e-01 -1.482398826928956470e-01 -5.908273265365917570e-01
-8.254746948645914628e-01 -1.211450628889183534e-01 -5.512852273168087347e-01
-8.480169506727358586e-01 -9.407162745616372279e-02 -5.215532381851004651e-01
-8.619634609329480668e-01 -6.717514987030676066e-02 -5.025002400380511602e-01
-8.681843363826650117e-01 -4.049541868575901038e-02 -4.945867761143248886e-01
-8.670875891027827187e-01 -1.401153728309919959e-02 -4.979586224063137778e-01
-8.586040554014742199e-01 1.230683308811558394e-02 -5.124915783594803376e-01
-8.422049795578483433e-01 3.845030144132244310e-02 -5.377846657435928490e-01
-8.169538069449422402e-01 6.432040537968963800e-02 -5.731050189554082186e-01
-7.816043479725006682e-01 8.967946360913586767e-02 -6.172942872076436771e-01
-7.347645368622360840e-01 1.141026545993683722e-01 -6.686566081068446854e-01
-6.751443564393186936e-01 1.369409535709168180e-01 -7.248636238529213571e-01
-6.018920529234303984e-01 1.573100084887693040e-01 -7.829300848982899685e-01
-5.149893766424381569e-01 1.741243117021375464e-01 -8.393251253248761312e-01
-4.156986222995717739e-01 1.862997141264261802e-01 -8.902174295735306719e-01
-3.066488027079362633e-01 1.928295417326266747e-01 -9.320854465201764416e-01
-1.917375835610611035e-01 1.928778178971444490e-01 -9.623070437209837458e-01
-7.583265083238668880e-02 1.860161237566165526e-01 -9.796159506417883023e-01
3.585953313003387155e-02 1.723192664532138818e-01 -9.843882182727446972e-01
1.385044340783863070e-01 1.523517022916095753e-01 -9.785731860882664890e-01
2.282079983938105627e-01 1.270517199861156410e-01 -9.652869883610558643e-01
3.022904877023689929e-01 9.755980524049731595e-02 -9.482101799852368229e-01
3.592445357288229224e-01 6.505126854512473245e-02 -9.309735205639402267e-01
3.984700444559026167e-01 3.061862054319336793e-02 -9.166701280880301672e-01
4.199250862126822081e-01 -4.778845114100184477e-03 -9.075461886814573109e-01
4.238157904384324270e-01 -4.030539800218954638e-02 -9.048511759668164123e-01
4.104027828516146892e-01 -7.519972558305396126e-02 -9.087984138858788974e-01
3.799563273389802154e-01 -1.087106518246709480e-01 -9.185941342489323258e-01
3.328573791485839317e-01 -1.400410491742727359e-01 -9.325204928976842389e-01
2.698133500625867209e-01 -1.683206403616986369e-01 -9.480869781501553017e-01
1.921286922621895932e-01 -1.926238815492183898e-01 -9.622798999502285566e-01
1.019422723849021661e-01 -2.120400978012830229e-01 -9.719294058763363608e-01
2.329338641265566931e-03 -2.257876260632956100e-01 -9.741737638018643786e-01
-1.028138076210529800e-01 -2.333446464798095421e-01 -9.669434300430054252e-01
-2.091192917198811951e-01 -2.345554817951523985e-01 -9.493433771676215160e-01
-3.122571158363487975e-01 -2.296730096381660591e-01 -9.218165773270006191e-01
-4.084597024000463095e-01 -2.193188351467461605e-01 -8.860360715268085219e-01
-4.949096408037265138e-01 -2.043736137609950543e-01 -8.445684539569932037e-01
-5.698997619885490806e-01 -1.858336106853936964e-01 -8.004249686301256883e-01
-6.327647896517519799e-01 -1.646747048184659390e-01 -7.566313253834074937e-01
-6.836533022883373167e-01 -1.417529391582353082e-01 -7.159080014162393368e-01
-7.232322306683806046e-01 -1.177518550497034105e-01 -6.804922050518605880e-01
-7.524003754907745423e-01 -9.317154740618809050e-02 -6.520833824725456029e-01
-7.720549254990451971e-01 -6.834708445144310751e-02 -6.318701354243710933e-01
-7.829251496628701901e-01 -4.348359180685539005e-02 -6.205943822260328036e-01
-7.854691359049433830e-01 -1.869860918052617879e-02 -6.186182979325950404e-01
-7.798228050585153115e-01 5.933636858135932050e-03 -6.259721915915046342e-01
-7.657918155703378194e-01 3.033829934163941033e-02 -6.423725420502593986e-01
-7.428824031921020810e-01 5.439702894705075731e-02 -6.672081371287634788e-01
-7.103734641447828624e-01 7.790696622128805149e-02 -6.994998542063594060e-01
-6.674365853255107561e-01 1.005440793322717324e-01 -7.378477435500107040e-01
-6.133104065802551519e-01 1.218361791604270217e-01 -7.803885510497706735e-01
-5.475275979503551049e-01 1.411541977499554401e-01 -8.247963517874618011e-01
-4.701748289374855783e-01 1.577323021089731825e-01 -8.683640659807633222e-01
-3.821403899864396214e-01 1.707256495340200020e-01 -9.081968260866287723e-01
-2.852799827098132512e-01 1.793067863964072362e-01 -9.415223883683730977e-01
-1.824253564870794431e-01 1.827879742584458400e-01 -9.660794717613165883e-01
-7.718899517092370210e-02 1.807418058073748668e-01 -9.804969447374770608e-01
2.641859208322843572e-02 1.730850067964150307e-01 -9.845525066730268504e-01
1.244692959407597832e-01 1.600976880791050438e-01 -9.792222039053517513e-01
2.135632779864868325e-01 1.423717638780235550e-01 -9.664993570238229470e-01
2.911228125655386245e-01 1.207073350058665701e-01 -9.490401715740355293e-01
3.554799890651080263e-01 9.599133424391625979e-02 -9.297417066615498715e-01
4.057788928159110076e-01 6.909228016327698119e-02 -9.113559935330093342e-01
4.417626058528918431e-01 4.079234272360746094e-02 -8.962040977516217977e-01
4.635270880531950355e-01 1.176206557872367005e-02 -8.860046796918565892e-01
4.713076967838243925e-01 -1.742878182817754126e-02 -8.817966276290341021e-01
4.653378601871988596e-01 -4.627639178498401534e-02 -8.839226048820051362e-01
4.457963152072342838e-01 -7.429728706131545624e-02 -8.920457154566758806e-01
4.128433516464248276e-01 -1.009839781133651526e-01 -9.051865018588078904e-01
3.667351127209223516e-01 -1.257727847845225011e-01 -9.217844453486788714e-01
3.079936020813038855e-01 -1.480335268911530666e-01 -9.398010512735239796e-01
2.375960556293477410e-01 -1.670885812138465654e-01 -9.568853224702593696e-01
1.571330441338517070e-01 -1.822639417811944551e-01 -9.706127250089618963e-01
6.883165488655551556e-02 -1.930603303307738272e-01 -9.787695909251963311e-01
-2.450949376391967777e-02 -1.990885776340529101e-01 -9.796749578063213004e-01
-1.196398007819713255e-01 -2.001024506072315579e-01 -9.724429686678612850e-01
-2.131798479397102597e-01 -1.961357400663197303e-01 -9.571233587593467318e-01
-3.019786655048797286e-01 -1.874984170353711233e-01 -9.346941901878194070e-01
-3.834206500400358930e-01 -1.747242409252539874e-01 -9.068958290441772041e-01
-4.556100820269342599e-01 -1.584859138070797424e-01 -8.759575721813920302e-01
-5.174064734317697090e-01 -1.395017700356849799e-01 -8.442924833193776735e-01
-5.683307631398047954e-01 -1.184559411807633578e-01 -8.142286740527582278e-01
-6.083908694545784313e-01 -9.594515530656154423e-02 -7.878166519687929137e-01
-6.378799454109574940e-01 -7.245531506022007129e-02 -7.667198983617555808e-01
-6.571889739918849171e-01 -4.836383905944655753e-02 -7.521725809392094675e-01
-6.666582129086690012e-01 -2.396065821525796002e-02 -7.449783312292642679e-01
-6.664777278274418570e-01 5.192168924360142726e-04 -7.455247606254391535e-01
-6.566391285885667672e-01 2.485719735123630147e-02 -7.537951807541095617e-01
-6.369380866492909687e-01 4.881091455798630685e-02 -7.693681617908219028e-01
-6.070277515004893765e-01 7.207602331189462419e-02 -7.914053043502080609e-01
-5.665236266205135873e-01 9.425434909406353590e-02 -8.186373422581267878e-01
-5.151576407485014553e-01 1.148342163434242363e-01 -8.493678283977449395e-01
-4.529705657891481829e-01 1.331902656215124825e-01 -8.815202888500208722e-01
-3.805171120240261606e-01 1.486100159729591697e-01 -9.127550550894424353e-01
-2.990404665939867535e-01 1.603511159023447985e-01 -9.406712066126332594e-01
-2.105613575292635542e-01 1.677257026615598945e-01 -9.630846293883448261e-01
-1.178324464260298160e-01 1.701978654702412386e-01 -9.783395122045399628e-01
-2.413921927176908289e-02 1.674711971367333629e-01 -9.855814000906006900e-01
6.702234982476074077e-02 1.595415897987916831e-01 -9.849134407299352523e-01
1.523143453988269613e-01 1.466990972800893966e-01 -9.773841184636702373e-01
2.288756040197774677e-01 1.294792282153715834e-01 -9.648062434123447773e-01
2.945147171880936887e-01 1.085805936623190360e-01 -9.494584435464737959e-01
3.477496998218809754e-01 8.477447925211319124e-02 -9.337469860318073911e-01
3.877174094590212783e-01 5.882988598698838528e-02 -9.198990460367473254e-01
4.140076100528233827e-01 3.146812561071499897e-02 -9.097293311040814956e-01
4.264832843698257436e-01 3.349930475479909880e-03 -9.044892404562490107e-01
4.251374558676124238e-01 -2.491047248854358007e-02 -9.047859481451958619e-01
4.100183808523868989e-01 -5.271453566209591962e-02 -9.105526371799221863e-01
3.812369102618203276e-01 -7.944377604454602726e-02 -9.210576011759568082e-01
3.390537967182319923e-01 -1.044315641584140641e-01 -9.349527107402797466e-01
2.840288707538210500e-01 -1.269537755496279174e-01 -9.503737893240984391e-01
2.171967475865032859e-01 -1.462474261105332629e-01 -9.651099746537502577e-01
1.402173630752991396e-01 -1.615611640348737221e-01 -9.768505931565051315e-01
5.544185559056383217e-02 -1.722327032783255718e-01 -9.834948380914164678e-01
-3.415469216412066189e-02 -1.777775950557354545e-01 -9.834778002994037926e-01
-1.251873661663590043e-01 -1.779655898474766795e-01 -9.760411733963807457e-01
-2.141859957808673887e-01 -1.728606006257471239e-01 -9.613758744347145058e-01
-2.979504158289698612e-01 -1.628102782400274451e-01 -9.405946858180900261e-01
-3.738433474648051869e-01 -1.483878834267486346e-01 -9.155447490925587850e-01
-4.399523465405457134e-01 -1.303044833704300465e-01 -8.885171210334567027e-01
-4.951005016357662991e-01 -1.093163955948761312e-01 -8.619312147246620537e-01
-5.387323688580492043e-01 -8.614958918430548618e-02 -8.380606678579789470e-01
-5.707281576221326924e-01 -6.145325688196916908e-02 -8.188362884596935842e-01
-5.912019185705053026e-01 -3.578462048010350172e-02 -8.057293294886667123e-01
-6.003267982578746054e-01 -9.620024588517198105e-03 -7.996969365972194099e-01
-5.982135292401137283e-01 1.661568584305650811e-02 -8.011644602705906282e-01
-5.848546604894268031e-01 4.250985875857303531e-02 -8.100234181767475006e-01
-5.601385780232376321e-01 6.762056411748222640e-02 -8.256344425356566541e-01
-5.239320778324867423e-01 9.144046215068520056e-02 -8.468375403124502876e-01
-4.762243357841604574e-01 1.133739114082963489e-01 -8.719843680947374498e-01
-4.173151579839189385e-01 1.327356004431024805e-01 -8.990157502928157740e-01
-3.480155052458122622e-01 1.487778601419114943e-01 -9.256081008843974889e-01
-2.698121935595843568e-01 1.607494685015211366e-01 -9.494003310331261547e-01
-1.849403614787792638e-01 1.679804945894394497e-01 -9.682869492647279142e-01
-9.631780517392042607e-02 1.699773042137476264e-01 -9.807296245355076048e-01
-7.329859626492483959e-03 1.665039062932555380e-01 -9.860135507840855906e-01
7.849657454756504837e-02 1.576258581769698630e-01 -9.843741039875125720e-01
1.578485682689436398e-01 1.437033039289389580e-01 -9.769509659744162189e-01
2.279191259723991059e-01 1.253366718515861733e-01 -9.655794067233315348e-01
2.865688849463632892e-01 1.032839306667175938e-01 -9.524760909491108984e-01
3.323409569339747516e-01 7.837491611191439722e-02 -9.398972607959611425e-01
3.643604830820011964e-01 5.144448189197600024e-02 -9.298359552277062345e-01
3.821777383475443712e-01 2.329597735213786297e-02 -9.237951470612281168e-01
3.856163373529851723e-01 -5.304591424097112456e-03 -9.226439734043728746e-01
3.746740174715663119e-01 -3.361166309696131393e-02 -9.265471583889811624e-01
3.495025417390977829e-01 -6.087299835173544393e-02 -9.349558553069299283e-01
3.104713502548570037e-01 -8.630643569789554770e-02 -9.466566113492272949e-01
2.582979958005952037e-01 -1.090939666485400278e-01 -9.598857493417966014e-01
1.942072635689771898e-01 -1.284034428229026692e-01 -9.725204854559592604e-01
1.200633449898113603e-01 -1.434417841453231868e-01 -9.823488421809901672e-01
3.841345633075145954e-02 -1.535336833383630917e-01 -9.873964828966136364e-01
-4.760363470984956685e-02 -1.582087151831002847e-01 -9.862575203190602213e-01
-1.344917122303727619e-01 -1.572723062314883846e-01 -9.783544352725167537e-01
-2.187298211765097422e-01 -1.508373752433390114e-01 -9.640567159359871852e-01
-2.971192260814486952e-01 -1.393050647576698220e-01 -9.446238745708069873e-01
-3.670532565014811843e-01 -1.233002164522180866e-01 -9.219918456787359329e-01
-4.266490536744529383e-01 -1.035817049249356941e-01 -8.984661459327016875e-01
-4.747307024398937925e-01 -8.095292051872841899e-02 -8.764002423573747924e-01
-5.106982839403719776e-01 -5.619295368036989619e-02 -8.579216833258753727e-01
-5.343403051145034777e-01 -3.001882940576615366e-02 -8.447362358718399911e-01
-5.456466779779712839e-01 -3.078998409618080231e-03 -8.380096792782775195e-01
-5.446652892612476871e-01 2.402851411373766594e-02 -8.383092228808747270e-01
-5.314277430152086756e-01 5.072303735386424206e-02 -8.455836608042132108e-01
-5.059549075371129190e-01 7.640382616341249988e-02 -8.591694168616615945e-01
-4.683408147854121184e-01 1.004188328686280163e-01 -8.778228404382978356e-01
-4.189014625873940800e-01 1.220499582436813113e-01 -8.997918494399732570e-01
-3.583605524730565928e-01 1.405238793057423941e-01 -9.229467773170122458e-01
-2.880279186050080931e-01 1.550540313590128283e-01 -9.449858017172642066e-01
-2.099144368446989317e-01 1.649122764402394803e-01 -9.637115078006284197e-01
-1.267296818751113274e-01 1.695188124101766058e-01 -9.773448521145565726e-01
-4.173368556522727424e-02 1.685293895985183199e-01 -9.848127458124725786e-01
4.154071388499146894e-02 1.618952629153498912e-01 -9.859332091574783963e-01
1.196306572113612077e-01 1.498774616036406548e-01 -9.814403967345924906e-01
1.896305397345050270e-01 1.330850143025260335e-01 -9.727942420431338055e-01
2.492431360979009414e-01 1.123002462832161236e-01 -9.619077470199681734e-01
2.967132970545601212e-01 8.835654737167664141e-02 -9.508703065464900739e-01
3.309025081210895114e-01 6.213299556731409490e-02 -9.416172369733198932e-01
3.511708258745401268e-01 3.450691272030978474e-02 -9.356753304503553359e-01
3.572437736272098818e-01 6.334775618283121704e-03 -9.339896984478679443e-01
3.491151301682550168e-01 -2.154389770284877853e-02 -9.368321548408025112e-01
3.270169062108871927e-01 -4.829107031691375063e-02 -9.437838288316918733e-01
2.914641906563029128e-01 -7.305692434611420205e-02 -9.537878754495011657e-01
2.433588276205011502e-01 -9.498192446757343366e-02 -9.652745283223641559e-01
1.841143971855801198e-01 -1.132235606510416659e-01 -9.763617741630837843e-01
1.157498980929800719e-01 -1.270101084988969897e-01 -9.851245573098925679e-01
4.089799349234155001e-02 -1.357141269302619413e-01 -9.899035457378504432e-01
-3.730769002634921200e-02 -1.389288494261438356e-01 -9.895993689602899934e-01
-1.154637207110315311e-01 -1.365255509055557648e-01 -9.838845984840626224e-01
-1.901996142703430148e-01 -1.286732314347225348e-01 -9.732765825952397476e-01
-2.584756461388643123e-01 -1.158135671787710180e-01 -9.590503417418663190e-01
-3.178003898746927791e-01 -9.859909361354476931e-02 -9.430170363884692319e-01
-3.663241344536398714e-01 -7.781383557927062933e-02 -9.272279307128732384e-01
-4.028091129458824526e-01 -5.429835665433164343e-02 -9.136719909120856187e-01
-4.265380088235999900e-01 -2.904149534882632597e-02 -9.040032735347691695e-01
-4.372305557516991126e-01 -2.974491415102366657e-03 -8.993445354827954707e-01
-4.348508814936426492e-01 2.311989747721129862e-02 -9.002056327249539081e-01
-4.195272732703444474e-01 4.846925403010973049e-02 -9.064477913156456790e-01
-3.915669361547217675e-01 7.229204349525822360e-02 -9.173053989498785032e-01
-3.515389198734912846e-01 9.378743416796170296e-02 -9.314635285352319549e-01
-3.004006427569895776e-01 1.121447335372179888e-01 -9.471974517258927584e-01
-2.396270262487079639e-01 1.265784741156105453e-01 -9.625781932740755664e-01
-1.712915939341763116e-01 1.363881443422366446e-01 -9.757343203533670462e-01
-9.805294567612787837e-02 1.410327004843662801e-01 -9.851372479119155923e-01
-2.302269694670153535e-02 1.402022205517315934e-01 -9.898551877738854810e-01
5.047123877150852533e-02 1.338664768802657057e-01 -9.897133021283545107e-01
1.191736543968098111e-01 1.222855617948171575e-01 -9.853141029436112142e-01
1.801708002567833644e-01 1.059797566944008368e-01 -9.779093894074306625e-01
2.310757555787893991e-01 8.566923005156233673e-02 -9.691567356168401259e-01
2.701013986940430933e-01 6.220257601378089557e-02 -9.608205211933300571e-01
2.960331588545406234e-01 3.649339899941169557e-02 -9.544802777813370387e-01
3.081437959375388780e-01 9.477379336974669707e-03 -9.512925839569987829e-01
3.061024349819583268e-01 -1.790745340147308073e-02 -9.518301436686452677e-01
2.899215212087492000e-01 -4.472325624652716269e-02 -9.560048859060330528e-01
2.599914844991182417e-01 -6.987514695555116506e-02 -9.630793798080188317e-01
2.172212352842730620e-01 -9.230156771451757114e-02 -9.717486071636839418e-01
1.630599693947735185e-01 -1.111024671043570888e-01 -9.803405980422755794e-01
9.954983762272667791e-02 -1.254640193975650742e-01 -9.870909834719076015e-01
2.932733137984411612e-02 -1.347276802804303064e-01 -9.904485649371694844e-01
-4.448555147774578555e-02 -1.384626239379879997e-01 -9.893680495486536497e-01
-1.185010791271470382e-01 -1.365209358406690443e-01 -9.835240354504515281e-01
-1.893546370029131620e-01 -1.290575416286400823e-01 -9.733904521722959169e-01
-2.539914290574641353e-01 -1.165075710861780828e-01 -9.601637047040079143e-01
-3.098794667511169942e-01 -9.952812437613975383e-02 -9.455521500849316530e-01
-3.551062295166062532e-01 -7.892240007725699613e-02 -9.314884972508272742e-01
-3.883590327595017322e-01 -5.556715232308110514e-02 -9.198312634624291606e-01
-4.088253117173304974e-01 -3.035947470989657643e-02 -9.121075412365912127e-01
-4.160662833249689219e-01 -4.189641850869722794e-03 -9.093246366218223908e-01
-4.099150964170684697e-01 2.206254712399570439e-02 -9.118568186562496791e-01
-3.904351528794051118e-01 4.751719775112332733e-02 -9.194033430981410904e-01
-3.579528437257531448e-01 7.128229797393377531e-02 -9.310148203172411430e-01
-3.131557302347839911e-01 9.245350681437500273e-02 -9.451909001281276757e-01
-2.572246163012933962e-01 1.101364798709496967e-01 -9.600549216354833382e-01
-1.919497177937733723e-01 1.234965386755132871e-01 -9.736035696115477034e-01
-1.197741690055237479e-01 1.318313975815229300e-01 -9.840094669448576914e-01
-4.372035052657295001e-02 1.346524644273831006e-01 -9.899278987683455266e-01
3.281167400820896723e-02 1.317531676566831289e-01 -9.907393687785590597e-01
1.063386625354833803e-01 1.232433850869341097e-01 -9.866626357925415425e-01
1.736097742959069601e-01 1.095388167786465194e-01 -9.787036803212371128e-01
2.318630830142550114e-01 9.130927269193873930e-02 -9.684534720069544189e-01
2.789682149756038676e-01 6.940303121193308611e-02 -9.577890969721313263e-01
3.134453227311433943e-01 4.476957104945369220e-02 -9.485503229417050486e-01
3.343927069323982537e-01 1.839890676546076034e-02 -9.422542107982696535e-01
3.413779991339539466e-01 -8.714048139045440372e-03 -9.398856989331997314e-01
3.343473571690367963e-01 -3.558224090044948690e-02 -9.417779721746591948e-01
3.135897505415815023e-01 -6.122631627438358815e-02 -9.475826119856688434e-01
2.797677655055859636e-01 -8.467515577744752497e-02 -9.563263644619158788e-01
2.339992629693027348e-01 -1.049801999732217078e-01 -9.665523796102885035e-01
1.779510070710311476e-01 -1.212520916553672945e-01 -9.765405108537796863e-01
1.138920984155480098e-01 -1.327201368497911149e-01 -9.845882160477529288e-01
4.465861164683614104e-02 -1.388051791245671351e-01 -9.893122513347681890e-01
-2.649495654824358254e-02 -1.391881409723650098e-01 -9.899114499172811943e-01
-9.614225187811481499e-02 -1.338540090956663875e-01 -9.863264021813809013e-01
-1.609756067268472424e-01 -1.230969746262129960e-01 -9.792517494822812196e-01
