0.000000000000000000e+00 0.000000000000000000e+00 1.000000000000000000e+00
-1.372663253237244405e-06 7.037534573707123170e-05 9.999999975227132909e-01
-5.454707092428822657e-06 2.110738709257769076e-04 9.999999777090333719e-01
-1.358136191659360876e-05 4.220180225766807834e-04 9.999999108581636431e-01
-2.708588861382498831e-05 7.031048882482015226e-04 9.999997524549048000e-01
-4.729909589060438525e-05 1.054206227313061409e-03 9.999994432058579852e-01
-7.554885729203497126e-05 1.475168506303840875e-03 9.999989090845292639e-01
-1.131596277023672487e-04 1.965812938423430918e-03 9.999980613853161060e-01
-1.614519591213991198e-04 2.525935527327153717e-03 9.999967967863585550e-01
-2.217420155197470330e-04 3.155307115303934359e-03 9.999949974212311021e-01
-2.953410865845855471e-04 3.853673436004103649e-03 9.999925309594532852e-01
-3.835551001772208985e-04 4.620755171881126347e-03 9.999892506957908100e-01
-4.876841333347767607e-04 5.456248016533712247e-03 9.999849956483204405e-01
-6.090219216603054301e-04 6.359822742153368492e-03 9.999795906652253485e-01
-7.488553669587656595e-04 7.331125272300348904e-03 9.999728465402881739e-01
-9.084640429905031875e-04 8.369776760248203579e-03 9.999645601370446002e-01
-1.089119699229097521e-03 9.475373673153562881e-03 9.999545145215572584e-01
-1.292085762526665399e-03 1.064748788232344756e-02 9.999424791037673232e-01
-1.518616836606905256e-03 1.188566675986715664e-02 9.999282097873771757e-01
-1.769958199324280033e-03 1.318943328203362429e-02 9.999114491282143913e-01
-2.047345297646736579e-03 1.455828613954804514e-02 9.998919265010234314e-01
-2.352003240339200444e-03 1.599169985527340229e-02 9.998693582746278619e-01
-2.685146288345716462e-03 1.748912490953331844e-02 9.998434479954010357e-01
-3.047977342889483625e-03 1.904998787344236791e-02 9.998138865789802932e-01
-3.441687431332106015e-03 2.067369155059849486e-02 9.997803525101536248e-01
-3.867455190856102301e-03 2.235961512749947908e-02 9.997425120508445229e-01
-4.326446350058003702e-03 2.410711433305156789e-02 9.997000194561140862e-01
-4.819813208563212756e-03 2.591552160754313425e-02 9.996525171980967794e-01
-5.348694114798085292e-03 2.778414628145975743e-02 9.995996361977785849e-01
-5.914212942079397420e-03 2.971227476451932664e-02 9.995409960645214031e-01
-6.517478563206417427e-03 3.169917074530652357e-02 9.994762053432331150e-01
-7.159584323766107761e-03 3.374407540188543997e-02 9.994048617690745040e-01
-7.841607514387522598e-03 3.584620762376710540e-02 9.993265525295896845e-01
-8.564608842207121348e-03 3.800476424560515071e-02 9.992408545341400217e-01
-9.329631901832457358e-03 4.021892029298802795e-02 9.991473346905140884e-01
-1.013770264611741669e-02 4.248782924068961880e-02 9.990455501885802114e-01
-1.098982885708783830e-02 4.481062328373228848e-02 9.989350487908418286e-01
-1.188699961738179031e-02 4.718641362160704705e-02 9.988153691297461112e-01
-1.283018478259406910e-02 4.961429075598444705e-02 9.986860410115927511e-01
-1.382033445493936405e-02 5.209332480223752976e-02 9.985465857268790435e-01
-1.485837845867310665e-02 5.462256581508426190e-02 9.983965163669115128e-01
-1.594522581773304484e-02 5.720104412864132626e-02 9.982353381465062236e-01
-1.708176423608810321e-02 5.982777071116442830e-02 9.980625487325924805e-01
-1.826885958130392701e-02 6.250173753473177440e-02 9.978776385785247394e-01
-1.950735537185668486e-02 6.522191796010766429e-02 9.976800912639030017e-01
-2.079807226874799339e-02 6.798726713700188606e-02 9.974693838396904155e-01
-2.214180757199434371e-02 7.079672241991792625e-02 9.972449871784104802e-01
-2.353933472258384202e-02 7.364920379975908871e-02 9.970063663291974798e-01
-2.499140281051159818e-02 7.654361435133630320e-02 9.967529808774662214e-01
-2.649873608952237058e-02 7.947884069689477304e-02 9.964842853089580510e-01
-2.806203349920525711e-02 8.245375348574884855e-02 9.961997293779125684e-01
-2.968196819510003984e-02 8.546720789008549479e-02 9.958987584791054726e-01
-3.135918708748838823e-02 8.851804411696650998e-02 9.955808140234871928e-01
-3.309431038955513299e-02 9.160508793652873127e-02 9.952453338171455277e-01
-3.488793117561550527e-02 9.472715122634893514e-02 9.948917524433108506e-01
-3.674061495011331918e-02 9.788303253190727693e-02 9.945195016471131133e-01
-3.865289922810241641e-02 1.010715176430491136e-01 9.941280107227926655e-01
-4.062529312792965280e-02 1.042913801863102757e-01 9.937167069030595767e-01
-4.265827697684157482e-02 1.075413822329354674e-01 9.932850157502896016e-01
-4.475230193023931741e-02 1.108202749223833883e-01 9.928323615492368193e-01
-4.690778960530671282e-02 1.141267991010758154e-01 9.923581677009377655e-01
-4.912513172973505260e-02 1.174596859761106588e-01 9.918618571174746545e-01
-5.140468980626474588e-02 1.208176577836220372e-01 9.913428526172595179e-01
-5.374679479375883001e-02 1.241994284714326435e-01 9.908005773204956457e-01
-5.615174680551589248e-02 1.276037043956062267e-01 9.902344550444671656e-01
-5.861981482552099110e-02 1.310291850304704520e-01 9.896439106983028200e-01
-6.115123644332167568e-02 1.344745636916425680e-01 9.890283706768554506e-01
-6.374621760820312066e-02 1.379385282715535066e-01 9.883872632533347025e-01
-6.640493240332105696e-02 1.414197619869284883e-01 9.877200189703269073e-01
-6.912752284043383044e-02 1.449169441376459699e-01 9.870260710288327743e-01
-7.191409867585578375e-02 1.484287508763608709e-01 9.863048556749510754e-01
-7.476473724823266831e-02 1.519538559882421536e-01 9.855558125838344008e-01
-7.767948333871665945e-02 1.554909316801408037e-01 9.847783852405415095e-01
-8.065834905409328959e-02 1.590386493784702038e-01 9.839720213174099062e-01
-8.370131373338551839e-02 1.625956805350483592e-01 9.831361730475708383e-01
-8.680832387843115394e-02 1.661606974401197423e-01 9.822702975942310122e-01
-8.997929310889901666e-02 1.697323740417442384e-01 9.813738574153442196e-01
-9.321410214217680512e-02 1.733093867707115876e-01 9.804463206232980621e-01
-9.651259879852919221e-02 1.768904153701122695e-01 9.794871613392438503e-01
-9.987459803188890317e-02 1.804741437286693229e-01 9.784958600416981955e-01
-1.032998819866060847e-01 1.840592607169117823e-01 9.774719039090504769e-01
-1.067882000804423609e-01 1.876444610252469836e-01 9.764147871556124736e-01
-1.103392691140556020e-01 1.912284460029690103e-01 9.753240113608521167e-01
-1.139527734071799914e-01 1.948099244972205379e-01 9.741990857914578639e-01
-1.176283649616630539e-01 1.983876136909094590e-01 9.730395277158855327e-01
-1.213656636514775788e-01 2.019602399385659330e-01 9.718448627110481963e-01
-1.251642574397814622e-01 2.055265395991131006e-01 9.706146249608131882e-01
-1.290237026230527662e-01 2.090852598645142335e-01 9.693483575459818091e-01
-1.329435241022808856e-01 2.126351595832505770e-01 9.680456127254332133e-01
-1.369232156811478474e-01 2.161750100775782502e-01 9.667059522081239420e-01
-1.409622403910856248e-01 2.197035959535088567e-01 9.653289474156436789e-01
-1.450600308430481933e-01 2.232197159024574551e-01 9.639141797350392338e-01
-1.492159896057882740e-01 2.267221834935022884e-01 9.624612407616282006e-01
-1.534294896103808037e-01 2.302098279552047544e-01 9.609697325315353922e-01
-1.576998745806866276e-01 2.336814949459437851e-01 9.594392677436982542e-01
-1.620264594894023080e-01 2.371360473117274104e-01 9.578694699710986749e-01
-1.664085310392935391e-01 2.405723658304555201e-01 9.562599738609913747e-01
-1.708453481691629972e-01 2.439893499416207756e-01 9.546104253239146020e-01
-1.753361425840563037e-01 2.473859184604509098e-01 9.529204817112799653e-01
-1.798801193091638106e-01 2.507610102755135628e-01 9.511898119813548824e-01
-1.844764572668309011e-01 2.541135850288256393e-01 9.494180968534645659e-01
-1.891243098760451158e-01 2.574426237775317983e-01 9.476050289502565560e-01
-1.938228056737255345e-01 2.607471296362421365e-01 9.457503129278853615e-01
-1.985710489570976789e-01 2.640261283991461871e-01 9.438536655939914199e-01
-2.033681204463970438e-01 2.672786691410504734e-01 9.419148160133641312e-01
-2.082130779671052256e-01 2.705038247965173004e-01 9.399335056011957068e-01
-2.131049571508851492e-01 2.737006927163171954e-01 9.379094882038478964e-01
-2.180427721543460595e-01 2.768683952004423188e-01 9.358425301670726393e-01
-2.230255163947355013e-01 2.800060800069649747e-01 9.337324103916414542e-01
-2.280521633016227567e-01 2.831129208360654292e-01 9.315789203763585880e-01
-2.331216670836089300e-01 2.861881177885922667e-01 9.293818642484477088e-01
-2.382329635090705278e-01 2.892308977985615925e-01 9.271410587813204707e-01
-2.433849706999174078e-01 2.922405150390446904e-01 9.248563333997509295e-01
-2.485765899373231502e-01 2.952162513009373712e-01 9.225275301724985555e-01
-2.538067064783637306e-01 2.981574163441509939e-01 9.201545037924383497e-01
-2.590741903824820835e-01 3.010633482208114331e-01 9.177371215442737817e-01
-2.643778973466795468e-01 3.039334135700992312e-01 9.152752632599249205e-01
-2.697166695483208532e-01 3.067670078844135784e-01 9.127688212617013352e-01
-2.750893364944277386e-01 3.095635557465901688e-01 9.102177002933842243e-01
-2.804947158763275161e-01 3.123225110379534430e-01 9.076218174393598792e-01
-2.859316144285160566e-01 3.150433571170324631e-01 9.049811020319612487e-01
-2.913988287905900365e-01 3.177256069688197404e-01 9.022954955471903515e-01
-2.968951463711030914e-01 3.203688033245018496e-01 8.995649514890089460e-01
-3.024193462121995135e-01 3.229725187516406804e-01 8.967894352624006249e-01
-3.079701998538844632e-01 3.255363557148329701e-01 8.939689240354197208e-01
-3.135464721967943236e-01 3.280599466069251124e-01 8.911034065904590573e-01
-3.191469223623388807e-01 3.305429537509086413e-01 8.881928831649790190e-01
-3.247703045490993312e-01 3.329850693726694733e-01 8.852373652819561789e-01
-3.304153688843768921e-01 3.353860155448115665e-01 8.822368755703194898e-01
-3.360808622698039372e-01 3.377455441018204496e-01 8.791914475756558156e-01
-3.417655292199459627e-01 3.400634365268791481e-01 8.761011255614767901e-01
-3.474681126928431119e-01 3.423395038106913923e-01 8.729659643013500947e-01
-3.531873549114608601e-01 3.445735862827104534e-01 8.697860288622086822e-01
-3.589219981750441657e-01 3.467655534152136454e-01 8.665613943791594664e-01
-3.646707856593942587e-01 3.489153036007016651e-01 8.632921458221245459e-01
-3.704324622051149984e-01 3.510227639031414659e-01 8.599783777546537999e-01
-3.762057750929051481e-01 3.530878897836072783e-01 8.566201940852559149e-01
-3.819894748050031708e-01 3.551106648009102473e-01 8.532177078116035540e-01
-3.877823157719240688e-01 3.570911002878399132e-01 8.497710407579717184e-01
-3.935830571036610381e-01 3.590292350036728419e-01 8.462803233062772268e-01
-3.993904633045601282e-01 3.609251347636334706e-01 8.427456941210893504e-01
-4.052033049711121215e-01 3.627788920460187638e-01 8.391672998689877483e-01
-4.110203594719431530e-01 3.645906255777258687e-01 8.355452949326478418e-01
-4.168404116093242795e-01 3.663604798989441025e-01 8.318798411200346576e-01
-4.226622542615585121e-01 3.680886249077949257e-01 8.281711073690909419e-01
-4.284846890056447366e-01 3.697752553857230340e-01 8.244192694483059025e-01
-4.343065267196576928e-01 3.714205905044590250e-01 8.206245096535522698e-01
-4.401265881643243727e-01 3.730248733153896379e-01 8.167870165015794770e-01
-4.459437045433187752e-01 3.745883702221845524e-01 8.129069844205517592e-01
-4.517567180418385897e-01 3.761113704375400602e-01 8.089846134380183074e-01
-4.575644823430687347e-01 3.775941854249087459e-01 8.050201088667011673e-01
-4.633658631221793667e-01 3.790371483260914776e-01 8.010136809884861320e-01
-4.691597385175473311e-01 3.804406133755726671e-01 7.969655447369975443e-01
-4.749449995789317147e-01 3.818049553024824294e-01 7.928759193791371507e-01
-4.807205506923756810e-01 3.831305687210709299e-01 7.887450281959613729e-01
-4.864853099816479065e-01 3.844178675105777154e-01 7.845730981632703660e-01
-4.922382096860776213e-01 3.856672841853772127e-01 7.803603596322742364e-01
-4.979781965146771183e-01 3.868792692562756375e-01 7.761070460107014624e-01
-5.037042319764855058e-01 3.880542905838278989e-01 7.718133934447043432e-01
-5.094152926871056142e-01 3.891928327245356978e-01 7.674796405019154166e-01
-5.151103706514443825e-01 3.902953962707757518e-01 7.631060278559994581e-01
-5.207884735227048534e-01 3.913624971852978085e-01 7.586927979730409000e-01
-5.264486248377124866e-01 3.923946661311160100e-01 7.542401948000991840e-01
-5.320898642286953084e-01 3.933924477976047940e-01 7.497484634562590067e-01
-5.377112476116711060e-01 3.943564002235922517e-01 7.452178499264926481e-01
-5.433118473516271862e-01 3.952870941182271558e-01 7.406486007586469134e-01
-5.488907524047121900e-01 3.961851121803771636e-01 7.360409627638576646e-01
-5.544470684376875402e-01 3.970510484172943277e-01 7.313951827206878198e-01
-5.599799179249189685e-01 3.978855074632645095e-01 7.267115070832761425e-01
-5.654884402232128737e-01 3.986891038989333058e-01 7.219901816937775996e-01
-5.709717916248340241e-01 3.994624615719792882e-01 7.172314514993650691e-01
-5.764291453890622030e-01 4.002062129197803686e-01 7.124355602740559679e-01
-5.818596917526734913e-01 4.009209982946942974e-01 7.076027503456187029e-01
-5.872626379197535273e-01 4.016074652925490929e-01 7.027332623278041979e-01
-5.926372080312707347e-01 4.022662680849128369e-01 6.978273348581406355e-01
-5.979826431148610455e-01 4.028980667556847362e-01 6.928852043415199002e-01
-6.032982010152909691e-01 4.035035266425235911e-01 6.879071046997967676e-01
-6.085831563060873917e-01 4.040833176836005070e-01 6.828932671276132238e-01
-6.138368001828359288e-01 4.046381137701356989e-01 6.778439198546507560e-01
-6.190584403386664158e-01 4.051685921051511041e-01 6.727592879145074534e-01
-6.242474008224581095e-01 4.056754325688410878e-01 6.676395929203872148e-01
-6.294030218803089438e-01 4.061593170909363337e-01 6.624850528477795875e-01
-6.345246597808249511e-01 4.066209290304064194e-01 6.572958818243033186e-01
-6.396116866247966160e-01 4.070609525628185454e-01 6.520722899268772688e-01
-6.446634901398367035e-01 4.074800720756416861e-01 6.468144829863742284e-01
-6.496794734605640942e-01 4.078789715717561215e-01 6.415226623999087385e-01
-6.546590548949217103e-01 4.082583340814016637e-01 6.361970249508996922e-01
-6.596016676772258336e-01 4.086188410827691908e-01 6.308377626370440527e-01
-6.645067597085460021e-01 4.089611719314124039e-01 6.254450625063300295e-01
-6.693737932850195582e-01 4.092860032986304630e-01 6.200191065012121694e-01
-6.742022448147072522e-01 4.095940086189449603e-01 6.145600713110660474e-01
-6.789916045235986353e-01 4.098858575467682064e-01 6.090681282330310253e-01
-6.837413761513763122e-01 4.101622154223347194e-01 6.035434430413491036e-01
-6.884510766375482316e-01 4.104237427469420441e-01 5.979861758652973425e-01
-6.931202357985570828e-01 4.106710946675228291e-01 5.923964810758107769e-01
-6.977483959964744242e-01 4.109049204705456648e-01 5.867745071808861956e-01
-7.023351117998843929e-01 4.111258630852192009e-01 5.811203967298522732e-01
-7.068799496375612890e-01 4.113345585959518047e-01 5.754342862265896530e-01
-7.113824874455393354e-01 4.115316357639954292e-01 5.697163060517791422e-01
-7.158423143081720230e-01 4.117177155581835390e-01 5.639665803942547351e-01
-7.202590300937724566e-01 4.118934106946500751e-01 5.581852271915324071e-01
-7.246322450854231212e-01 4.120593251853985617e-01 5.523723580795871779e-01
-7.289615796075379350e-01 4.122160538955705333e-01 5.465280783519443908e-01
-7.332466636487533496e-01 4.123641821092443038e-01 5.406524869281525980e-01
-7.374871364817231489e-01 4.125042851035788938e-01 5.347456763317023354e-01
-7.416826462803816078e-01 4.126369277310997230e-01 5.288077326774535125e-01
-7.458328497352387787e-01 4.127626640099087973e-01 5.228387356686349241e-01
-7.499374116672613555e-01 4.128820367215861320e-01 5.168387586034771664e-01
-7.539960046408907823e-01 4.129955770165359974e-01 5.108078683915406870e-01
-7.580083085767411744e-01 4.131038040265180289e-01 5.047461255798016966e-01
-7.619740103645167295e-01 4.132072244840913067e-01 4.986535843885571140e-01
-7.658928034766803172e-01 4.133063323486886320e-01 4.925302927572127176e-01
-7.697643875834004890e-01 4.134016084390270129e-01 4.863762924000182841e-01
-7.735884681692990483e-01 4.134935200715515458e-01 4.801916188718153844e-01
-7.773647561525156569e-01 4.135825207046013863e-01 4.739763016438654497e-01
-7.810929675066003997e-01 4.136690495879780105e-01 4.677303641898269970e-01
-7.847728228857426824e-01 4.137535314175900814e-01 4.614538240819540116e-01
-7.884040472538380584e-01 4.138363759948429088e-01 4.551466930975895941e-01
-7.919863695178923635e-01 4.139179778904357732e-01 4.488089773360315338e-01
-7.955195221662577643e-01 4.139987161122257175e-01 4.424406773458503528e-01
-7.990032409121934354e-01 4.140789537768143069e-01 4.360417882627427022e-01
-8.024372643432396979e-01 4.141590377845105753e-01 4.296122999580070378e-01
-8.058213335768924512e-01 4.142392984973231052e-01 4.231521971977323382e-01
-8.091551919230631773e-01 4.143200494196329076e-01 4.166614598127944546e-01
-8.124385845538090178e-01 4.144015868811998793e-01 4.101400628797582937e-01
-8.156712581808146512e-01 4.144841897221574478e-01 4.035879769127894701e-01
-8.188529607411103584e-01 4.145681189796515120e-01 3.970051680666823457e-01
-8.219834410915082268e-01 4.146536175757843945e-01 3.903915983511167531e-01
-8.250624487122415474e-01 4.147409100065280740e-01 3.837472258562599214e-01
-8.280897334202920179e-01 4.148302020312770177e-01 3.770720049898355630e-01
-8.310650450928929178e-01 4.149216803627169825e-01 3.703658867257860199e-01
-8.339881334016983061e-01 4.150155123566935944e-01 3.636288188646594199e-01
-8.368587475581120705e-01 4.151118457017733965e-01 3.568607463058581786e-01
-8.396766360702725418e-01 4.152108081081991586e-01 3.500616113318898437e-01
-8.424415465121964930e-01 4.153125069959520688e-01 3.432313539047673889e-01
-8.451532253055873412e-01 4.154170291816448035e-01 3.363699119747101673e-01
-8.478114175148204756e-01 4.155244405639831329e-01 3.294772218013015674e-01
-8.504158666556237423e-01 4.156347858075467583e-01 3.225532182872654086e-01
-8.529663145179778860e-01 4.157480880246554600e-01 3.155978353250261104e-01
-8.554625010037687494e-01 4.158643484551033387e-01 3.086110061562239992e-01
-8.579041639797314600e-01 4.159835461435613113e-01 3.015926637443601677e-01
-8.602910391462337270e-01 4.161056376144666169e-01 2.945427411607506873e-01
-8.626228599224547988e-01 4.162305565442384059e-01 2.874611719839725299e-01
-8.648993573485257436e-01 4.163582134306801352e-01 2.803478907129889341e-01
-8.671202600052044795e-01 4.164884952594520295e-01 2.732028331941441790e-01
-8.692852939516718669e-01 4.166212651675210710e-01 2.660259370622207187e-01
-8.713941826820406078e-01 4.167563621035222376e-01 2.588171421957553009e-01
-8.734466471011836930e-01 4.168936004849910781e-01 2.515763911868120206e-01
-8.754424055204951260e-01 4.170327698524569637e-01 2.443036298254119276e-01
-8.773811736742094247e-01 4.171736345204168361e-01 2.369988075988208875e-01
-8.792626647569150578e-01 4.173159332252402431e-01 2.296618782058972574e-01
-8.810865136754101323e-01 4.174437439284090501e-01 2.223224598066155244e-01
-8.828526070672252368e-01 4.175578194033960910e-01 2.149807938160538667e-01
-8.845608421937530830e-01 4.176588889921024617e-01 2.076371088303693990e-01
-8.862111263438068320e-01 4.177476584555068762e-01 2.002916210415079112e-01
-8.878033762554539132e-01 4.178248098383877118e-01 1.929445346543018358e-01
-8.893375175564243174e-01 4.178910013472935669e-01 1.855960423057236852e-01
-8.908134842233675910e-01 4.179468672409620833e-01 1.782463254860762181e-01
-8.922312180602036680e-01 4.179930177324118201e-01 1.708955549619144421e-01
-8.935906681957884734e-01 4.180300389019570018e-01 1.635438912005074685e-01
-8.948917906010912526e-01 4.180584926204215512e-01 1.561914847956610841e-01
-8.961345476260602627e-01 4.180789164818551895e-01 1.488384768947342285e-01
-8.973189075563312578e-01 4.180918237450821917e-01 1.414849996266942800e-01
-8.984448441899147708e-01 4.180977032834403140e-01 1.341311765310671533e-01
-8.995123364339822070e-01 4.180970195420968816e-01 1.267771229876492878e-01
-9.005213679218525558e-01 4.180902125023567839e-01 1.194229466468588602e-01
-9.014719266502677630e-01 4.180776976524055999e-01 1.120687478606129384e-01
-9.023640046370315915e-01 4.180598659639620518e-01 1.047146201136271298e-01
-9.031975975990734762e-01 4.180370838743410755e-01 9.736065045504257998e-02
-9.039727046509877795e-01 4.180096932734604920e-01 9.000691993029354132e-02
-9.046893280240894120e-01 4.179780114953527415e-01 8.265350401313646678e-02
-9.053474728060154630e-01 4.179423313137737850e-01 7.530047303776873924e-02
-9.059471467008968215e-01 4.179029209415309754e-01 6.794789263097170129e-02
-9.064883598101133311e-01 4.178600240331817317e-01 6.059582414421885860e-02
-9.069711244336415845e-01 4.178138596907857716e-01 5.324432508569566097e-02
-9.073954548919962448e-01 4.177646224724226309e-01 4.589344955218230965e-02
-9.077613673687623397e-01 4.177124824032177330e-01 3.854324866075555661e-02
-9.080688797737096474e-01 4.176575849886495773e-01 3.119377098026948972e-02
-9.083180116264756299e-01 4.176000512299414269e-01 2.384506296257865587e-02
-9.085087839608012583e-01 4.175399776413706854e-01 1.649716937346988946e-02
-9.086412192492979711e-01 4.174774362693596252e-01 9.150133723271492575e-03
-9.087153413487227827e-01 4.174124747132411106e-01 1.803998697110415633e-03
-9.087311754657343421e-01 4.173451161476233739e-01 -5.541193415210746674e-03
-9.086887481430996338e-01 4.172753593463070509e-01 -1.288540028974421991e-02
-9.085880872663193442e-01 4.172031787077390419e-01 -2.022857913936201846e-02
-9.084292220906357018e-01 4.171285242820162442e-01 -2.757068628518271475e-02
-9.082121832883848223e-01 4.170513217994828992e-01 -3.491167672848810577e-02
-9.079370030166521444e-01 4.169714727009947164e-01 -4.225150372315909786e-02
-9.076037150051858848e-01 4.168888541699525274e-01 -4.959011834866209473e-02
-9.072123546645222136e-01 4.168033191662378067e-01 -5.692746908361936975e-02
-9.067629592142685269e-01 4.167146964622117644e-01 -6.426350137999983780e-02
-9.062555678314914154e-01 4.166227906809687465e-01 -7.159815723797005593e-02
-9.056902218191477116e-01 4.165273823370643780e-01 -7.893137478144902908e-02
-9.050669647944948881e-01 4.164282278799673609e-01 -8.626308783441501149e-02
-9.043858428974097530e-01 4.163250597405123710e-01 -9.359322549801721292e-02
-9.036469050185386154e-01 4.162175863806613640e-01 -1.009217117285507032e-01
-9.028502030471964312e-01 4.161054923469071909e-01 -1.082484649163590607e-01
-9.019957921389232247e-01 4.159884383276835074e-01 -1.155733974657351670e-01
-9.010837310025985314e-01 4.158660612151715008e-01 -1.228964153758979466e-01
-9.001140822070059500e-01 4.157379741719224309e-01 -1.302174178231299828e-01
-8.990869125067281198e-01 4.156037667027417393e-01 -1.375362967441688677e-01
-8.980022595519567830e-01 4.154732127050095869e-01 -1.448238634503122291e-01
-8.968603951591347379e-01 4.153468930299807349e-01 -1.520802094484575151e-01
-8.956615868382997725e-01 4.152253608502236015e-01 -1.593054350286604581e-01
-8.944060975187140272e-01 4.151091420181844405e-01 -1.664996486328611247e-01
-8.930941853003113717e-01 4.149987354201719603e-01 -1.736629662393477658e-01
-8.917261032302813417e-01 4.148946133253864632e-01 -1.807955107627240710e-01
-8.903020991041238341e-01 4.147972217296599373e-01 -1.878974114691417951e-01
-8.888224152905191966e-01 4.147069806936187208e-01 -1.949688034065586717e-01
-8.872872885793759989e-01 4.146242846750189948e-01 -2.020098268497801386e-01
-8.856969500524297656e-01 4.145495028550465477e-01 -2.090206267600420997e-01
-8.840516249757843781e-01 4.144829794584081184e-01 -2.160013522588926094e-01
-8.823515327138001796e-01 4.144250340670786459e-01 -2.229521561161308674e-01
-8.805968866637491343e-01 4.143759619276017325e-01 -2.298731942515633009e-01
-8.787878942106741587e-01 4.143360342518745409e-01 -2.367646252503383675e-01
-8.769247567019018419e-01 4.143054985113783784e-01 -2.436266098916247402e-01
-8.750076694406763167e-01 4.142845787248468081e-01 -2.504593106904000055e-01
-8.730368216983951379e-01 4.142734757393904954e-01 -2.572628914521210008e-01
-8.710123967449433513e-01 4.142723675051264154e-01 -2.640375168400507788e-01
-8.689345718966368093e-01 4.142814093433830336e-01 -2.707833519550212342e-01
-8.668035185812998922e-01 4.143007342085791023e-01 -2.775005619274160118e-01
-8.646194024200164474e-01 4.143304529438962547e-01 -2.841893115211621690e-01
-8.623823833251069715e-01 4.143706545308880052e-01 -2.908497647495255078e-01
-8.600926156138970491e-01 4.144214063331887465e-01 -2.974820845025095140e-01
-8.577502481378556087e-01 4.144827543345066534e-01 -3.040864321856638908e-01
-8.553554244266926565e-01 4.145547233711032731e-01 -3.106629673701142846e-01
-8.529082828470189170e-01 4.146373173589810723e-01 -3.172118474536320676e-01
-8.504089567751788037e-01 4.147305195160165825e-01 -3.237332273325679299e-01
-8.478575747838806853e-01 4.148342925792941616e-01 -3.302272590844810840e-01
-8.452542608422553005e-01 4.149485790179102129e-01 -3.366940916613009316e-01
-8.425991345289853829e-01 4.150733012415323553e-01 -3.431338705928658750e-01
-8.398923112581549999e-01 4.152083618050118607e-01 -3.495467377006904464e-01
-8.371339025174759918e-01 4.153536436093611672e-01 -3.559328308218179249e-01
-8.343240161185564441e-01 4.155090100994198177e-01 -3.622922835426233834e-01
-8.314627564588811248e-01 4.156743054585445574e-01 -3.686252249424382677e-01
-8.285502247951797017e-01 4.158493548006693685e-01 -3.749317793468744942e-01
-8.255865195278638824e-01 4.160339643600920456e-01 -3.812120660907328262e-01
-8.225717364962178424e-01 4.162279216793531855e-01 -3.874661992903866148e-01
-8.195059692840300780e-01 4.164309957955817931e-01 -3.936942876255392076e-01
-8.163893095353578211e-01 4.166429374256908624e-01 -3.998964341302588821e-01
-8.132218472801152620e-01 4.168634791508128989e-01 -4.060727359932024827e-01
-8.100036712691806029e-01 4.170923356003722882e-01 -4.122232843669445534e-01
-8.067348693187142983e-01 4.173292036361982427e-01 -4.183481641863350253e-01
-8.034155286633833937e-01 4.175737625370871675e-01 -4.244474539958146275e-01
-8.000457363181830983e-01 4.178256741842278910e-01 -4.305212257856229630e-01
-7.966255794485472830e-01 4.180845832479084812e-01 -4.365695448368396292e-01
-7.931551457484349310e-01 4.183501173759260894e-01 -4.425924695752048166e-01
-7.896345238260784605e-01 4.186218873841244803e-01 -4.485900514336700895e-01
-7.860638035970739512e-01 4.188994874494870735e-01 -4.545623347236361078e-01
-7.824430766844902019e-01 4.191824953062134318e-01 -4.605093565148386525e-01
-7.787724368256677687e-01 4.194704724452097411e-01 -4.664311465238481502e-01
-7.750519802853730322e-01 4.197629643174237146e-01 -4.723277270111537751e-01
-7.712818062749667858e-01 4.200595005414528571e-01 -4.781991126868057052e-01
-7.674620173772385145e-01 4.203595951158562993e-01 -4.840453106245943271e-01
-7.635927199765508711e-01 4.206627466365963630e-01 -4.898663201847479054e-01
-7.596740246939309715e-01 4.209684385200350154e-01 -4.956621329451343927e-01
-7.557060468267348119e-01 4.212761392319067655e-01 -5.014327326409548924e-01
-7.516889067925042189e-01 4.215853025226853901e-01 -5.071780951129207793e-01
-7.476227305766238729e-01 4.218953676697574373e-01 -5.128981882639070955e-01
-7.435076501833777218e-01 4.222057597268101814e-01 -5.185929720240783913e-01
-7.393438040899923402e-01 4.225158897808345415e-01 -5.242623983244846242e-01
-7.351313377032449026e-01 4.228251552171376493e-01 -5.299064110791257276e-01
-7.308704038182015639e-01 4.231329399927506452e-01 -5.355249461754857387e-01
-7.265611630786408259e-01 4.234386149186095127e-01 -5.411179314735367063e-01
-7.222037844387053651e-01 4.237415379508763791e-01 -5.466852868132149323e-01
-7.177984456253128087e-01 4.240410544917587732e-01 -5.522269240303707694e-01
-7.133453336008449552e-01 4.243364977001727878e-01 -5.577427469811944150e-01
-7.088446450256216114e-01 4.246271888125839333e-01 -5.632326515751173712e-01
-7.042965867196548935e-01 4.249124374743460941e-01 -5.686965258161917891e-01
-6.997013761231646312e-01 4.251915420818457858e-01 -5.741342498529448113e-01
-6.950592417553267399e-01 4.254637901357423702e-01 -5.795456960367071364e-01
-6.903704236707108866e-01 4.257284586055812836e-01 -5.849307289884092542e-01
-6.856351739128544454e-01 4.259848143060381287e-01 -5.902892056738409110e-01
-6.808537569644066423e-01 4.262321142850358791e-01 -5.956209754873617035e-01
-6.760264501932642389e-01 4.264696062239571872e-01 -6.009258803440521435e-01
-6.711535442941115592e-01 4.266965288501552434e-01 -6.062037547802876514e-01
-6.662353437247637844e-01 4.269121123619460390e-01 -6.114544260627168271e-01
-6.612721671367032261e-01 4.271155788662425179e-01 -6.166777143056186850e-01
-6.562643477991885188e-01 4.273061428289703922e-01 -6.218734325966113197e-01
-6.512122340163066792e-01 4.274830115383809193e-01 -6.270413871306775855e-01
-6.461161895363282115e-01 4.276453855813521221e-01 -6.321813773524694868e-01
-6.409765939527192202e-01 4.277924593327456226e-01 -6.372931961068466489e-01
-6.357938430961542764e-01 4.279234214578596651e-01 -6.423766297975991302e-01
-6.305683494168694558e-01 4.280374554279926524e-01 -6.474314585542966238e-01
-6.253005423566867504e-01 4.281337400491043721e-01 -6.524574564072022076e-01
-6.199908687100382787e-01 4.282114500035335003e-01 -6.574543914701795888e-01
-6.146397929733118382e-01 4.282697564047012184e-01 -6.624220261315164615e-01
-6.092477976818387875e-01 4.283078273647014655e-01 -6.673601172525791547e-01
-6.038153837338418040e-01 4.283248285746478201e-01 -6.722684163742055352e-01
-5.983430707006593963e-01 4.283199238976163059e-01 -6.771466699307352455e-01
-5.928313971225641632e-01 4.282922759739920537e-01 -6.819946194715672538e-01
-5.872809207894936767e-01 4.282410468389959979e-01 -6.868120018901275881e-01
-5.816922190060153097e-01 4.281653985521350347e-01 -6.915985496601196880e-01
-5.760658888398509925e-01 4.280644938382868747e-01 -6.963539910789209308e-01
-5.704025473532924329e-01 4.279374967400974561e-01 -7.010780505179808886e-01
-5.647028318168447747e-01 4.277835732813356495e-01 -7.057704486800653321e-01
-5.589673999044462160e-01 4.276018921408162865e-01 -7.104309028631818901e-01
-5.531969298696183257e-01 4.273916253364691831e-01 -7.150591272310133917e-01
-5.473921207019166735e-01 4.271519489190978014e-01 -7.196548330896734846e-01
-5.415536922630611594e-01 4.268820436753383851e-01 -7.242177291705909070e-01
-5.356823854021431908e-01 4.265810958392956542e-01 -7.287475219193179088e-01
-5.297789620493198459e-01 4.262482978122988930e-01 -7.332439157900474402e-01
-5.238442052874268118e-01 4.258828488901890141e-01 -7.377066135456146201e-01
-5.178789194009576491e-01 4.254839559975142627e-01 -7.421353165627477821e-01
-5.118839299018821398e-01 4.250508344279801398e-01 -7.465297251423226310e-01
-5.058600835317953459e-01 4.245827085904680942e-01 -7.508895388243645996e-01
-4.998082482399175408e-01 4.240788127599055546e-01 -7.552144567075339543e-01
-4.937293131364883791e-01 4.235383918322411234e-01 -7.595041777728176458e-01
-4.876241884211287569e-01 4.229607020827477748e-01 -7.637584012111418019e-01
-4.814938052857717365e-01 4.223450119268499781e-01 -7.679768267546113192e-01
-4.753391157917969401e-01 4.216906026826428566e-01 -7.721591550110694646e-01
-4.691610927210335680e-01 4.209967693342447359e-01 -7.763050878016652945e-01
-4.629607294003332818e-01 4.202628212951005637e-01 -7.804143285011044817e-01
-4.567390394994489400e-01 4.194880831703295399e-01 -7.844865823802521509e-01
-4.504970568019929789e-01 4.186718955171880308e-01 -7.885215569507462163e-01
-4.442358349492878666e-01 4.178136156026989179e-01 -7.925189623112736115e-01
-4.379564471569605266e-01 4.169126181574784318e-01 -7.964785114951521416e-01
-4.316599859041751475e-01 4.159682961247760380e-01 -8.003999208188532499e-01
-4.253475625954397099e-01 4.149800614037253421e-01 -8.042829102310957712e-01
-4.190203071949666347e-01 4.139473455857926032e-01 -8.081272036621317545e-01
-4.126793678336116433e-01 4.128696006833960652e-01 -8.119325293728411053e-01
-4.063259103884607204e-01 4.117462998496611570e-01 -8.156986203032451366e-01
-3.999611180351819173e-01 4.105769380882682840e-01 -8.194252144200441235e-01
-3.935861907733052001e-01 4.093610329523451052e-01 -8.231120550627800680e-01
-3.872023449246418392e-01 4.080981252313524710e-01 -8.267588912882201102e-01
-3.808108126051029663e-01 4.067877796249119715e-01 -8.303654782125555744e-01
-3.744128411702256076e-01 4.054295854025249946e-01 -8.339315773510047602e-01
-3.680096926347636299e-01 4.040231570481375711e-01 -8.374569569544092484e-01
-3.616026430667498848e-01 4.025681348885113420e-01 -8.409413923424096104e-01
-3.551929819564854651e-01 4.010641857043700798e-01 -8.443846662327859631e-01
-3.487820115609603366e-01 3.995110033233030822e-01 -8.477865690665488119e-01
-3.423710462242594010e-01 3.979083091934199623e-01 -8.511468993283665130e-01
-3.359614116745555656e-01 3.962558529367686266e-01 -8.544654638619154641e-01
-3.295544442983396882e-01 3.945534128815467168e-01 -8.577420781797430172e-01
-3.231514903925848947e-01 3.928007965721584949e-01 -8.609765667672336642e-01
-3.167539053955885087e-01 3.909978412561928574e-01 -8.641687633802738189e-01
-3.103630530972810719e-01 3.891444143474251938e-01 -8.673185113362144039e-01
-3.039803048298359567e-01 3.872404138639737869e-01 -8.704256637977342281e-01
-2.976070386394563116e-01 3.852857688407733683e-01 -8.734900840492143548e-01
-2.912446384402586630e-01 3.832804397155618048e-01 -8.765116457652386561e-01
-2.848944931512119583e-01 3.812244186876112551e-01 -8.794902332708434134e-01
-2.785579958171301440e-01 3.791177300484739887e-01 -8.824257417931460346e-01
-2.722365427147537820e-01 3.769604304840522557e-01 -8.853180777039920679e-01
-2.659315324449906259e-01 3.747526093473446673e-01 -8.881671587532692369e-01
-2.596443650124188318e-01 3.724943889012646836e-01 -8.909729142925453260e-01
-2.533764408931875600e-01 3.701859245309736535e-01 -8.937352854886994047e-01
-2.471291600924784559e-01 3.678274049252176492e-01 -8.964542255272263116e-01
-2.409039211927179458e-01 3.654190522262074636e-01 -8.991296998049054245e-01
-2.347021203937549871e-01 3.629611221476313210e-01 -9.017616861115390625e-01
-2.285251505462398969e-01 3.604539040604421984e-01 -9.043501748004770802e-01
-2.223744001794594194e-01 3.578977210461148362e-01 -9.068951689476593137e-01
-2.162512525248993511e-01 3.552929299171224131e-01 -9.093966844989213039e-01
-2.101570845368199436e-01 3.526399212044378784e-01 -9.118547504053238217e-01
-2.040932659111398539e-01 3.499391191119211042e-01 -9.142694087462810426e-01
-1.980611581039329050e-01 3.471909814375101488e-01 -9.166407148402798688e-01
-1.920621133508465250e-01 3.443959994611921482e-01 -9.189687373429969997e-01
-1.860974736887535397e-01 3.415546977997868661e-01 -9.212535583326389999e-01
-1.801685699809480457e-01 3.386676342286338293e-01 -9.234952733823453830e-01
-1.742767209471923762e-01 3.357353994703319855e-01 -9.256939916195148221e-01
-1.684232321999158677e-01 3.327586169507380509e-01 -9.278498357719290324e-01
-1.626093952878564508e-01 3.297379425224878924e-01 -9.299629422005698531e-01
-1.568364867484237368e-01 3.266740641563609104e-01 -9.320334609190403796e-01
-1.511057671700470062e-01 3.235677016008647877e-01 -9.340615555995218644e-01
-1.454184802657531028e-01 3.204196060104726462e-01 -9.360474035652136537e-01
-1.397758519591988102e-01 3.172305595429991687e-01 -9.379911957692247393e-01
-1.341790894843577220e-01 3.140013749266561405e-01 -9.398931367599020481e-01
-1.286293805000362778e-01 3.107328949973788279e-01 -9.417534446325995789e-01
-1.231278922203634940e-01 3.074259922070661788e-01 -9.435723509679123655e-01
-1.176757705623684147e-01 3.040815681034265694e-01 -9.453501007564145686e-01
-1.122741393117246411e-01 3.007005527821675073e-01 -9.470869523099634257e-01
-1.069240993077052587e-01 2.972839043123146063e-01 -9.487831771596452191e-01
-1.016267276483530102e-01 2.938326081354872277e-01 -9.504390599404598516e-01
-9.638307691682988787e-02 2.903476764400005905e-01 -9.520548982628567192e-01
-9.119417442986769984e-02 2.868301475107030152e-01 -9.536310025712536609e-01
-8.606102150919661686e-02 2.832810850554942639e-01 -9.551676959896862051e-01
-8.098459277678277113e-02 2.797015775095048062e-01 -9.566653141547527550e-01
-7.596583547465786401e-02 2.760927373179493105e-01 -9.581242050360357920e-01
-7.100566881007491782e-02 2.724557001986959159e-01 -9.595447287441978279e-01
-6.610498332667347210e-02 2.687916243856203202e-01 -9.609272573269637130e-01
-6.126464030228600394e-02 2.651016898538383626e-01 -9.622721745532178961e-01
-5.648547117396487960e-02 2.613870975279315445e-01 -9.635798756854583313e-01
-5.176827699075545186e-02 2.576490684742998027e-01 -9.648507672408646041e-01
-4.711382789468696736e-02 2.538888430787905603e-01 -9.660852667412491712e-01
-4.252286263039817271e-02 2.501076802107674024e-01 -9.672838024521751565e-01
-3.799608808375969787e-02 2.463068563747913553e-01 -9.684468131115353540e-01
-3.353417884979995045e-02 2.424876648510956856e-01 -9.695747476478996374e-01
-2.913777683018608025e-02 2.386514148260393264e-01 -9.706680648889484120e-01
-2.480749086045653043e-02 2.347994305137266202e-01 -9.717272332603194007e-01
-2.054389636714679113e-02 2.309330502699794563e-01 -9.727527304752072723e-01
-1.634753505489559833e-02 2.270536256998446911e-01 -9.737450432150607238e-01
-1.221891462356499564e-02 2.231625207598130767e-01 -9.747046668017336213e-01
-8.158508515354554250e-03 2.192611108559172906e-01 -9.756321048614521318e-01
-4.166755691837795671e-03 2.153507819388645328e-01 -9.765278689809675505e-01
-2.440604407975971446e-04 2.114329295973455258e-01 -9.773924783562699670e-01
3.609207787312763288e-03 2.075089581506449343e-01 -9.782264594342446884e-01
7.392714513505176631e-03 2.035802797416589871e-01 -9.790303455476565553e-01
1.110616033525863716e-02 1.996483134314055718e-01 -9.798046765438523931e-01
1.474928100270334053e-02 1.957144842960880093e-01 -9.805499984075745079e-01
1.832184746634721306e-02 1.917802225277482342e-01 -9.812668628782814650e-01
2.182366589674786597e-02 1.878469625395182419e-01 -9.819558270623737206e-01
2.525457767657402625e-02 1.839161420764484356e-01 -9.826174530407227881e-01
2.861445936553952754e-02 1.799892013328611984e-01 -9.832523074719042855e-01
3.190322263873021646e-02 1.760675820771445133e-01 -9.838609611915344333e-01
3.512081419887927436e-02 1.721527267848668996e-01 -9.844439888081082390e-01
3.826721566317952544e-02 1.682460777810587671e-01 -9.850019682957377176e-01
4.134244342525236066e-02 1.643490763924685683e-01 -9.855354805841858301e-01
4.434654849292156420e-02 1.604631621105639117e-01 -9.860451091465893825e-01
4.727961630246715896e-02 1.565897717660090782e-01 -9.865314395852610163e-01
5.014176651005843727e-02 1.527303387153097769e-01 -9.869950592159572045e-01
5.293315276108771089e-02 1.488862920402760637e-01 -9.874365566509951675e-01
5.565396243814590277e-02 1.450590557609122144e-01 -9.878565213815958534e-01
5.830441638839870683e-02 1.412500480623011534e-01 -9.882555433598275707e-01
6.088476863113729404e-02 1.374606805360082673e-01 -9.886342125805164249e-01
6.339530604629035893e-02 1.336923574364877187e-01 -9.889931186634859372e-01
6.583634804469506996e-02 1.299464749529308516e-01 -9.893328504364818921e-01
6.820824622093278611e-02 1.262244204969545647e-01 -9.896539955191300253e-01
7.051138398954173714e-02 1.225275720064848278e-01 -9.899571399082691681e-01
7.274617620542257745e-02 1.188572972661478960e-01 -9.902428675649950218e-01
7.491306876925489522e-02 1.152149532444407404e-01 -9.905117600037406378e-01
7.701253821874209926e-02 1.116018854479100125e-01 -9.907643958837136777e-01
7.904509130650004545e-02 1.080194272925286691e-01 -9.910013506030016517e-01
8.101126456540017062e-02 1.044688994924187070e-01 -9.912231958956482236e-01
8.291162386217171276e-02 1.009516094660295876e-01 -9.914304994319953490e-01
8.474676394005932478e-02 9.746885075984290658e-02 -9.916238244225779042e-01
8.651730795132234197e-02 9.402190248963655794e-02 -9.918037292258482518e-01
8.822390698035018075e-02 9.061202879930503606e-02 -9.919707669599999722e-01
8.986723955815478782e-02 8.724047833719686396e-02 -9.921254851191503299e-01
9.144801116898616800e-02 8.390848374989617886e-02 -9.922684251941344957e-01
9.296695374980014359e-02 8.061726119334200469e-02 -9.924001222981522208e-01
9.442482518328962349e-02 7.736800986114744649e-02 -9.925211047975025513e-01
9.582240878517125915e-02 7.416191152995038616e-02 -9.926318939476308501e-01
9.716051278639854794e-02 7.100013012159825387e-02 -9.927330035347041726e-01
9.843996981095057275e-02 6.788381128194213854e-02 -9.928249395229239438e-01
9.966163634982279362e-02 6.481408197598943766e-02 -9.929081997077738864e-01
1.008263922318220485e-01 6.179205009913961433e-02 -9.929832733753948260e-01
1.019351400917430928e-01 5.881880410420496641e-02 -9.930506409682684499e-01
1.029888048364784037e-01 5.589541264389689262e-02 -9.931107737573842131e-01
1.039883331095862173e-01 5.302292422843856573e-02 -9.931641335210561472e-01
1.049346927548148317e-01 5.020236689794677770e-02 -9.932111722305478896e-01
1.058288722790533681e-01 4.743474790920949868e-02 -9.932523317426560361e-01
1.066718803151510825e-01 4.472105343647084924e-02 -9.932880434993965890e-01
1.074647450850185065e-01 4.206224828582229291e-02 -9.933187282349293934e-01
1.082085138633951810e-01 3.945927562278732370e-02 -9.933447956898504572e-01
1.089042524426391545e-01 3.691305671267734734e-02 -9.933666443329741691e-01
1.095530445988645851e-01 3.442449067328832990e-02 -9.933846610907213215e-01
1.101559915597241784e-01 3.199445423950143808e-02 -9.933992210842225168e-01
1.107142114741039574e-01 2.962380153934603480e-02 -9.934106873742402088e-01
1.112288388839688391e-01 2.731336388108027841e-02 -9.934194107140070784e-01
1.117010241985681163e-01 2.506394955084301907e-02 -9.934257293100730024e-01
1.121319331711815859e-01 2.287634362043061004e-02 -9.934299685912467703e-01
1.125227463785583026e-01 2.075130776475377775e-02 -9.934324409857148153e-01
1.128746587031720094e-01 1.868958008853276870e-02 -9.934334457064136759e-01
1.131888788183897376e-01 1.669187496179342159e-02 -9.934332685447276878e-01
1.134666286766228827e-01 1.475888286373277722e-02 -9.934321816725816268e-01
1.137091430005036929e-01 1.289127023453016767e-02 -9.934304434529899197e-01
1.139176687771042834e-01 1.108967933468839144e-02 -9.934282982591244870e-01
1.140934647551900410e-01 9.354728111499578322e-03 -9.934259763019565037e-01
1.142378009454751014e-01 7.687010072241634746e-03 -9.934236934665255925e-01
1.143519581238239130e-01 6.087094163723631365e-03 -9.934216511568860764e-01
1.144372273373202714e-01 4.555524657812158942e-03 -9.934200361497776965e-01
1.144949094131035711e-01 3.092821042585485423e-03 -9.934190204570642058e-01
1.145263144698509539e-01 1.699477918778186146e-03 -9.934187611969825804e-01
1.145327614317646625e-01 3.759649011958292320e-04 -9.934194004742410433e-01
1.145155775449047814e-01 -8.772734752028653674e-04 -9.934210652690032006e-01
1.144760978956901598e-01 -2.059817844840199346e-03 -9.934238673347940418e-01
1.144156649313737423e-01 -3.171274096934188508e-03 -9.934279031053593334e-01
1.143356279822831112e-01 -4.211273457037538644e-03 -9.934332536105109357e-01
1.142373427856029910e-01 -5.179472564923499542e-03 -9.934399844009872416e-01
1.141221710104634440e-01 -6.075553549019356916e-03 -9.934481454823560487e-01
1.139914797840858030e-01 -6.899224097565842366e-03 -9.934577712579875097e-01
1.138466412187279925e-01 -7.650217526657719126e-03 -9.934688804811209195e-01
1.136890319391618137e-01 -8.328292845297262034e-03 -9.934814762160503188e-01
1.135200326104068014e-01 -8.933234817568396630e-03 -9.934955458084501201e-01
1.133410274654389482e-01 -9.464854022014902030e-03 -9.935110608648627384e-01
1.131534038325874569e-01 -9.922986908281439603e-03 -9.935279772413669885e-01
1.129585516623287517e-01 -1.030749585105125189e-02 -9.935462350414472343e-01
1.127578630531847342e-01 -1.061826920128929735e-02 -9.935657586230786098e-01
1.125527317764313251e-01 -1.085522133477438006e-02 -9.935864566150454102e-01
1.123445527993234827e-01 -1.101829269787855253e-02 -9.936082219425067530e-01
1.121347218065447959e-01 -1.110744985052685048e-02 -9.936309318618220532e-01
1.119246347195929914e-01 -1.112268550624520742e-02 -9.936544480046476391e-01
1.117156872138170276e-01 -1.106401856917938603e-02 -9.936786164313146097e-01
1.115092742328275405e-01 -1.093149416794295115e-02 -9.937032676934953734e-01
1.113067895000097174e-01 -1.072518368612772159e-02 -9.937282169061646409e-01
1.111096250268762131e-01 -1.044518478928598178e-02 -9.937532638288593123e-01
1.109191706180080034e-01 -1.009162144816989730e-02 -9.937781929562379268e-01
1.107368133723421744e-01 -9.664643957990276188e-03 -9.938027736179396721e-01
1.105639371805786919e-01 -9.164428953434030148e-03 -9.938267600877387364e-01
1.104019222184918908e-01 -8.591179419157513389e-03 -9.938498917019888967e-01
1.102521444359479685e-01 -7.945124695451423469e-03 -9.938718929873475716e-01
1.101159750414462679e-01 -7.226520478752166549e-03 -9.938924737977679058e-01
1.099947799820198691e-01 -6.435648816654660972e-03 -9.939113294607425653e-01
1.098899194183501765e-01 -5.572818097062418215e-03 -9.939281409327792582e-01
1.098027471949701572e-01 -4.638363031092625384e-03 -9.939425749640845575e-01
1.097346103054523819e-01 -3.632644629336752827e-03 -9.939542842724274907e-01
1.096868483525003657e-01 -2.556050171061117343e-03 -9.939629077261512569e-01
1.096607930028849348e-01 -1.408993165916839823e-03 -9.939680705362948787e-01
1.096577674371922301e-01 -1.919133077148179722e-04 -9.939693844577822679e-01
1.096790857943748393e-01 1.094723580191245878e-03 -9.939664479996317414e-01
1.097260526111242945e-01 2.450425608382001026e-03 -9.939588466441316994e-01
1.097999622561099675e-01 3.874674894187973492e-03 -9.939461530749229556e-01
1.098993862270263300e-01 5.227031444435420796e-03 -9.939289728540072755e-01
1.100229561490072422e-01 6.507036884312226641e-03 -9.939077460311108725e-01
1.101692953270113629e-01 7.714260319794664401e-03 -9.938828988287777833e-01
1.103370193387883669e-01 8.848298349242562921e-03 -9.938548434299567802e-01
1.105247366205885096e-01 9.908775066003575743e-03 -9.938239777752763127e-01
1.107310490456322044e-01 1.089534205256535715e-02 -9.937906853700361198e-01
1.109545524953845230e-01 1.180767836677986543e-02 -9.937553351009356106e-01
1.111938374237067123e-01 1.264549052066806130e-02 -9.937182810625561080e-01
1.114474894139833167e-01 1.340851245229611292e-02 -9.936798623936070607e-01
1.117140897293480289e-01 1.409650549119587093e-02 -9.936404031229419953e-01
1.119922158561552084e-01 1.470925831778292954e-02 -9.936002120253464298e-01
1.122804420408665821e-01 1.524658691720509954e-02 -9.935595824870944170e-01
1.125773398205432707e-01 1.570833452803265320e-02 -9.935187923812675015e-01
1.128814785471534687e-01 1.609437158617941371e-02 -9.934781039528259861e-01
1.131914259059240008e-01 1.640459566442054387e-02 -9.934377637134189643e-01
1.135057484279811957e-01 1.663893140784905578e-02 -9.933980023459164643e-01
1.138230119975418425e-01 1.679733046558845241e-02 -9.933590346186449427e-01
1.141417823539290360e-01 1.687977141905376566e-02 -9.933210593093040330e-01
1.144606255887003904e-01 1.688625970702758300e-02 -9.932842591385405706e-01
1.147781086381870208e-01 1.681682754779148872e-02 -9.932488007131534680e-01
1.150927997717516166e-01 1.667153385852684216e-02 -9.932148344789020200e-01
1.154032690760816576e-01 1.645046417217198992e-02 -9.931824946828869960e-01
1.157080889358407944e-01 1.615373055189595411e-02 -9.931518993454735433e-01
1.160058345110064199e-01 1.578147150332138635e-02 -9.931231502417231516e-01
1.162950842112250860e-01 1.533385188460228109e-02 -9.930963328923002598e-01
1.165744201675197461e-01 1.481106281443458558e-02 -9.930715165638186459e-01
1.168424287016831681e-01 1.421332157805052336e-02 -9.930487542785905175e-01
1.170977007936915698e-01 1.354087153122026863e-02 -9.930280828337413324e-01
1.173388325474697402e-01 1.279398200225759924e-02 -9.930095228296518250e-01
1.175644256553356887e-01 1.197294819199936494e-02 -9.929930787076882703e-01
1.177730878614474952e-01 1.107809107170215981e-02 -9.929787387971797941e-01
1.179634334245685534e-01 1.010975727877351515e-02 -9.929664753716025416e-01
1.181340835804595424e-01 9.068319010229256710e-03 -9.929562447139281822e-01
1.182836670041961802e-01 7.954173913743561863e-03 -9.929479871910936728e-01
1.184108202727012088e-01 6.767744976133649622e-03 -9.929416273375486490e-01
1.185141883277670283e-01 5.509480409097117920e-03 -9.929370739478353691e-01
1.185924249398324082e-01 4.179853531996646256e-03 -9.929342201781544697e-01
1.186441931727620358e-01 2.779362651464292733e-03 -9.929329436568697931e-01
1.186681658498620756e-01 1.308530937575888261e-03 -9.929331066039029929e-01
1.186630260213482335e-01 -2.320937036748161719e-04 -9.929345559589689563e-01
1.186274674334644452e-01 -1.841938761892528880e-03 -9.929371235185980860e-01
1.185601949994316562e-01 -3.520407258096575932e-03 -9.929406260818945951e-01
1.184599252723857465e-01 -5.266877885164024213e-03 -9.929448656049728594e-01
1.183253869204425324e-01 -7.080705153243827855e-03 -9.929496293640165394e-01
1.181553212040058060e-01 -8.961219540501797268e-03 -9.929546901268991865e-01
1.179484824554111605e-01 -1.090772764957076077e-02 -9.929598063333044955e-01
1.177036385609745994e-01 -1.291951237009363040e-02 -9.929647222832822528e-01
1.174195714454901174e-01 -1.499583304775918731e-02 -9.929691683341709263e-01
1.170950775591950849e-01 -1.713592566024113584e-02 -9.929728611058166177e-01
1.167289683671960676e-01 -1.933900300046044116e-02 -9.929755036940145496e-01
1.163227777636395149e-01 -2.146449178870142235e-02 -9.929794997859281436e-01
1.158779834789959579e-01 -2.351166635335219871e-02 -9.929851431515192006e-01
1.153960761098286603e-01 -2.547982938939783934e-02 -9.929927109210112679e-01
1.148785585601957704e-01 -2.736831206170551450e-02 -9.930024633945003787e-01
1.143269454888201780e-01 -2.917647410277884185e-02 -9.930146438616357374e-01
1.137427627618257803e-01 -3.090370390552399718e-02 -9.930294784314085410e-01
1.131275469108088266e-01 -3.254941861154722615e-02 -9.930471758720855746e-01
1.124828445959837747e-01 -3.411306419547895097e-02 -9.930679274613222196e-01
1.118102120741158445e-01 -3.559411554579395426e-02 -9.930919068464871824e-01
1.111112146709262588e-01 -3.699207654257002237e-02 -9.931192699152308068e-01
1.103874262576317739e-01 -3.830648013259913692e-02 -9.931501546763261690e-01
1.096404287312574555e-01 -3.953688840223600065e-02 -9.931846811508128203e-01
1.088718114983400070e-01 -4.068289264833814534e-02 -9.932229512734704890e-01
1.080831709616198316e-01 -4.174411344762034987e-02 -9.932650488046506077e-01
1.072761100093020392e-01 -4.272020072471394841e-02 -9.933110392524922005e-01
1.064522375064503729e-01 -4.361083381918817725e-02 -9.933609698055493320e-01
1.056131677880640107e-01 -4.441572155175702030e-02 -9.934148692758555388e-01
1.047605201533744063e-01 -4.513460228986023587e-02 -9.934727480524520038e-01
1.038959183608889475e-01 -4.576724401277218468e-02 -9.935345980654045617e-01
1.030209901236991271e-01 -4.631344437635636496e-02 -9.936003927603364039e-01
1.021373666045641282e-01 -4.677303077754749877e-02 -9.936700870835013522e-01
1.012466819102756654e-01 -4.714586041860654303e-02 -9.937436174774235687e-01
1.003505725848067159e-01 -4.743182037115736133e-02 -9.938209018871299039e-01
9.945067710074555201e-02 -4.763082763997690539e-02 -9.939018397769993074e-01
9.854863534851718287e-02 -4.774282922647388183e-02 -9.939863121582549477e-01
9.764608812289694850e-02 -4.776780219175393027e-02 -9.940741816271243536e-01
9.674467660632549149e-02 -4.770575371913247931e-02 -9.941652924136910041e-01
9.584604184854099429e-02 -4.755672117591986520e-02 -9.942594704414621232e-01
9.495182424205271532e-02 -4.732077217426681331e-02 -9.943565233976748852e-01
9.406366299299047384e-02 -4.699800463082248053e-02 -9.944562408143635679e-01
9.318319558687690463e-02 -4.658854682492145904e-02 -9.945583941602085254e-01
9.231205724888334740e-02 -4.609255745498135048e-02 -9.946627369431862986e-01
9.145188039814658443e-02 -4.551022569275775531e-02 -9.947690048240387384e-01
9.060429409574137505e-02 -4.484177123507011864e-02 -9.948769157405773500e-01
8.977092348592355386e-02 -4.408744435257860861e-02 -9.949861700428357381e-01
8.895338923028019151e-02 -4.324752593516044408e-02 -9.950964506390824749e-01
8.815330693444671517e-02 -4.232232753340277320e-02 -9.952074231527014980e-01
8.737228656707596297e-02 -4.131219139569938803e-02 -9.953187360899455882e-01
8.661193187077133315e-02 -4.021749050040960421e-02 -9.954300210185647035e-01
8.587383976472445779e-02 -3.903862858251003903e-02 -9.955408927573058397e-01
8.515959973882850087e-02 -3.777604015414383343e-02 -9.956509495762787543e-01
8.447079323906969694e-02 -3.643019051844694628e-02 -9.957597734081742313e-01
8.380899304403337247e-02 -3.500157577600787606e-02 -9.958669300703200111e-01
8.317576263239552514e-02 -3.349072282329540462e-02 -9.959719694975507354e-01
8.257265554130736873e-02 -3.189818934236896691e-02 -9.960744259858637095e-01
8.200121471561787334e-02 -3.022456378116790757e-02 -9.961738184468257318e-01
8.146297184791846668e-02 -2.847046532365956478e-02 -9.962696506726894663e-01
8.095944670943404364e-02 -2.663654384911152972e-02 -9.963614116121695119e-01
8.049214647182592608e-02 -2.472347987974106084e-02 -9.964485756568213226e-01
8.006256502001463105e-02 -2.273198451598414452e-02 -9.965306029379582542e-01
7.966945565357240466e-02 -2.080307242025548203e-02 -9.966042394266880766e-01
7.931162837784633268e-02 -1.893743597799527056e-02 -9.966699750429616200e-01
7.898787924895216139e-02 -1.713574249129811225e-02 -9.967282885975130569e-01
7.869699097755500361e-02 -1.539863403275122666e-02 -9.967796475202056472e-01
7.843773352858170178e-02 -1.372672731219634276e-02 -9.968245075968470426e-01
7.820886471661601946e-02 -1.212061355592068505e-02 -9.968633127145700712e-01
7.800913079675872441e-02 -1.058085839778255717e-02 -9.968964946158659357e-01
7.783726705076389474e-02 -9.108001781778621991e-03 -9.969244726613509799e-01
7.769199836829264461e-02 -7.702557875563184088e-03 -9.969476536013398560e-01
7.757203982315397095e-02 -6.365014994434491785e-03 -9.969664313562913716e-01
7.747609724443087209e-02 -5.095835535309251735e-03 -9.969811868061867477e-01
7.740286778241699250e-02 -3.895455920214156969e-03 -9.969922875888942437e-01
7.735104046931622068e-02 -2.764286548832217867e-03 -9.970000879075670008e-01
7.731929677468317441e-02 -1.702711759651968264e-03 -9.970049283471166257e-01
7.730631115560768207e-02 -7.110897992791873588e-04 -9.970071356997992629e-01
7.731075160167058535e-02 2.102472005164569488e-04 -9.970070227999442425e-01
7.733128017472104543e-02 1.060993238433519982e-03 -9.970048883678538365e-01
7.736655354354786407e-02 1.840868452348323791e-03 -9.970010168628942182e-01
7.741522351353834208e-02 2.549619121484570598e-03 -9.969956783457968319e-01
7.747593755143793171e-02 3.187017662408663833e-03 -9.969891283501827184e-01
7.754733930534310482e-02 3.752862619198474650e-03 -9.969816077633206763e-01
7.762806912007724769e-02 4.246978648114543148e-03 -9.969733427161248107e-01
7.771676454811583812e-02 4.669216497083175307e-03 -9.969645444823949099e-01
7.781206085624262081e-02 5.019452980280680182e-03 -9.969554093872987632e-01
7.791259152813213851e-02 5.297590948087078921e-03 -9.969461187250947543e-01
7.801698876306704944e-02 5.503559252656182316e-03 -9.969368386860872899e-01
7.812388397100976378e-02 5.637312709326929017e-03 -9.969277202928079618e-01
7.823190826425831246e-02 5.698832054078455285e-03 -9.969188993454110026e-01
7.833969294592503518e-02 5.688123897208526882e-03 -9.969104963762703830e-01
7.844586999548421036e-02 5.605220673391846792e-03 -9.969026166137632261e-01
7.854907255164088331e-02 5.450180588251330241e-03 -9.968953499552227759e-01
7.864793539277814549e-02 5.223087561551856620e-03 -9.968887709490419358e-01
7.874109541524330902e-02 4.924051167102293410e-03 -9.968829387859062807e-01
7.882719210973583579e-02 4.553206569427806737e-03 -9.968778972991350074e-01
7.890486803606071298e-02 4.110714457250693593e-03 -9.968736749741046177e-01
7.897276929651024513e-02 3.596760973794263169e-03 -9.968702849667311350e-01
7.902954600813569264e-02 3.011557643900713774e-03 -9.968677251309824294e-01
7.907385277416682789e-02 2.355341297930555605e-03 -9.968659780553926764e-01
7.910434915483324780e-02 1.628373992387996665e-03 -9.968650111085485266e-01
7.911970013783552191e-02 8.309429271938892532e-04 -9.968647764935155697e-01
7.911857660870715014e-02 -3.663964049462347002e-05 -9.968652113111710067e-01
7.909965582130044914e-02 -9.740364860406198165e-04 -9.968662376324084473e-01
7.906162186861957764e-02 -1.980885510804460733e-03 -9.968677625791774188e-01
7.900316615421378030e-02 -3.056799839506740835e-03 -9.968696784143205036e-01
7.892298786433173119e-02 -4.201367921662842522e-03 -9.968718626401663618e-01
7.881979444102520105e-02 -5.414153637294472944e-03 -9.968741781058375606e-01
7.869230205637603448e-02 -6.694696407142551424e-03 -9.968764731232294674e-01
7.853923608800539302e-02 -8.042511307623990968e-03 -9.968785815916128001e-01
7.835933159600803888e-02 -9.457089190792284869e-03 -9.968803231308124291e-01
7.815133380143714226e-02 -1.093789680957828366e-02 -9.968815032229108031e-01
7.791672680798784889e-02 -1.234406471195072762e-02 -9.968834474397945122e-01
7.765693397764958372e-02 -1.367511711883041478e-02 -9.968863484903944805e-01
7.737338705555513174e-02 -1.493060543498420448e-02 -9.968903831547543115e-01
7.706752564767145597e-02 -1.611010832057688941e-02 -9.968957121635056984e-01
7.674079670178421408e-02 -1.721323175832267099e-02 -9.969024800869689118e-01
7.639465399153627656e-02 -1.823960911655365252e-02 -9.969108152339053452e-01
7.603055760326306312e-02 -1.918890120849877506e-02 -9.969208295599453207e-01
7.564997342535127733e-02 -2.006079634804175046e-02 -9.969326185857142475e-01
7.525437263983277003e-02 -2.085501040220093943e-02 -9.969462613246781180e-01
7.484523121591202255e-02 -2.157128684054784862e-02 -9.969618202207266577e-01
7.442402940511376463e-02 -2.220939678175399765e-02 -9.969793410955128943e-01
7.399225123772699975e-02 -2.276913903742848466e-02 -9.969988531055657965e-01
7.355138402021289823e-02 -2.325034015338064280e-02 -9.970203687091904188e-01
7.310291783323670523e-02 -2.365285444841388335e-02 -9.970438836431706475e-01
7.264834502997793986e-02 -2.397656405072815314e-02 -9.970693769092872083e-01
7.218915973436940137e-02 -2.422137893197960287e-02 -9.970968107706629224e-01
7.172685733891255577e-02 -2.438723693901689860e-02 -9.971261307579457611e-01
7.126293400171600234e-02 -2.447410382328453482e-02 -9.971572656853395777e-01
7.079888614240448241e-02 -2.448197326785423941e-02 -9.971901276764907340e-01
7.033620993654787767e-02 -2.441086691201637890e-02 -9.972246122002378366e-01
6.987640080826357236e-02 -2.426083437333430987e-02 -9.972605981162304678e-01
6.942095292065088297e-02 -2.403195326703568349e-02 -9.972979477304207974e-01
6.897135866372325341e-02 -2.372432922258616364e-02 -9.973365068604316264e-01
6.852910813951243463e-02 -2.333809589726277764e-02 -9.973761049108017529e-01
6.809568864402888722e-02 -2.287341498651626961e-02 -9.974165549581074375e-01
6.767258414577441428e-02 -2.233047623088450437e-02 -9.974576538459586361e-01
6.726127476051610432e-02 -2.170949741919220646e-02 -9.974991822898631177e-01
6.686323622204530526e-02 -2.101072438774614221e-02 -9.975409049919536919e-01
6.647993934866162913e-02 -2.023443101520948709e-02 -9.975825707655671115e-01
6.611284950513940384e-02 -1.938091921281447083e-02 -9.976239126696621051e-01
6.576342605995316726e-02 -1.845051890954858831e-02 -9.976646481530623278e-01
6.543312183755914391e-02 -1.744358803192688420e-02 -9.977044792085036917e-01
6.512338256555139093e-02 -1.636051247794093055e-02 -9.977430925364644265e-01
6.483564631653443433e-02 -1.520170608475438813e-02 -9.977801597187517801e-01
6.457134294457859969e-02 -1.396761058969541239e-02 -9.978153374018141619e-01
6.433189351614970741e-02 -1.265869558407777852e-02 -9.978482674897444227e-01
6.411870973543164209e-02 -1.127545845936548177e-02 -9.978785773469350806e-01
6.393319336398815833e-02 -9.818424345179772861e-03 -9.979058800103395299e-01
6.377673563473927609e-02 -8.288146038633276841e-03 -9.979297744112904933e-01
6.365071666025742814e-02 -6.685203924462928757e-03 -9.979498456068198742e-01
6.355650483541960827e-02 -5.010205885422135998e-03 -9.979656650204176138e-01
6.349545623448332732e-02 -3.263787202382816867e-03 -9.979767906921623855e-01
6.346891400268690753e-02 -1.446610443589896669e-03 -9.979827675381488516e-01
6.347820774250784170e-02 4.406346574955676172e-04 -9.979831276191297729e-01
6.352465289474698573e-02 2.397231336333073472e-03 -9.979773904182845934e-01
6.360955011464068665e-02 4.422435943990426360e-03 -9.979650631280170270e-01
6.373418464323823973e-02 6.515478106954795609e-03 -9.979456409456773924e-01
6.389982567431716498e-02 8.675560900638350920e-03 -9.979186073780960120e-01
6.410772571714476453e-02 1.090186103714693017e-02 -9.978834345548075468e-01
6.435911995543010244e-02 1.319352906787532066e-02 -9.978395835498335975e-01
6.465249228986665042e-02 1.540925039598037283e-02 -9.977888605674857248e-01
6.498638122065934775e-02 1.754825069438464141e-02 -9.977318423218937138e-01
6.535931075916219524e-02 1.960978644301435495e-02 -9.976690918347564940e-01
6.576979115886986971e-02 2.159314500765823971e-02 -9.976011581234501824e-01
6.621631963711517577e-02 2.349764470404829345e-02 -9.975285758998287955e-01
6.669738108725409287e-02 2.532263484795575087e-02 -9.974518652797896845e-01
6.721144878116533383e-02 2.706749579208941534e-02 -9.973715315036643103e-01
6.775698506193547632e-02 2.873163895057515363e-02 -9.972880646674875393e-01
6.833244202664347233e-02 3.031450681178479711e-02 -9.972019394651892021e-01
6.893626219920050147e-02 3.181557294027016064e-02 -9.971136149417452188e-01
6.956687919324172631e-02 3.323434196854314210e-02 -9.970235342573153803e-01
7.022271836510597665e-02 3.457034957942647230e-02 -9.969321244623907674e-01
7.090219745697758091e-02 3.582316247968113376e-02 -9.968397962839652404e-01
7.160372723030114517e-02 3.699237836559644138e-02 -9.967469439227403250e-01
7.232571208961539877e-02 3.807762588120695846e-02 -9.966539448613664920e-01
7.306655069698589355e-02 3.907856456977696485e-02 -9.965611596837187225e-01
7.382463657724835926e-02 3.999488481916844973e-02 -9.964689319052003613e-01
7.459835871430510468e-02 4.082630780168221285e-02 -9.963775878140627151e-01
7.538610213874558097e-02 4.157258540893424975e-02 -9.962874363237262942e-01
7.618624850708918816e-02 4.223350018230070252e-02 -9.961987688360842697e-01
7.699717667297385770e-02 4.280886523943486233e-02 -9.961118591157660518e-01
7.781726325063724470e-02 4.329852419732880403e-02 -9.960269631753356778e-01
7.864488317105923498e-02 4.370235109236032117e-02 -9.959443191713980292e-01
7.947841023115410908e-02 4.402025029773331405e-02 -9.958641473115817933e-01
8.031621763641881573e-02 4.425215643868622012e-02 -9.957866497723683041e-01
8.115667853745975324e-02 4.439803430580907539e-02 -9.957120106277319582e-01
8.199816656083476485e-02 4.445787876677519818e-02 -9.956403957885568978e-01
8.283905633465916962e-02 4.443171467675831321e-02 -9.955719529527943257e-01
8.367772400943521149e-02 4.431959678777046968e-02 -9.955068115663224804e-01
8.451254777457246903e-02 4.412160965712032951e-02 -9.954450827944709701e-01
8.534190837107358263e-02 4.383786755515543809e-02 -9.953868595041710510e-01
8.616418960086409673e-02 4.346851437241588956e-02 -9.953322162566919928e-01
8.697777883324789294e-02 4.301372352629075080e-02 -9.952812093109242308e-01
8.778106750897063382e-02 4.247369786723245028e-02 -9.952338766371683354e-01
8.857245164237245727e-02 4.184866958454840080e-02 -9.951902379413903876e-01
8.935033232210810861e-02 4.113890011175338340e-02 -9.951502946999026822e-01
9.011311621090813129e-02 4.034468003143078935e-02 -9.951140302044287900e-01
9.085921604484782643e-02 3.946632897951573432e-02 -9.950814096175133461e-01
9.158705113258236441e-02 3.850419554887852397e-02 -9.950523800382338191e-01
9.229504785499617614e-02 3.745865719205283134e-02 -9.950268705781748491e-01
9.298164016570258095e-02 3.633012012291961246e-02 -9.950047924476219663e-01
9.364527009281613246e-02 3.511901921712499985e-02 -9.949860390519345010e-01
9.428438824240438498e-02 3.382581791097849511e-02 -9.949704860980540522e-01
9.489745430400883808e-02 3.245100809854672974e-02 -9.949579917111063265e-01
9.548293755860616516e-02 3.099511002662784162e-02 -9.949483965610529390e-01
9.603931738936022366e-02 2.945867218726241216e-02 -9.949415239993482096e-01
9.656508379549369470e-02 2.784227120740881758e-02 -9.949371802055553271e-01
9.705873790958470526e-02 2.614651173538391424e-02 -9.949351543438760270e-01
9.751879251856906961e-02 2.437202632364426219e-02 -9.949352187295440464e-01
9.794377258870233527e-02 2.251947530745867024e-02 -9.949371290050336158e-01
9.833493345824020904e-02 2.072958528901503936e-02 -9.949374478756550788e-01
9.869347150220962595e-02 1.900297556810702504e-02 -9.949364229096332446e-01
9.902059459140648279e-02 1.734024190292718370e-02 -9.949342882257758980e-01
9.931752159887036191e-02 1.574195638036521641e-02 -9.949312643306563730e-01
9.958548190884511375e-02 1.420866729315818644e-02 -9.949275579641764233e-01
9.982571492818642644e-02 1.274089902355321664e-02 -9.949233619535600148e-01
1.000394696001574019e-01 1.133915193315570766e-02 -9.949188550758220062e-01
1.002280039205335205e-01 1.000390225864967661e-02 -9.949142019287569028e-01
1.003925844559196701e-01 8.735602013091335605e-03 -9.949095528104863195e-01
1.005344858641644412e-01 7.534678892492471802e-03 -9.949050436076041226e-01
1.006549904167400311e-01 6.401536187426524159e-03 -9.949007956919533324e-01
1.007553875229403872e-01 5.336552699407384054e-03 -9.948969158260690948e-01
1.008369732557357068e-01 4.340082661808840683e-03 -9.948934960773175851e-01
1.009010498791078347e-01 3.412455665111234319e-03 -9.948906137407594885e-01
1.009489253766784889e-01 2.553976586281122944e-03 -9.948883312707657023e-01
1.009819129814311517e-01 1.764925522109668955e-03 -9.948866962214094611e-01
1.010013307063171717e-01 1.045557726355858183e-03 -9.948857411956578689e-01
1.010085008755276376e-01 3.961035505615710228e-04 -9.948854838033851511e-01
1.010047496562049424e-01 -1.832316115731389815e-04 -9.948859266282261693e-01
1.009914065903612240e-01 -6.922673763444986330e-04 -9.948870572032890713e-01
1.009698041267656915e-01 -1.130848418797123552e-03 -9.948888479957432862e-01
1.009412771525586283e-01 -1.498844518119438673e-03 -9.948912564002971859e-01
1.009071625243471854e-01 -1.796150599705607052e-03 -9.948942247415799578e-01
1.008687985985363966e-01 -2.022686773884574581e-03 -9.948976802854372359e-01
1.008275247606486014e-01 -2.178398371294175320e-03 -9.949015352591522587e-01
1.007846809533854554e-01 -2.263255974855576946e-03 -9.949056868805997711e-01
1.007416072031888932e-01 -2.277255448280720868e-03 -9.949100173963387750e-01
1.006996431450610380e-01 -2.220417961022917632e-03 -9.949143941286492376e-01
1.006601275454077488e-01 -2.092790009558414144e-03 -9.949186695315148654e-01
1.006243978226765562e-01 -1.894443434864673129e-03 -9.949226812555523880e-01
1.005937895655671238e-01 -1.625475435939292617e-03 -9.949262522218856875e-01
1.005696360486008079e-01 -1.286008579182072254e-03 -9.949291907049606642e-01
1.005532677448457840e-01 -8.761908034417046579e-04 -9.949312904242941791e-01
1.005460118356050758e-01 -3.961954205080487484e-04 -9.949323306451475224e-01
1.005491917168871430e-01 1.537788891890593283e-04 -9.949320762881134206e-01
1.005641265024918296e-01 7.735080859328815868e-04 -9.949302780476000363e-01
1.005921305235592950e-01 1.462742785401896246e-03 -9.949266725191955318e-01
1.006345128244448134e-01 2.221208278976109698e-03 -9.949209823358899918e-01
1.006925766547993595e-01 3.048604559979942522e-03 -9.949129163131311682e-01
1.007676189577535325e-01 3.944606356190442399e-03 -9.949021696026831840e-01
1.008609298541210536e-01 4.908863168955070709e-03 -9.948884238552575532e-01
1.009737921225582619e-01 5.940999319277836567e-03 -9.948713473918769923e-01
1.011074806756363242e-01 7.040614001246080222e-03 -9.948505953839318350e-01
1.012632620318048154e-01 8.207281343182663141e-03 -9.948258100418821970e-01
1.014423937832477363e-01 9.440550476919688447e-03 -9.947966208125537113e-01
1.016461240596564786e-01 1.073994561560003350e-02 -9.947626445849709897e-01
1.018756909879680872e-01 1.210496614042196745e-02 -9.947234859046660826e-01
1.021323221481422600e-01 1.353508669674982449e-02 -9.946787371963935476e-01
1.024172340250757290e-01 1.502975730002010200e-02 -9.946279789951790740e-01
1.027316314567789240e-01 1.658840345187740165e-02 -9.945707801856199515e-01
1.030739916693403230e-01 1.807044859065529141e-02 -9.945095329653581562e-01
1.034428522371983461e-01 1.947539666320664831e-02 -9.944447120256331152e-01
1.038367420599786567e-01 2.080278101997160012e-02 -9.943767773485620021e-01
1.042541819951543491e-01 2.205216440561708416e-02 -9.943061739783486397e-01
1.046936854816861440e-01 2.322313894029363890e-02 -9.942333318029227263e-01
1.051537591546823636e-01 2.431532609214908866e-02 -9.941586653460280365e-01
1.056329034511513248e-01 2.532837664172156444e-02 -9.940825735697733645e-01
1.061296132069510928e-01 2.626197063881548915e-02 -9.940054396876519816e-01
1.066423782450716951e-01 2.711581735244399105e-02 -9.939276309880318294e-01
1.071696839554144021e-01 2.788965521439965359e-02 -9.938494986681127852e-01
1.077100118662599609e-01 2.858325175699267737e-02 -9.937713776783421160e-01
1.082618402076443026e-01 2.919640354547156993e-02 -9.936935865772761334e-01
1.088236444668843755e-01 2.972893610561631525e-02 -9.936164273968711713e-01
1.093938979365203790e-01 3.018070384696795380e-02 -9.935401855181832387e-01
1.099710722549617908e-01 3.055158998213133512e-02 -9.934651295574542518e-01
1.105536379401445279e-01 3.084150644256001064e-02 -9.933915112625564259e-01
1.111400649165249221e-01 3.105039379120350107e-02 -9.933195654197674029e-01
1.117288230357526002e-01 3.117822113236785528e-02 -9.932495097708435861e-01
1.123183825913793843e-01 3.122498601911042476e-02 -9.931815449403587071e-01
1.129072148279744031e-01 3.119071435845937809e-02 -9.931158543732718780e-01
1.134937924450270946e-01 3.107546031471748044e-02 -9.930526042826879340e-01
1.140765900960296758e-01 3.087930621107849022e-02 -9.929919436077717654e-01
1.146540848831386072e-01 3.060236242975290788e-02 -9.929340039817768915e-01
1.152247568478211304e-01 3.024476731076814265e-02 -9.928788997101475333e-01
1.157870894578972437e-01 2.980668704957623732e-02 -9.928267277586521056e-01
1.163395700913910091e-01 2.928831559357047976e-02 -9.927775677515063846e-01
1.168806905176058009e-01 2.868987453758030381e-02 -9.927314819794427203e-01
1.174089473758380825e-01 2.801161301838217196e-02 -9.926885154176818826e-01
1.179228426521420209e-01 2.725380760823258725e-02 -9.926486957537631328e-01
1.184208841545536517e-01 2.641676220739807082e-02 -9.926120334251884447e-01
1.189015859871778436e-01 2.550080793562597287e-02 -9.925785216668353561e-01
1.193634690235344659e-01 2.450630302246949860e-02 -9.925481365680939305e-01
1.198050613795514641e-01 2.343363269635019910e-02 -9.925208371396805340e-01
1.202248988865825680e-01 2.228320907221168282e-02 -9.924965653900843510e-01
1.206215255648157014e-01 2.105547103758940650e-02 -9.924752464115979000e-01
1.209934940974248113e-01 1.975088413689322919e-02 -9.924567884758858094e-01
1.213393663058035532e-01 1.836994045367186176e-02 -9.924410831390436671e-01
1.216577136262029235e-01 1.691315849060182411e-02 -9.924280053560974313e-01
1.219471175880775388e-01 1.538108304691769221e-02 -9.924174136048959927e-01
1.222061702944265554e-01 1.377428509297562442e-02 -9.924091500193442661e-01
1.224334749043949760e-01 1.209336164161840636e-02 -9.924030405319267389e-01
1.226276461183796601e-01 1.033893561598749067e-02 -9.923988950254681862e-01
1.227873106658618346e-01 8.511655713405934937e-03 -9.923965074940768183e-01
1.229111077961639875e-01 6.612196264935757233e-03 -9.923956562132147941e-01
1.229976897723040613e-01 4.641257090194054677e-03 -9.923961039188365918e-01
1.230457223680939960e-01 2.599563346994403310e-03 -9.923975979955366178e-01
1.230538853686023587e-01 4.878653753635528272e-04 -9.923998706736426589e-01
1.230208730740731532e-01 -1.693061464531644966e-03 -9.924026392351903425e-01
1.229453948073636338e-01 -3.942416961025761377e-03 -9.924056062287099911e-01
1.228261754249345833e-01 -6.259376226655584581e-03 -9.924084596927559287e-01
1.226646596516807602e-01 -8.503406646750342329e-03 -9.924117458887488086e-01
1.224622378237285730e-01 -1.067373770071575190e-02 -9.924157756004904352e-01
1.222203141753453043e-01 -1.276962588675041588e-02 -9.924208439405225457e-01
1.219403062872451149e-01 -1.479035484798707153e-02 -9.924272301464095447e-01
1.216236445401390892e-01 -1.673523549190453555e-02 -9.924351973866301080e-01
1.212717715734187296e-01 -1.860360610354652375e-02 -9.924449925761263946e-01
1.208861417488319989e-01 -2.039483245306567688e-02 -9.924568462015540549e-01
1.204682206189813809e-01 -2.210830789809167113e-02 -9.924709721562769982e-01
1.200194844004449646e-01 -2.374345348140149276e-02 -9.924875675851446699e-01
1.195414194512948863e-01 -2.529971802434784894e-02 -9.925068127390916928e-01
1.190355217527614973e-01 -2.677657821647816058e-02 -9.925288708395941795e-01
1.185032963947675183e-01 -2.817353870175198088e-02 -9.925538879530182435e-01
1.179462570650335052e-01 -2.949013216173883636e-02 -9.925819928748923493e-01
1.173659255414344210e-01 -3.072591939615164358e-02 -9.926132970241365872e-01
1.167638311872675611e-01 -3.188048940104288437e-02 -9.926478943472789584e-01
1.161415104490732680e-01 -3.295345944496196749e-02 -9.926858612326886488e-01
1.155005063566336004e-01 -3.394447514334248545e-02 -9.927272564348549322e-01
1.148423680247584594e-01 -3.485321053135761321e-02 -9.927721210087412373e-01
1.141686501564557338e-01 -3.567936813545063285e-02 -9.928204782542419116e-01
1.134809125470696428e-01 -3.642267904371590537e-02 -9.928723336707687697e-01
1.127807195889617836e-01 -3.708290297527303686e-02 -9.929276749219954068e-01
1.120696397763007029e-01 -3.765982834874427587e-02 -9.929864718107856980e-01
1.113492452095191931e-01 -3.815327234991177513e-02 -9.930486762643331300e-01
1.106211110989937518e-01 -3.856308099859787758e-02 -9.931142223295372773e-01
1.098868152674972870e-01 -3.888912921477762769e-02 -9.931830261786427361e-01
1.091479376509749133e-01 -3.913132088389876390e-02 -9.932549861251664947e-01
1.084060597971930745e-01 -3.928958892135030190e-02 -9.933299826501382768e-01
1.076627643618145863e-01 -3.936389533598673440e-02 -9.934078784386782823e-01
1.069196346014559817e-01 -3.935423129258078245e-02 -9.934885184269356406e-01
1.061782538632895928e-01 -3.926061717304380611e-02 -9.935717298594104463e-01
1.054402050707603927e-01 -3.908310263621932179e-02 -9.936573223566812496e-01
1.047070702049969632e-01 -3.882176667602166287e-02 -9.937450879935583181e-01
1.039804297815073858e-01 -3.847671767765904055e-02 -9.938348013876817655e-01
1.032618623217635839e-01 -3.804809347164769123e-02 -9.939262197985820890e-01
1.025529438192926551e-01 -3.753606138529196057e-02 -9.940190832372188812e-01
1.018552471999101816e-01 -3.694081829127403294e-02 -9.941131145860110374e-01
1.011703417757486845e-01 -3.626259065296643519e-02 -9.942080197293700072e-01
1.004997926927543722e-01 -3.550163456605082840e-02 -9.943034876947439704e-01
9.984516037134710809e-02 -3.465823579599790899e-02 -9.943991908041793781e-01
9.920799993996153032e-02 -3.373270981093538790e-02 -9.944947848364008580e-01
9.858986066121241953e-02 -3.272540180940444049e-02 -9.945899091994089281e-01
9.799228535045367838e-02 -3.163668674247938073e-02 -9.946841871135899682e-01
9.741680978652840495e-02 -3.046696932970120383e-02 -9.947772258053282357e-01
9.686496211453694827e-02 -2.921668406825252487e-02 -9.948686167111054912e-01
9.633826224048078202e-02 -2.788629523477998903e-02 -9.949579356920688067e-01
9.583822121767243685e-02 -2.647629687925017947e-02 -9.950447432590409091e-01
9.536634062483510810e-02 -2.498721281020652510e-02 -9.951285848079423069e-01
9.492411193585079121e-02 -2.341959657077789109e-02 -9.952089908655875616e-01
9.451301588115151864e-02 -2.177403140477441115e-02 -9.952854773458109650e-01
9.413452180078581144e-02 -2.005113021219283656e-02 -9.953575458158708811e-01
