-4.593100258080541317e-08 4.399520764176555034e-06 9.999999999903210757e-01
-3.882952596754874405e-06 2.903488983690799790e-04 9.999999578412190893e-01
-1.657013200464987207e-05 1.016139738698401815e-03 9.999994835925977155e-01
-4.197615604053165749e-05 2.181637230976736161e-03 9.999976193456635576e-01
-8.396795826194991086e-05 3.786669381553992714e-03 9.999928270164625266e-01
-1.464102558218084282e-04 5.831023655656336797e-03 9.999829887188903532e-01
-2.331649464279314738e-04 8.314442354372404698e-03 9.999654072428924012e-01
-3.480903208701706668e-04 1.123661673290324986e-02 9.999368066420629697e-01
-4.950400467805939151e-04 1.459717986754621721e-02 9.998933329487034172e-01
-6.778618795533086381e-04 1.839569828038899874e-02 9.998305550382271534e-01
-9.003960566778427882e-04 2.263166233227301843e-02 9.997434656685781906e-01
-1.166473332146600707e-03 2.730447539625686926e-02 9.996264827240728401e-01
-1.479912608097547254e-03 3.241344182558138221e-02 9.994734506967619669e-01
-1.844518121464632475e-03 3.795775373201804720e-02 9.992776424420389825e-01
-2.264076144149074904e-03 4.393647659247933157e-02 9.990317612487864540e-01
-2.742351156114631715e-03 5.034853370389150151e-02 9.987279432678375368e-01
-3.283081451871196470e-03 5.719268950858117512e-02 9.983577603459370398e-01
-3.889974142066692647e-03 6.446753181481186534e-02 9.979122233156982880e-01
-4.566699513381771575e-03 7.217145293962651253e-02 9.973817857952579358e-01
-5.316884711640958855e-03 8.030262980380749316e-02 9.967563485544276292e-01
-6.144106715044115805e-03 8.885900301155535974e-02 9.960252645071139277e-01
-7.051884566710705723e-03 9.783825495040569808e-02 9.951773443926046347e-01
-8.043670838344041049e-03 1.072377869499476222e-01 9.942008632110120869e-01
-9.122842299791406040e-03 1.170546955410655121e-01 9.930835674806836044e-01
-1.029268977262636636e-02 1.272857478606907733e-01 9.918126833877396464e-01
-1.155640714963909743e-02 1.379273562504082506e-01 9.903749259000677041e-01
-1.291707956631571105e-02 1.489755521006990713e-01 9.887565089200522905e-01
-1.437767071504355600e-02 1.604259589961029575e-01 9.869431565520836447e-01
-1.594100929792016674e-02 1.722737652201263292e-01 9.849201155623966697e-01
-1.760977461969060950e-02 1.845136956822946150e-01 9.826721691100779310e-01
-1.938648132851038958e-02 1.971399833333205009e-01 9.801836518291038303e-01
-2.127346331894540421e-02 2.101463401379167484e-01 9.774384663420286889e-01
-2.327285681888895119e-02 2.235259276782964599e-01 9.744201012864242006e-01
-2.538658268990763925e-02 2.372713274648554638e-01 9.711116509353571180e-01
-2.761632797892672742e-02 2.513745110338926891e-01 9.674958364930740240e-01
-2.996352676813078889e-02 2.658268099154778019e-01 9.635550291466372652e-01
-3.242934037948019127e-02 2.806188855576931540e-01 9.592712749534989536e-01
-3.501463700031559600e-02 2.957406992964453085e-01 9.546263216439125898e-01
-3.771997080712172906e-02 3.111814824628386100e-01 9.496016474156629972e-01
-4.054556067562105348e-02 3.269297067227154296e-01 9.441784917968107926e-01
-4.349126857693381976e-02 3.429730547453850864e-01 9.383378886500265414e-01
-4.655657777152955729e-02 3.592983913007836150e-01 9.320607013896005100e-01
-4.974057092505614064e-02 3.758917348863207719e-01 9.253276604793586602e-01
-5.304190828280407055e-02 3.927382299864940474e-01 9.181194032764999902e-01
-5.645880605247657197e-02 4.098221200699888600e-01 9.104165162827784208e-01
-5.998901515801011164e-02 4.271267214304682591e-01 9.021995798604836025e-01
-6.362980054033444410e-02 4.446343979786007705e-01 8.934492154663334906e-01
-6.737792119407623459e-02 4.623265370941385677e-01 8.841461354516624294e-01
-7.122961114218394341e-02 4.801835266480763975e-01 8.742711954721783529e-01
-7.518056156316274552e-02 4.981847333061549254e-01 8.638054495450496750e-01
-7.922590429792242261e-02 5.163084822262985485e-01 8.527302077851792728e-01
-8.336019697501582948e-02 5.345320382640761370e-01 8.410270968461963648e-01
-8.757741000412634647e-02 5.528315888020216562e-01 8.286781230849551427e-01
-9.187091569788065348e-02 5.711822283207834694e-01 8.156657384611296635e-01
-9.623347979124666218e-02 5.895579448326576655e-01 8.019729091758421857e-01
-1.006572556357336057e-01 6.079316083012636929e-01 7.875831870451047712e-01
-1.051337813521466685e-01 6.262749611750370038e-01 7.724807835951702506e-01
-1.096539802305538935e-01 6.445586111669926455e-01 7.566506468576357225e-01
-1.142081646691792129e-01 6.627520264189933341e-01 7.400785408322684278e-01
-1.187860439449156397e-01 6.808235331956633551e-01 7.227511275749725073e-01
-1.233767361068187490e-01 6.987403162612770835e-01 7.046560518570197384e-01
-1.279687842800478759e-01 7.164684221025308108e-01 6.857820283295565922e-01
-1.325501776610154281e-01 7.339727651712160128e-01 6.661189311143743685e-01
-1.371083774747259565e-01 7.512171373335454483e-01 6.456578857279182682e-01
-1.416303481521612451e-01 7.681642207273273737e-01 6.243913632303700334e-01
-1.461025939688336828e-01 7.847756042444038460e-01 6.023132764753021950e-01
-1.505112013650044545e-01 8.010118038737893409e-01 5.794190783176939030e-01
-1.548418871432686583e-01 8.168322871607580637e-01 5.557058616189335387e-01
-1.590800527099800188e-01 8.321955020586669916e-01 5.311724608666361647e-01
-1.632108444930389646e-01 8.470589104734900232e-01 5.058195552045592347e-01
-1.672192206296505279e-01 8.613790268256497074e-01 4.796497726434508779e-01
-1.710900239735139994e-01 8.751114619796046545e-01 4.526677951971693759e-01
-1.748080614213104178e-01 8.882109729183998992e-01 4.248804646597415524e-01
-1.783581895030986186e-01 9.006315185676705415e-01 3.962968887080410840e-01
-1.817254061201467041e-01 9.123263222008985984e-01 3.669285469813641232e-01
-1.848949482466879513e-01 9.232479408844811442e-01 3.367893967532613608e-01
-1.878523953390182077e-01 9.333483424467089451e-01 3.058959777724774010e-01
-1.905837781162482147e-01 9.425789904782760908e-01 2.742675158087387599e-01
-1.930756922919524277e-01 9.508909378925780587e-01 2.419260243953989531e-01
-1.953154167450903700e-01 9.582349295907949260e-01 2.088964042146794209e-01
-1.972910355221972611e-01 9.645615147885208129e-01 1.752065395225308186e-01
-1.989915629613556169e-01 9.698211695662866116e-01 1.408873909591757956e-01
-2.004070711224356649e-01 9.739644302044700996e-01 1.059730840384284500e-01
-2.015288185982549440e-01 9.769420378524316106e-01 7.050099255426761635e-02
-2.023493796685823520e-01 9.787050950608686684e-01 3.451181608729587957e-02
-2.028627726444255375e-01 9.792052346739044122e-01 -1.950349262815461327e-03
-2.030645861351550452e-01 9.783948015318841840e-01 -3.883794784937504713e-02
-2.029486749040165239e-01 9.762644680130675434e-01 -7.562753367572994101e-02
-2.025163800245859680e-01 9.728663568010220697e-01 -1.118846174701934038e-01
-2.017756028799631007e-01 9.682514582191225072e-01 -1.475659843560768458e-01
-2.007356471105212758e-01 9.624711873858736721e-01 -1.826319069362050407e-01
-1.994070806507328708e-01 9.555772184109393441e-01 -2.170460684748095614e-01
-1.978015978477230263e-01 9.476213308326603135e-01 -2.507754797420062021e-01
-1.959318828070679974e-01 9.386552677383407373e-01 -2.837903903354542234e-01
-1.938114749923195990e-01 9.287306049921087991e-01 -3.160641952393554721e-01
-1.914546379881407745e-01 9.178986309888979012e-01 -3.475733373283196870e-01
-1.888762322237824698e-01 9.062102363555681883e-01 -3.782972064730878992e-01
-1.860915923447166442e-01 8.937158130299378556e-01 -4.082180358568864298e-01
-1.831164098162065823e-01 8.804651621641507164e-01 -4.373207960654147963e-01
-1.799666212439300361e-01 8.665074103191490185e-01 -4.655930874702236544e-01
-1.766583028038273273e-01 8.518909334408678591e-01 -4.930250313845412902e-01
-1.732075710863706097e-01 8.366632881351286910e-01 -5.196091604324201141e-01
-1.696304905795862350e-01 8.208711497861393980e-01 -5.453403085363494052e-01
-1.659429879404712427e-01 8.045602570922387731e-01 -5.702155008951172999e-01
-1.621607731359189786e-01 7.877753626213630511e-01 -5.942338442925909625e-01
-1.582992674718411430e-01 7.705601890170805657e-01 -6.173964180490929543e-01
-1.543735384727287219e-01 7.529573905134877565e-01 -6.397061659000472522e-01
-1.503982415232781311e-01 7.350085194433986224e-01 -6.611677890613993913e-01
-1.463875681387296901e-01 7.167539974487995291e-01 -6.817876407178452558e-01
-1.423552006910147882e-01 6.982330911253001871e-01 -7.015736221479825785e-01
-1.383142733834489269e-01 6.794838918531331817e-01 -7.205350806800033814e-01
-1.342773392372914043e-01 6.605432995860734957e-01 -7.386827096523291836e-01
-1.302563428287565883e-01 6.414470103864543526e-01 -7.560284505355395757e-01
-1.262625984947379765e-01 6.222295075092804106e-01 -7.725853973549632325e-01
-1.223067737093191526e-01 6.029240558513283554e-01 -7.883677035372601560e-01
-1.183988773208153877e-01 5.835626995922106319e-01 -8.033904912891574046e-01
-1.145482523303379685e-01 5.641762628637591037e-01 -8.176697636021279525e-01
-1.107635728874231812e-01 5.447943532919112819e-01 -8.312223189631476883e-01
-1.070528451758403221e-01 5.254453682617092891e-01 -8.440656688386791728e-01
-1.034234118630184412e-01 5.061565037612093532e-01 -8.562179579866647794e-01
-9.988195978934479025e-02 4.869537656642088375e-01 -8.676978876395283757e-01
-9.643453057862456934e-02 4.678619833148959239e-01 -8.785246415899474748e-01
-9.308653385800501334e-02 4.489048252799701100e-01 -8.887178152004580056e-01
-8.984276278440912755e-02 4.301048171356235961e-01 -8.982973473477531279e-01
-8.670741158476455435e-02 4.114833611581510953e-01 -9.072834553028475968e-01
-8.368409482882477324e-02 3.930607577880130266e-01 -9.156965725390735500e-01
-8.077586816595333508e-02 3.748562287380158287e-01 -9.235572894511536735e-01
-7.798525027067346183e-02 3.568879416170196439e-01 -9.308862969603755033e-01
-7.531424575588807624e-02 3.391730359413157037e-01 -9.377043329731318266e-01
-7.276436882727220501e-02 3.217276504066265974e-01 -9.440321316528446083e-01
-7.033666746726674468e-02 3.045669512946270752e-01 -9.498903754585099612e-01
-6.803174795221096638e-02 2.877051618890267282e-01 -9.552996498968213679e-01
-6.584979952130037839e-02 2.711555927776337915e-01 -9.602804009290352161e-01
-6.379061903112683007e-02 2.549306729184631082e-01 -9.648528949684398448e-01
-6.185363544443290423e-02 2.390419813498851076e-01 -9.690371813994765882e-01
-6.003793401629686083e-02 2.235002794270396220e-01 -9.728530575452306595e-01
-5.834228005517132915e-02 2.083155434692690322e-01 -9.763200360061657923e-01
-5.676514214995271451e-02 1.934969977061430091e-01 -9.794573142896114692e-01
-5.530471476749700827e-02 1.790531474127510236e-01 -9.822837466466030065e-01
-5.395894013767010139e-02 1.649918121283009131e-01 -9.848178180302452622e-01
-5.272552935508410810e-02 1.513201588556650212e-01 -9.870776200877704465e-01
-5.160198263809522012e-02 1.380447351433319036e-01 -9.890808290969144156e-01
-5.058560869639935204e-02 1.251715019552225583e-01 -9.908446857560991861e-01
-4.967354316864676378e-02 1.127058662379837040e-01 -9.923859767371931984e-01
-4.886276610089795858e-02 1.006527130996473091e-01 -9.937210179092841322e-01
-4.815011844546192993e-02 8.901643751791085690e-02 -9.948656391419510303e-01
-4.753231756770075894e-02 7.780097550071514434e-02 -9.958351705969190615e-01
-4.700597175576387565e-02 6.700983462624519882e-02 -9.966444304177263236e-01
-4.656759373494846754e-02 5.664612389392501696e-02 -9.973077137280879079e-01
-4.621361319449043131e-02 4.671258282238797271e-02 -9.978387828510106861e-01
-4.594038834009827460e-02 3.721160973475885064e-02 -9.982508586623524138e-01
-4.574421649047848148e-02 2.814528917585170167e-02 -9.985566129944234426e-01
-4.562134374049419544e-02 1.951541841005288713e-02 -9.987681620073833866e-01
-4.556797371748304293e-02 1.132353295269754659e-02 -9.988970604485560845e-01
-4.558027546066699409e-02 3.570931091645376462e-03 -9.989542967223689063e-01
-4.565439045655111938e-02 -3.741302640496180568e-03 -9.989502886963932404e-01
-4.578643886576477112e-02 -1.061227507947861207e-02 -9.988948801719044202e-01
-4.597252497898099421e-02 -1.704126316042726963e-02 -9.987973379504814231e-01
-4.620874194139332897e-02 -2.302769379612638542e-02 -9.986663494314002021e-01
-4.649117578676686957e-02 -2.857112492890530667e-02 -9.985100206779473631e-01
-4.681590882334439596e-02 -3.367122777961367025e-02 -9.983358748942520178e-01
-4.717902241491120363e-02 -3.832777031451600064e-02 -9.981508512578172176e-01
-4.757659920113345431e-02 -4.254060194846222970e-02 -9.979613040565910032e-01
-4.800472480191257663e-02 -4.630963950039451021e-02 -9.977730020831645508e-01
-4.845948905097040293e-02 -4.963485441512575230e-02 -9.975911282424891890e-01
-4.893698680422040731e-02 -5.251626126336245842e-02 -9.974202793333691863e-01
-4.943331836871260598e-02 -5.495390753013400936e-02 -9.972644659679004153e-01
-4.994458959808558557e-02 -5.694786470012008078e-02 -9.971271125969801696e-01
-5.046691170053598657e-02 -5.849822064682548561e-02 -9.970110576139968872e-01
-5.099640080534138115e-02 -5.960507333112263079e-02 -9.969185535128269882e-01
-5.152917733396125688e-02 -6.026852581335168102e-02 -9.968512670802928133e-01
-5.206136522170447256e-02 -6.048868258192140884e-02 -9.968102796072935146e-01
-5.258909103590064110e-02 -6.026564720017346666e-02 -9.967960871068749507e-01
-5.310848303645455265e-02 -5.959952127214292877e-02 -9.968086005315728304e-01
-5.361567022460316662e-02 -5.849040472675113428e-02 -9.968471459864257644e-01
-5.410678142563563053e-02 -5.693839741888548356e-02 -9.969104649381218541e-01
-5.457794445128034272e-02 -5.494360204473883180e-02 -9.969967144247955382e-01
-5.502528538740721065e-02 -5.250612836767979547e-02 -9.971034672750295202e-01
-5.544492805263342289e-02 -4.962609874978900909e-02 -9.972277123486535944e-01
-5.583299367335251701e-02 -4.630365498300745286e-02 -9.973658548159247683e-01
-5.618560082061972022e-02 -4.253896641258659433e-02 -9.975137164956625613e-01
-5.649886565421158302e-02 -3.833223934418989592e-02 -9.976665362768569745e-01
-5.676890251902188406e-02 -3.368372772455684866e-02 -9.978189706521808366e-01
-5.699813159451755373e-02 -2.907666971817343335e-02 -9.979507804861162956e-01
-5.719322142888311200e-02 -2.490665812650878774e-02 -9.980524003295471180e-01
-5.735800047426845710e-02 -2.117414578107792988e-02 -9.981291075467392249e-01
-5.749630525020447275e-02 -1.787949885666156868e-02 -9.981856031837088583e-01
-5.760567032999509840e-02 -1.453994828800008951e-02 -9.982335281133513094e-01
-5.767938311577840843e-02 -1.076055727482522380e-02 -9.982771655059197169e-01
-5.771358140268732090e-02 -6.541679157660506942e-03 -9.983117493826708655e-01
-5.770440671425029755e-02 -1.883733202769814676e-03 -9.983319352775370525e-01
-5.765116026009794309e-02 2.971227546056142473e-03 -9.983323672643041879e-01
-5.755527692560741954e-02 7.825070960139401954e-03 -9.983116539250159738e-01
-5.741677504305816443e-02 1.267731993379409353e-02 -9.982698029605856505e-01
-5.723567983741002785e-02 1.752749776212781871e-02 -9.982068241480636095e-01
-5.701202341661844308e-02 2.237512825899749466e-02 -9.981227293381066401e-01
-5.674584475959212199e-02 2.721973587470664924e-02 -9.980175324519334756e-01
-5.644034312943651405e-02 3.181939259083390453e-02 -9.978987994394002969e-01
-5.610084450909681719e-02 3.597627133313405917e-02 -9.977767301086679641e-01
-5.573124934388281465e-02 3.969023103681076220e-02 -9.976566109673354887e-01
-5.533545559834710664e-02 4.296118258966962616e-02 -9.975431440014187467e-01
-5.491735801312890020e-02 4.578907825892913203e-02 -9.974404463932020626e-01
-5.448084771230170958e-02 4.817390240318170092e-02 -9.973520503612616217e-01
-5.402981211557947305e-02 5.011566347756173101e-02 -9.972809030944962405e-01
-5.356813510964063968e-02 5.161438733869160023e-02 -9.972293667559845032e-01
-5.309969743278152021e-02 5.267011185458975869e-02 -9.971992185364904060e-01
-5.262837722709422933e-02 5.328288282342165394e-02 -9.971916507414628761e-01
-5.215805071237145096e-02 5.345275120373928907e-02 -9.972072708994115242e-01
-5.169259293596124155e-02 5.317977165767134862e-02 -9.972461018835875324e-01
-5.123272592416149018e-02 5.270531348492559637e-02 -9.972950204051213019e-01
-5.077705745810729560e-02 5.222685690632242195e-02 -9.973434944158398041e-01
-5.032562271216027561e-02 5.174443910042223621e-02 -9.973915202771836963e-01
-4.987845653088217313e-02 5.125809756223159708e-02 -9.974390943854232194e-01
-4.943559342606521773e-02 5.076787010026437980e-02 -9.974862131719473002e-01
-4.899706757378893829e-02 5.027379483357286016e-02 -9.975328731035472130e-01
-4.856291281150370426e-02 4.977591018874917561e-02 -9.975790706827003529e-01
-4.813316263514142573e-02 4.927425489689731680e-02 -9.976248024478496790e-01
-4.770785019625366219e-02 4.876886799057594812e-02 -9.976700649736797155e-01
-4.728700829917758391e-02 4.825978880071220278e-02 -9.977148548713908882e-01
-4.687382407850315680e-02 4.750563455123055223e-02 -9.977705444149768121e-01
-4.647360230871291215e-02 4.630894146376991066e-02 -9.978455222272502034e-01
-4.609022082842270662e-02 4.466979178593576821e-02 -9.979380247519407110e-01
-4.572755878430624643e-02 4.258828189473685966e-02 -9.980457046713335778e-01
-4.538318503306543183e-02 4.054756003936017816e-02 -9.981464130532782253e-01
-4.505042577816732036e-02 3.894301207029702422e-02 -9.982253758285827283e-01
-4.472545792811070953e-02 3.777478632383329815e-02 -9.982848786450317924e-01
-4.440445546511861269e-02 3.704296937181558724e-02 -9.983266312960811240e-01
-4.408359066993507158e-02 3.674758965653362325e-02 -9.983517675088762200e-01
-4.375903524048335713e-02 3.688861988253117064e-02 -9.983608448642208311e-01
-4.342696134832325222e-02 3.746597816369749007e-02 -9.983538448407485166e-01
-4.308354267687699440e-02 3.847952792543694184e-02 -9.983301729793915280e-01
-4.272495548537211252e-02 3.992907656314497594e-02 -9.982886591680804056e-01
-4.234737974237685887e-02 4.181437285964807737e-02 -9.982275580504305079e-01
-4.195015700575103340e-02 4.389358827228392185e-02 -9.981550667285080669e-01
-4.153475392472419370e-02 4.596889991485621912e-02 -9.980790171409510414e-01
-4.110121127669050939e-02 4.804014183110538044e-02 -9.979994164349258456e-01
-4.064957147313433966e-02 5.010714853843983851e-02 -9.979162720411036691e-01
-4.017987855331891373e-02 5.216975504594786872e-02 -9.978295916727982773e-01
-3.969217817774593066e-02 5.422779687231217560e-02 -9.977393833250738364e-01
-3.918967327735470296e-02 5.603971487663196582e-02 -9.976591200730724474e-01
-3.867768143739272468e-02 5.740798970227055376e-02 -9.976013029647607944e-01
-3.816008754661729535e-02 5.833267653354641535e-02 -9.975675949863667125e-01
-3.764077367359808940e-02 5.881383445637789614e-02 -9.975590734557063799e-01
-3.712361987772856697e-02 5.885152396652022083e-02 -9.975762301568780188e-01
-3.661250508584409230e-02 5.844580579579872204e-02 -9.976189714797104591e-01
-3.611130798858035867e-02 5.759674105633651869e-02 -9.976866185606879656e-01
-3.562390791064472262e-02 5.630439270166837790e-02 -9.977779074261401426e-01
-3.515418560921129698e-02 5.456882830252424849e-02 -9.978909891425313816e-01
-3.470602395469118279e-02 5.239012413393848849e-02 -9.980234299827354105e-01
-3.427699338070738094e-02 5.025140481893450306e-02 -9.981482274885424832e-01
-3.386042743019777174e-02 4.854807676605299438e-02 -9.982467408895351335e-01
-3.345251407535963784e-02 4.728032276699319775e-02 -9.983213412429405853e-01
-3.304943745062838278e-02 4.644825776289674552e-02 -9.983738247946034594e-01
-3.264737928924927451e-02 4.605193267012240577e-02 -9.984054127071364526e-01
-3.224252024639893272e-02 4.609133697065085494e-02 -9.984167509334143098e-01
-3.183419978795276606e-02 4.632482206029107236e-02 -9.984190475872141146e-01
-3.142387894813339355e-02 4.655469136787489942e-02 -9.984213542104913852e-01
-3.101158972869625524e-02 4.678092776355857740e-02 -9.984236706429271413e-01
-3.059736427806140219e-02 4.700351440051596386e-02 -9.984259967234689892e-01
-3.018123488881360381e-02 4.722243471619506222e-02 -9.984283322903440006e-01
-2.976323399519168952e-02 4.743767243355245106e-02 -9.984306771810704806e-01
-2.934023522456112934e-02 4.789079277506966270e-02 -9.984215655545302104e-01
-2.890699250372736825e-02 4.877934849012067337e-02 -9.983911863319333557e-01
-2.846600965778719669e-02 4.962002348879680780e-02 -9.983624289621231274e-01
-2.802403148137846273e-02 5.001750751560452707e-02 -9.983550984501824432e-01
-2.758494162931455704e-02 4.997186279996493341e-02 -9.983696128807331149e-01
-2.715262270328614239e-02 4.948315693401062615e-02 -9.984058054018882800e-01
-2.673095696577392627e-02 4.855146319481634665e-02 -9.984629243799453269e-01
-2.632382702138943986e-02 4.717686217736352661e-02 -9.985396335679731505e-01
-2.593511641994267550e-02 4.535944473578452235e-02 -9.986340122935736252e-01
-2.556871013558731365e-02 4.309931622926693739e-02 -9.987435556751232957e-01
-2.522217399205032087e-02 4.087997025066818918e-02 -9.988456687453950433e-01
-2.488882546257849618e-02 3.909708492239644118e-02 -9.989254047813982407e-01
-2.456799751007451849e-02 3.750911173858353237e-02 -9.989942342350848214e-01
-2.426114554324896797e-02 3.591841288450561137e-02 -9.990601905955434070e-01
-2.396829451659810220e-02 3.432511580253407024e-02 -9.991232693132134912e-01
-2.368946814547215687e-02 3.272934819028350956e-02 -9.991834660691898407e-01
-2.342468890303568696e-02 3.113123798727222835e-02 -9.992407767756437131e-01
-2.317397801739270666e-02 2.953091336154038682e-02 -9.992951975762209837e-01
-2.293735546887734275e-02 2.792850269622823914e-02 -9.993467248464155128e-01
-2.271483998751059122e-02 2.632413457611678179e-02 -9.993953551939174229e-01
-2.250644905062385709e-02 2.471793777413319390e-02 -9.994410854589388382e-01
-2.231219888064977716e-02 2.311004123782353648e-02 -9.994839127145133117e-01
-2.212894183367114867e-02 2.174241827648930314e-02 -9.995186727524546511e-01
-2.195139849440799415e-02 2.081302467310284024e-02 -9.995423723425200802e-01
-2.177571650829775857e-02 2.032188554898068863e-02 -9.995563211436868656e-01
-2.159804324108741472e-02 2.026897857519354904e-02 -9.995612502671815669e-01
-2.141452652743501203e-02 2.065423554185801328e-02 -9.995573123177099450e-01
-2.122131538604197717e-02 2.147754266833945547e-02 -9.995440815362934828e-01
-2.102088624661970287e-02 2.225504896323516474e-02 -9.995313077323129125e-01
-2.081997774034688442e-02 2.259098113878210690e-02 -9.995279766460245519e-01
-2.062247131151864407e-02 2.248539693384362867e-02 -9.995344519333739797e-01
-2.043224742228740010e-02 2.193837550389633392e-02 -9.995505144541428910e-01
-2.024685989977009076e-02 2.143372983938255164e-02 -9.995652354345807566e-01
-2.005960063028086257e-02 2.136723621512798266e-02 -9.995704345563136695e-01
-1.986661828430743085e-02 2.173882787225009730e-02 -9.995662763622547020e-01
-1.966406270353516367e-02 2.254839184000423380e-02 -9.995523471351753786e-01
-1.945124852914848629e-02 2.355392159256467985e-02 -9.995333219599463748e-01
-1.922962263036603198e-02 2.455743319610305397e-02 -9.995134586829383938e-01
-1.899920440008951578e-02 2.555884865741189435e-02 -9.994927590970776876e-01
-1.876001393510744880e-02 2.655809017550131435e-02 -9.994712250602327819e-01
-1.851207203407990651e-02 2.755508014818410303e-02 -9.994488584950458332e-01
-1.825540019545770012e-02 2.854974117863769145e-02 -9.994256613887571028e-01
-1.799002061533631555e-02 2.954199608194226986e-02 -9.994016357930239902e-01
-1.771595618524488339e-02 3.053176789159436563e-02 -9.993767838237358481e-01
-1.743323048987050275e-02 3.151897986599515311e-02 -9.993511076608221355e-01
-1.714186780471829361e-02 3.250355549491280166e-02 -9.993246095480549096e-01
-1.683873069435840725e-02 3.372720772767802411e-02 -9.992892136951718740e-01
-1.651855578063885291e-02 3.538757721889950608e-02 -9.992371373670598800e-01
-1.618383711361475255e-02 3.700086249003489702e-02 -9.991841770120718502e-01
-1.584132418909117365e-02 3.817138047083822733e-02 -9.991456341099149707e-01
-1.549490595415320762e-02 3.889917013941365798e-02 -9.991229966585466471e-01
-1.514846943852556950e-02 3.918428489764794881e-02 -9.991171681493354884e-01
-1.480590018910672018e-02 3.902679052173151086e-02 -9.991284676863034786e-01
-1.447108275453949829e-02 3.842676441746187971e-02 -9.991566301338012934e-01
-1.414790117416093659e-02 3.738429617993075521e-02 -9.992008062904647048e-01
-1.384023942571728505e-02 3.589948945601315750e-02 -9.992595630913189142e-01
-1.355198178628461841e-02 3.397246510688794324e-02 -9.993308838439063368e-01
-1.328701306090353078e-02 3.160336566660735397e-02 -9.994121685083087181e-01
-1.304289249738322005e-02 2.927603560575232217e-02 -9.994862663861521224e-01
-1.281292010470250209e-02 2.738640213052314157e-02 -9.995428025136060546e-01
-1.259641404021618304e-02 2.569275467803413746e-02 -9.995905225192962540e-01
-1.239482020380986566e-02 2.399733959202035236e-02 -9.996351815160561260e-01
-1.220499059895523847e-02 2.254217412249560903e-02 -9.996713903029978976e-01
-1.202164482679984533e-02 2.152525309893368183e-02 -9.996960255671238915e-01
-1.184092993271665221e-02 2.094661075149761159e-02 -9.997104740255412514e-01
-1.165899254449076147e-02 2.080623306592519969e-02 -9.997155438215775680e-01
-1.147197964412961790e-02 2.110405953693242007e-02 -9.997114645507095831e-01
-1.127603929938805760e-02 2.183998366284014073e-02 -9.996978873896573692e-01
-1.107048514135240518e-02 2.277197077119813909e-02 -9.996793894574147465e-01
-1.085676364337200342e-02 2.370201445728057840e-02 -9.996601148359763878e-01
-1.063489340819157025e-02 2.463004248812547536e-02 -9.996400652481111093e-01
-1.040489368897389716e-02 2.555598281408745509e-02 -9.996192424767269546e-01
-1.016362083598219314e-02 2.672162513265598574e-02 -9.995912442402596909e-01
-9.905802570427885492e-03 2.832468183650480031e-02 -9.995496923486670848e-01
-9.633925719914301564e-03 2.988121479503792061e-02 -9.995070287284700816e-01
-9.354737849333468261e-03 3.099541314797873634e-02 -9.994757492023382817e-01
-9.065800539358867191e-03 3.215096254803575387e-02 -9.994419077004099705e-01
-8.760418228962061835e-03 3.374343365798994354e-02 -9.993921331276536257e-01
-8.434757644546951594e-03 3.577255590473659569e-02 -9.993243613099500600e-01
-8.084990720277197493e-03 3.823799712766275810e-02 -9.992359523659750664e-01
-7.713620800449252045e-03 4.065585758381626280e-02 -9.991434337963146506e-01
-7.327406142258783596e-03 4.263042091954226398e-02 -9.990640401553187999e-01
-6.930242494716456689e-03 4.416171110948202694e-02 -9.990003578632327130e-01
-6.526022548911602182e-03 4.524976969777456254e-02 -9.989543880338126458e-01
-6.118636303499696075e-03 4.589465130486833355e-02 -9.989275465575117030e-01
-5.711971565275194423e-03 4.609642044206213596e-02 -9.989206642187784535e-01
-5.309914539005048707e-03 4.585514963552046741e-02 -9.989339868377249410e-01
-4.916350460727363265e-03 4.517091886032173487e-02 -9.989671754304449980e-01
-4.535164228758368533e-03 4.404381628393486819e-02 -9.990193063863105349e-01
-4.170240986696870447e-03 4.247394031736571179e-02 -9.990888716646030288e-01
-3.825466612768895977e-03 4.046140297105148276e-02 -9.991737790168577771e-01
-3.504728069918476747e-03 3.800633451139358993e-02 -9.992713522453167130e-01
-3.208750562987368760e-03 3.535069737511683380e-02 -9.993698174924724453e-01
-2.936132036895665928e-03 3.269254165498971382e-02 -9.994611432411061314e-01
-2.683734533106010844e-03 3.027394014886616511e-02 -9.995380363532141432e-01
-2.446287868987686610e-03 2.829298339401498108e-02 -9.995966800496831617e-01
-2.223111251873973772e-03 2.650795982790797589e-02 -9.996461303091932482e-01
-2.015651519096074533e-03 2.472111395284791457e-02 -9.996923545140796730e-01
-1.823924871453239853e-03 2.293258985889455592e-02 -9.997353497903569419e-01
-1.647946090034880552e-03 2.114253179870066376e-02 -9.997751135244593579e-01
-1.487728534297393665e-03 1.935108417188403235e-02 -9.998116433634893774e-01
-1.343284140339777704e-03 1.755839150937285251e-02 -9.998449372154374348e-01
-1.211458954219885725e-03 1.600652696915652248e-02 -9.998711534300847026e-01
-1.086965063210073527e-03 1.489352455438428501e-02 -9.998884944999213431e-01
-9.659421571692134237e-04 1.421941765050326739e-02 -9.998984324007359481e-01
-8.445296659549696681e-04 1.398419473041040070e-02 -9.999018597179449852e-01
-7.188674072840083723e-04 1.418780131476031318e-02 -9.998990896703142672e-01
-5.850961868226525189e-04 1.483014066807065642e-02 -9.998898562292932723e-01
-4.456874139711216004e-04 1.542721429423898373e-02 -9.998808941178284337e-01
-3.073788923932752395e-04 1.558312375578737100e-02 -9.998785285084622609e-01
-1.740505626983251388e-04 1.529793771937758458e-02 -9.998829645553298784e-01
-4.958133605220303112e-05 1.457175013096287559e-02 -9.998938251833698887e-01
6.215090476280266194e-05 1.340468103838005076e-02 -9.999101512953769699e-01
1.572693550396884598e-04 1.179687869868361293e-02 -9.999304020377308699e-01
2.350631226106545486e-04 9.990470355452691145e-03 -9.999500663770292119e-01
2.969561071460134912e-04 8.183573841415832384e-03 -9.999664699060026862e-01
3.429452663523395884e-04 6.376334995278357121e-03 -9.999796121624643375e-01
3.730289969633070689e-04 4.568899673308991424e-03 -9.999894929473824856e-01
3.872071348154267610e-04 2.761413733462297730e-03 -9.999961123248669592e-01
3.854809547212827733e-04 9.540230195018722546e-04 -9.999994706221260188e-01
3.710180092251714394e-04 -6.111675546203821979e-04 -9.999997444099059107e-01
3.491207931589270104e-04 -1.736120354049946980e-03 -9.999984319991747084e-01
3.236635878308369795e-04 -2.420825729218206365e-03 -9.999970174178974824e-01
2.985202382965619888e-04 -2.665309485139147859e-03 -9.999964034990503903e-01
2.775638424545935927e-04 -2.469630884677604613e-03 -9.999969119360453407e-01
2.646664888345317624e-04 -1.833881929131551958e-03 -9.999982834128965381e-01
2.636989980641467183e-04 -7.581879157629652522e-04 -9.999996778069196735e-01
2.785306230448275134e-04 7.572907294024476023e-04 -9.999996744656788339e-01
3.130286629400844188e-04 2.712355346505635877e-03 -9.999962725638286143e-01
3.710579461902442601e-04 5.106764668852925050e-03 -9.999868915494033450e-01
4.564801379124707706e-04 7.940229187694903060e-03 -9.999683716930006794e-01
5.731528272350360637e-04 1.121240426191952473e-02 -9.999369747571716927e-01
7.185991947028257977e-04 1.443901593282535811e-02 -9.998954937562775092e-01
8.860722800062878057e-04 1.722394417700911368e-02 -9.998512642503000203e-01
1.074845961387210129e-03 1.980899933496357498e-02 -9.998032047615812434e-01
1.286325720790210559e-03 2.239193363761237537e-02 -9.997484416962749698e-01
1.520486235856912055e-03 2.497253055540987754e-02 -9.996869814293307677e-01
1.777299832409188866e-03 2.755057390665019423e-02 -9.996188308964278901e-01
2.056736489999623323e-03 3.012584788741895850e-02 -9.995439975929506504e-01
2.358763847911755397e-03 3.269813710144286317e-02 -9.994624895728836389e-01
